Parameters for classification with k-nearest-neighbors from randomized search (all labels):
processing_time: 122.62201945384344
vect__ngram_range: (1, 4)
vect__min_df: 0.0
vect__max_df: 0.9
tfidf__use_idf: True
clf__weights: distance
clf__n_neighbors: 6
best_score: 0.5922029341282365
precision: 0.8106462929569521
recall: 0.7169638008347685
f1-score: 0.7382758407814421