url;classes;filename
nummer.hypotheses.org/212;histoire_d, sciences de l'information et de la communication_d, bibliothéconomie_d, histoire_t, histoire intellectuelle_t, histoire et sociologie des médias_t, histoire culturelle_t;Datasets/all_labels_train_gensim_sparse_matrix.npz
erinnern.hypotheses.org/724;éducation et sciences de l'éducation_d, histoire_d, histoire_t, éducation_t, 1918-1939_t, 1939-1945_t, 1945-1989_t;Datasets/all_labels_train_gensim_sparse_matrix.npz
barblog.hypotheses.org/140;sciences sociales interdisciplinaires_d, sciences politiques_d, sociologie_d, anthropologie politique_t;Datasets/all_labels_train_gensim_sparse_matrix.npz
gab.hypotheses.org/2327;histoire et archéologie_d, pluridisciplinarité_d, sciences sociales interdisciplinaires_d, études des sciences_t, sociologie des sciences_t, histoire_t;Datasets/all_labels_train_gensim_sparse_matrix.npz
dfmfa.hypotheses.org/1624;humanités pluridisciplinaires_d, sciences sociales interdisciplinaires_d, histoire_t, moyen âge_t, haut moyen âge_t, bas moyen âge_t;Datasets/all_labels_train_gensim_sparse_matrix.npz
ostblog.hypotheses.org/255;histoire_d, économie_d, histoire_t;Datasets/all_labels_train_gensim_sparse_matrix.npz
archivalia.hypotheses.org/9865;histoire et archéologie_d, sciences sociales interdisciplinaires_d, histoire_t, approches de corpus_t, enquêtes_t, archives_t;Datasets/all_labels_train_gensim_sparse_matrix.npz
intersex.hypotheses.org/82;histoire_d, biomédecine_d, étude des genres_t, histoire des sciences_t, histoire_t, histoire du droit_t, moyen âge_t, xxie siècle_t;Datasets/all_labels_train_gensim_sparse_matrix.npz
kristinoswald.hypotheses.org/1669;études anciennes_d, études des sciences_t, histoire_t, histoire et sociologie des médias_t, histoire culturelle_t, digital humanities_t;Datasets/all_labels_train_gensim_sparse_matrix.npz
archivalia.hypotheses.org/3518;histoire et archéologie_d, sciences sociales interdisciplinaires_d, histoire_t, approches de corpus_t, enquêtes_t, archives_t;Datasets/all_labels_train_gensim_sparse_matrix.npz
soziologieblog.hypotheses.org/1620;sciences sociales interdisciplinaires_d, sociologie et anthropologie_d, sociologie du travail_t, sociologie urbaine_t, sociologie de la culture_t, sociologie économique_t;Datasets/all_labels_train_gensim_sparse_matrix.npz
mindthegaps.hypotheses.org/692;études asiatiques_d, histoire_d, histoire_t, histoire culturelle_t, asie_t, chine_t;Datasets/all_labels_train_gensim_sparse_matrix.npz
unibloggt.hypotheses.org/618;histoire et archéologie_d, pluridisciplinarité_d, histoire_t, information_t;Datasets/all_labels_train_gensim_sparse_matrix.npz
archivalia.hypotheses.org/12426;histoire et archéologie_d, sciences sociales interdisciplinaires_d, histoire_t, approches de corpus_t, enquêtes_t, archives_t;Datasets/all_labels_train_gensim_sparse_matrix.npz
archivalia.hypotheses.org/4314;histoire et archéologie_d, sciences sociales interdisciplinaires_d, histoire_t, approches de corpus_t, enquêtes_t, archives_t;Datasets/all_labels_train_gensim_sparse_matrix.npz
archivalia.hypotheses.org/12551;histoire et archéologie_d, sciences sociales interdisciplinaires_d, histoire_t, approches de corpus_t, enquêtes_t, archives_t;Datasets/all_labels_train_gensim_sparse_matrix.npz
archivalia.hypotheses.org/5393;histoire et archéologie_d, sciences sociales interdisciplinaires_d, histoire_t, approches de corpus_t, enquêtes_t, archives_t;Datasets/all_labels_train_gensim_sparse_matrix.npz
mgtud.hypotheses.org/267;humanités pluridisciplinaires_d, éducation_d, histoire et archéologie_d, histoire_d, histoire_t, histoire urbaine_t, édition électronique_t;Datasets/all_labels_train_gensim_sparse_matrix.npz
archivalia.hypotheses.org/5973;histoire et archéologie_d, sciences sociales interdisciplinaires_d, histoire_t, approches de corpus_t, enquêtes_t, archives_t;Datasets/all_labels_train_gensim_sparse_matrix.npz
archivewk1.hypotheses.org/22977;histoire_d, époque contemporaine_t, 1914-1918_t;Datasets/all_labels_train_gensim_sparse_matrix.npz
trafo.hypotheses.org/2525;pluridisciplinarité_d, sciences sociales interdisciplinaires_d, études régionales_d, sociologie_t, sociologie des religions_t, information_t, histoire culturelle_t;Datasets/all_labels_train_gensim_sparse_matrix.npz
archivalia.hypotheses.org/59655;histoire et archéologie_d, sciences sociales interdisciplinaires_d, histoire_t, approches de corpus_t, enquêtes_t, archives_t;Datasets/all_labels_train_gensim_sparse_matrix.npz
lvrafz.hypotheses.org/1468;pluridisciplinarité_d, information_t;Datasets/all_labels_train_gensim_sparse_matrix.npz
medienbildung.hypotheses.org/8099;éducation_d, éducation spécialisée_d, travail social_d, sociologie_t, édition électronique_t, histoire et sociologie des médias_t, éducation_t;Datasets/all_labels_train_gensim_sparse_matrix.npz
reichwein.hypotheses.org/2012;histoire et archéologie_d, histoire des sciences_t, 1945-1989_t;Datasets/all_labels_train_gensim_sparse_matrix.npz
zakunibonn.hypotheses.org/433;histoire_d, psychologie_d, histoire_t, psychisme_t, psychologie_t, méthodes de traitement et de représentation_t, monde germanique_t;Datasets/all_labels_train_gensim_sparse_matrix.npz
mittelalter.hypotheses.org/8182;humanités pluridisciplinaires_d, religions_d, histoire_d, sociologie_d, histoire_t, histoire sociale_t, histoire intellectuelle_t, moyen âge_t, haut moyen âge_t, bas moyen âge_t;Datasets/all_labels_train_gensim_sparse_matrix.npz
archivewk1.hypotheses.org/34865;histoire_d, époque contemporaine_t, 1914-1918_t;Datasets/all_labels_train_gensim_sparse_matrix.npz
adngwdng.hypotheses.org/16;histoire_d, histoire politique_t, historiographie_t, xxe siècle_t, monde germanique_t;Datasets/all_labels_train_gensim_sparse_matrix.npz
frueheneuzeit.hypotheses.org/1775;histoire et archéologie_d, histoire_t, époque moderne_t, xviie siècle_t, xviiie siècle_t, révolution française_t;Datasets/all_labels_train_gensim_sparse_matrix.npz
texperimentales.hypotheses.org/205;linguistique appliquée_d, langue et linguistique_d, langage_t, linguistique_t, information_t, sciences de l'information_t, digital humanities_t;Datasets/all_labels_train_gensim_sparse_matrix.npz
leibnizarc.hypotheses.org/224;éducation_d, histoire et archéologie_d, sciences de l'information et bibliothéconomie_d, études des sciences_t, histoire industrielle_t, histoire de l'art_t;Datasets/all_labels_train_gensim_sparse_matrix.npz
djgd.hypotheses.org/532;histoire_d, histoire_t, digital humanities_t, xxe siècle_t, prospectives_t;Datasets/all_labels_train_gensim_sparse_matrix.npz
archivalia.hypotheses.org/8487;histoire et archéologie_d, sciences sociales interdisciplinaires_d, histoire_t, approches de corpus_t, enquêtes_t, archives_t;Datasets/all_labels_train_gensim_sparse_matrix.npz
erinnerung.hypotheses.org/105;histoire et archéologie_d, histoire_t, xxe siècle_t, prospectives_t, europe_t;Datasets/all_labels_train_gensim_sparse_matrix.npz
bioeg.hypotheses.org/248;histoire et archéologie_d, histoire_d, histoire_t, sciences auxiliaires de l'histoire_t, europe centrale et orientale_t, monde germanique_t;Datasets/all_labels_train_gensim_sparse_matrix.npz
archivalia.hypotheses.org/12921;histoire et archéologie_d, sciences sociales interdisciplinaires_d, histoire_t, approches de corpus_t, enquêtes_t, archives_t;Datasets/all_labels_train_gensim_sparse_matrix.npz
reichwein.hypotheses.org/1564;histoire et archéologie_d, histoire des sciences_t, 1945-1989_t;Datasets/all_labels_train_gensim_sparse_matrix.npz
archivalia.hypotheses.org/56038;histoire et archéologie_d, sciences sociales interdisciplinaires_d, histoire_t, approches de corpus_t, enquêtes_t, archives_t;Datasets/all_labels_train_gensim_sparse_matrix.npz
archivalia.hypotheses.org/62932;histoire et archéologie_d, sciences sociales interdisciplinaires_d, histoire_t, approches de corpus_t, enquêtes_t, archives_t;Datasets/all_labels_train_gensim_sparse_matrix.npz
zeitraeume.hypotheses.org/151;histoire_d, histoire industrielle_t, histoire sociale_t, édition électronique_t, digital humanities_t, époque contemporaine_t;Datasets/all_labels_train_gensim_sparse_matrix.npz
archivalia.hypotheses.org/6576;histoire et archéologie_d, sciences sociales interdisciplinaires_d, histoire_t, approches de corpus_t, enquêtes_t, archives_t;Datasets/all_labels_train_gensim_sparse_matrix.npz
amuc.hypotheses.org/895;humanités pluridisciplinaires_d, histoire_d, histoire_t, représentations_t, patrimoine_t;Datasets/all_labels_train_gensim_sparse_matrix.npz
archivalia.hypotheses.org/8147;histoire et archéologie_d, sciences sociales interdisciplinaires_d, histoire_t, approches de corpus_t, enquêtes_t, archives_t;Datasets/all_labels_train_gensim_sparse_matrix.npz
archivalia.hypotheses.org/10885;histoire et archéologie_d, sciences sociales interdisciplinaires_d, histoire_t, approches de corpus_t, enquêtes_t, archives_t;Datasets/all_labels_train_gensim_sparse_matrix.npz
archivalia.hypotheses.org/5318;histoire et archéologie_d, sciences sociales interdisciplinaires_d, histoire_t, approches de corpus_t, enquêtes_t, archives_t;Datasets/all_labels_train_gensim_sparse_matrix.npz
archivewk1.hypotheses.org/14890;histoire_d, époque contemporaine_t, 1914-1918_t;Datasets/all_labels_train_gensim_sparse_matrix.npz
dkblog.hypotheses.org/635;histoire_d, histoire_t, époque moderne_t, xviie siècle_t;Datasets/all_labels_train_gensim_sparse_matrix.npz
musicaroma.hypotheses.org/609;musique_d, histoire_d, histoire_t, histoire culturelle_t, monde germanique_t;Datasets/all_labels_train_gensim_sparse_matrix.npz
soziologieblog.hypotheses.org/4121;sciences sociales interdisciplinaires_d, sociologie et anthropologie_d, sociologie du travail_t, sociologie urbaine_t, sociologie de la culture_t, sociologie économique_t;Datasets/all_labels_train_gensim_sparse_matrix.npz
archive20.hypotheses.org/2804;pluridisciplinarité_d, sciences sociales interdisciplinaires_d, histoire_t, information_t, patrimoine_t, monde germanique_t;Datasets/all_labels_train_gensim_sparse_matrix.npz
archives.hypotheses.org/376;histoire_d, communication_d, patrimoine_t, digital humanities_t, moyen âge_t, époque moderne_t, france_t, monde germanique_t;Datasets/all_labels_train_gensim_sparse_matrix.npz
moraleconomy.hypotheses.org/238;histoire et archéologie_d, histoire_d, histoire économique_t, histoire sociale_t, prospectives_t, france_t;Datasets/all_labels_train_gensim_sparse_matrix.npz
ordensgeschichte.hypotheses.org/10652;arts et humanités_d, humanités pluridisciplinaires_d, histoire et archéologie_d, histoire et philosophie des sciences_d, histoire_t, haut moyen âge_t, bas moyen âge_t, xviie siècle_t, xviiie siècle_t;Datasets/all_labels_train_gensim_sparse_matrix.npz
mittelalter.hypotheses.org/8244;humanités pluridisciplinaires_d, religions_d, histoire_d, sociologie_d, histoire_t, histoire sociale_t, histoire intellectuelle_t, moyen âge_t, haut moyen âge_t, bas moyen âge_t;Datasets/all_labels_train_gensim_sparse_matrix.npz
archivalia.hypotheses.org/7576;histoire et archéologie_d, sciences sociales interdisciplinaires_d, histoire_t, approches de corpus_t, enquêtes_t, archives_t;Datasets/all_labels_train_gensim_sparse_matrix.npz
barblog.hypotheses.org/918;sciences sociales interdisciplinaires_d, sciences politiques_d, sociologie_d, anthropologie politique_t;Datasets/all_labels_train_gensim_sparse_matrix.npz
vgdrp.hypotheses.org/96;éducation_d, histoire des sciences sociales_d, histoire_t, histoire économique_t, histoire industrielle_t, histoire urbaine_t, histoire sociale_t;Datasets/all_labels_train_gensim_sparse_matrix.npz
soziologieblog.hypotheses.org/6878;sciences sociales interdisciplinaires_d, sociologie et anthropologie_d, sociologie du travail_t, sociologie urbaine_t, sociologie de la culture_t, sociologie économique_t;Datasets/all_labels_train_gensim_sparse_matrix.npz
medienbildung.hypotheses.org/7617;éducation_d, éducation spécialisée_d, travail social_d, sociologie_t, édition électronique_t, histoire et sociologie des médias_t, éducation_t;Datasets/all_labels_train_gensim_sparse_matrix.npz
archivewk1.hypotheses.org/14347;histoire_d, époque contemporaine_t, 1914-1918_t;Datasets/all_labels_train_gensim_sparse_matrix.npz
archivalia.hypotheses.org/6801;histoire et archéologie_d, sciences sociales interdisciplinaires_d, histoire_t, approches de corpus_t, enquêtes_t, archives_t;Datasets/all_labels_train_gensim_sparse_matrix.npz
mindthegaps.hypotheses.org/2227;études asiatiques_d, histoire_d, histoire_t, histoire culturelle_t, asie_t, chine_t;Datasets/all_labels_train_gensim_sparse_matrix.npz
histbav.hypotheses.org/3776;humanités pluridisciplinaires_d, histoire_d, pluridisciplinarité_d, histoire_t, monde germanique_t;Datasets/all_labels_train_gensim_sparse_matrix.npz
archivalia.hypotheses.org/61505;histoire et archéologie_d, sciences sociales interdisciplinaires_d, histoire_t, approches de corpus_t, enquêtes_t, archives_t;Datasets/all_labels_train_gensim_sparse_matrix.npz
soziologieblog.hypotheses.org/4709;sciences sociales interdisciplinaires_d, sociologie et anthropologie_d, sociologie du travail_t, sociologie urbaine_t, sociologie de la culture_t, sociologie économique_t;Datasets/all_labels_train_gensim_sparse_matrix.npz
grammata.hypotheses.org/753;études anciennes_d, religions_d, littérature_d, religions_t, littératures_t;Datasets/all_labels_train_gensim_sparse_matrix.npz
archive20.hypotheses.org/3260;pluridisciplinarité_d, sciences sociales interdisciplinaires_d, histoire_t, information_t, patrimoine_t, monde germanique_t;Datasets/all_labels_train_gensim_sparse_matrix.npz
games.hypotheses.org/377;arts et humanités_d, humanités pluridisciplinaires_d, psychologie expérimentale_d, sciences cognitives_t, psychisme_t, psychologie_t, représentations_t, histoire de l'art_t, études visuelles_t;Datasets/all_labels_train_gensim_sparse_matrix.npz
zakunibonn.hypotheses.org/299;histoire_d, psychologie_d, histoire_t, psychisme_t, psychologie_t, méthodes de traitement et de représentation_t, monde germanique_t;Datasets/all_labels_train_gensim_sparse_matrix.npz
europhilomem.hypotheses.org/1058;philosophie_d, philosophie_t, histoire intellectuelle_t, xxe siècle_t, prospectives_t;Datasets/all_labels_train_gensim_sparse_matrix.npz
erinnern.hypotheses.org/183;éducation et sciences de l'éducation_d, histoire_d, histoire_t, éducation_t, 1918-1939_t, 1939-1945_t, 1945-1989_t;Datasets/all_labels_train_gensim_sparse_matrix.npz
dighist.hypotheses.org/1158;histoire_d, sciences sociales interdisciplinaires_d, études sur la famille_d, sociologie_d, histoire urbaine_t, histoire sociale_t, europe centrale et orientale_t;Datasets/all_labels_train_gensim_sparse_matrix.npz
bereschitrabba.hypotheses.org/418;arts et humanités_d, religions_d, langue et linguistique_d, religions_t, histoire des religions_t;Datasets/all_labels_train_gensim_sparse_matrix.npz
archivewk1.hypotheses.org/9528;histoire_d, époque contemporaine_t, 1914-1918_t;Datasets/all_labels_train_gensim_sparse_matrix.npz
archivalia.hypotheses.org/9988;histoire et archéologie_d, sciences sociales interdisciplinaires_d, histoire_t, approches de corpus_t, enquêtes_t, archives_t;Datasets/all_labels_train_gensim_sparse_matrix.npz
archivalia.hypotheses.org/11602;histoire et archéologie_d, sciences sociales interdisciplinaires_d, histoire_t, approches de corpus_t, enquêtes_t, archives_t;Datasets/all_labels_train_gensim_sparse_matrix.npz
archivalia.hypotheses.org/2547;histoire et archéologie_d, sciences sociales interdisciplinaires_d, histoire_t, approches de corpus_t, enquêtes_t, archives_t;Datasets/all_labels_train_gensim_sparse_matrix.npz
rhad.hypotheses.org/51;histoire_d, histoire des sciences sociales_d, histoire_t, époque moderne_t, révolution française_t, xviie siècle_t, xviiie siècle_t, prospectives_t;Datasets/all_labels_train_gensim_sparse_matrix.npz
pophistory.hypotheses.org/403;humanités pluridisciplinaires_d, histoire et archéologie_d, sociologie de la culture_t, histoire sociale_t, histoire culturelle_t, époque contemporaine_t;Datasets/all_labels_train_gensim_sparse_matrix.npz
archivalia.hypotheses.org/57182;histoire et archéologie_d, sciences sociales interdisciplinaires_d, histoire_t, approches de corpus_t, enquêtes_t, archives_t;Datasets/all_labels_train_gensim_sparse_matrix.npz
archivalia.hypotheses.org/13945;histoire et archéologie_d, sciences sociales interdisciplinaires_d, histoire_t, approches de corpus_t, enquêtes_t, archives_t;Datasets/all_labels_train_gensim_sparse_matrix.npz
archivewk1.hypotheses.org/3055;histoire_d, époque contemporaine_t, 1914-1918_t;Datasets/all_labels_train_gensim_sparse_matrix.npz
soziologieblog.hypotheses.org/583;sciences sociales interdisciplinaires_d, sociologie et anthropologie_d, sociologie du travail_t, sociologie urbaine_t, sociologie de la culture_t, sociologie économique_t;Datasets/all_labels_train_gensim_sparse_matrix.npz
bereschitrabba.hypotheses.org/361;arts et humanités_d, religions_d, langue et linguistique_d, religions_t, histoire des religions_t;Datasets/all_labels_train_gensim_sparse_matrix.npz
tagebuch.hypotheses.org/376;histoire et archéologie_d, histoire_d, histoire_t, époque contemporaine_t, 1914-1918_t;Datasets/all_labels_train_gensim_sparse_matrix.npz
archivalia.hypotheses.org/13355;histoire et archéologie_d, sciences sociales interdisciplinaires_d, histoire_t, approches de corpus_t, enquêtes_t, archives_t;Datasets/all_labels_train_gensim_sparse_matrix.npz
histbav.hypotheses.org/5077;humanités pluridisciplinaires_d, histoire_d, pluridisciplinarité_d, histoire_t, monde germanique_t;Datasets/all_labels_train_gensim_sparse_matrix.npz
archivalia.hypotheses.org/11230;histoire et archéologie_d, sciences sociales interdisciplinaires_d, histoire_t, approches de corpus_t, enquêtes_t, archives_t;Datasets/all_labels_train_gensim_sparse_matrix.npz
archivalia.hypotheses.org/14064;histoire et archéologie_d, sciences sociales interdisciplinaires_d, histoire_t, approches de corpus_t, enquêtes_t, archives_t;Datasets/all_labels_train_gensim_sparse_matrix.npz
archivewk1.hypotheses.org/1738;histoire_d, époque contemporaine_t, 1914-1918_t;Datasets/all_labels_train_gensim_sparse_matrix.npz
histbav.hypotheses.org/2885;humanités pluridisciplinaires_d, histoire_d, pluridisciplinarité_d, histoire_t, monde germanique_t;Datasets/all_labels_train_gensim_sparse_matrix.npz
archivalia.hypotheses.org/10909;histoire et archéologie_d, sciences sociales interdisciplinaires_d, histoire_t, approches de corpus_t, enquêtes_t, archives_t;Datasets/all_labels_train_gensim_sparse_matrix.npz
etatsocial.hypotheses.org/735;histoire_d, histoire des sciences sociales_d, sociologie_d, économie_d, sociologie du travail_t, âges de la vie_t, xxe siècle_t;Datasets/all_labels_train_gensim_sparse_matrix.npz
francofil.hypotheses.org/3439;pluridisciplinarité_d, sciences sociales interdisciplinaires_d, histoire_t, épistémologie et méthodes_t, approches de corpus_t, enquêtes_t, archives_t, france_t;Datasets/all_labels_train_gensim_sparse_matrix.npz
francofil.hypotheses.org/4721;pluridisciplinarité_d, sciences sociales interdisciplinaires_d, histoire_t, épistémologie et méthodes_t, approches de corpus_t, enquêtes_t, archives_t, france_t;Datasets/all_labels_train_gensim_sparse_matrix.npz
kulturgut.hypotheses.org/253;humanités pluridisciplinaires_d, études des sciences_t, histoire_t, approches de corpus_t, enquêtes_t, archives_t;Datasets/all_labels_train_gensim_sparse_matrix.npz
nomoi.hypotheses.org/844;arts et humanités_d, anthropologie politique_t, histoire du droit_t, histoire intellectuelle_t, histoire de l'art_t;Datasets/all_labels_train_gensim_sparse_matrix.npz
archivlinz.hypotheses.org/888;histoire et archéologie_d, histoire_d, histoire urbaine_t, 1914-1918_t, monde germanique_t;Datasets/all_labels_train_gensim_sparse_matrix.npz
kinder.hypotheses.org/1261;éducation et sciences de l'éducation_d, études sur la famille_d, âges de la vie_t, sciences de l'éducation_t;Datasets/all_labels_train_gensim_sparse_matrix.npz
archivalia.hypotheses.org/10765;histoire et archéologie_d, sciences sociales interdisciplinaires_d, histoire_t, approches de corpus_t, enquêtes_t, archives_t;Datasets/all_labels_train_gensim_sparse_matrix.npz
soziologieblog.hypotheses.org/9802;sciences sociales interdisciplinaires_d, sociologie et anthropologie_d, sociologie du travail_t, sociologie urbaine_t, sociologie de la culture_t, sociologie économique_t;Datasets/all_labels_train_gensim_sparse_matrix.npz
histbav.hypotheses.org/4186;humanités pluridisciplinaires_d, histoire_d, pluridisciplinarité_d, histoire_t, monde germanique_t;Datasets/all_labels_train_gensim_sparse_matrix.npz
histbav.hypotheses.org/2874;humanités pluridisciplinaires_d, histoire_d, pluridisciplinarité_d, histoire_t, monde germanique_t;Datasets/all_labels_train_gensim_sparse_matrix.npz
archivamt.hypotheses.org/3832;communication_d, pluridisciplinarité_d, sciences sociales interdisciplinaires_d, information_t, sciences de l'information_t, représentations_t, patrimoine_t;Datasets/all_labels_train_gensim_sparse_matrix.npz
soziologieblog.hypotheses.org/5196;sciences sociales interdisciplinaires_d, sociologie et anthropologie_d, sociologie du travail_t, sociologie urbaine_t, sociologie de la culture_t, sociologie économique_t;Datasets/all_labels_train_gensim_sparse_matrix.npz
1914lvr.hypotheses.org/1233;sciences politiques_d, histoire_t, époque contemporaine_t, 1914-1918_t;Datasets/all_labels_train_gensim_sparse_matrix.npz
archivewk1.hypotheses.org/3302;histoire_d, époque contemporaine_t, 1914-1918_t;Datasets/all_labels_train_gensim_sparse_matrix.npz
coop.hypotheses.org/655;histoire et archéologie_d, sciences sociales interdisciplinaires_d, histoire urbaine_t, information_t;Datasets/all_labels_train_gensim_sparse_matrix.npz
archivalia.hypotheses.org/2248;histoire et archéologie_d, sciences sociales interdisciplinaires_d, histoire_t, approches de corpus_t, enquêtes_t, archives_t;Datasets/all_labels_train_gensim_sparse_matrix.npz
archivalia.hypotheses.org/5881;histoire et archéologie_d, sciences sociales interdisciplinaires_d, histoire_t, approches de corpus_t, enquêtes_t, archives_t;Datasets/all_labels_train_gensim_sparse_matrix.npz
dislab.hypotheses.org/784;sciences sociales interdisciplinaires_d, langue et linguistique_d, sociologie des sciences_t, linguistique_t;Datasets/all_labels_train_gensim_sparse_matrix.npz
dhdhi.hypotheses.org/2023;histoire et archéologie_d, histoire_t, épistémologie et méthodes_t, digital humanities_t;Datasets/all_labels_train_gensim_sparse_matrix.npz
archivewk1.hypotheses.org/20284;histoire_d, époque contemporaine_t, 1914-1918_t;Datasets/all_labels_train_gensim_sparse_matrix.npz
archivalia.hypotheses.org/60516;histoire et archéologie_d, sciences sociales interdisciplinaires_d, histoire_t, approches de corpus_t, enquêtes_t, archives_t;Datasets/all_labels_train_gensim_sparse_matrix.npz
intersex.hypotheses.org/956;histoire_d, biomédecine_d, étude des genres_t, histoire des sciences_t, histoire_t, histoire du droit_t, moyen âge_t, xxie siècle_t;Datasets/all_labels_train_gensim_sparse_matrix.npz
1914lvr.hypotheses.org/482;sciences politiques_d, histoire_t, époque contemporaine_t, 1914-1918_t;Datasets/all_labels_train_gensim_sparse_matrix.npz
archivewk1.hypotheses.org/7008;histoire_d, époque contemporaine_t, 1914-1918_t;Datasets/all_labels_train_gensim_sparse_matrix.npz
erinnerung.hypotheses.org/416;histoire et archéologie_d, histoire_t, xxe siècle_t, prospectives_t, europe_t;Datasets/all_labels_train_gensim_sparse_matrix.npz
archivalia.hypotheses.org/4180;histoire et archéologie_d, sciences sociales interdisciplinaires_d, histoire_t, approches de corpus_t, enquêtes_t, archives_t;Datasets/all_labels_train_gensim_sparse_matrix.npz
grk1678.hypotheses.org/155;arts et humanités_d, humanités pluridisciplinaires_d, histoire et philosophie des sciences_d, pluridisciplinarité_d, philosophie_t, littératures_t, histoire culturelle_t, histoire de l'art_t;Datasets/all_labels_train_gensim_sparse_matrix.npz
archivalia.hypotheses.org/11664;histoire et archéologie_d, sciences sociales interdisciplinaires_d, histoire_t, approches de corpus_t, enquêtes_t, archives_t;Datasets/all_labels_train_gensim_sparse_matrix.npz
archivalia.hypotheses.org/2507;histoire et archéologie_d, sciences sociales interdisciplinaires_d, histoire_t, approches de corpus_t, enquêtes_t, archives_t;Datasets/all_labels_train_gensim_sparse_matrix.npz
archivalia.hypotheses.org/12696;histoire et archéologie_d, sciences sociales interdisciplinaires_d, histoire_t, approches de corpus_t, enquêtes_t, archives_t;Datasets/all_labels_train_gensim_sparse_matrix.npz
archivalia.hypotheses.org/13573;histoire et archéologie_d, sciences sociales interdisciplinaires_d, histoire_t, approches de corpus_t, enquêtes_t, archives_t;Datasets/all_labels_train_gensim_sparse_matrix.npz
archivalia.hypotheses.org/11353;histoire et archéologie_d, sciences sociales interdisciplinaires_d, histoire_t, approches de corpus_t, enquêtes_t, archives_t;Datasets/all_labels_train_gensim_sparse_matrix.npz
archivalia.hypotheses.org/59979;histoire et archéologie_d, sciences sociales interdisciplinaires_d, histoire_t, approches de corpus_t, enquêtes_t, archives_t;Datasets/all_labels_train_gensim_sparse_matrix.npz
archivewk1.hypotheses.org/34807;histoire_d, époque contemporaine_t, 1914-1918_t;Datasets/all_labels_train_gensim_sparse_matrix.npz
archivalia.hypotheses.org/59918;histoire et archéologie_d, sciences sociales interdisciplinaires_d, histoire_t, approches de corpus_t, enquêtes_t, archives_t;Datasets/all_labels_train_gensim_sparse_matrix.npz
archivalia.hypotheses.org/3866;histoire et archéologie_d, sciences sociales interdisciplinaires_d, histoire_t, approches de corpus_t, enquêtes_t, archives_t;Datasets/all_labels_train_gensim_sparse_matrix.npz
games.hypotheses.org/318;arts et humanités_d, humanités pluridisciplinaires_d, psychologie expérimentale_d, sciences cognitives_t, psychisme_t, psychologie_t, représentations_t, histoire de l'art_t, études visuelles_t;Datasets/all_labels_train_gensim_sparse_matrix.npz
speyermemo.hypotheses.org/2803;histoire_d, pluridisciplinarité_d, sciences sociales interdisciplinaires_d, sociologie de la culture_t, histoire_t, 1939-1945_t, europe_t;Datasets/all_labels_train_gensim_sparse_matrix.npz
hofordnung.hypotheses.org/116;arts et humanités_d, histoire et archéologie_d, histoire sociale_t, xvie siècle_t, xviie siècle_t, xviiie siècle_t;Datasets/all_labels_train_gensim_sparse_matrix.npz
bereschitrabba.hypotheses.org/1201;arts et humanités_d, religions_d, langue et linguistique_d, religions_t, histoire des religions_t;Datasets/all_labels_train_gensim_sparse_matrix.npz
gra.hypotheses.org/930;arts et humanités_d, communication_d, sciences de l'information et bibliothéconomie_d, représentations_t, histoire culturelle_t, histoire de l'art_t, études visuelles_t;Datasets/all_labels_train_gensim_sparse_matrix.npz
frueheneuzeit.hypotheses.org/1394;histoire et archéologie_d, histoire_t, époque moderne_t, xviie siècle_t, xviiie siècle_t, révolution française_t;Datasets/all_labels_train_gensim_sparse_matrix.npz
intersex.hypotheses.org/2867;histoire_d, biomédecine_d, étude des genres_t, histoire des sciences_t, histoire_t, histoire du droit_t, moyen âge_t, xxie siècle_t;Datasets/all_labels_train_gensim_sparse_matrix.npz
grammata.hypotheses.org/2369;études anciennes_d, religions_d, littérature_d, religions_t, littératures_t;Datasets/all_labels_train_gensim_sparse_matrix.npz
archivewk1.hypotheses.org/2304;histoire_d, époque contemporaine_t, 1914-1918_t;Datasets/all_labels_train_gensim_sparse_matrix.npz
ordensgeschichte.hypotheses.org/5992;arts et humanités_d, humanités pluridisciplinaires_d, histoire et archéologie_d, histoire et philosophie des sciences_d, histoire_t, haut moyen âge_t, bas moyen âge_t, xviie siècle_t, xviiie siècle_t;Datasets/all_labels_train_gensim_sparse_matrix.npz
ordensgeschichte.hypotheses.org/1427;arts et humanités_d, humanités pluridisciplinaires_d, histoire et archéologie_d, histoire et philosophie des sciences_d, histoire_t, haut moyen âge_t, bas moyen âge_t, xviie siècle_t, xviiie siècle_t;Datasets/all_labels_train_gensim_sparse_matrix.npz
archivalia.hypotheses.org/11554;histoire et archéologie_d, sciences sociales interdisciplinaires_d, histoire_t, approches de corpus_t, enquêtes_t, archives_t;Datasets/all_labels_train_gensim_sparse_matrix.npz
histbav.hypotheses.org/2084;humanités pluridisciplinaires_d, histoire_d, pluridisciplinarité_d, histoire_t, monde germanique_t;Datasets/all_labels_train_gensim_sparse_matrix.npz
archivalia.hypotheses.org/9564;histoire et archéologie_d, sciences sociales interdisciplinaires_d, histoire_t, approches de corpus_t, enquêtes_t, archives_t;Datasets/all_labels_train_gensim_sparse_matrix.npz
archivewk1.hypotheses.org/6379;histoire_d, époque contemporaine_t, 1914-1918_t;Datasets/all_labels_train_gensim_sparse_matrix.npz
archivalia.hypotheses.org/5040;histoire et archéologie_d, sciences sociales interdisciplinaires_d, histoire_t, approches de corpus_t, enquêtes_t, archives_t;Datasets/all_labels_train_gensim_sparse_matrix.npz
dokunstlmu.hypotheses.org/1693;arts et humanités_d, histoire intellectuelle_t;Datasets/all_labels_train_gensim_sparse_matrix.npz
mittelalter.hypotheses.org/5265;humanités pluridisciplinaires_d, religions_d, histoire_d, sociologie_d, histoire_t, histoire sociale_t, histoire intellectuelle_t, moyen âge_t, haut moyen âge_t, bas moyen âge_t;Datasets/all_labels_train_gensim_sparse_matrix.npz
gra.hypotheses.org/2090;arts et humanités_d, communication_d, sciences de l'information et bibliothéconomie_d, représentations_t, histoire culturelle_t, histoire de l'art_t, études visuelles_t;Datasets/all_labels_train_gensim_sparse_matrix.npz
fnzinfo.hypotheses.org/786;arts et humanités_d, musique_d, histoire et archéologie_d, histoire_t, xvie siècle_t, xviie siècle_t, xviiie siècle_t, révolution française_t;Datasets/all_labels_train_gensim_sparse_matrix.npz
archivalia.hypotheses.org/1617;histoire et archéologie_d, sciences sociales interdisciplinaires_d, histoire_t, approches de corpus_t, enquêtes_t, archives_t;Datasets/all_labels_train_gensim_sparse_matrix.npz
musermeku.hypotheses.org/311;humanités pluridisciplinaires_d, pluridisciplinarité_d, sciences sociales interdisciplinaires_d, sociologie_t, sociologie de la culture_t, histoire_t, histoire politique_t;Datasets/all_labels_train_gensim_sparse_matrix.npz
archivalia.hypotheses.org/250;histoire et archéologie_d, sciences sociales interdisciplinaires_d, histoire_t, approches de corpus_t, enquêtes_t, archives_t;Datasets/all_labels_train_gensim_sparse_matrix.npz
19jhdhip.hypotheses.org/1674;histoire_d, époque contemporaine_t, prospectives_t, france_t, monde germanique_t;Datasets/all_labels_train_gensim_sparse_matrix.npz
archivalia.hypotheses.org/11866;histoire et archéologie_d, sciences sociales interdisciplinaires_d, histoire_t, approches de corpus_t, enquêtes_t, archives_t;Datasets/all_labels_train_gensim_sparse_matrix.npz
archivewk1.hypotheses.org/29918;histoire_d, époque contemporaine_t, 1914-1918_t;Datasets/all_labels_train_gensim_sparse_matrix.npz
archivalia.hypotheses.org/7834;histoire et archéologie_d, sciences sociales interdisciplinaires_d, histoire_t, approches de corpus_t, enquêtes_t, archives_t;Datasets/all_labels_train_gensim_sparse_matrix.npz
resilienz.hypotheses.org/599;pluridisciplinarité_d, sciences sociales interdisciplinaires_d, études des sciences_t, épistémologie et méthodes_t, vie de la recherche_t, prospectives_t;Datasets/all_labels_train_gensim_sparse_matrix.npz
dtforum.hypotheses.org/255;arts et humanités_d, histoire_t, représentations_t, histoire de l'art_t;Datasets/all_labels_train_gensim_sparse_matrix.npz
archivalia.hypotheses.org/482;histoire et archéologie_d, sciences sociales interdisciplinaires_d, histoire_t, approches de corpus_t, enquêtes_t, archives_t;Datasets/all_labels_train_gensim_sparse_matrix.npz
lvrafz.hypotheses.org/1130;pluridisciplinarité_d, information_t;Datasets/all_labels_train_gensim_sparse_matrix.npz
intersex.hypotheses.org/4775;histoire_d, biomédecine_d, étude des genres_t, histoire des sciences_t, histoire_t, histoire du droit_t, moyen âge_t, xxie siècle_t;Datasets/all_labels_train_gensim_sparse_matrix.npz
resilienz.hypotheses.org/523;pluridisciplinarité_d, sciences sociales interdisciplinaires_d, études des sciences_t, épistémologie et méthodes_t, vie de la recherche_t, prospectives_t;Datasets/all_labels_train_gensim_sparse_matrix.npz
archivewk1.hypotheses.org/26225;histoire_d, époque contemporaine_t, 1914-1918_t;Datasets/all_labels_train_gensim_sparse_matrix.npz
archivalia.hypotheses.org/8326;histoire et archéologie_d, sciences sociales interdisciplinaires_d, histoire_t, approches de corpus_t, enquêtes_t, archives_t;Datasets/all_labels_train_gensim_sparse_matrix.npz
soziologieblog.hypotheses.org/1450;sciences sociales interdisciplinaires_d, sociologie et anthropologie_d, sociologie du travail_t, sociologie urbaine_t, sociologie de la culture_t, sociologie économique_t;Datasets/all_labels_train_gensim_sparse_matrix.npz
archivewk1.hypotheses.org/18020;histoire_d, époque contemporaine_t, 1914-1918_t;Datasets/all_labels_train_gensim_sparse_matrix.npz
archivewk1.hypotheses.org/15504;histoire_d, époque contemporaine_t, 1914-1918_t;Datasets/all_labels_train_gensim_sparse_matrix.npz
intersex.hypotheses.org/4056;histoire_d, biomédecine_d, étude des genres_t, histoire des sciences_t, histoire_t, histoire du droit_t, moyen âge_t, xxie siècle_t;Datasets/all_labels_train_gensim_sparse_matrix.npz
reichtum.hypotheses.org/294;économie_d, économie_d, histoire_d, histoire économique_t, histoire sociale_t;Datasets/all_labels_train_gensim_sparse_matrix.npz
netzwerk.hypotheses.org/1686;histoire et archéologie_d, histoire urbaine_t, histoire sociale_t, histoire intellectuelle_t, époque contemporaine_t;Datasets/all_labels_train_gensim_sparse_matrix.npz
archivewk1.hypotheses.org/27702;histoire_d, époque contemporaine_t, 1914-1918_t;Datasets/all_labels_train_gensim_sparse_matrix.npz
archivalia.hypotheses.org/10296;histoire et archéologie_d, sciences sociales interdisciplinaires_d, histoire_t, approches de corpus_t, enquêtes_t, archives_t;Datasets/all_labels_train_gensim_sparse_matrix.npz
archivalia.hypotheses.org/61763;histoire et archéologie_d, sciences sociales interdisciplinaires_d, histoire_t, approches de corpus_t, enquêtes_t, archives_t;Datasets/all_labels_train_gensim_sparse_matrix.npz
archivewk1.hypotheses.org/1599;histoire_d, époque contemporaine_t, 1914-1918_t;Datasets/all_labels_train_gensim_sparse_matrix.npz
archivewk1.hypotheses.org/1876;histoire_d, époque contemporaine_t, 1914-1918_t;Datasets/all_labels_train_gensim_sparse_matrix.npz
archivalia.hypotheses.org/8288;histoire et archéologie_d, sciences sociales interdisciplinaires_d, histoire_t, approches de corpus_t, enquêtes_t, archives_t;Datasets/all_labels_train_gensim_sparse_matrix.npz
archivamt.hypotheses.org/493;communication_d, pluridisciplinarité_d, sciences sociales interdisciplinaires_d, information_t, sciences de l'information_t, représentations_t, patrimoine_t;Datasets/all_labels_train_gensim_sparse_matrix.npz
speyermemo.hypotheses.org/2849;histoire_d, pluridisciplinarité_d, sciences sociales interdisciplinaires_d, sociologie de la culture_t, histoire_t, 1939-1945_t, europe_t;Datasets/all_labels_train_gensim_sparse_matrix.npz
archivalia.hypotheses.org/1336;histoire et archéologie_d, sciences sociales interdisciplinaires_d, histoire_t, approches de corpus_t, enquêtes_t, archives_t;Datasets/all_labels_train_gensim_sparse_matrix.npz
archivalia.hypotheses.org/12512;histoire et archéologie_d, sciences sociales interdisciplinaires_d, histoire_t, approches de corpus_t, enquêtes_t, archives_t;Datasets/all_labels_train_gensim_sparse_matrix.npz
medienbildung.hypotheses.org/6733;éducation_d, éducation spécialisée_d, travail social_d, sociologie_t, édition électronique_t, histoire et sociologie des médias_t, éducation_t;Datasets/all_labels_train_gensim_sparse_matrix.npz
soziologieblog.hypotheses.org/1509;sciences sociales interdisciplinaires_d, sociologie et anthropologie_d, sociologie du travail_t, sociologie urbaine_t, sociologie de la culture_t, sociologie économique_t;Datasets/all_labels_train_gensim_sparse_matrix.npz
archivalia.hypotheses.org/5647;histoire et archéologie_d, sciences sociales interdisciplinaires_d, histoire_t, approches de corpus_t, enquêtes_t, archives_t;Datasets/all_labels_train_gensim_sparse_matrix.npz
zwopktnull.hypotheses.org/184;éducation_d, histoire_t, représentations_t;Datasets/all_labels_train_gensim_sparse_matrix.npz
archivalia.hypotheses.org/858;histoire et archéologie_d, sciences sociales interdisciplinaires_d, histoire_t, approches de corpus_t, enquêtes_t, archives_t;Datasets/all_labels_train_gensim_sparse_matrix.npz
grk1678.hypotheses.org/569;arts et humanités_d, humanités pluridisciplinaires_d, histoire et philosophie des sciences_d, pluridisciplinarité_d, philosophie_t, littératures_t, histoire culturelle_t, histoire de l'art_t;Datasets/all_labels_train_gensim_sparse_matrix.npz
nordichistoryblog.hypotheses.org/59;arts et humanités_d, histoire et archéologie_d, histoire_t, édition électronique_t, vie de la recherche_t, approches de corpus_t, enquêtes_t, archives_t, europe_t, pays baltes et scandinaves_t;Datasets/all_labels_train_gensim_sparse_matrix.npz
archivewk1.hypotheses.org/8670;histoire_d, époque contemporaine_t, 1914-1918_t;Datasets/all_labels_train_gensim_sparse_matrix.npz
archivamt.hypotheses.org/2198;communication_d, pluridisciplinarité_d, sciences sociales interdisciplinaires_d, information_t, sciences de l'information_t, représentations_t, patrimoine_t;Datasets/all_labels_train_gensim_sparse_matrix.npz
archivalia.hypotheses.org/13501;histoire et archéologie_d, sciences sociales interdisciplinaires_d, histoire_t, approches de corpus_t, enquêtes_t, archives_t;Datasets/all_labels_train_gensim_sparse_matrix.npz
erinnerung.hypotheses.org/992;histoire et archéologie_d, histoire_t, xxe siècle_t, prospectives_t, europe_t;Datasets/all_labels_train_gensim_sparse_matrix.npz
coop.hypotheses.org/244;histoire et archéologie_d, sciences sociales interdisciplinaires_d, histoire urbaine_t, information_t;Datasets/all_labels_train_gensim_sparse_matrix.npz
bereschitrabba.hypotheses.org/543;arts et humanités_d, religions_d, langue et linguistique_d, religions_t, histoire des religions_t;Datasets/all_labels_train_gensim_sparse_matrix.npz
resilienz.hypotheses.org/1046;pluridisciplinarité_d, sciences sociales interdisciplinaires_d, études des sciences_t, épistémologie et méthodes_t, vie de la recherche_t, prospectives_t;Datasets/all_labels_train_gensim_sparse_matrix.npz
archivewk1.hypotheses.org/6183;histoire_d, époque contemporaine_t, 1914-1918_t;Datasets/all_labels_train_gensim_sparse_matrix.npz
digitalintellectuals.hypotheses.org/997;études anciennes_d, histoire et philosophie des sciences_d, pluridisciplinarité_d, littérature_d, histoire intellectuelle_t, approches de corpus_t, enquêtes_t, archives_t, époque moderne_t, prospectives_t, monde germanique_t;Datasets/all_labels_train_gensim_sparse_matrix.npz
archivewk1.hypotheses.org/3688;histoire_d, époque contemporaine_t, 1914-1918_t;Datasets/all_labels_train_gensim_sparse_matrix.npz
archivalia.hypotheses.org/14560;histoire et archéologie_d, sciences sociales interdisciplinaires_d, histoire_t, approches de corpus_t, enquêtes_t, archives_t;Datasets/all_labels_train_gensim_sparse_matrix.npz
archivalia.hypotheses.org/1688;histoire et archéologie_d, sciences sociales interdisciplinaires_d, histoire_t, approches de corpus_t, enquêtes_t, archives_t;Datasets/all_labels_train_gensim_sparse_matrix.npz
archivekod.hypotheses.org/507;religions_d, histoire et archéologie_d, sciences de l'information et de la communication_d, bibliothéconomie_d, communication_d, histoire_t, histoire des religions_t, patrimoine_t;Datasets/all_labels_train_gensim_sparse_matrix.npz
archivalia.hypotheses.org/8221;histoire et archéologie_d, sciences sociales interdisciplinaires_d, histoire_t, approches de corpus_t, enquêtes_t, archives_t;Datasets/all_labels_train_gensim_sparse_matrix.npz
mittelalter.hypotheses.org/2634;humanités pluridisciplinaires_d, religions_d, histoire_d, sociologie_d, histoire_t, histoire sociale_t, histoire intellectuelle_t, moyen âge_t, haut moyen âge_t, bas moyen âge_t;Datasets/all_labels_train_gensim_sparse_matrix.npz
futurecity.hypotheses.org/89;sciences politiques_d, administration publique et développement_d, sociologie urbaine_t;Datasets/all_labels_train_gensim_sparse_matrix.npz
dguw.hypotheses.org/390;histoire et archéologie_d, histoire_t, historiographie_t, digital humanities_t;Datasets/all_labels_train_gensim_sparse_matrix.npz
rhad.hypotheses.org/559;histoire_d, histoire des sciences sociales_d, histoire_t, époque moderne_t, révolution française_t, xviie siècle_t, xviiie siècle_t, prospectives_t;Datasets/all_labels_train_gensim_sparse_matrix.npz
archivalia.hypotheses.org/6218;histoire et archéologie_d, sciences sociales interdisciplinaires_d, histoire_t, approches de corpus_t, enquêtes_t, archives_t;Datasets/all_labels_train_gensim_sparse_matrix.npz
inklusion.hypotheses.org/121;éducation_d, travail social et politique sociale_d, sociologie du travail_t, âges de la vie_t, information_t, sciences de l'éducation_t;Datasets/all_labels_train_gensim_sparse_matrix.npz
archive20.hypotheses.org/2248;pluridisciplinarité_d, sciences sociales interdisciplinaires_d, histoire_t, information_t, patrimoine_t, monde germanique_t;Datasets/all_labels_train_gensim_sparse_matrix.npz
resilienz.hypotheses.org/630;pluridisciplinarité_d, sciences sociales interdisciplinaires_d, études des sciences_t, épistémologie et méthodes_t, vie de la recherche_t, prospectives_t;Datasets/all_labels_train_gensim_sparse_matrix.npz
archivewk1.hypotheses.org/7229;histoire_d, époque contemporaine_t, 1914-1918_t;Datasets/all_labels_train_gensim_sparse_matrix.npz
ordensgeschichte.hypotheses.org/6917;arts et humanités_d, humanités pluridisciplinaires_d, histoire et archéologie_d, histoire et philosophie des sciences_d, histoire_t, haut moyen âge_t, bas moyen âge_t, xviie siècle_t, xviiie siècle_t;Datasets/all_labels_train_gensim_sparse_matrix.npz
fortifica.hypotheses.org/406;histoire et archéologie_d, histoire_d, histoire urbaine_t, xvie siècle_t, xviie siècle_t, xviiie siècle_t;Datasets/all_labels_train_gensim_sparse_matrix.npz
intersex.hypotheses.org/1581;histoire_d, biomédecine_d, étude des genres_t, histoire des sciences_t, histoire_t, histoire du droit_t, moyen âge_t, xxie siècle_t;Datasets/all_labels_train_gensim_sparse_matrix.npz
jameel.hypotheses.org/339;pluridisciplinarité_d, études régionales_d, archéologie_d, arts_d, humanités pluridisciplinaires_d, représentations_t, asie_t, digital humanities_t, histoire de l'art_t;Datasets/all_labels_train_gensim_sparse_matrix.npz
archivalia.hypotheses.org/1899;histoire et archéologie_d, sciences sociales interdisciplinaires_d, histoire_t, approches de corpus_t, enquêtes_t, archives_t;Datasets/all_labels_train_gensim_sparse_matrix.npz
fortifica.hypotheses.org/300;histoire et archéologie_d, histoire_d, histoire urbaine_t, xvie siècle_t, xviie siècle_t, xviiie siècle_t;Datasets/all_labels_train_gensim_sparse_matrix.npz
redaktionsblog.hypotheses.org/2294;arts et humanités_d, humanités pluridisciplinaires_d, épistémologie et méthodes_t, digital humanities_t;Datasets/all_labels_train_gensim_sparse_matrix.npz
archivalia.hypotheses.org/11736;histoire et archéologie_d, sciences sociales interdisciplinaires_d, histoire_t, approches de corpus_t, enquêtes_t, archives_t;Datasets/all_labels_train_gensim_sparse_matrix.npz
archivalia.hypotheses.org/5942;histoire et archéologie_d, sciences sociales interdisciplinaires_d, histoire_t, approches de corpus_t, enquêtes_t, archives_t;Datasets/all_labels_train_gensim_sparse_matrix.npz
pophistory.hypotheses.org/1889;humanités pluridisciplinaires_d, histoire et archéologie_d, sociologie de la culture_t, histoire sociale_t, histoire culturelle_t, époque contemporaine_t;Datasets/all_labels_train_gensim_sparse_matrix.npz
1914lvr.hypotheses.org/1204;sciences politiques_d, histoire_t, époque contemporaine_t, 1914-1918_t;Datasets/all_labels_train_gensim_sparse_matrix.npz
blogweimar.hypotheses.org/111;histoire et archéologie_d, histoire_t, histoire politique_t, 1918-1939_t, monde germanique_t;Datasets/all_labels_train_gensim_sparse_matrix.npz
studpro.hypotheses.org/160;histoire_d, histoire_t, époque moderne_t, xviie siècle_t, xviiie siècle_t;Datasets/all_labels_train_gensim_sparse_matrix.npz
archivewk1.hypotheses.org/20625;histoire_d, époque contemporaine_t, 1914-1918_t;Datasets/all_labels_train_gensim_sparse_matrix.npz
gra.hypotheses.org/2270;arts et humanités_d, communication_d, sciences de l'information et bibliothéconomie_d, représentations_t, histoire culturelle_t, histoire de l'art_t, études visuelles_t;Datasets/all_labels_train_gensim_sparse_matrix.npz
frueheneuzeit.hypotheses.org/2064;histoire et archéologie_d, histoire_t, époque moderne_t, xviie siècle_t, xviiie siècle_t, révolution française_t;Datasets/all_labels_train_gensim_sparse_matrix.npz
archivalia.hypotheses.org/51924;histoire et archéologie_d, sciences sociales interdisciplinaires_d, histoire_t, approches de corpus_t, enquêtes_t, archives_t;Datasets/all_labels_train_gensim_sparse_matrix.npz
archivalia.hypotheses.org/8543;histoire et archéologie_d, sciences sociales interdisciplinaires_d, histoire_t, approches de corpus_t, enquêtes_t, archives_t;Datasets/all_labels_train_gensim_sparse_matrix.npz
medialogic.hypotheses.org/443;arts et humanités_d, sciences de l'information et de la communication_d, bibliothéconomie_d, sociologie_t;Datasets/all_labels_train_gensim_sparse_matrix.npz
dhdhi.hypotheses.org/2214;histoire et archéologie_d, histoire_t, épistémologie et méthodes_t, digital humanities_t;Datasets/all_labels_train_gensim_sparse_matrix.npz
fortifica.hypotheses.org/377;histoire et archéologie_d, histoire_d, histoire urbaine_t, xvie siècle_t, xviie siècle_t, xviiie siècle_t;Datasets/all_labels_train_gensim_sparse_matrix.npz
zakunibonn.hypotheses.org/1568;histoire_d, psychologie_d, histoire_t, psychisme_t, psychologie_t, méthodes de traitement et de représentation_t, monde germanique_t;Datasets/all_labels_train_gensim_sparse_matrix.npz
medienbildung.hypotheses.org/3161;éducation_d, éducation spécialisée_d, travail social_d, sociologie_t, édition électronique_t, histoire et sociologie des médias_t, éducation_t;Datasets/all_labels_train_gensim_sparse_matrix.npz
19jhdhip.hypotheses.org/83;histoire_d, époque contemporaine_t, prospectives_t, france_t, monde germanique_t;Datasets/all_labels_train_gensim_sparse_matrix.npz
trafo.hypotheses.org/5109;pluridisciplinarité_d, sciences sociales interdisciplinaires_d, études régionales_d, sociologie_t, sociologie des religions_t, information_t, histoire culturelle_t;Datasets/all_labels_train_gensim_sparse_matrix.npz
ordensgeschichte.hypotheses.org/8069;arts et humanités_d, humanités pluridisciplinaires_d, histoire et archéologie_d, histoire et philosophie des sciences_d, histoire_t, haut moyen âge_t, bas moyen âge_t, xviie siècle_t, xviiie siècle_t;Datasets/all_labels_train_gensim_sparse_matrix.npz
edit.hypotheses.org/52;sciences de l'information et bibliothéconomie_d, édition électronique_t, vie de la recherche_t, méthodes de traitement et de représentation_t, digital humanities_t;Datasets/all_labels_train_gensim_sparse_matrix.npz
francofil.hypotheses.org/1948;pluridisciplinarité_d, sciences sociales interdisciplinaires_d, histoire_t, épistémologie et méthodes_t, approches de corpus_t, enquêtes_t, archives_t, france_t;Datasets/all_labels_train_gensim_sparse_matrix.npz
archivalia.hypotheses.org/62211;histoire et archéologie_d, sciences sociales interdisciplinaires_d, histoire_t, approches de corpus_t, enquêtes_t, archives_t;Datasets/all_labels_train_gensim_sparse_matrix.npz
winzen.hypotheses.org/31;histoire_d, histoire_t, études visuelles_t, 1918-1939_t, 1939-1945_t, monde germanique_t;Datasets/all_labels_train_gensim_sparse_matrix.npz
medienbildung.hypotheses.org/7781;éducation_d, éducation spécialisée_d, travail social_d, sociologie_t, édition électronique_t, histoire et sociologie des médias_t, éducation_t;Datasets/all_labels_train_gensim_sparse_matrix.npz
texperimentales.hypotheses.org/841;linguistique appliquée_d, langue et linguistique_d, langage_t, linguistique_t, information_t, sciences de l'information_t, digital humanities_t;Datasets/all_labels_train_gensim_sparse_matrix.npz
archivewk1.hypotheses.org/23279;histoire_d, époque contemporaine_t, 1914-1918_t;Datasets/all_labels_train_gensim_sparse_matrix.npz
ordensgeschichte.hypotheses.org/10283;arts et humanités_d, humanités pluridisciplinaires_d, histoire et archéologie_d, histoire et philosophie des sciences_d, histoire_t, haut moyen âge_t, bas moyen âge_t, xviie siècle_t, xviiie siècle_t;Datasets/all_labels_train_gensim_sparse_matrix.npz
ludite.hypotheses.org/60;arts et humanités_d, histoire et archéologie_d, histoire sociale_t, histoire culturelle_t, haut moyen âge_t, bas moyen âge_t;Datasets/all_labels_train_gensim_sparse_matrix.npz
kulturgut.hypotheses.org/307;humanités pluridisciplinaires_d, études des sciences_t, histoire_t, approches de corpus_t, enquêtes_t, archives_t;Datasets/all_labels_train_gensim_sparse_matrix.npz
quadrivium.hypotheses.org/136;pluridisciplinarité_d, histoire des sciences_t, histoire_t, histoire et sociologie des médias_t, historiographie_t, moyen âge_t, haut moyen âge_t;Datasets/all_labels_train_gensim_sparse_matrix.npz
tagebuch.hypotheses.org/1076;histoire et archéologie_d, histoire_d, histoire_t, époque contemporaine_t, 1914-1918_t;Datasets/all_labels_train_gensim_sparse_matrix.npz
studpro.hypotheses.org/1310;histoire_d, histoire_t, époque moderne_t, xviie siècle_t, xviiie siècle_t;Datasets/all_labels_train_gensim_sparse_matrix.npz
bioeg.hypotheses.org/1928;histoire et archéologie_d, histoire_d, histoire_t, sciences auxiliaires de l'histoire_t, europe centrale et orientale_t, monde germanique_t;Datasets/all_labels_train_gensim_sparse_matrix.npz
nummer.hypotheses.org/113;histoire_d, sciences de l'information et de la communication_d, bibliothéconomie_d, histoire_t, histoire intellectuelle_t, histoire et sociologie des médias_t, histoire culturelle_t;Datasets/all_labels_train_gensim_sparse_matrix.npz
archivewk1.hypotheses.org/10385;histoire_d, époque contemporaine_t, 1914-1918_t;Datasets/all_labels_train_gensim_sparse_matrix.npz
netzwerk.hypotheses.org/1114;histoire et archéologie_d, histoire urbaine_t, histoire sociale_t, histoire intellectuelle_t, époque contemporaine_t;Datasets/all_labels_train_gensim_sparse_matrix.npz
archivalia.hypotheses.org/56703;histoire et archéologie_d, sciences sociales interdisciplinaires_d, histoire_t, approches de corpus_t, enquêtes_t, archives_t;Datasets/all_labels_train_gensim_sparse_matrix.npz
archivalia.hypotheses.org/5629;histoire et archéologie_d, sciences sociales interdisciplinaires_d, histoire_t, approches de corpus_t, enquêtes_t, archives_t;Datasets/all_labels_train_gensim_sparse_matrix.npz
archivamt.hypotheses.org/4405;communication_d, pluridisciplinarité_d, sciences sociales interdisciplinaires_d, information_t, sciences de l'information_t, représentations_t, patrimoine_t;Datasets/all_labels_train_gensim_sparse_matrix.npz
medialogic.hypotheses.org/724;arts et humanités_d, sciences de l'information et de la communication_d, bibliothéconomie_d, sociologie_t;Datasets/all_labels_train_gensim_sparse_matrix.npz
mittelalter.hypotheses.org/2461;humanités pluridisciplinaires_d, religions_d, histoire_d, sociologie_d, histoire_t, histoire sociale_t, histoire intellectuelle_t, moyen âge_t, haut moyen âge_t, bas moyen âge_t;Datasets/all_labels_train_gensim_sparse_matrix.npz
archivalia.hypotheses.org/5335;histoire et archéologie_d, sciences sociales interdisciplinaires_d, histoire_t, approches de corpus_t, enquêtes_t, archives_t;Datasets/all_labels_train_gensim_sparse_matrix.npz
histbav.hypotheses.org/4933;humanités pluridisciplinaires_d, histoire_d, pluridisciplinarité_d, histoire_t, monde germanique_t;Datasets/all_labels_train_gensim_sparse_matrix.npz
archivalia.hypotheses.org/6832;histoire et archéologie_d, sciences sociales interdisciplinaires_d, histoire_t, approches de corpus_t, enquêtes_t, archives_t;Datasets/all_labels_train_gensim_sparse_matrix.npz
archivalia.hypotheses.org/3120;histoire et archéologie_d, sciences sociales interdisciplinaires_d, histoire_t, approches de corpus_t, enquêtes_t, archives_t;Datasets/all_labels_train_gensim_sparse_matrix.npz
philophiso.hypotheses.org/992;philosophie_d, éducation_d, éducation spécialisée_d, pensée_t, philosophie_t, représentations_t, patrimoine_t;Datasets/all_labels_train_gensim_sparse_matrix.npz
archivamt.hypotheses.org/3906;communication_d, pluridisciplinarité_d, sciences sociales interdisciplinaires_d, information_t, sciences de l'information_t, représentations_t, patrimoine_t;Datasets/all_labels_train_gensim_sparse_matrix.npz
archivalia.hypotheses.org/7176;histoire et archéologie_d, sciences sociales interdisciplinaires_d, histoire_t, approches de corpus_t, enquêtes_t, archives_t;Datasets/all_labels_train_gensim_sparse_matrix.npz
archivalia.hypotheses.org/12296;histoire et archéologie_d, sciences sociales interdisciplinaires_d, histoire_t, approches de corpus_t, enquêtes_t, archives_t;Datasets/all_labels_train_gensim_sparse_matrix.npz
mittelalter.hypotheses.org/7389;humanités pluridisciplinaires_d, religions_d, histoire_d, sociologie_d, histoire_t, histoire sociale_t, histoire intellectuelle_t, moyen âge_t, haut moyen âge_t, bas moyen âge_t;Datasets/all_labels_train_gensim_sparse_matrix.npz
zakunibonn.hypotheses.org/212;histoire_d, psychologie_d, histoire_t, psychisme_t, psychologie_t, méthodes de traitement et de représentation_t, monde germanique_t;Datasets/all_labels_train_gensim_sparse_matrix.npz
archivalia.hypotheses.org/12236;histoire et archéologie_d, sciences sociales interdisciplinaires_d, histoire_t, approches de corpus_t, enquêtes_t, archives_t;Datasets/all_labels_train_gensim_sparse_matrix.npz
inklusion.hypotheses.org/502;éducation_d, travail social et politique sociale_d, sociologie du travail_t, âges de la vie_t, information_t, sciences de l'éducation_t;Datasets/all_labels_train_gensim_sparse_matrix.npz
tagebuch.hypotheses.org/1211;histoire et archéologie_d, histoire_d, histoire_t, époque contemporaine_t, 1914-1918_t;Datasets/all_labels_train_gensim_sparse_matrix.npz
soziologieblog.hypotheses.org/8351;sciences sociales interdisciplinaires_d, sociologie et anthropologie_d, sociologie du travail_t, sociologie urbaine_t, sociologie de la culture_t, sociologie économique_t;Datasets/all_labels_train_gensim_sparse_matrix.npz
archivalia.hypotheses.org/12129;histoire et archéologie_d, sciences sociales interdisciplinaires_d, histoire_t, approches de corpus_t, enquêtes_t, archives_t;Datasets/all_labels_train_gensim_sparse_matrix.npz
archivalia.hypotheses.org/13115;histoire et archéologie_d, sciences sociales interdisciplinaires_d, histoire_t, approches de corpus_t, enquêtes_t, archives_t;Datasets/all_labels_train_gensim_sparse_matrix.npz
grk1678.hypotheses.org/714;arts et humanités_d, humanités pluridisciplinaires_d, histoire et philosophie des sciences_d, pluridisciplinarité_d, philosophie_t, littératures_t, histoire culturelle_t, histoire de l'art_t;Datasets/all_labels_train_gensim_sparse_matrix.npz
schotten.hypotheses.org/310;religions_d, histoire et archéologie_d, sciences de l'information et de la communication_d, bibliothéconomie_d, histoire_t, histoire des religions_t, approches de corpus_t, enquêtes_t, archives_t, monde germanique_t;Datasets/all_labels_train_gensim_sparse_matrix.npz
histbav.hypotheses.org/1200;humanités pluridisciplinaires_d, histoire_d, pluridisciplinarité_d, histoire_t, monde germanique_t;Datasets/all_labels_train_gensim_sparse_matrix.npz
archivalia.hypotheses.org/3295;histoire et archéologie_d, sciences sociales interdisciplinaires_d, histoire_t, approches de corpus_t, enquêtes_t, archives_t;Datasets/all_labels_train_gensim_sparse_matrix.npz
archivalia.hypotheses.org/53348;histoire et archéologie_d, sciences sociales interdisciplinaires_d, histoire_t, approches de corpus_t, enquêtes_t, archives_t;Datasets/all_labels_train_gensim_sparse_matrix.npz
oberrhein.hypotheses.org/534;religions_d, archéologie_d, histoire_d, histoire_t, moyen âge_t, france_t, monde germanique_t;Datasets/all_labels_train_gensim_sparse_matrix.npz
archivewk1.hypotheses.org/28074;histoire_d, époque contemporaine_t, 1914-1918_t;Datasets/all_labels_train_gensim_sparse_matrix.npz
archivalia.hypotheses.org/10869;histoire et archéologie_d, sciences sociales interdisciplinaires_d, histoire_t, approches de corpus_t, enquêtes_t, archives_t;Datasets/all_labels_train_gensim_sparse_matrix.npz
schotten.hypotheses.org/549;religions_d, histoire et archéologie_d, sciences de l'information et de la communication_d, bibliothéconomie_d, histoire_t, histoire des religions_t, approches de corpus_t, enquêtes_t, archives_t, monde germanique_t;Datasets/all_labels_train_gensim_sparse_matrix.npz
archivalia.hypotheses.org/12982;histoire et archéologie_d, sciences sociales interdisciplinaires_d, histoire_t, approches de corpus_t, enquêtes_t, archives_t;Datasets/all_labels_train_gensim_sparse_matrix.npz
fortifica.hypotheses.org/1;histoire et archéologie_d, histoire_d, histoire urbaine_t, xvie siècle_t, xviie siècle_t, xviiie siècle_t;Datasets/all_labels_train_gensim_sparse_matrix.npz
archivewk1.hypotheses.org/16317;histoire_d, époque contemporaine_t, 1914-1918_t;Datasets/all_labels_train_gensim_sparse_matrix.npz
musermeku.hypotheses.org/5700;humanités pluridisciplinaires_d, pluridisciplinarité_d, sciences sociales interdisciplinaires_d, sociologie_t, sociologie de la culture_t, histoire_t, histoire politique_t;Datasets/all_labels_train_gensim_sparse_matrix.npz
fortifica.hypotheses.org/284;histoire et archéologie_d, histoire_d, histoire urbaine_t, xvie siècle_t, xviie siècle_t, xviiie siècle_t;Datasets/all_labels_train_gensim_sparse_matrix.npz
resilienz.hypotheses.org/989;pluridisciplinarité_d, sciences sociales interdisciplinaires_d, études des sciences_t, épistémologie et méthodes_t, vie de la recherche_t, prospectives_t;Datasets/all_labels_train_gensim_sparse_matrix.npz
archivalia.hypotheses.org/60835;histoire et archéologie_d, sciences sociales interdisciplinaires_d, histoire_t, approches de corpus_t, enquêtes_t, archives_t;Datasets/all_labels_train_gensim_sparse_matrix.npz
wenhua.hypotheses.org/1082;études asiatiques_d, humanités pluridisciplinaires_d, histoire_d, histoire culturelle_t, asie_t;Datasets/all_labels_train_gensim_sparse_matrix.npz
gab.hypotheses.org/1800;histoire et archéologie_d, pluridisciplinarité_d, sciences sociales interdisciplinaires_d, études des sciences_t, sociologie des sciences_t, histoire_t;Datasets/all_labels_train_gensim_sparse_matrix.npz
archivewk1.hypotheses.org/7688;histoire_d, époque contemporaine_t, 1914-1918_t;Datasets/all_labels_train_gensim_sparse_matrix.npz
archivewk1.hypotheses.org/10074;histoire_d, époque contemporaine_t, 1914-1918_t;Datasets/all_labels_train_gensim_sparse_matrix.npz
ordensgeschichte.hypotheses.org/9032;arts et humanités_d, humanités pluridisciplinaires_d, histoire et archéologie_d, histoire et philosophie des sciences_d, histoire_t, haut moyen âge_t, bas moyen âge_t, xviie siècle_t, xviiie siècle_t;Datasets/all_labels_train_gensim_sparse_matrix.npz
histbav.hypotheses.org/2186;humanités pluridisciplinaires_d, histoire_d, pluridisciplinarité_d, histoire_t, monde germanique_t;Datasets/all_labels_train_gensim_sparse_matrix.npz
ordensgeschichte.hypotheses.org/7295;arts et humanités_d, humanités pluridisciplinaires_d, histoire et archéologie_d, histoire et philosophie des sciences_d, histoire_t, haut moyen âge_t, bas moyen âge_t, xviie siècle_t, xviiie siècle_t;Datasets/all_labels_train_gensim_sparse_matrix.npz
archivalia.hypotheses.org/1405;histoire et archéologie_d, sciences sociales interdisciplinaires_d, histoire_t, approches de corpus_t, enquêtes_t, archives_t;Datasets/all_labels_train_gensim_sparse_matrix.npz
archivewk1.hypotheses.org/5501;histoire_d, époque contemporaine_t, 1914-1918_t;Datasets/all_labels_train_gensim_sparse_matrix.npz
archivewk1.hypotheses.org/26163;histoire_d, époque contemporaine_t, 1914-1918_t;Datasets/all_labels_train_gensim_sparse_matrix.npz
ordensgeschichte.hypotheses.org/7469;arts et humanités_d, humanités pluridisciplinaires_d, histoire et archéologie_d, histoire et philosophie des sciences_d, histoire_t, haut moyen âge_t, bas moyen âge_t, xviie siècle_t, xviiie siècle_t;Datasets/all_labels_train_gensim_sparse_matrix.npz
archivalia.hypotheses.org/14567;histoire et archéologie_d, sciences sociales interdisciplinaires_d, histoire_t, approches de corpus_t, enquêtes_t, archives_t;Datasets/all_labels_train_gensim_sparse_matrix.npz
histbav.hypotheses.org/4868;humanités pluridisciplinaires_d, histoire_d, pluridisciplinarité_d, histoire_t, monde germanique_t;Datasets/all_labels_train_gensim_sparse_matrix.npz
archivalia.hypotheses.org/12292;histoire et archéologie_d, sciences sociales interdisciplinaires_d, histoire_t, approches de corpus_t, enquêtes_t, archives_t;Datasets/all_labels_train_gensim_sparse_matrix.npz
ordensgeschichte.hypotheses.org/5027;arts et humanités_d, humanités pluridisciplinaires_d, histoire et archéologie_d, histoire et philosophie des sciences_d, histoire_t, haut moyen âge_t, bas moyen âge_t, xviie siècle_t, xviiie siècle_t;Datasets/all_labels_train_gensim_sparse_matrix.npz
heraldica.hypotheses.org/2765;histoire_d, histoire_t, historiographie_t, sciences auxiliaires de l'histoire_t, moyen âge_t, haut moyen âge_t;Datasets/all_labels_train_gensim_sparse_matrix.npz
archivalia.hypotheses.org/1686;histoire et archéologie_d, sciences sociales interdisciplinaires_d, histoire_t, approches de corpus_t, enquêtes_t, archives_t;Datasets/all_labels_train_gensim_sparse_matrix.npz
archivewk1.hypotheses.org/269;histoire_d, époque contemporaine_t, 1914-1918_t;Datasets/all_labels_train_gensim_sparse_matrix.npz
archive20.hypotheses.org/3909;pluridisciplinarité_d, sciences sociales interdisciplinaires_d, histoire_t, information_t, patrimoine_t, monde germanique_t;Datasets/all_labels_train_gensim_sparse_matrix.npz
archivewk1.hypotheses.org/14351;histoire_d, époque contemporaine_t, 1914-1918_t;Datasets/all_labels_train_gensim_sparse_matrix.npz
gewalt.hypotheses.org/202;sciences politiques_d, sociologie_d, sociologie_t, sociologie urbaine_t, anthropologie politique_t, histoire urbaine_t, guerres_t, conflits_t, violence_t;Datasets/all_labels_train_gensim_sparse_matrix.npz
schotten.hypotheses.org/807;religions_d, histoire et archéologie_d, sciences de l'information et de la communication_d, bibliothéconomie_d, histoire_t, histoire des religions_t, approches de corpus_t, enquêtes_t, archives_t, monde germanique_t;Datasets/all_labels_train_gensim_sparse_matrix.npz
gab.hypotheses.org/84;histoire et archéologie_d, pluridisciplinarité_d, sciences sociales interdisciplinaires_d, études des sciences_t, sociologie des sciences_t, histoire_t;Datasets/all_labels_train_gensim_sparse_matrix.npz
archivewk1.hypotheses.org/10753;histoire_d, époque contemporaine_t, 1914-1918_t;Datasets/all_labels_train_gensim_sparse_matrix.npz
archivewk1.hypotheses.org/7570;histoire_d, époque contemporaine_t, 1914-1918_t;Datasets/all_labels_train_gensim_sparse_matrix.npz
medienbildung.hypotheses.org/1666;éducation_d, éducation spécialisée_d, travail social_d, sociologie_t, édition électronique_t, histoire et sociologie des médias_t, éducation_t;Datasets/all_labels_train_gensim_sparse_matrix.npz
ordensgeschichte.hypotheses.org/8334;arts et humanités_d, humanités pluridisciplinaires_d, histoire et archéologie_d, histoire et philosophie des sciences_d, histoire_t, haut moyen âge_t, bas moyen âge_t, xviie siècle_t, xviiie siècle_t;Datasets/all_labels_train_gensim_sparse_matrix.npz
soziologieblog.hypotheses.org/5783;sciences sociales interdisciplinaires_d, sociologie et anthropologie_d, sociologie du travail_t, sociologie urbaine_t, sociologie de la culture_t, sociologie économique_t;Datasets/all_labels_train_gensim_sparse_matrix.npz
archivamt.hypotheses.org/257;communication_d, pluridisciplinarité_d, sciences sociales interdisciplinaires_d, information_t, sciences de l'information_t, représentations_t, patrimoine_t;Datasets/all_labels_train_gensim_sparse_matrix.npz
archivalia.hypotheses.org/4418;histoire et archéologie_d, sciences sociales interdisciplinaires_d, histoire_t, approches de corpus_t, enquêtes_t, archives_t;Datasets/all_labels_train_gensim_sparse_matrix.npz
greflinger.hypotheses.org/325;littérature_d, littératures_t, xviie siècle_t;Datasets/all_labels_train_gensim_sparse_matrix.npz
histbav.hypotheses.org/683;humanités pluridisciplinaires_d, histoire_d, pluridisciplinarité_d, histoire_t, monde germanique_t;Datasets/all_labels_train_gensim_sparse_matrix.npz
schotten.hypotheses.org/1206;religions_d, histoire et archéologie_d, sciences de l'information et de la communication_d, bibliothéconomie_d, histoire_t, histoire des religions_t, approches de corpus_t, enquêtes_t, archives_t, monde germanique_t;Datasets/all_labels_train_gensim_sparse_matrix.npz
winzen.hypotheses.org/517;histoire_d, histoire_t, études visuelles_t, 1918-1939_t, 1939-1945_t, monde germanique_t;Datasets/all_labels_train_gensim_sparse_matrix.npz
archivalia.hypotheses.org/1389;histoire et archéologie_d, sciences sociales interdisciplinaires_d, histoire_t, approches de corpus_t, enquêtes_t, archives_t;Datasets/all_labels_train_gensim_sparse_matrix.npz
archivalia.hypotheses.org/10423;histoire et archéologie_d, sciences sociales interdisciplinaires_d, histoire_t, approches de corpus_t, enquêtes_t, archives_t;Datasets/all_labels_train_gensim_sparse_matrix.npz
archivalia.hypotheses.org/7873;histoire et archéologie_d, sciences sociales interdisciplinaires_d, histoire_t, approches de corpus_t, enquêtes_t, archives_t;Datasets/all_labels_train_gensim_sparse_matrix.npz
soziologieblog.hypotheses.org/5041;sciences sociales interdisciplinaires_d, sociologie et anthropologie_d, sociologie du travail_t, sociologie urbaine_t, sociologie de la culture_t, sociologie économique_t;Datasets/all_labels_train_gensim_sparse_matrix.npz
dkblog.hypotheses.org/675;histoire_d, histoire_t, époque moderne_t, xviie siècle_t;Datasets/all_labels_train_gensim_sparse_matrix.npz
archivewk1.hypotheses.org/31877;histoire_d, époque contemporaine_t, 1914-1918_t;Datasets/all_labels_train_gensim_sparse_matrix.npz
archivalia.hypotheses.org/9467;histoire et archéologie_d, sciences sociales interdisciplinaires_d, histoire_t, approches de corpus_t, enquêtes_t, archives_t;Datasets/all_labels_train_gensim_sparse_matrix.npz
tagebuch.hypotheses.org/650;histoire et archéologie_d, histoire_d, histoire_t, époque contemporaine_t, 1914-1918_t;Datasets/all_labels_train_gensim_sparse_matrix.npz
archivalia.hypotheses.org/10749;histoire et archéologie_d, sciences sociales interdisciplinaires_d, histoire_t, approches de corpus_t, enquêtes_t, archives_t;Datasets/all_labels_train_gensim_sparse_matrix.npz
dokunstlmu.hypotheses.org/456;arts et humanités_d, histoire intellectuelle_t;Datasets/all_labels_train_gensim_sparse_matrix.npz
avantmusic.hypotheses.org/46;musique_d, europe_t, monde germanique_t, histoire culturelle_t, histoire de l'art_t;Datasets/all_labels_train_gensim_sparse_matrix.npz
dgl.hypotheses.org/163;éducation spécialisée_d, histoire_d, histoire_t, histoire et sociologie des médias_t, éducation_t;Datasets/all_labels_train_gensim_sparse_matrix.npz
merzdadaco.hypotheses.org/485;humanités pluridisciplinaires_d, littérature_d, littératures_t, représentations_t, histoire culturelle_t, histoire de l'art_t;Datasets/all_labels_train_gensim_sparse_matrix.npz
archivalia.hypotheses.org/8716;histoire et archéologie_d, sciences sociales interdisciplinaires_d, histoire_t, approches de corpus_t, enquêtes_t, archives_t;Datasets/all_labels_train_gensim_sparse_matrix.npz
ordensgeschichte.hypotheses.org/10878;arts et humanités_d, humanités pluridisciplinaires_d, histoire et archéologie_d, histoire et philosophie des sciences_d, histoire_t, haut moyen âge_t, bas moyen âge_t, xviie siècle_t, xviiie siècle_t;Datasets/all_labels_train_gensim_sparse_matrix.npz
archivalia.hypotheses.org/5313;histoire et archéologie_d, sciences sociales interdisciplinaires_d, histoire_t, approches de corpus_t, enquêtes_t, archives_t;Datasets/all_labels_train_gensim_sparse_matrix.npz
games.hypotheses.org/47;arts et humanités_d, humanités pluridisciplinaires_d, psychologie expérimentale_d, sciences cognitives_t, psychisme_t, psychologie_t, représentations_t, histoire de l'art_t, études visuelles_t;Datasets/all_labels_train_gensim_sparse_matrix.npz
europhilomem.hypotheses.org/3179;philosophie_d, philosophie_t, histoire intellectuelle_t, xxe siècle_t, prospectives_t;Datasets/all_labels_train_gensim_sparse_matrix.npz
archivalia.hypotheses.org/8218;histoire et archéologie_d, sciences sociales interdisciplinaires_d, histoire_t, approches de corpus_t, enquêtes_t, archives_t;Datasets/all_labels_train_gensim_sparse_matrix.npz
1914lvr.hypotheses.org/1054;sciences politiques_d, histoire_t, époque contemporaine_t, 1914-1918_t;Datasets/all_labels_train_gensim_sparse_matrix.npz
inklusion.hypotheses.org/1467;éducation_d, travail social et politique sociale_d, sociologie du travail_t, âges de la vie_t, information_t, sciences de l'éducation_t;Datasets/all_labels_train_gensim_sparse_matrix.npz
archivalia.hypotheses.org/552;histoire et archéologie_d, sciences sociales interdisciplinaires_d, histoire_t, approches de corpus_t, enquêtes_t, archives_t;Datasets/all_labels_train_gensim_sparse_matrix.npz
redaktionsblog.hypotheses.org/646;arts et humanités_d, humanités pluridisciplinaires_d, épistémologie et méthodes_t, digital humanities_t;Datasets/all_labels_train_gensim_sparse_matrix.npz
archivewk1.hypotheses.org/8564;histoire_d, époque contemporaine_t, 1914-1918_t;Datasets/all_labels_train_gensim_sparse_matrix.npz
archivalia.hypotheses.org/13944;histoire et archéologie_d, sciences sociales interdisciplinaires_d, histoire_t, approches de corpus_t, enquêtes_t, archives_t;Datasets/all_labels_train_gensim_sparse_matrix.npz
gab.hypotheses.org/3016;histoire et archéologie_d, pluridisciplinarité_d, sciences sociales interdisciplinaires_d, études des sciences_t, sociologie des sciences_t, histoire_t;Datasets/all_labels_train_gensim_sparse_matrix.npz
archivewk1.hypotheses.org/35398;histoire_d, époque contemporaine_t, 1914-1918_t;Datasets/all_labels_train_gensim_sparse_matrix.npz
medialogic.hypotheses.org/485;arts et humanités_d, sciences de l'information et de la communication_d, bibliothéconomie_d, sociologie_t;Datasets/all_labels_train_gensim_sparse_matrix.npz
mindthegaps.hypotheses.org/1631;études asiatiques_d, histoire_d, histoire_t, histoire culturelle_t, asie_t, chine_t;Datasets/all_labels_train_gensim_sparse_matrix.npz
neuburg.hypotheses.org/70;histoire_d, histoire urbaine_t, époque contemporaine_t;Datasets/all_labels_train_gensim_sparse_matrix.npz
germanjews.hypotheses.org/97;histoire_d, histoire des sciences sociales_d, histoire économique_t, histoire urbaine_t, histoire sociale_t, époque moderne_t;Datasets/all_labels_train_gensim_sparse_matrix.npz
ordensgeschichte.hypotheses.org/89;arts et humanités_d, humanités pluridisciplinaires_d, histoire et archéologie_d, histoire et philosophie des sciences_d, histoire_t, haut moyen âge_t, bas moyen âge_t, xviie siècle_t, xviiie siècle_t;Datasets/all_labels_train_gensim_sparse_matrix.npz
kinder.hypotheses.org/529;éducation et sciences de l'éducation_d, études sur la famille_d, âges de la vie_t, sciences de l'éducation_t;Datasets/all_labels_train_gensim_sparse_matrix.npz
archivalia.hypotheses.org/5474;histoire et archéologie_d, sciences sociales interdisciplinaires_d, histoire_t, approches de corpus_t, enquêtes_t, archives_t;Datasets/all_labels_train_gensim_sparse_matrix.npz
archives.hypotheses.org/1077;histoire_d, communication_d, patrimoine_t, digital humanities_t, moyen âge_t, époque moderne_t, france_t, monde germanique_t;Datasets/all_labels_train_gensim_sparse_matrix.npz
archivewk1.hypotheses.org/10083;histoire_d, époque contemporaine_t, 1914-1918_t;Datasets/all_labels_train_gensim_sparse_matrix.npz
achtundvierzig.hypotheses.org/448;sciences politiques_d, histoire_d, époque contemporaine_t, prospectives_t, histoire politique_t, monde germanique_t;Datasets/all_labels_train_gensim_sparse_matrix.npz
archivalia.hypotheses.org/11872;histoire et archéologie_d, sciences sociales interdisciplinaires_d, histoire_t, approches de corpus_t, enquêtes_t, archives_t;Datasets/all_labels_train_gensim_sparse_matrix.npz
zakunibonn.hypotheses.org/1322;histoire_d, psychologie_d, histoire_t, psychisme_t, psychologie_t, méthodes de traitement et de représentation_t, monde germanique_t;Datasets/all_labels_train_gensim_sparse_matrix.npz
geschichtsadmin.hypotheses.org/122;éducation_d, histoire_d, sociologie du travail_t, histoire_t;Datasets/all_labels_train_gensim_sparse_matrix.npz
erinnerung.hypotheses.org/28;histoire et archéologie_d, histoire_t, xxe siècle_t, prospectives_t, europe_t;Datasets/all_labels_train_gensim_sparse_matrix.npz
archivamt.hypotheses.org/394;communication_d, pluridisciplinarité_d, sciences sociales interdisciplinaires_d, information_t, sciences de l'information_t, représentations_t, patrimoine_t;Datasets/all_labels_train_gensim_sparse_matrix.npz
archivalia.hypotheses.org/6882;histoire et archéologie_d, sciences sociales interdisciplinaires_d, histoire_t, approches de corpus_t, enquêtes_t, archives_t;Datasets/all_labels_train_gensim_sparse_matrix.npz
19jhdhip.hypotheses.org/119;histoire_d, époque contemporaine_t, prospectives_t, france_t, monde germanique_t;Datasets/all_labels_train_gensim_sparse_matrix.npz
archivalia.hypotheses.org/11492;histoire et archéologie_d, sciences sociales interdisciplinaires_d, histoire_t, approches de corpus_t, enquêtes_t, archives_t;Datasets/all_labels_train_gensim_sparse_matrix.npz
archiskop.hypotheses.org/61;archéologie_d, bas moyen âge_t;Datasets/all_labels_train_gensim_sparse_matrix.npz
archivalia.hypotheses.org/12908;histoire et archéologie_d, sciences sociales interdisciplinaires_d, histoire_t, approches de corpus_t, enquêtes_t, archives_t;Datasets/all_labels_train_gensim_sparse_matrix.npz
nummer.hypotheses.org/177;histoire_d, sciences de l'information et de la communication_d, bibliothéconomie_d, histoire_t, histoire intellectuelle_t, histoire et sociologie des médias_t, histoire culturelle_t;Datasets/all_labels_train_gensim_sparse_matrix.npz
archivalia.hypotheses.org/7313;histoire et archéologie_d, sciences sociales interdisciplinaires_d, histoire_t, approches de corpus_t, enquêtes_t, archives_t;Datasets/all_labels_train_gensim_sparse_matrix.npz
archivewk1.hypotheses.org/2477;histoire_d, époque contemporaine_t, 1914-1918_t;Datasets/all_labels_train_gensim_sparse_matrix.npz
vwm.hypotheses.org/153;histoire et archéologie_d, histoire_d, études sur la famille_d, histoire_t, histoire sociale_t, époque moderne_t, xviie siècle_t, xviiie siècle_t;Datasets/all_labels_train_gensim_sparse_matrix.npz
speyermemo.hypotheses.org/1807;histoire_d, pluridisciplinarité_d, sciences sociales interdisciplinaires_d, sociologie de la culture_t, histoire_t, 1939-1945_t, europe_t;Datasets/all_labels_train_gensim_sparse_matrix.npz
archivalia.hypotheses.org/5106;histoire et archéologie_d, sciences sociales interdisciplinaires_d, histoire_t, approches de corpus_t, enquêtes_t, archives_t;Datasets/all_labels_train_gensim_sparse_matrix.npz
soziologieblog.hypotheses.org/7396;sciences sociales interdisciplinaires_d, sociologie et anthropologie_d, sociologie du travail_t, sociologie urbaine_t, sociologie de la culture_t, sociologie économique_t;Datasets/all_labels_train_gensim_sparse_matrix.npz
archivewk1.hypotheses.org/26203;histoire_d, époque contemporaine_t, 1914-1918_t;Datasets/all_labels_train_gensim_sparse_matrix.npz
mittelalter.hypotheses.org/6115;humanités pluridisciplinaires_d, religions_d, histoire_d, sociologie_d, histoire_t, histoire sociale_t, histoire intellectuelle_t, moyen âge_t, haut moyen âge_t, bas moyen âge_t;Datasets/all_labels_train_gensim_sparse_matrix.npz
dwgd.hypotheses.org/526;éducation_d, histoire_d, histoire des sciences sociales_d, histoire_t, éducation_t, sciences de l'éducation_t;Datasets/all_labels_train_gensim_sparse_matrix.npz
dfmfa.hypotheses.org/192;humanités pluridisciplinaires_d, sciences sociales interdisciplinaires_d, histoire_t, moyen âge_t, haut moyen âge_t, bas moyen âge_t;Datasets/all_labels_train_gensim_sparse_matrix.npz
archivewk1.hypotheses.org/22869;histoire_d, époque contemporaine_t, 1914-1918_t;Datasets/all_labels_train_gensim_sparse_matrix.npz
archivalia.hypotheses.org/9138;histoire et archéologie_d, sciences sociales interdisciplinaires_d, histoire_t, approches de corpus_t, enquêtes_t, archives_t;Datasets/all_labels_train_gensim_sparse_matrix.npz
archdigi.hypotheses.org/1;archéologie_d, monde germanique_t;Datasets/all_labels_train_gensim_sparse_matrix.npz
archivalia.hypotheses.org/9953;histoire et archéologie_d, sciences sociales interdisciplinaires_d, histoire_t, approches de corpus_t, enquêtes_t, archives_t;Datasets/all_labels_train_gensim_sparse_matrix.npz
archivalia.hypotheses.org/60161;histoire et archéologie_d, sciences sociales interdisciplinaires_d, histoire_t, approches de corpus_t, enquêtes_t, archives_t;Datasets/all_labels_train_gensim_sparse_matrix.npz
zakunibonn.hypotheses.org/1615;histoire_d, psychologie_d, histoire_t, psychisme_t, psychologie_t, méthodes de traitement et de représentation_t, monde germanique_t;Datasets/all_labels_train_gensim_sparse_matrix.npz
amuc.hypotheses.org/1094;humanités pluridisciplinaires_d, histoire_d, histoire_t, représentations_t, patrimoine_t;Datasets/all_labels_train_gensim_sparse_matrix.npz
archivalia.hypotheses.org/2030;histoire et archéologie_d, sciences sociales interdisciplinaires_d, histoire_t, approches de corpus_t, enquêtes_t, archives_t;Datasets/all_labels_train_gensim_sparse_matrix.npz
archivalia.hypotheses.org/7685;histoire et archéologie_d, sciences sociales interdisciplinaires_d, histoire_t, approches de corpus_t, enquêtes_t, archives_t;Datasets/all_labels_train_gensim_sparse_matrix.npz
achtundvierzig.hypotheses.org/760;sciences politiques_d, histoire_d, époque contemporaine_t, prospectives_t, histoire politique_t, monde germanique_t;Datasets/all_labels_train_gensim_sparse_matrix.npz
digigw.hypotheses.org/1411;humanités pluridisciplinaires_d, histoire_t, édition électronique_t, sciences auxiliaires de l'histoire_t, digital humanities_t;Datasets/all_labels_train_gensim_sparse_matrix.npz
archivewk1.hypotheses.org/22955;histoire_d, époque contemporaine_t, 1914-1918_t;Datasets/all_labels_train_gensim_sparse_matrix.npz
archivalia.hypotheses.org/12201;histoire et archéologie_d, sciences sociales interdisciplinaires_d, histoire_t, approches de corpus_t, enquêtes_t, archives_t;Datasets/all_labels_train_gensim_sparse_matrix.npz
archivewk1.hypotheses.org/28080;histoire_d, époque contemporaine_t, 1914-1918_t;Datasets/all_labels_train_gensim_sparse_matrix.npz
archivalia.hypotheses.org/14172;histoire et archéologie_d, sciences sociales interdisciplinaires_d, histoire_t, approches de corpus_t, enquêtes_t, archives_t;Datasets/all_labels_train_gensim_sparse_matrix.npz
histbav.hypotheses.org/2581;humanités pluridisciplinaires_d, histoire_d, pluridisciplinarité_d, histoire_t, monde germanique_t;Datasets/all_labels_train_gensim_sparse_matrix.npz
hofordnung.hypotheses.org/111;arts et humanités_d, histoire et archéologie_d, histoire sociale_t, xvie siècle_t, xviie siècle_t, xviiie siècle_t;Datasets/all_labels_train_gensim_sparse_matrix.npz
kristinoswald.hypotheses.org/326;études anciennes_d, études des sciences_t, histoire_t, histoire et sociologie des médias_t, histoire culturelle_t, digital humanities_t;Datasets/all_labels_train_gensim_sparse_matrix.npz
fortifica.hypotheses.org/1315;histoire et archéologie_d, histoire_d, histoire urbaine_t, xvie siècle_t, xviie siècle_t, xviiie siècle_t;Datasets/all_labels_train_gensim_sparse_matrix.npz
kinder.hypotheses.org/376;éducation et sciences de l'éducation_d, études sur la famille_d, âges de la vie_t, sciences de l'éducation_t;Datasets/all_labels_train_gensim_sparse_matrix.npz
amuc.hypotheses.org/986;humanités pluridisciplinaires_d, histoire_d, histoire_t, représentations_t, patrimoine_t;Datasets/all_labels_train_gensim_sparse_matrix.npz
reichwein.hypotheses.org/780;histoire et archéologie_d, histoire des sciences_t, 1945-1989_t;Datasets/all_labels_train_gensim_sparse_matrix.npz
archivalia.hypotheses.org/6592;histoire et archéologie_d, sciences sociales interdisciplinaires_d, histoire_t, approches de corpus_t, enquêtes_t, archives_t;Datasets/all_labels_train_gensim_sparse_matrix.npz
archivalia.hypotheses.org/5963;histoire et archéologie_d, sciences sociales interdisciplinaires_d, histoire_t, approches de corpus_t, enquêtes_t, archives_t;Datasets/all_labels_train_gensim_sparse_matrix.npz
soziologieblog.hypotheses.org/1174;sciences sociales interdisciplinaires_d, sociologie et anthropologie_d, sociologie du travail_t, sociologie urbaine_t, sociologie de la culture_t, sociologie économique_t;Datasets/all_labels_train_gensim_sparse_matrix.npz
dislab.hypotheses.org/2108;sciences sociales interdisciplinaires_d, langue et linguistique_d, sociologie des sciences_t, linguistique_t;Datasets/all_labels_train_gensim_sparse_matrix.npz
nomoi.hypotheses.org/751;arts et humanités_d, anthropologie politique_t, histoire du droit_t, histoire intellectuelle_t, histoire de l'art_t;Datasets/all_labels_train_gensim_sparse_matrix.npz
archivalia.hypotheses.org/56774;histoire et archéologie_d, sciences sociales interdisciplinaires_d, histoire_t, approches de corpus_t, enquêtes_t, archives_t;Datasets/all_labels_train_gensim_sparse_matrix.npz
archivalia.hypotheses.org/3619;histoire et archéologie_d, sciences sociales interdisciplinaires_d, histoire_t, approches de corpus_t, enquêtes_t, archives_t;Datasets/all_labels_train_gensim_sparse_matrix.npz
intersex.hypotheses.org/3114;histoire_d, biomédecine_d, étude des genres_t, histoire des sciences_t, histoire_t, histoire du droit_t, moyen âge_t, xxie siècle_t;Datasets/all_labels_train_gensim_sparse_matrix.npz
histbav.hypotheses.org/2930;humanités pluridisciplinaires_d, histoire_d, pluridisciplinarité_d, histoire_t, monde germanique_t;Datasets/all_labels_train_gensim_sparse_matrix.npz
barblog.hypotheses.org/1060;sciences sociales interdisciplinaires_d, sciences politiques_d, sociologie_d, anthropologie politique_t;Datasets/all_labels_train_gensim_sparse_matrix.npz
archivalia.hypotheses.org/62807;histoire et archéologie_d, sciences sociales interdisciplinaires_d, histoire_t, approches de corpus_t, enquêtes_t, archives_t;Datasets/all_labels_train_gensim_sparse_matrix.npz
archivalia.hypotheses.org/13749;histoire et archéologie_d, sciences sociales interdisciplinaires_d, histoire_t, approches de corpus_t, enquêtes_t, archives_t;Datasets/all_labels_train_gensim_sparse_matrix.npz
archivalia.hypotheses.org/7924;histoire et archéologie_d, sciences sociales interdisciplinaires_d, histoire_t, approches de corpus_t, enquêtes_t, archives_t;Datasets/all_labels_train_gensim_sparse_matrix.npz
archivalia.hypotheses.org/5720;histoire et archéologie_d, sciences sociales interdisciplinaires_d, histoire_t, approches de corpus_t, enquêtes_t, archives_t;Datasets/all_labels_train_gensim_sparse_matrix.npz
archivalia.hypotheses.org/5088;histoire et archéologie_d, sciences sociales interdisciplinaires_d, histoire_t, approches de corpus_t, enquêtes_t, archives_t;Datasets/all_labels_train_gensim_sparse_matrix.npz
grk1678.hypotheses.org/710;arts et humanités_d, humanités pluridisciplinaires_d, histoire et philosophie des sciences_d, pluridisciplinarité_d, philosophie_t, littératures_t, histoire culturelle_t, histoire de l'art_t;Datasets/all_labels_train_gensim_sparse_matrix.npz
archivewk1.hypotheses.org/15108;histoire_d, époque contemporaine_t, 1914-1918_t;Datasets/all_labels_train_gensim_sparse_matrix.npz
maxweber.hypotheses.org/987;humanités pluridisciplinaires_d, histoire et archéologie_d, histoire et philosophie des sciences_d, sociologie et anthropologie_d, histoire sociale_t, histoire intellectuelle_t, sociologie des religions_t, vie de la recherche_t;Datasets/all_labels_train_gensim_sparse_matrix.npz
texperimentales.hypotheses.org/156;linguistique appliquée_d, langue et linguistique_d, langage_t, linguistique_t, information_t, sciences de l'information_t, digital humanities_t;Datasets/all_labels_train_gensim_sparse_matrix.npz
histbav.hypotheses.org/1878;humanités pluridisciplinaires_d, histoire_d, pluridisciplinarité_d, histoire_t, monde germanique_t;Datasets/all_labels_train_gensim_sparse_matrix.npz
unibloggt.hypotheses.org/598;histoire et archéologie_d, pluridisciplinarité_d, histoire_t, information_t;Datasets/all_labels_train_gensim_sparse_matrix.npz
archivewk1.hypotheses.org/23779;histoire_d, époque contemporaine_t, 1914-1918_t;Datasets/all_labels_train_gensim_sparse_matrix.npz
soziologieblog.hypotheses.org/2211;sciences sociales interdisciplinaires_d, sociologie et anthropologie_d, sociologie du travail_t, sociologie urbaine_t, sociologie de la culture_t, sociologie économique_t;Datasets/all_labels_train_gensim_sparse_matrix.npz
games.hypotheses.org/426;arts et humanités_d, humanités pluridisciplinaires_d, psychologie expérimentale_d, sciences cognitives_t, psychisme_t, psychologie_t, représentations_t, histoire de l'art_t, études visuelles_t;Datasets/all_labels_train_gensim_sparse_matrix.npz
archivalia.hypotheses.org/7927;histoire et archéologie_d, sciences sociales interdisciplinaires_d, histoire_t, approches de corpus_t, enquêtes_t, archives_t;Datasets/all_labels_train_gensim_sparse_matrix.npz
archivewk1.hypotheses.org/19618;histoire_d, époque contemporaine_t, 1914-1918_t;Datasets/all_labels_train_gensim_sparse_matrix.npz
moraleconomy.hypotheses.org/176;histoire et archéologie_d, histoire_d, histoire économique_t, histoire sociale_t, prospectives_t, france_t;Datasets/all_labels_train_gensim_sparse_matrix.npz
digigw.hypotheses.org/82;humanités pluridisciplinaires_d, histoire_t, édition électronique_t, sciences auxiliaires de l'histoire_t, digital humanities_t;Datasets/all_labels_train_gensim_sparse_matrix.npz
digigw.hypotheses.org/1532;humanités pluridisciplinaires_d, histoire_t, édition électronique_t, sciences auxiliaires de l'histoire_t, digital humanities_t;Datasets/all_labels_train_gensim_sparse_matrix.npz
catholiccultures.hypotheses.org/1862;histoire et archéologie_d, histoire des sciences sociales_d, sciences sociales interdisciplinaires_d, sociologie et anthropologie_d, histoire_t, histoire sociale_t, histoire des religions_t, époque moderne_t;Datasets/all_labels_train_gensim_sparse_matrix.npz
archivalia.hypotheses.org/10997;histoire et archéologie_d, sciences sociales interdisciplinaires_d, histoire_t, approches de corpus_t, enquêtes_t, archives_t;Datasets/all_labels_train_gensim_sparse_matrix.npz
intersex.hypotheses.org/3375;histoire_d, biomédecine_d, étude des genres_t, histoire des sciences_t, histoire_t, histoire du droit_t, moyen âge_t, xxie siècle_t;Datasets/all_labels_train_gensim_sparse_matrix.npz
archivewk1.hypotheses.org/5956;histoire_d, époque contemporaine_t, 1914-1918_t;Datasets/all_labels_train_gensim_sparse_matrix.npz
archivalia.hypotheses.org/10606;histoire et archéologie_d, sciences sociales interdisciplinaires_d, histoire_t, approches de corpus_t, enquêtes_t, archives_t;Datasets/all_labels_train_gensim_sparse_matrix.npz
histbav.hypotheses.org/2019;humanités pluridisciplinaires_d, histoire_d, pluridisciplinarité_d, histoire_t, monde germanique_t;Datasets/all_labels_train_gensim_sparse_matrix.npz
frobeniusforster.hypotheses.org/226;histoire et archéologie_d, histoire_t, époque moderne_t, xviiie siècle_t;Datasets/all_labels_train_gensim_sparse_matrix.npz
archivalia.hypotheses.org/7205;histoire et archéologie_d, sciences sociales interdisciplinaires_d, histoire_t, approches de corpus_t, enquêtes_t, archives_t;Datasets/all_labels_train_gensim_sparse_matrix.npz
pophistory.hypotheses.org/971;humanités pluridisciplinaires_d, histoire et archéologie_d, sociologie de la culture_t, histoire sociale_t, histoire culturelle_t, époque contemporaine_t;Datasets/all_labels_train_gensim_sparse_matrix.npz
medienbildung.hypotheses.org/5710;éducation_d, éducation spécialisée_d, travail social_d, sociologie_t, édition électronique_t, histoire et sociologie des médias_t, éducation_t;Datasets/all_labels_train_gensim_sparse_matrix.npz
archivalia.hypotheses.org/10324;histoire et archéologie_d, sciences sociales interdisciplinaires_d, histoire_t, approches de corpus_t, enquêtes_t, archives_t;Datasets/all_labels_train_gensim_sparse_matrix.npz
archive20.hypotheses.org/643;pluridisciplinarité_d, sciences sociales interdisciplinaires_d, histoire_t, information_t, patrimoine_t, monde germanique_t;Datasets/all_labels_train_gensim_sparse_matrix.npz
gra.hypotheses.org/1661;arts et humanités_d, communication_d, sciences de l'information et bibliothéconomie_d, représentations_t, histoire culturelle_t, histoire de l'art_t, études visuelles_t;Datasets/all_labels_train_gensim_sparse_matrix.npz
soziologieblog.hypotheses.org/4974;sciences sociales interdisciplinaires_d, sociologie et anthropologie_d, sociologie du travail_t, sociologie urbaine_t, sociologie de la culture_t, sociologie économique_t;Datasets/all_labels_train_gensim_sparse_matrix.npz
archivalia.hypotheses.org/2249;histoire et archéologie_d, sciences sociales interdisciplinaires_d, histoire_t, approches de corpus_t, enquêtes_t, archives_t;Datasets/all_labels_train_gensim_sparse_matrix.npz
archivamt.hypotheses.org/2028;communication_d, pluridisciplinarité_d, sciences sociales interdisciplinaires_d, information_t, sciences de l'information_t, représentations_t, patrimoine_t;Datasets/all_labels_train_gensim_sparse_matrix.npz
gewalt.hypotheses.org/573;sciences politiques_d, sociologie_d, sociologie_t, sociologie urbaine_t, anthropologie politique_t, histoire urbaine_t, guerres_t, conflits_t, violence_t;Datasets/all_labels_train_gensim_sparse_matrix.npz
aktenkunde.hypotheses.org/126;histoire_d, histoire_t, sciences auxiliaires de l'histoire_t;Datasets/all_labels_train_gensim_sparse_matrix.npz
musermeku.hypotheses.org/4219;humanités pluridisciplinaires_d, pluridisciplinarité_d, sciences sociales interdisciplinaires_d, sociologie_t, sociologie de la culture_t, histoire_t, histoire politique_t;Datasets/all_labels_train_gensim_sparse_matrix.npz
archivewk1.hypotheses.org/10722;histoire_d, époque contemporaine_t, 1914-1918_t;Datasets/all_labels_train_gensim_sparse_matrix.npz
gab.hypotheses.org/3187;histoire et archéologie_d, pluridisciplinarité_d, sciences sociales interdisciplinaires_d, études des sciences_t, sociologie des sciences_t, histoire_t;Datasets/all_labels_train_gensim_sparse_matrix.npz
dss.hypotheses.org/586;arts et humanités_d, communication_d, sciences de l'information et bibliothéconomie_d, information_t, édition électronique_t, représentations_t, histoire de l'art_t, patrimoine_t, prospectives_t;Datasets/all_labels_train_gensim_sparse_matrix.npz
gewalt.hypotheses.org/570;sciences politiques_d, sociologie_d, sociologie_t, sociologie urbaine_t, anthropologie politique_t, histoire urbaine_t, guerres_t, conflits_t, violence_t;Datasets/all_labels_train_gensim_sparse_matrix.npz
bloghaus.hypotheses.org/831;pluridisciplinarité_d, sciences sociales interdisciplinaires_d, information_t, digital humanities_t;Datasets/all_labels_train_gensim_sparse_matrix.npz
trafo.hypotheses.org/3303;pluridisciplinarité_d, sciences sociales interdisciplinaires_d, études régionales_d, sociologie_t, sociologie des religions_t, information_t, histoire culturelle_t;Datasets/all_labels_train_gensim_sparse_matrix.npz
archivalia.hypotheses.org/8342;histoire et archéologie_d, sciences sociales interdisciplinaires_d, histoire_t, approches de corpus_t, enquêtes_t, archives_t;Datasets/all_labels_train_gensim_sparse_matrix.npz
archivalia.hypotheses.org/11333;histoire et archéologie_d, sciences sociales interdisciplinaires_d, histoire_t, approches de corpus_t, enquêtes_t, archives_t;Datasets/all_labels_train_gensim_sparse_matrix.npz
schotten.hypotheses.org/914;religions_d, histoire et archéologie_d, sciences de l'information et de la communication_d, bibliothéconomie_d, histoire_t, histoire des religions_t, approches de corpus_t, enquêtes_t, archives_t, monde germanique_t;Datasets/all_labels_train_gensim_sparse_matrix.npz
archivalia.hypotheses.org/13498;histoire et archéologie_d, sciences sociales interdisciplinaires_d, histoire_t, approches de corpus_t, enquêtes_t, archives_t;Datasets/all_labels_train_gensim_sparse_matrix.npz
archivalia.hypotheses.org/779;histoire et archéologie_d, sciences sociales interdisciplinaires_d, histoire_t, approches de corpus_t, enquêtes_t, archives_t;Datasets/all_labels_train_gensim_sparse_matrix.npz
liparchiv.hypotheses.org/456;histoire et archéologie_d, sciences politiques_d, administration publique et développement_d, histoire urbaine_t, patrimoine_t, sciences auxiliaires de l'histoire_t, approches de corpus_t, enquêtes_t, archives_t, europe_t;Datasets/all_labels_train_gensim_sparse_matrix.npz
dhdhi.hypotheses.org/2358;histoire et archéologie_d, histoire_t, épistémologie et méthodes_t, digital humanities_t;Datasets/all_labels_train_gensim_sparse_matrix.npz
archivalia.hypotheses.org/8637;histoire et archéologie_d, sciences sociales interdisciplinaires_d, histoire_t, approches de corpus_t, enquêtes_t, archives_t;Datasets/all_labels_train_gensim_sparse_matrix.npz
fortifica.hypotheses.org/912;histoire et archéologie_d, histoire_d, histoire urbaine_t, xvie siècle_t, xviie siècle_t, xviiie siècle_t;Datasets/all_labels_train_gensim_sparse_matrix.npz
filmeditio.hypotheses.org/192;arts_d, humanités pluridisciplinaires_d, édition électronique_t, histoire et sociologie des médias_t, patrimoine_t, études visuelles_t;Datasets/all_labels_train_gensim_sparse_matrix.npz
games.hypotheses.org/1503;arts et humanités_d, humanités pluridisciplinaires_d, psychologie expérimentale_d, sciences cognitives_t, psychisme_t, psychologie_t, représentations_t, histoire de l'art_t, études visuelles_t;Datasets/all_labels_train_gensim_sparse_matrix.npz
archivalia.hypotheses.org/535;histoire et archéologie_d, sciences sociales interdisciplinaires_d, histoire_t, approches de corpus_t, enquêtes_t, archives_t;Datasets/all_labels_train_gensim_sparse_matrix.npz
archivalia.hypotheses.org/4420;histoire et archéologie_d, sciences sociales interdisciplinaires_d, histoire_t, approches de corpus_t, enquêtes_t, archives_t;Datasets/all_labels_train_gensim_sparse_matrix.npz
wenhua.hypotheses.org/1243;études asiatiques_d, humanités pluridisciplinaires_d, histoire_d, histoire culturelle_t, asie_t;Datasets/all_labels_train_gensim_sparse_matrix.npz
speyermemo.hypotheses.org/2863;histoire_d, pluridisciplinarité_d, sciences sociales interdisciplinaires_d, sociologie de la culture_t, histoire_t, 1939-1945_t, europe_t;Datasets/all_labels_train_gensim_sparse_matrix.npz
archivalia.hypotheses.org/7742;histoire et archéologie_d, sciences sociales interdisciplinaires_d, histoire_t, approches de corpus_t, enquêtes_t, archives_t;Datasets/all_labels_train_gensim_sparse_matrix.npz
archivewk1.hypotheses.org/32103;histoire_d, époque contemporaine_t, 1914-1918_t;Datasets/all_labels_train_gensim_sparse_matrix.npz
1914lvr.hypotheses.org/579;sciences politiques_d, histoire_t, époque contemporaine_t, 1914-1918_t;Datasets/all_labels_train_gensim_sparse_matrix.npz
archivalia.hypotheses.org/53613;histoire et archéologie_d, sciences sociales interdisciplinaires_d, histoire_t, approches de corpus_t, enquêtes_t, archives_t;Datasets/all_labels_train_gensim_sparse_matrix.npz
archivalia.hypotheses.org/5920;histoire et archéologie_d, sciences sociales interdisciplinaires_d, histoire_t, approches de corpus_t, enquêtes_t, archives_t;Datasets/all_labels_train_gensim_sparse_matrix.npz
archive20.hypotheses.org/4083;pluridisciplinarité_d, sciences sociales interdisciplinaires_d, histoire_t, information_t, patrimoine_t, monde germanique_t;Datasets/all_labels_train_gensim_sparse_matrix.npz
archivewk1.hypotheses.org/6829;histoire_d, époque contemporaine_t, 1914-1918_t;Datasets/all_labels_train_gensim_sparse_matrix.npz
redaktionsblog.hypotheses.org/2207;arts et humanités_d, humanités pluridisciplinaires_d, épistémologie et méthodes_t, digital humanities_t;Datasets/all_labels_train_gensim_sparse_matrix.npz
digitalintellectuals.hypotheses.org/1412;études anciennes_d, histoire et philosophie des sciences_d, pluridisciplinarité_d, littérature_d, histoire intellectuelle_t, approches de corpus_t, enquêtes_t, archives_t, époque moderne_t, prospectives_t, monde germanique_t;Datasets/all_labels_train_gensim_sparse_matrix.npz
bioeg.hypotheses.org/1305;histoire et archéologie_d, histoire_d, histoire_t, sciences auxiliaires de l'histoire_t, europe centrale et orientale_t, monde germanique_t;Datasets/all_labels_train_gensim_sparse_matrix.npz
archivewk1.hypotheses.org/26728;histoire_d, époque contemporaine_t, 1914-1918_t;Datasets/all_labels_train_gensim_sparse_matrix.npz
soziologieblog.hypotheses.org/8207;sciences sociales interdisciplinaires_d, sociologie et anthropologie_d, sociologie du travail_t, sociologie urbaine_t, sociologie de la culture_t, sociologie économique_t;Datasets/all_labels_train_gensim_sparse_matrix.npz
metablock.hypotheses.org/1249;sciences sociales interdisciplinaires_d, linguistique appliquée_d, langue et linguistique_d, sociologie des sciences_t, langage_t, linguistique_t, édition électronique_t, histoire et sociologie des médias_t;Datasets/all_labels_train_gensim_sparse_matrix.npz
feldpost.hypotheses.org/821;histoire_d, histoire_t, guerres_t, conflits_t, violence_t, histoire culturelle_t, 1914-1918_t, monde germanique_t;Datasets/all_labels_train_gensim_sparse_matrix.npz
archivalia.hypotheses.org/668;histoire et archéologie_d, sciences sociales interdisciplinaires_d, histoire_t, approches de corpus_t, enquêtes_t, archives_t;Datasets/all_labels_train_gensim_sparse_matrix.npz
archivalia.hypotheses.org/2273;histoire et archéologie_d, sciences sociales interdisciplinaires_d, histoire_t, approches de corpus_t, enquêtes_t, archives_t;Datasets/all_labels_train_gensim_sparse_matrix.npz
fortifica.hypotheses.org/1196;histoire et archéologie_d, histoire_d, histoire urbaine_t, xvie siècle_t, xviie siècle_t, xviiie siècle_t;Datasets/all_labels_train_gensim_sparse_matrix.npz
archivalia.hypotheses.org/4647;histoire et archéologie_d, sciences sociales interdisciplinaires_d, histoire_t, approches de corpus_t, enquêtes_t, archives_t;Datasets/all_labels_train_gensim_sparse_matrix.npz
archivewk1.hypotheses.org/4248;histoire_d, époque contemporaine_t, 1914-1918_t;Datasets/all_labels_train_gensim_sparse_matrix.npz
archivalia.hypotheses.org/9013;histoire et archéologie_d, sciences sociales interdisciplinaires_d, histoire_t, approches de corpus_t, enquêtes_t, archives_t;Datasets/all_labels_train_gensim_sparse_matrix.npz
feldpost.hypotheses.org/587;histoire_d, histoire_t, guerres_t, conflits_t, violence_t, histoire culturelle_t, 1914-1918_t, monde germanique_t;Datasets/all_labels_train_gensim_sparse_matrix.npz
zakunibonn.hypotheses.org/1605;histoire_d, psychologie_d, histoire_t, psychisme_t, psychologie_t, méthodes de traitement et de représentation_t, monde germanique_t;Datasets/all_labels_train_gensim_sparse_matrix.npz
archivalia.hypotheses.org/12574;histoire et archéologie_d, sciences sociales interdisciplinaires_d, histoire_t, approches de corpus_t, enquêtes_t, archives_t;Datasets/all_labels_train_gensim_sparse_matrix.npz
archivewk1.hypotheses.org/5542;histoire_d, époque contemporaine_t, 1914-1918_t;Datasets/all_labels_train_gensim_sparse_matrix.npz
archivalia.hypotheses.org/12662;histoire et archéologie_d, sciences sociales interdisciplinaires_d, histoire_t, approches de corpus_t, enquêtes_t, archives_t;Datasets/all_labels_train_gensim_sparse_matrix.npz
19jhdhip.hypotheses.org/2004;histoire_d, époque contemporaine_t, prospectives_t, france_t, monde germanique_t;Datasets/all_labels_train_gensim_sparse_matrix.npz
amuc.hypotheses.org/87;humanités pluridisciplinaires_d, histoire_d, histoire_t, représentations_t, patrimoine_t;Datasets/all_labels_train_gensim_sparse_matrix.npz
jeunegen.hypotheses.org/1466;histoire_d, pluridisciplinarité_d, histoire_t, vie de la recherche_t, moyen âge_t, haut moyen âge_t, bas moyen âge_t;Datasets/all_labels_train_gensim_sparse_matrix.npz
gid.hypotheses.org/63;pluridisciplinarité_d, sciences sociales interdisciplinaires_d, études des sciences_t, histoire des sciences_t, pensée_t, histoire intellectuelle_t, histoire culturelle_t, prospectives_t;Datasets/all_labels_train_gensim_sparse_matrix.npz
zwopktnull.hypotheses.org/27;éducation_d, histoire_t, représentations_t;Datasets/all_labels_train_gensim_sparse_matrix.npz
reichtum.hypotheses.org/196;économie_d, économie_d, histoire_d, histoire économique_t, histoire sociale_t;Datasets/all_labels_train_gensim_sparse_matrix.npz
archivalia.hypotheses.org/58632;histoire et archéologie_d, sciences sociales interdisciplinaires_d, histoire_t, approches de corpus_t, enquêtes_t, archives_t;Datasets/all_labels_train_gensim_sparse_matrix.npz
archivewk1.hypotheses.org/5459;histoire_d, époque contemporaine_t, 1914-1918_t;Datasets/all_labels_train_gensim_sparse_matrix.npz
aktenkunde.hypotheses.org/181;histoire_d, histoire_t, sciences auxiliaires de l'histoire_t;Datasets/all_labels_train_gensim_sparse_matrix.npz
archivalia.hypotheses.org/57458;histoire et archéologie_d, sciences sociales interdisciplinaires_d, histoire_t, approches de corpus_t, enquêtes_t, archives_t;Datasets/all_labels_train_gensim_sparse_matrix.npz
dkblog.hypotheses.org/870;histoire_d, histoire_t, époque moderne_t, xviie siècle_t;Datasets/all_labels_train_gensim_sparse_matrix.npz
speyermemo.hypotheses.org/2777;histoire_d, pluridisciplinarité_d, sciences sociales interdisciplinaires_d, sociologie de la culture_t, histoire_t, 1939-1945_t, europe_t;Datasets/all_labels_train_gensim_sparse_matrix.npz
archivamt.hypotheses.org/203;communication_d, pluridisciplinarité_d, sciences sociales interdisciplinaires_d, information_t, sciences de l'information_t, représentations_t, patrimoine_t;Datasets/all_labels_train_gensim_sparse_matrix.npz
archivalia.hypotheses.org/4307;histoire et archéologie_d, sciences sociales interdisciplinaires_d, histoire_t, approches de corpus_t, enquêtes_t, archives_t;Datasets/all_labels_train_gensim_sparse_matrix.npz
archivalia.hypotheses.org/58835;histoire et archéologie_d, sciences sociales interdisciplinaires_d, histoire_t, approches de corpus_t, enquêtes_t, archives_t;Datasets/all_labels_train_gensim_sparse_matrix.npz
vwm.hypotheses.org/266;histoire et archéologie_d, histoire_d, études sur la famille_d, histoire_t, histoire sociale_t, époque moderne_t, xviie siècle_t, xviiie siècle_t;Datasets/all_labels_train_gensim_sparse_matrix.npz
trafo.hypotheses.org/3125;pluridisciplinarité_d, sciences sociales interdisciplinaires_d, études régionales_d, sociologie_t, sociologie des religions_t, information_t, histoire culturelle_t;Datasets/all_labels_train_gensim_sparse_matrix.npz
feldpost.hypotheses.org/264;histoire_d, histoire_t, guerres_t, conflits_t, violence_t, histoire culturelle_t, 1914-1918_t, monde germanique_t;Datasets/all_labels_train_gensim_sparse_matrix.npz
hsc.hypotheses.org/63;arts et humanités_d, humanités pluridisciplinaires_d, histoire et archéologie_d, histoire_t, historiographie_t;Datasets/all_labels_train_gensim_sparse_matrix.npz
artincrisis.hypotheses.org/243;arts et humanités_d, représentations_t, histoire de l'art_t, époque contemporaine_t, 1939-1945_t, monde germanique_t;Datasets/all_labels_train_gensim_sparse_matrix.npz
archives.hypotheses.org/533;histoire_d, communication_d, patrimoine_t, digital humanities_t, moyen âge_t, époque moderne_t, france_t, monde germanique_t;Datasets/all_labels_train_gensim_sparse_matrix.npz
19jhdhip.hypotheses.org/499;histoire_d, époque contemporaine_t, prospectives_t, france_t, monde germanique_t;Datasets/all_labels_train_gensim_sparse_matrix.npz
fnzinfo.hypotheses.org/902;arts et humanités_d, musique_d, histoire et archéologie_d, histoire_t, xvie siècle_t, xviie siècle_t, xviiie siècle_t, révolution française_t;Datasets/all_labels_train_gensim_sparse_matrix.npz
fortifica.hypotheses.org/72;histoire et archéologie_d, histoire_d, histoire urbaine_t, xvie siècle_t, xviie siècle_t, xviiie siècle_t;Datasets/all_labels_train_gensim_sparse_matrix.npz
intersex.hypotheses.org/255;histoire_d, biomédecine_d, étude des genres_t, histoire des sciences_t, histoire_t, histoire du droit_t, moyen âge_t, xxie siècle_t;Datasets/all_labels_train_gensim_sparse_matrix.npz
soziologieblog.hypotheses.org/1194;sciences sociales interdisciplinaires_d, sociologie et anthropologie_d, sociologie du travail_t, sociologie urbaine_t, sociologie de la culture_t, sociologie économique_t;Datasets/all_labels_train_gensim_sparse_matrix.npz
archivalia.hypotheses.org/59866;histoire et archéologie_d, sciences sociales interdisciplinaires_d, histoire_t, approches de corpus_t, enquêtes_t, archives_t;Datasets/all_labels_train_gensim_sparse_matrix.npz
archivewk1.hypotheses.org/14683;histoire_d, époque contemporaine_t, 1914-1918_t;Datasets/all_labels_train_gensim_sparse_matrix.npz
dfmfa.hypotheses.org/105;humanités pluridisciplinaires_d, sciences sociales interdisciplinaires_d, histoire_t, moyen âge_t, haut moyen âge_t, bas moyen âge_t;Datasets/all_labels_train_gensim_sparse_matrix.npz
archivewk1.hypotheses.org/16855;histoire_d, époque contemporaine_t, 1914-1918_t;Datasets/all_labels_train_gensim_sparse_matrix.npz
histbav.hypotheses.org/3160;humanités pluridisciplinaires_d, histoire_d, pluridisciplinarité_d, histoire_t, monde germanique_t;Datasets/all_labels_train_gensim_sparse_matrix.npz
archivlinz.hypotheses.org/859;histoire et archéologie_d, histoire_d, histoire urbaine_t, 1914-1918_t, monde germanique_t;Datasets/all_labels_train_gensim_sparse_matrix.npz
archivewk1.hypotheses.org/8979;histoire_d, époque contemporaine_t, 1914-1918_t;Datasets/all_labels_train_gensim_sparse_matrix.npz
archivalia.hypotheses.org/9563;histoire et archéologie_d, sciences sociales interdisciplinaires_d, histoire_t, approches de corpus_t, enquêtes_t, archives_t;Datasets/all_labels_train_gensim_sparse_matrix.npz
archives.hypotheses.org/413;histoire_d, communication_d, patrimoine_t, digital humanities_t, moyen âge_t, époque moderne_t, france_t, monde germanique_t;Datasets/all_labels_train_gensim_sparse_matrix.npz
moraleconomy.hypotheses.org/91;histoire et archéologie_d, histoire_d, histoire économique_t, histoire sociale_t, prospectives_t, france_t;Datasets/all_labels_train_gensim_sparse_matrix.npz
archivewk1.hypotheses.org/15043;histoire_d, époque contemporaine_t, 1914-1918_t;Datasets/all_labels_train_gensim_sparse_matrix.npz
archivalia.hypotheses.org/8341;histoire et archéologie_d, sciences sociales interdisciplinaires_d, histoire_t, approches de corpus_t, enquêtes_t, archives_t;Datasets/all_labels_train_gensim_sparse_matrix.npz
archivalia.hypotheses.org/6588;histoire et archéologie_d, sciences sociales interdisciplinaires_d, histoire_t, approches de corpus_t, enquêtes_t, archives_t;Datasets/all_labels_train_gensim_sparse_matrix.npz
bioeg.hypotheses.org/1298;histoire et archéologie_d, histoire_d, histoire_t, sciences auxiliaires de l'histoire_t, europe centrale et orientale_t, monde germanique_t;Datasets/all_labels_train_gensim_sparse_matrix.npz
games.hypotheses.org/1122;arts et humanités_d, humanités pluridisciplinaires_d, psychologie expérimentale_d, sciences cognitives_t, psychisme_t, psychologie_t, représentations_t, histoire de l'art_t, études visuelles_t;Datasets/all_labels_train_gensim_sparse_matrix.npz
archivalia.hypotheses.org/909;histoire et archéologie_d, sciences sociales interdisciplinaires_d, histoire_t, approches de corpus_t, enquêtes_t, archives_t;Datasets/all_labels_train_gensim_sparse_matrix.npz
dislab.hypotheses.org/1625;sciences sociales interdisciplinaires_d, langue et linguistique_d, sociologie des sciences_t, linguistique_t;Datasets/all_labels_train_gensim_sparse_matrix.npz
lacriee.hypotheses.org/65794;sciences sociales interdisciplinaires_d, édition électronique_t;Datasets/all_labels_train_gensim_sparse_matrix.npz
histbav.hypotheses.org/4467;humanités pluridisciplinaires_d, histoire_d, pluridisciplinarité_d, histoire_t, monde germanique_t;Datasets/all_labels_train_gensim_sparse_matrix.npz
archive20.hypotheses.org/1070;pluridisciplinarité_d, sciences sociales interdisciplinaires_d, histoire_t, information_t, patrimoine_t, monde germanique_t;Datasets/all_labels_train_gensim_sparse_matrix.npz
intersex.hypotheses.org/445;histoire_d, biomédecine_d, étude des genres_t, histoire des sciences_t, histoire_t, histoire du droit_t, moyen âge_t, xxie siècle_t;Datasets/all_labels_train_gensim_sparse_matrix.npz
archivalia.hypotheses.org/10418;histoire et archéologie_d, sciences sociales interdisciplinaires_d, histoire_t, approches de corpus_t, enquêtes_t, archives_t;Datasets/all_labels_train_gensim_sparse_matrix.npz
winzen.hypotheses.org/114;histoire_d, histoire_t, études visuelles_t, 1918-1939_t, 1939-1945_t, monde germanique_t;Datasets/all_labels_train_gensim_sparse_matrix.npz
archivalia.hypotheses.org/3381;histoire et archéologie_d, sciences sociales interdisciplinaires_d, histoire_t, approches de corpus_t, enquêtes_t, archives_t;Datasets/all_labels_train_gensim_sparse_matrix.npz
dguw.hypotheses.org/413;histoire et archéologie_d, histoire_t, historiographie_t, digital humanities_t;Datasets/all_labels_train_gensim_sparse_matrix.npz
feldpost.hypotheses.org/102;histoire_d, histoire_t, guerres_t, conflits_t, violence_t, histoire culturelle_t, 1914-1918_t, monde germanique_t;Datasets/all_labels_train_gensim_sparse_matrix.npz
archivalia.hypotheses.org/61648;histoire et archéologie_d, sciences sociales interdisciplinaires_d, histoire_t, approches de corpus_t, enquêtes_t, archives_t;Datasets/all_labels_train_gensim_sparse_matrix.npz
1914lvr.hypotheses.org/510;sciences politiques_d, histoire_t, époque contemporaine_t, 1914-1918_t;Datasets/all_labels_train_gensim_sparse_matrix.npz
sdvigpress.hypotheses.org/522;langue et linguistique_d, philosophie_d, humanités pluridisciplinaires_d, épistémologie et méthodes_t, digital humanities_t, europe centrale et orientale_t, édition électronique_t, linguistique_t;Datasets/all_labels_train_gensim_sparse_matrix.npz
beruf.hypotheses.org/561;histoire et archéologie_d, histoire_d, histoire_t;Datasets/all_labels_train_gensim_sparse_matrix.npz
grham.hypotheses.org/2898;arts_d, humanités pluridisciplinaires_d, histoire_d, histoire_t, histoire culturelle_t, histoire de l'art_t, xviie siècle_t, xviiie siècle_t;Datasets/all_labels_train_gensim_sparse_matrix.npz
soziologieblog.hypotheses.org/1631;sciences sociales interdisciplinaires_d, sociologie et anthropologie_d, sociologie du travail_t, sociologie urbaine_t, sociologie de la culture_t, sociologie économique_t;Datasets/all_labels_train_gensim_sparse_matrix.npz
archdigi.hypotheses.org/198;archéologie_d, monde germanique_t;Datasets/all_labels_train_gensim_sparse_matrix.npz
histbav.hypotheses.org/2205;humanités pluridisciplinaires_d, histoire_d, pluridisciplinarité_d, histoire_t, monde germanique_t;Datasets/all_labels_train_gensim_sparse_matrix.npz
francofil.hypotheses.org/4423;pluridisciplinarité_d, sciences sociales interdisciplinaires_d, histoire_t, épistémologie et méthodes_t, approches de corpus_t, enquêtes_t, archives_t, france_t;Datasets/all_labels_train_gensim_sparse_matrix.npz
schotten.hypotheses.org/1085;religions_d, histoire et archéologie_d, sciences de l'information et de la communication_d, bibliothéconomie_d, histoire_t, histoire des religions_t, approches de corpus_t, enquêtes_t, archives_t, monde germanique_t;Datasets/all_labels_train_gensim_sparse_matrix.npz
2wkvisuell.hypotheses.org/647;arts et humanités_d, histoire et archéologie_d, histoire sociale_t, guerres_t, conflits_t, violence_t, histoire et sociologie des médias_t, études visuelles_t, époque contemporaine_t;Datasets/all_labels_train_gensim_sparse_matrix.npz
archivalia.hypotheses.org/58557;histoire et archéologie_d, sciences sociales interdisciplinaires_d, histoire_t, approches de corpus_t, enquêtes_t, archives_t;Datasets/all_labels_train_gensim_sparse_matrix.npz
archivalia.hypotheses.org/2875;histoire et archéologie_d, sciences sociales interdisciplinaires_d, histoire_t, approches de corpus_t, enquêtes_t, archives_t;Datasets/all_labels_train_gensim_sparse_matrix.npz
archivalia.hypotheses.org/5933;histoire et archéologie_d, sciences sociales interdisciplinaires_d, histoire_t, approches de corpus_t, enquêtes_t, archives_t;Datasets/all_labels_train_gensim_sparse_matrix.npz
archivewk1.hypotheses.org/12604;histoire_d, époque contemporaine_t, 1914-1918_t;Datasets/all_labels_train_gensim_sparse_matrix.npz
pophistory.hypotheses.org/113;humanités pluridisciplinaires_d, histoire et archéologie_d, sociologie de la culture_t, histoire sociale_t, histoire culturelle_t, époque contemporaine_t;Datasets/all_labels_train_gensim_sparse_matrix.npz
archivewk1.hypotheses.org/13623;histoire_d, époque contemporaine_t, 1914-1918_t;Datasets/all_labels_train_gensim_sparse_matrix.npz
inklusion.hypotheses.org/519;éducation_d, travail social et politique sociale_d, sociologie du travail_t, âges de la vie_t, information_t, sciences de l'éducation_t;Datasets/all_labels_train_gensim_sparse_matrix.npz
nordichistoryblog.hypotheses.org/1158;arts et humanités_d, histoire et archéologie_d, histoire_t, édition électronique_t, vie de la recherche_t, approches de corpus_t, enquêtes_t, archives_t, europe_t, pays baltes et scandinaves_t;Datasets/all_labels_train_gensim_sparse_matrix.npz
19jhdhip.hypotheses.org/1787;histoire_d, époque contemporaine_t, prospectives_t, france_t, monde germanique_t;Datasets/all_labels_train_gensim_sparse_matrix.npz
archivalia.hypotheses.org/8199;histoire et archéologie_d, sciences sociales interdisciplinaires_d, histoire_t, approches de corpus_t, enquêtes_t, archives_t;Datasets/all_labels_train_gensim_sparse_matrix.npz
archivalia.hypotheses.org/10237;histoire et archéologie_d, sciences sociales interdisciplinaires_d, histoire_t, approches de corpus_t, enquêtes_t, archives_t;Datasets/all_labels_train_gensim_sparse_matrix.npz
frueheneuzeit.hypotheses.org/1566;histoire et archéologie_d, histoire_t, époque moderne_t, xviie siècle_t, xviiie siècle_t, révolution française_t;Datasets/all_labels_train_gensim_sparse_matrix.npz
histbav.hypotheses.org/242;humanités pluridisciplinaires_d, histoire_d, pluridisciplinarité_d, histoire_t, monde germanique_t;Datasets/all_labels_train_gensim_sparse_matrix.npz
archivalia.hypotheses.org/4328;histoire et archéologie_d, sciences sociales interdisciplinaires_d, histoire_t, approches de corpus_t, enquêtes_t, archives_t;Datasets/all_labels_train_gensim_sparse_matrix.npz
archivewk1.hypotheses.org/8957;histoire_d, époque contemporaine_t, 1914-1918_t;Datasets/all_labels_train_gensim_sparse_matrix.npz
philophiso.hypotheses.org/1196;philosophie_d, éducation_d, éducation spécialisée_d, pensée_t, philosophie_t, représentations_t, patrimoine_t;Datasets/all_labels_train_gensim_sparse_matrix.npz
archivalia.hypotheses.org/7700;histoire et archéologie_d, sciences sociales interdisciplinaires_d, histoire_t, approches de corpus_t, enquêtes_t, archives_t;Datasets/all_labels_train_gensim_sparse_matrix.npz
archivalia.hypotheses.org/55457;histoire et archéologie_d, sciences sociales interdisciplinaires_d, histoire_t, approches de corpus_t, enquêtes_t, archives_t;Datasets/all_labels_train_gensim_sparse_matrix.npz
vgdrp.hypotheses.org/256;éducation_d, histoire des sciences sociales_d, histoire_t, histoire économique_t, histoire industrielle_t, histoire urbaine_t, histoire sociale_t;Datasets/all_labels_train_gensim_sparse_matrix.npz
archivalia.hypotheses.org/7893;histoire et archéologie_d, sciences sociales interdisciplinaires_d, histoire_t, approches de corpus_t, enquêtes_t, archives_t;Datasets/all_labels_train_gensim_sparse_matrix.npz
heraldica.hypotheses.org/954;histoire_d, histoire_t, historiographie_t, sciences auxiliaires de l'histoire_t, moyen âge_t, haut moyen âge_t;Datasets/all_labels_train_gensim_sparse_matrix.npz
kriegsfoto.hypotheses.org/942;arts_d, histoire_d, communication_d, guerres_t, conflits_t, violence_t, études visuelles_t, époque contemporaine_t, europe centrale et orientale_t;Datasets/all_labels_train_gensim_sparse_matrix.npz
archivalia.hypotheses.org/60553;histoire et archéologie_d, sciences sociales interdisciplinaires_d, histoire_t, approches de corpus_t, enquêtes_t, archives_t;Datasets/all_labels_train_gensim_sparse_matrix.npz
gab.hypotheses.org/1699;histoire et archéologie_d, pluridisciplinarité_d, sciences sociales interdisciplinaires_d, études des sciences_t, sociologie des sciences_t, histoire_t;Datasets/all_labels_train_gensim_sparse_matrix.npz
archivalia.hypotheses.org/10513;histoire et archéologie_d, sciences sociales interdisciplinaires_d, histoire_t, approches de corpus_t, enquêtes_t, archives_t;Datasets/all_labels_train_gensim_sparse_matrix.npz
oberrhein.hypotheses.org/1808;religions_d, archéologie_d, histoire_d, histoire_t, moyen âge_t, france_t, monde germanique_t;Datasets/all_labels_train_gensim_sparse_matrix.npz
dighist.hypotheses.org/253;histoire_d, sciences sociales interdisciplinaires_d, études sur la famille_d, sociologie_d, histoire urbaine_t, histoire sociale_t, europe centrale et orientale_t;Datasets/all_labels_train_gensim_sparse_matrix.npz
archivewk1.hypotheses.org/30340;histoire_d, époque contemporaine_t, 1914-1918_t;Datasets/all_labels_train_gensim_sparse_matrix.npz
texperimentales.hypotheses.org/432;linguistique appliquée_d, langue et linguistique_d, langage_t, linguistique_t, information_t, sciences de l'information_t, digital humanities_t;Datasets/all_labels_train_gensim_sparse_matrix.npz
gid.hypotheses.org/1261;pluridisciplinarité_d, sciences sociales interdisciplinaires_d, études des sciences_t, histoire des sciences_t, pensée_t, histoire intellectuelle_t, histoire culturelle_t, prospectives_t;Datasets/all_labels_train_gensim_sparse_matrix.npz
archivamt.hypotheses.org/1826;communication_d, pluridisciplinarité_d, sciences sociales interdisciplinaires_d, information_t, sciences de l'information_t, représentations_t, patrimoine_t;Datasets/all_labels_train_gensim_sparse_matrix.npz
games.hypotheses.org/1919;arts et humanités_d, humanités pluridisciplinaires_d, psychologie expérimentale_d, sciences cognitives_t, psychisme_t, psychologie_t, représentations_t, histoire de l'art_t, études visuelles_t;Datasets/all_labels_train_gensim_sparse_matrix.npz
archivalia.hypotheses.org/10516;histoire et archéologie_d, sciences sociales interdisciplinaires_d, histoire_t, approches de corpus_t, enquêtes_t, archives_t;Datasets/all_labels_train_gensim_sparse_matrix.npz
gab.hypotheses.org/2496;histoire et archéologie_d, pluridisciplinarité_d, sciences sociales interdisciplinaires_d, études des sciences_t, sociologie des sciences_t, histoire_t;Datasets/all_labels_train_gensim_sparse_matrix.npz
dokunstlmu.hypotheses.org/348;arts et humanités_d, histoire intellectuelle_t;Datasets/all_labels_train_gensim_sparse_matrix.npz
francofil.hypotheses.org/4467;pluridisciplinarité_d, sciences sociales interdisciplinaires_d, histoire_t, épistémologie et méthodes_t, approches de corpus_t, enquêtes_t, archives_t, france_t;Datasets/all_labels_train_gensim_sparse_matrix.npz
frueheneuzeit.hypotheses.org/1156;histoire et archéologie_d, histoire_t, époque moderne_t, xviie siècle_t, xviiie siècle_t, révolution française_t;Datasets/all_labels_train_gensim_sparse_matrix.npz
rhad.hypotheses.org/279;histoire_d, histoire des sciences sociales_d, histoire_t, époque moderne_t, révolution française_t, xviie siècle_t, xviiie siècle_t, prospectives_t;Datasets/all_labels_train_gensim_sparse_matrix.npz
archivewk1.hypotheses.org/6773;histoire_d, époque contemporaine_t, 1914-1918_t;Datasets/all_labels_train_gensim_sparse_matrix.npz
archivamt.hypotheses.org/2769;communication_d, pluridisciplinarité_d, sciences sociales interdisciplinaires_d, information_t, sciences de l'information_t, représentations_t, patrimoine_t;Datasets/all_labels_train_gensim_sparse_matrix.npz
archivalia.hypotheses.org/13001;histoire et archéologie_d, sciences sociales interdisciplinaires_d, histoire_t, approches de corpus_t, enquêtes_t, archives_t;Datasets/all_labels_train_gensim_sparse_matrix.npz
archivalia.hypotheses.org/14156;histoire et archéologie_d, sciences sociales interdisciplinaires_d, histoire_t, approches de corpus_t, enquêtes_t, archives_t;Datasets/all_labels_train_gensim_sparse_matrix.npz
soziologieblog.hypotheses.org/4322;sciences sociales interdisciplinaires_d, sociologie et anthropologie_d, sociologie du travail_t, sociologie urbaine_t, sociologie de la culture_t, sociologie économique_t;Datasets/all_labels_train_gensim_sparse_matrix.npz
fotoarchiv.hypotheses.org/61;sciences sociales interdisciplinaires_d, histoire_t, information_t;Datasets/all_labels_train_gensim_sparse_matrix.npz
feldpost.hypotheses.org/545;histoire_d, histoire_t, guerres_t, conflits_t, violence_t, histoire culturelle_t, 1914-1918_t, monde germanique_t;Datasets/all_labels_train_gensim_sparse_matrix.npz
archivewk1.hypotheses.org/949;histoire_d, époque contemporaine_t, 1914-1918_t;Datasets/all_labels_train_gensim_sparse_matrix.npz
fnzinfo.hypotheses.org/1041;arts et humanités_d, musique_d, histoire et archéologie_d, histoire_t, xvie siècle_t, xviie siècle_t, xviiie siècle_t, révolution française_t;Datasets/all_labels_train_gensim_sparse_matrix.npz
archivalia.hypotheses.org/534;histoire et archéologie_d, sciences sociales interdisciplinaires_d, histoire_t, approches de corpus_t, enquêtes_t, archives_t;Datasets/all_labels_train_gensim_sparse_matrix.npz
nachhaltig.hypotheses.org/544;pluridisciplinarité_d, philosophie_d, sciences sociales interdisciplinaires_d, france_t, monde germanique_t;Datasets/all_labels_train_gensim_sparse_matrix.npz
gewalt.hypotheses.org/92;sciences politiques_d, sociologie_d, sociologie_t, sociologie urbaine_t, anthropologie politique_t, histoire urbaine_t, guerres_t, conflits_t, violence_t;Datasets/all_labels_train_gensim_sparse_matrix.npz
trafo.hypotheses.org/1461;pluridisciplinarité_d, sciences sociales interdisciplinaires_d, études régionales_d, sociologie_t, sociologie des religions_t, information_t, histoire culturelle_t;Datasets/all_labels_train_gensim_sparse_matrix.npz
ordensgeschichte.hypotheses.org/10407;arts et humanités_d, humanités pluridisciplinaires_d, histoire et archéologie_d, histoire et philosophie des sciences_d, histoire_t, haut moyen âge_t, bas moyen âge_t, xviie siècle_t, xviiie siècle_t;Datasets/all_labels_train_gensim_sparse_matrix.npz
grk1678.hypotheses.org/641;arts et humanités_d, humanités pluridisciplinaires_d, histoire et philosophie des sciences_d, pluridisciplinarité_d, philosophie_t, littératures_t, histoire culturelle_t, histoire de l'art_t;Datasets/all_labels_train_gensim_sparse_matrix.npz
ordensgeschichte.hypotheses.org/9368;arts et humanités_d, humanités pluridisciplinaires_d, histoire et archéologie_d, histoire et philosophie des sciences_d, histoire_t, haut moyen âge_t, bas moyen âge_t, xviie siècle_t, xviiie siècle_t;Datasets/all_labels_train_gensim_sparse_matrix.npz
archivalia.hypotheses.org/10166;histoire et archéologie_d, sciences sociales interdisciplinaires_d, histoire_t, approches de corpus_t, enquêtes_t, archives_t;Datasets/all_labels_train_gensim_sparse_matrix.npz
archivalia.hypotheses.org/8690;histoire et archéologie_d, sciences sociales interdisciplinaires_d, histoire_t, approches de corpus_t, enquêtes_t, archives_t;Datasets/all_labels_train_gensim_sparse_matrix.npz
ordensgeschichte.hypotheses.org/10602;arts et humanités_d, humanités pluridisciplinaires_d, histoire et archéologie_d, histoire et philosophie des sciences_d, histoire_t, haut moyen âge_t, bas moyen âge_t, xviie siècle_t, xviiie siècle_t;Datasets/all_labels_train_gensim_sparse_matrix.npz
archivalia.hypotheses.org/61170;histoire et archéologie_d, sciences sociales interdisciplinaires_d, histoire_t, approches de corpus_t, enquêtes_t, archives_t;Datasets/all_labels_train_gensim_sparse_matrix.npz
archivtag.hypotheses.org/420;pluridisciplinarité_d, sciences sociales interdisciplinaires_d, histoire_t, information_t, monde germanique_t;Datasets/all_labels_train_gensim_sparse_matrix.npz
lvrafz.hypotheses.org/88;pluridisciplinarité_d, information_t;Datasets/all_labels_train_gensim_sparse_matrix.npz
resilienz.hypotheses.org/1156;pluridisciplinarité_d, sciences sociales interdisciplinaires_d, études des sciences_t, épistémologie et méthodes_t, vie de la recherche_t, prospectives_t;Datasets/all_labels_train_gensim_sparse_matrix.npz
soziologieblog.hypotheses.org/6975;sciences sociales interdisciplinaires_d, sociologie et anthropologie_d, sociologie du travail_t, sociologie urbaine_t, sociologie de la culture_t, sociologie économique_t;Datasets/all_labels_train_gensim_sparse_matrix.npz
majerus.hypotheses.org/1132;histoire et archéologie_d, histoire des sciences sociales_d, histoire sociale_t, digital humanities_t, époque contemporaine_t, xxe siècle_t;Datasets/all_labels_train_gensim_sparse_matrix.npz
archivamt.hypotheses.org/3495;communication_d, pluridisciplinarité_d, sciences sociales interdisciplinaires_d, information_t, sciences de l'information_t, représentations_t, patrimoine_t;Datasets/all_labels_train_gensim_sparse_matrix.npz
archivalia.hypotheses.org/54667;histoire et archéologie_d, sciences sociales interdisciplinaires_d, histoire_t, approches de corpus_t, enquêtes_t, archives_t;Datasets/all_labels_train_gensim_sparse_matrix.npz
medienbildung.hypotheses.org/7580;éducation_d, éducation spécialisée_d, travail social_d, sociologie_t, édition électronique_t, histoire et sociologie des médias_t, éducation_t;Datasets/all_labels_train_gensim_sparse_matrix.npz
zwopktnull.hypotheses.org/159;éducation_d, histoire_t, représentations_t;Datasets/all_labels_train_gensim_sparse_matrix.npz
soziologieblog.hypotheses.org/7287;sciences sociales interdisciplinaires_d, sociologie et anthropologie_d, sociologie du travail_t, sociologie urbaine_t, sociologie de la culture_t, sociologie économique_t;Datasets/all_labels_train_gensim_sparse_matrix.npz
ordensgeschichte.hypotheses.org/7525;arts et humanités_d, humanités pluridisciplinaires_d, histoire et archéologie_d, histoire et philosophie des sciences_d, histoire_t, haut moyen âge_t, bas moyen âge_t, xviie siècle_t, xviiie siècle_t;Datasets/all_labels_train_gensim_sparse_matrix.npz
mittelalter.hypotheses.org/4123;humanités pluridisciplinaires_d, religions_d, histoire_d, sociologie_d, histoire_t, histoire sociale_t, histoire intellectuelle_t, moyen âge_t, haut moyen âge_t, bas moyen âge_t;Datasets/all_labels_train_gensim_sparse_matrix.npz
nummer.hypotheses.org/91;histoire_d, sciences de l'information et de la communication_d, bibliothéconomie_d, histoire_t, histoire intellectuelle_t, histoire et sociologie des médias_t, histoire culturelle_t;Datasets/all_labels_train_gensim_sparse_matrix.npz
intersex.hypotheses.org/3980;histoire_d, biomédecine_d, étude des genres_t, histoire des sciences_t, histoire_t, histoire du droit_t, moyen âge_t, xxie siècle_t;Datasets/all_labels_train_gensim_sparse_matrix.npz
archivalia.hypotheses.org/8827;histoire et archéologie_d, sciences sociales interdisciplinaires_d, histoire_t, approches de corpus_t, enquêtes_t, archives_t;Datasets/all_labels_train_gensim_sparse_matrix.npz
archivalia.hypotheses.org/6699;histoire et archéologie_d, sciences sociales interdisciplinaires_d, histoire_t, approches de corpus_t, enquêtes_t, archives_t;Datasets/all_labels_train_gensim_sparse_matrix.npz
archivalia.hypotheses.org/3765;histoire et archéologie_d, sciences sociales interdisciplinaires_d, histoire_t, approches de corpus_t, enquêtes_t, archives_t;Datasets/all_labels_train_gensim_sparse_matrix.npz
reichwein.hypotheses.org/1475;histoire et archéologie_d, histoire des sciences_t, 1945-1989_t;Datasets/all_labels_train_gensim_sparse_matrix.npz
archivalia.hypotheses.org/12272;histoire et archéologie_d, sciences sociales interdisciplinaires_d, histoire_t, approches de corpus_t, enquêtes_t, archives_t;Datasets/all_labels_train_gensim_sparse_matrix.npz
medienbildung.hypotheses.org/7083;éducation_d, éducation spécialisée_d, travail social_d, sociologie_t, édition électronique_t, histoire et sociologie des médias_t, éducation_t;Datasets/all_labels_train_gensim_sparse_matrix.npz
dkblog.hypotheses.org/908;histoire_d, histoire_t, époque moderne_t, xviie siècle_t;Datasets/all_labels_train_gensim_sparse_matrix.npz
archivalia.hypotheses.org/60854;histoire et archéologie_d, sciences sociales interdisciplinaires_d, histoire_t, approches de corpus_t, enquêtes_t, archives_t;Datasets/all_labels_train_gensim_sparse_matrix.npz
archivewk1.hypotheses.org/31915;histoire_d, époque contemporaine_t, 1914-1918_t;Datasets/all_labels_train_gensim_sparse_matrix.npz
adngwdng.hypotheses.org/28;histoire_d, histoire politique_t, historiographie_t, xxe siècle_t, monde germanique_t;Datasets/all_labels_train_gensim_sparse_matrix.npz
archivalia.hypotheses.org/52910;histoire et archéologie_d, sciences sociales interdisciplinaires_d, histoire_t, approches de corpus_t, enquêtes_t, archives_t;Datasets/all_labels_train_gensim_sparse_matrix.npz
francofil.hypotheses.org/4097;pluridisciplinarité_d, sciences sociales interdisciplinaires_d, histoire_t, épistémologie et méthodes_t, approches de corpus_t, enquêtes_t, archives_t, france_t;Datasets/all_labels_train_gensim_sparse_matrix.npz
bereschitrabba.hypotheses.org/253;arts et humanités_d, religions_d, langue et linguistique_d, religions_t, histoire des religions_t;Datasets/all_labels_train_gensim_sparse_matrix.npz
archivalia.hypotheses.org/14670;histoire et archéologie_d, sciences sociales interdisciplinaires_d, histoire_t, approches de corpus_t, enquêtes_t, archives_t;Datasets/all_labels_train_gensim_sparse_matrix.npz
1914lvr.hypotheses.org/864;sciences politiques_d, histoire_t, époque contemporaine_t, 1914-1918_t;Datasets/all_labels_train_gensim_sparse_matrix.npz
archivalia.hypotheses.org/10857;histoire et archéologie_d, sciences sociales interdisciplinaires_d, histoire_t, approches de corpus_t, enquêtes_t, archives_t;Datasets/all_labels_train_gensim_sparse_matrix.npz
soziologieblog.hypotheses.org/7579;sciences sociales interdisciplinaires_d, sociologie et anthropologie_d, sociologie du travail_t, sociologie urbaine_t, sociologie de la culture_t, sociologie économique_t;Datasets/all_labels_train_gensim_sparse_matrix.npz
unibloggt.hypotheses.org/970;histoire et archéologie_d, pluridisciplinarité_d, histoire_t, information_t;Datasets/all_labels_train_gensim_sparse_matrix.npz
archivalia.hypotheses.org/11196;histoire et archéologie_d, sciences sociales interdisciplinaires_d, histoire_t, approches de corpus_t, enquêtes_t, archives_t;Datasets/all_labels_train_gensim_sparse_matrix.npz
1914lvr.hypotheses.org/1065;sciences politiques_d, histoire_t, époque contemporaine_t, 1914-1918_t;Datasets/all_labels_train_gensim_sparse_matrix.npz
1914lvr.hypotheses.org/134;sciences politiques_d, histoire_t, époque contemporaine_t, 1914-1918_t;Datasets/all_labels_train_gensim_sparse_matrix.npz
histbav.hypotheses.org/3687;humanités pluridisciplinaires_d, histoire_d, pluridisciplinarité_d, histoire_t, monde germanique_t;Datasets/all_labels_train_gensim_sparse_matrix.npz
dighist.hypotheses.org/73;histoire_d, sciences sociales interdisciplinaires_d, études sur la famille_d, sociologie_d, histoire urbaine_t, histoire sociale_t, europe centrale et orientale_t;Datasets/all_labels_train_gensim_sparse_matrix.npz
sammeln.hypotheses.org/884;sciences sociales interdisciplinaires_d, histoire des sciences_t, patrimoine_t, sciences auxiliaires de l'histoire_t, approches de corpus_t, enquêtes_t, archives_t;Datasets/all_labels_train_gensim_sparse_matrix.npz
archivalia.hypotheses.org/11579;histoire et archéologie_d, sciences sociales interdisciplinaires_d, histoire_t, approches de corpus_t, enquêtes_t, archives_t;Datasets/all_labels_train_gensim_sparse_matrix.npz
speyermemo.hypotheses.org/2843;histoire_d, pluridisciplinarité_d, sciences sociales interdisciplinaires_d, sociologie de la culture_t, histoire_t, 1939-1945_t, europe_t;Datasets/all_labels_train_gensim_sparse_matrix.npz
archivalia.hypotheses.org/9502;histoire et archéologie_d, sciences sociales interdisciplinaires_d, histoire_t, approches de corpus_t, enquêtes_t, archives_t;Datasets/all_labels_train_gensim_sparse_matrix.npz
archivewk1.hypotheses.org/17160;histoire_d, époque contemporaine_t, 1914-1918_t;Datasets/all_labels_train_gensim_sparse_matrix.npz
tagebuch.hypotheses.org/1380;histoire et archéologie_d, histoire_d, histoire_t, époque contemporaine_t, 1914-1918_t;Datasets/all_labels_train_gensim_sparse_matrix.npz
archivewk1.hypotheses.org/10756;histoire_d, époque contemporaine_t, 1914-1918_t;Datasets/all_labels_train_gensim_sparse_matrix.npz
archivalia.hypotheses.org/62694;histoire et archéologie_d, sciences sociales interdisciplinaires_d, histoire_t, approches de corpus_t, enquêtes_t, archives_t;Datasets/all_labels_train_gensim_sparse_matrix.npz
archivalia.hypotheses.org/4553;histoire et archéologie_d, sciences sociales interdisciplinaires_d, histoire_t, approches de corpus_t, enquêtes_t, archives_t;Datasets/all_labels_train_gensim_sparse_matrix.npz
archivalia.hypotheses.org/1334;histoire et archéologie_d, sciences sociales interdisciplinaires_d, histoire_t, approches de corpus_t, enquêtes_t, archives_t;Datasets/all_labels_train_gensim_sparse_matrix.npz
moraleconomy.hypotheses.org/121;histoire et archéologie_d, histoire_d, histoire économique_t, histoire sociale_t, prospectives_t, france_t;Datasets/all_labels_train_gensim_sparse_matrix.npz
archivalia.hypotheses.org/13023;histoire et archéologie_d, sciences sociales interdisciplinaires_d, histoire_t, approches de corpus_t, enquêtes_t, archives_t;Datasets/all_labels_train_gensim_sparse_matrix.npz
dfmfa.hypotheses.org/2027;humanités pluridisciplinaires_d, sciences sociales interdisciplinaires_d, histoire_t, moyen âge_t, haut moyen âge_t, bas moyen âge_t;Datasets/all_labels_train_gensim_sparse_matrix.npz
archivewk1.hypotheses.org/22611;histoire_d, époque contemporaine_t, 1914-1918_t;Datasets/all_labels_train_gensim_sparse_matrix.npz
archivalia.hypotheses.org/11131;histoire et archéologie_d, sciences sociales interdisciplinaires_d, histoire_t, approches de corpus_t, enquêtes_t, archives_t;Datasets/all_labels_train_gensim_sparse_matrix.npz
archivalia.hypotheses.org/3775;histoire et archéologie_d, sciences sociales interdisciplinaires_d, histoire_t, approches de corpus_t, enquêtes_t, archives_t;Datasets/all_labels_train_gensim_sparse_matrix.npz
soziologieblog.hypotheses.org/4625;sciences sociales interdisciplinaires_d, sociologie et anthropologie_d, sociologie du travail_t, sociologie urbaine_t, sociologie de la culture_t, sociologie économique_t;Datasets/all_labels_train_gensim_sparse_matrix.npz
unibloggt.hypotheses.org/1207;histoire et archéologie_d, pluridisciplinarité_d, histoire_t, information_t;Datasets/all_labels_train_gensim_sparse_matrix.npz
fnzinfo.hypotheses.org/441;arts et humanités_d, musique_d, histoire et archéologie_d, histoire_t, xvie siècle_t, xviie siècle_t, xviiie siècle_t, révolution française_t;Datasets/all_labels_train_gensim_sparse_matrix.npz
tagebuch.hypotheses.org/1401;histoire et archéologie_d, histoire_d, histoire_t, époque contemporaine_t, 1914-1918_t;Datasets/all_labels_train_gensim_sparse_matrix.npz
archivalia.hypotheses.org/816;histoire et archéologie_d, sciences sociales interdisciplinaires_d, histoire_t, approches de corpus_t, enquêtes_t, archives_t;Datasets/all_labels_train_gensim_sparse_matrix.npz
archivewk1.hypotheses.org/22997;histoire_d, époque contemporaine_t, 1914-1918_t;Datasets/all_labels_train_gensim_sparse_matrix.npz
mindthegaps.hypotheses.org/406;études asiatiques_d, histoire_d, histoire_t, histoire culturelle_t, asie_t, chine_t;Datasets/all_labels_train_gensim_sparse_matrix.npz
soziologieblog.hypotheses.org/1662;sciences sociales interdisciplinaires_d, sociologie et anthropologie_d, sociologie du travail_t, sociologie urbaine_t, sociologie de la culture_t, sociologie économique_t;Datasets/all_labels_train_gensim_sparse_matrix.npz
kristinoswald.hypotheses.org/533;études anciennes_d, études des sciences_t, histoire_t, histoire et sociologie des médias_t, histoire culturelle_t, digital humanities_t;Datasets/all_labels_train_gensim_sparse_matrix.npz
dhdhi.hypotheses.org/2040;histoire et archéologie_d, histoire_t, épistémologie et méthodes_t, digital humanities_t;Datasets/all_labels_train_gensim_sparse_matrix.npz
archivalia.hypotheses.org/57239;histoire et archéologie_d, sciences sociales interdisciplinaires_d, histoire_t, approches de corpus_t, enquêtes_t, archives_t;Datasets/all_labels_train_gensim_sparse_matrix.npz
archivalia.hypotheses.org/2576;histoire et archéologie_d, sciences sociales interdisciplinaires_d, histoire_t, approches de corpus_t, enquêtes_t, archives_t;Datasets/all_labels_train_gensim_sparse_matrix.npz
erinnern.hypotheses.org/473;éducation et sciences de l'éducation_d, histoire_d, histoire_t, éducation_t, 1918-1939_t, 1939-1945_t, 1945-1989_t;Datasets/all_labels_train_gensim_sparse_matrix.npz
archives.hypotheses.org/836;histoire_d, communication_d, patrimoine_t, digital humanities_t, moyen âge_t, époque moderne_t, france_t, monde germanique_t;Datasets/all_labels_train_gensim_sparse_matrix.npz
unibloggt.hypotheses.org/785;histoire et archéologie_d, pluridisciplinarité_d, histoire_t, information_t;Datasets/all_labels_train_gensim_sparse_matrix.npz
archivalia.hypotheses.org/52810;histoire et archéologie_d, sciences sociales interdisciplinaires_d, histoire_t, approches de corpus_t, enquêtes_t, archives_t;Datasets/all_labels_train_gensim_sparse_matrix.npz
archivalia.hypotheses.org/8904;histoire et archéologie_d, sciences sociales interdisciplinaires_d, histoire_t, approches de corpus_t, enquêtes_t, archives_t;Datasets/all_labels_train_gensim_sparse_matrix.npz
archivalia.hypotheses.org/3439;histoire et archéologie_d, sciences sociales interdisciplinaires_d, histoire_t, approches de corpus_t, enquêtes_t, archives_t;Datasets/all_labels_train_gensim_sparse_matrix.npz
gid.hypotheses.org/121;pluridisciplinarité_d, sciences sociales interdisciplinaires_d, études des sciences_t, histoire des sciences_t, pensée_t, histoire intellectuelle_t, histoire culturelle_t, prospectives_t;Datasets/all_labels_train_gensim_sparse_matrix.npz
19jhdhip.hypotheses.org/2080;histoire_d, époque contemporaine_t, prospectives_t, france_t, monde germanique_t;Datasets/all_labels_train_gensim_sparse_matrix.npz
texperimentales.hypotheses.org/278;linguistique appliquée_d, langue et linguistique_d, langage_t, linguistique_t, information_t, sciences de l'information_t, digital humanities_t;Datasets/all_labels_train_gensim_sparse_matrix.npz
archivewk1.hypotheses.org/30660;histoire_d, époque contemporaine_t, 1914-1918_t;Datasets/all_labels_train_gensim_sparse_matrix.npz
archivalia.hypotheses.org/10069;histoire et archéologie_d, sciences sociales interdisciplinaires_d, histoire_t, approches de corpus_t, enquêtes_t, archives_t;Datasets/all_labels_train_gensim_sparse_matrix.npz
archivalia.hypotheses.org/10425;histoire et archéologie_d, sciences sociales interdisciplinaires_d, histoire_t, approches de corpus_t, enquêtes_t, archives_t;Datasets/all_labels_train_gensim_sparse_matrix.npz
kriegsfoto.hypotheses.org/690;arts_d, histoire_d, communication_d, guerres_t, conflits_t, violence_t, études visuelles_t, époque contemporaine_t, europe centrale et orientale_t;Datasets/all_labels_train_gensim_sparse_matrix.npz
archivalia.hypotheses.org/13389;histoire et archéologie_d, sciences sociales interdisciplinaires_d, histoire_t, approches de corpus_t, enquêtes_t, archives_t;Datasets/all_labels_train_gensim_sparse_matrix.npz
archivewk1.hypotheses.org/24573;histoire_d, époque contemporaine_t, 1914-1918_t;Datasets/all_labels_train_gensim_sparse_matrix.npz
archivewk1.hypotheses.org/23385;histoire_d, époque contemporaine_t, 1914-1918_t;Datasets/all_labels_train_gensim_sparse_matrix.npz
archivalia.hypotheses.org/5773;histoire et archéologie_d, sciences sociales interdisciplinaires_d, histoire_t, approches de corpus_t, enquêtes_t, archives_t;Datasets/all_labels_train_gensim_sparse_matrix.npz
archivalia.hypotheses.org/9401;histoire et archéologie_d, sciences sociales interdisciplinaires_d, histoire_t, approches de corpus_t, enquêtes_t, archives_t;Datasets/all_labels_train_gensim_sparse_matrix.npz
reichwein.hypotheses.org/1380;histoire et archéologie_d, histoire des sciences_t, 1945-1989_t;Datasets/all_labels_train_gensim_sparse_matrix.npz
aes.hypotheses.org/88;histoire_t, religions_t;Datasets/all_labels_train_gensim_sparse_matrix.npz
oberrhein.hypotheses.org/98;religions_d, archéologie_d, histoire_d, histoire_t, moyen âge_t, france_t, monde germanique_t;Datasets/all_labels_train_gensim_sparse_matrix.npz
bioeg.hypotheses.org/1079;histoire et archéologie_d, histoire_d, histoire_t, sciences auxiliaires de l'histoire_t, europe centrale et orientale_t, monde germanique_t;Datasets/all_labels_train_gensim_sparse_matrix.npz
oberrhein.hypotheses.org/425;religions_d, archéologie_d, histoire_d, histoire_t, moyen âge_t, france_t, monde germanique_t;Datasets/all_labels_train_gensim_sparse_matrix.npz
1914lvr.hypotheses.org/267;sciences politiques_d, histoire_t, époque contemporaine_t, 1914-1918_t;Datasets/all_labels_train_gensim_sparse_matrix.npz
archivalia.hypotheses.org/2303;histoire et archéologie_d, sciences sociales interdisciplinaires_d, histoire_t, approches de corpus_t, enquêtes_t, archives_t;Datasets/all_labels_train_gensim_sparse_matrix.npz
dokunstlmu.hypotheses.org/517;arts et humanités_d, histoire intellectuelle_t;Datasets/all_labels_train_gensim_sparse_matrix.npz
soziologieblog.hypotheses.org/1928;sciences sociales interdisciplinaires_d, sociologie et anthropologie_d, sociologie du travail_t, sociologie urbaine_t, sociologie de la culture_t, sociologie économique_t;Datasets/all_labels_train_gensim_sparse_matrix.npz
archivalia.hypotheses.org/4464;histoire et archéologie_d, sciences sociales interdisciplinaires_d, histoire_t, approches de corpus_t, enquêtes_t, archives_t;Datasets/all_labels_train_gensim_sparse_matrix.npz
nofoblog.hypotheses.org/184;arts et humanités_d, sciences sociales interdisciplinaires_d, sciences politiques_d, administration publique et développement_d, relations internationales_t, histoire intellectuelle_t, information_t, histoire culturelle_t, pays baltes et scandinaves_t;Datasets/all_labels_train_gensim_sparse_matrix.npz
redaktionsblog.hypotheses.org/585;arts et humanités_d, humanités pluridisciplinaires_d, épistémologie et méthodes_t, digital humanities_t;Datasets/all_labels_train_gensim_sparse_matrix.npz
archivewk1.hypotheses.org/6153;histoire_d, époque contemporaine_t, 1914-1918_t;Datasets/all_labels_train_gensim_sparse_matrix.npz
medienbildung.hypotheses.org/2250;éducation_d, éducation spécialisée_d, travail social_d, sociologie_t, édition électronique_t, histoire et sociologie des médias_t, éducation_t;Datasets/all_labels_train_gensim_sparse_matrix.npz
archivewk1.hypotheses.org/10711;histoire_d, époque contemporaine_t, 1914-1918_t;Datasets/all_labels_train_gensim_sparse_matrix.npz
archivewk1.hypotheses.org/27712;histoire_d, époque contemporaine_t, 1914-1918_t;Datasets/all_labels_train_gensim_sparse_matrix.npz
dhdhi.hypotheses.org/1722;histoire et archéologie_d, histoire_t, épistémologie et méthodes_t, digital humanities_t;Datasets/all_labels_train_gensim_sparse_matrix.npz
archivewk1.hypotheses.org/12096;histoire_d, époque contemporaine_t, 1914-1918_t;Datasets/all_labels_train_gensim_sparse_matrix.npz
zwopktnull.hypotheses.org/180;éducation_d, histoire_t, représentations_t;Datasets/all_labels_train_gensim_sparse_matrix.npz
dss.hypotheses.org/243;arts et humanités_d, communication_d, sciences de l'information et bibliothéconomie_d, information_t, édition électronique_t, représentations_t, histoire de l'art_t, patrimoine_t, prospectives_t;Datasets/all_labels_train_gensim_sparse_matrix.npz
archivalia.hypotheses.org/12511;histoire et archéologie_d, sciences sociales interdisciplinaires_d, histoire_t, approches de corpus_t, enquêtes_t, archives_t;Datasets/all_labels_train_gensim_sparse_matrix.npz
ordensgeschichte.hypotheses.org/4607;arts et humanités_d, humanités pluridisciplinaires_d, histoire et archéologie_d, histoire et philosophie des sciences_d, histoire_t, haut moyen âge_t, bas moyen âge_t, xviie siècle_t, xviiie siècle_t;Datasets/all_labels_train_gensim_sparse_matrix.npz
mittelalter.hypotheses.org/9017;humanités pluridisciplinaires_d, religions_d, histoire_d, sociologie_d, histoire_t, histoire sociale_t, histoire intellectuelle_t, moyen âge_t, haut moyen âge_t, bas moyen âge_t;Datasets/all_labels_train_gensim_sparse_matrix.npz
archivewk1.hypotheses.org/6005;histoire_d, époque contemporaine_t, 1914-1918_t;Datasets/all_labels_train_gensim_sparse_matrix.npz
archivalia.hypotheses.org/10569;histoire et archéologie_d, sciences sociales interdisciplinaires_d, histoire_t, approches de corpus_t, enquêtes_t, archives_t;Datasets/all_labels_train_gensim_sparse_matrix.npz
archivalia.hypotheses.org/53312;histoire et archéologie_d, sciences sociales interdisciplinaires_d, histoire_t, approches de corpus_t, enquêtes_t, archives_t;Datasets/all_labels_train_gensim_sparse_matrix.npz
archivalia.hypotheses.org/13120;histoire et archéologie_d, sciences sociales interdisciplinaires_d, histoire_t, approches de corpus_t, enquêtes_t, archives_t;Datasets/all_labels_train_gensim_sparse_matrix.npz
archivalia.hypotheses.org/58963;histoire et archéologie_d, sciences sociales interdisciplinaires_d, histoire_t, approches de corpus_t, enquêtes_t, archives_t;Datasets/all_labels_train_gensim_sparse_matrix.npz
mittelalter.hypotheses.org/4796;humanités pluridisciplinaires_d, religions_d, histoire_d, sociologie_d, histoire_t, histoire sociale_t, histoire intellectuelle_t, moyen âge_t, haut moyen âge_t, bas moyen âge_t;Datasets/all_labels_train_gensim_sparse_matrix.npz
bioeg.hypotheses.org/1267;histoire et archéologie_d, histoire_d, histoire_t, sciences auxiliaires de l'histoire_t, europe centrale et orientale_t, monde germanique_t;Datasets/all_labels_train_gensim_sparse_matrix.npz
archivalia.hypotheses.org/8666;histoire et archéologie_d, sciences sociales interdisciplinaires_d, histoire_t, approches de corpus_t, enquêtes_t, archives_t;Datasets/all_labels_train_gensim_sparse_matrix.npz
soziologieblog.hypotheses.org/4329;sciences sociales interdisciplinaires_d, sociologie et anthropologie_d, sociologie du travail_t, sociologie urbaine_t, sociologie de la culture_t, sociologie économique_t;Datasets/all_labels_train_gensim_sparse_matrix.npz
liparchiv.hypotheses.org/808;histoire et archéologie_d, sciences politiques_d, administration publique et développement_d, histoire urbaine_t, patrimoine_t, sciences auxiliaires de l'histoire_t, approches de corpus_t, enquêtes_t, archives_t, europe_t;Datasets/all_labels_train_gensim_sparse_matrix.npz
archivalia.hypotheses.org/10621;histoire et archéologie_d, sciences sociales interdisciplinaires_d, histoire_t, approches de corpus_t, enquêtes_t, archives_t;Datasets/all_labels_train_gensim_sparse_matrix.npz
archivalia.hypotheses.org/5808;histoire et archéologie_d, sciences sociales interdisciplinaires_d, histoire_t, approches de corpus_t, enquêtes_t, archives_t;Datasets/all_labels_train_gensim_sparse_matrix.npz
historischdenken.hypotheses.org/1510;histoire et archéologie_d, histoire_t;Datasets/all_labels_train_gensim_sparse_matrix.npz
speyermemo.hypotheses.org/2581;histoire_d, pluridisciplinarité_d, sciences sociales interdisciplinaires_d, sociologie de la culture_t, histoire_t, 1939-1945_t, europe_t;Datasets/all_labels_train_gensim_sparse_matrix.npz
archivalia.hypotheses.org/12366;histoire et archéologie_d, sciences sociales interdisciplinaires_d, histoire_t, approches de corpus_t, enquêtes_t, archives_t;Datasets/all_labels_train_gensim_sparse_matrix.npz
musermeku.hypotheses.org/755;humanités pluridisciplinaires_d, pluridisciplinarité_d, sciences sociales interdisciplinaires_d, sociologie_t, sociologie de la culture_t, histoire_t, histoire politique_t;Datasets/all_labels_train_gensim_sparse_matrix.npz
archivalia.hypotheses.org/6625;histoire et archéologie_d, sciences sociales interdisciplinaires_d, histoire_t, approches de corpus_t, enquêtes_t, archives_t;Datasets/all_labels_train_gensim_sparse_matrix.npz
dokunstlmu.hypotheses.org/1598;arts et humanités_d, histoire intellectuelle_t;Datasets/all_labels_train_gensim_sparse_matrix.npz
sdvigpress.hypotheses.org/316;langue et linguistique_d, philosophie_d, humanités pluridisciplinaires_d, épistémologie et méthodes_t, digital humanities_t, europe centrale et orientale_t, édition électronique_t, linguistique_t;Datasets/all_labels_train_gensim_sparse_matrix.npz
archivalia.hypotheses.org/9147;histoire et archéologie_d, sciences sociales interdisciplinaires_d, histoire_t, approches de corpus_t, enquêtes_t, archives_t;Datasets/all_labels_train_gensim_sparse_matrix.npz
wwc.hypotheses.org/1846;humanités pluridisciplinaires_d, pluridisciplinarité_d, études régionales_d, relations internationales_t, information_t, représentations_t;Datasets/all_labels_train_gensim_sparse_matrix.npz
archive20.hypotheses.org/1551;pluridisciplinarité_d, sciences sociales interdisciplinaires_d, histoire_t, information_t, patrimoine_t, monde germanique_t;Datasets/all_labels_train_gensim_sparse_matrix.npz
archivalia.hypotheses.org/60030;histoire et archéologie_d, sciences sociales interdisciplinaires_d, histoire_t, approches de corpus_t, enquêtes_t, archives_t;Datasets/all_labels_train_gensim_sparse_matrix.npz
archivewk1.hypotheses.org/15117;histoire_d, époque contemporaine_t, 1914-1918_t;Datasets/all_labels_train_gensim_sparse_matrix.npz
digigw.hypotheses.org/164;humanités pluridisciplinaires_d, histoire_t, édition électronique_t, sciences auxiliaires de l'histoire_t, digital humanities_t;Datasets/all_labels_train_gensim_sparse_matrix.npz
archivalia.hypotheses.org/10229;histoire et archéologie_d, sciences sociales interdisciplinaires_d, histoire_t, approches de corpus_t, enquêtes_t, archives_t;Datasets/all_labels_train_gensim_sparse_matrix.npz
archivalia.hypotheses.org/4253;histoire et archéologie_d, sciences sociales interdisciplinaires_d, histoire_t, approches de corpus_t, enquêtes_t, archives_t;Datasets/all_labels_train_gensim_sparse_matrix.npz
edit.hypotheses.org/79;sciences de l'information et bibliothéconomie_d, édition électronique_t, vie de la recherche_t, méthodes de traitement et de représentation_t, digital humanities_t;Datasets/all_labels_train_gensim_sparse_matrix.npz
archivamt.hypotheses.org/2387;communication_d, pluridisciplinarité_d, sciences sociales interdisciplinaires_d, information_t, sciences de l'information_t, représentations_t, patrimoine_t;Datasets/all_labels_train_gensim_sparse_matrix.npz
archdigi.hypotheses.org/252;archéologie_d, monde germanique_t;Datasets/all_labels_train_gensim_sparse_matrix.npz
archivalia.hypotheses.org/5295;histoire et archéologie_d, sciences sociales interdisciplinaires_d, histoire_t, approches de corpus_t, enquêtes_t, archives_t;Datasets/all_labels_train_gensim_sparse_matrix.npz
mittelalter.hypotheses.org/2573;humanités pluridisciplinaires_d, religions_d, histoire_d, sociologie_d, histoire_t, histoire sociale_t, histoire intellectuelle_t, moyen âge_t, haut moyen âge_t, bas moyen âge_t;Datasets/all_labels_train_gensim_sparse_matrix.npz
oberrhein.hypotheses.org/1314;religions_d, archéologie_d, histoire_d, histoire_t, moyen âge_t, france_t, monde germanique_t;Datasets/all_labels_train_gensim_sparse_matrix.npz
mittelalter.hypotheses.org/3893;humanités pluridisciplinaires_d, religions_d, histoire_d, sociologie_d, histoire_t, histoire sociale_t, histoire intellectuelle_t, moyen âge_t, haut moyen âge_t, bas moyen âge_t;Datasets/all_labels_train_gensim_sparse_matrix.npz
trivium.hypotheses.org/477;arts et humanités_d, humanités pluridisciplinaires_d, pluridisciplinarité_d, sciences sociales interdisciplinaires_d, représentations_t, histoire culturelle_t, épistémologie et méthodes_t, vie de la recherche_t;Datasets/all_labels_train_gensim_sparse_matrix.npz
fnzinfo.hypotheses.org/422;arts et humanités_d, musique_d, histoire et archéologie_d, histoire_t, xvie siècle_t, xviie siècle_t, xviiie siècle_t, révolution française_t;Datasets/all_labels_train_gensim_sparse_matrix.npz
archivalia.hypotheses.org/6139;histoire et archéologie_d, sciences sociales interdisciplinaires_d, histoire_t, approches de corpus_t, enquêtes_t, archives_t;Datasets/all_labels_train_gensim_sparse_matrix.npz
archivalia.hypotheses.org/10778;histoire et archéologie_d, sciences sociales interdisciplinaires_d, histoire_t, approches de corpus_t, enquêtes_t, archives_t;Datasets/all_labels_train_gensim_sparse_matrix.npz
archivalia.hypotheses.org/12616;histoire et archéologie_d, sciences sociales interdisciplinaires_d, histoire_t, approches de corpus_t, enquêtes_t, archives_t;Datasets/all_labels_train_gensim_sparse_matrix.npz
archivewk1.hypotheses.org/1689;histoire_d, époque contemporaine_t, 1914-1918_t;Datasets/all_labels_train_gensim_sparse_matrix.npz
archivalia.hypotheses.org/10138;histoire et archéologie_d, sciences sociales interdisciplinaires_d, histoire_t, approches de corpus_t, enquêtes_t, archives_t;Datasets/all_labels_train_gensim_sparse_matrix.npz
edit.hypotheses.org/216;sciences de l'information et bibliothéconomie_d, édition électronique_t, vie de la recherche_t, méthodes de traitement et de représentation_t, digital humanities_t;Datasets/all_labels_train_gensim_sparse_matrix.npz
archivalia.hypotheses.org/5682;histoire et archéologie_d, sciences sociales interdisciplinaires_d, histoire_t, approches de corpus_t, enquêtes_t, archives_t;Datasets/all_labels_train_gensim_sparse_matrix.npz
trafo.hypotheses.org/3584;pluridisciplinarité_d, sciences sociales interdisciplinaires_d, études régionales_d, sociologie_t, sociologie des religions_t, information_t, histoire culturelle_t;Datasets/all_labels_train_gensim_sparse_matrix.npz
naps.hypotheses.org/243;histoire_d, histoire_t, épistémologie et méthodes_t, approches de corpus_t, enquêtes_t, archives_t, prospectives_t, france_t, monde germanique_t;Datasets/all_labels_train_gensim_sparse_matrix.npz
dhdhi.hypotheses.org/2343;histoire et archéologie_d, histoire_t, épistémologie et méthodes_t, digital humanities_t;Datasets/all_labels_train_gensim_sparse_matrix.npz
archivalia.hypotheses.org/62740;histoire et archéologie_d, sciences sociales interdisciplinaires_d, histoire_t, approches de corpus_t, enquêtes_t, archives_t;Datasets/all_labels_train_gensim_sparse_matrix.npz
archivalia.hypotheses.org/3751;histoire et archéologie_d, sciences sociales interdisciplinaires_d, histoire_t, approches de corpus_t, enquêtes_t, archives_t;Datasets/all_labels_train_gensim_sparse_matrix.npz
jeunegen.hypotheses.org/170;histoire_d, pluridisciplinarité_d, histoire_t, vie de la recherche_t, moyen âge_t, haut moyen âge_t, bas moyen âge_t;Datasets/all_labels_train_gensim_sparse_matrix.npz
1914lvr.hypotheses.org/488;sciences politiques_d, histoire_t, époque contemporaine_t, 1914-1918_t;Datasets/all_labels_train_gensim_sparse_matrix.npz
archive20.hypotheses.org/905;pluridisciplinarité_d, sciences sociales interdisciplinaires_d, histoire_t, information_t, patrimoine_t, monde germanique_t;Datasets/all_labels_train_gensim_sparse_matrix.npz
archivalia.hypotheses.org/746;histoire et archéologie_d, sciences sociales interdisciplinaires_d, histoire_t, approches de corpus_t, enquêtes_t, archives_t;Datasets/all_labels_train_gensim_sparse_matrix.npz
redaktionsblog.hypotheses.org/665;arts et humanités_d, humanités pluridisciplinaires_d, épistémologie et méthodes_t, digital humanities_t;Datasets/all_labels_train_gensim_sparse_matrix.npz
archivewk1.hypotheses.org/510;histoire_d, époque contemporaine_t, 1914-1918_t;Datasets/all_labels_train_gensim_sparse_matrix.npz
archivewk1.hypotheses.org/12120;histoire_d, époque contemporaine_t, 1914-1918_t;Datasets/all_labels_train_gensim_sparse_matrix.npz
histbav.hypotheses.org/1279;humanités pluridisciplinaires_d, histoire_d, pluridisciplinarité_d, histoire_t, monde germanique_t;Datasets/all_labels_train_gensim_sparse_matrix.npz
philophiso.hypotheses.org/1099;philosophie_d, éducation_d, éducation spécialisée_d, pensée_t, philosophie_t, représentations_t, patrimoine_t;Datasets/all_labels_train_gensim_sparse_matrix.npz
wenhua.hypotheses.org/399;études asiatiques_d, humanités pluridisciplinaires_d, histoire_d, histoire culturelle_t, asie_t;Datasets/all_labels_train_gensim_sparse_matrix.npz
kinder.hypotheses.org/694;éducation et sciences de l'éducation_d, études sur la famille_d, âges de la vie_t, sciences de l'éducation_t;Datasets/all_labels_train_gensim_sparse_matrix.npz
fnzinfo.hypotheses.org/141;arts et humanités_d, musique_d, histoire et archéologie_d, histoire_t, xvie siècle_t, xviie siècle_t, xviiie siècle_t, révolution française_t;Datasets/all_labels_train_gensim_sparse_matrix.npz
resilienz.hypotheses.org/518;pluridisciplinarité_d, sciences sociales interdisciplinaires_d, études des sciences_t, épistémologie et méthodes_t, vie de la recherche_t, prospectives_t;Datasets/all_labels_train_gensim_sparse_matrix.npz
mittelalter.hypotheses.org/3473;humanités pluridisciplinaires_d, religions_d, histoire_d, sociologie_d, histoire_t, histoire sociale_t, histoire intellectuelle_t, moyen âge_t, haut moyen âge_t, bas moyen âge_t;Datasets/all_labels_train_gensim_sparse_matrix.npz
ordensgeschichte.hypotheses.org/5609;arts et humanités_d, humanités pluridisciplinaires_d, histoire et archéologie_d, histoire et philosophie des sciences_d, histoire_t, haut moyen âge_t, bas moyen âge_t, xviie siècle_t, xviiie siècle_t;Datasets/all_labels_train_gensim_sparse_matrix.npz
achtundvierzig.hypotheses.org/536;sciences politiques_d, histoire_d, époque contemporaine_t, prospectives_t, histoire politique_t, monde germanique_t;Datasets/all_labels_train_gensim_sparse_matrix.npz
studpro.hypotheses.org/519;histoire_d, histoire_t, époque moderne_t, xviie siècle_t, xviiie siècle_t;Datasets/all_labels_train_gensim_sparse_matrix.npz
archivewk1.hypotheses.org/4463;histoire_d, époque contemporaine_t, 1914-1918_t;Datasets/all_labels_train_gensim_sparse_matrix.npz
archivalia.hypotheses.org/12374;histoire et archéologie_d, sciences sociales interdisciplinaires_d, histoire_t, approches de corpus_t, enquêtes_t, archives_t;Datasets/all_labels_train_gensim_sparse_matrix.npz
tagebuch.hypotheses.org/1072;histoire et archéologie_d, histoire_d, histoire_t, époque contemporaine_t, 1914-1918_t;Datasets/all_labels_train_gensim_sparse_matrix.npz
archivalia.hypotheses.org/55374;histoire et archéologie_d, sciences sociales interdisciplinaires_d, histoire_t, approches de corpus_t, enquêtes_t, archives_t;Datasets/all_labels_train_gensim_sparse_matrix.npz
medienbildung.hypotheses.org/1491;éducation_d, éducation spécialisée_d, travail social_d, sociologie_t, édition électronique_t, histoire et sociologie des médias_t, éducation_t;Datasets/all_labels_train_gensim_sparse_matrix.npz
heraldica.hypotheses.org/2540;histoire_d, histoire_t, historiographie_t, sciences auxiliaires de l'histoire_t, moyen âge_t, haut moyen âge_t;Datasets/all_labels_train_gensim_sparse_matrix.npz
digigw.hypotheses.org/840;humanités pluridisciplinaires_d, histoire_t, édition électronique_t, sciences auxiliaires de l'histoire_t, digital humanities_t;Datasets/all_labels_train_gensim_sparse_matrix.npz
soziologieblog.hypotheses.org/9168;sciences sociales interdisciplinaires_d, sociologie et anthropologie_d, sociologie du travail_t, sociologie urbaine_t, sociologie de la culture_t, sociologie économique_t;Datasets/all_labels_train_gensim_sparse_matrix.npz
archive20.hypotheses.org/922;pluridisciplinarité_d, sciences sociales interdisciplinaires_d, histoire_t, information_t, patrimoine_t, monde germanique_t;Datasets/all_labels_train_gensim_sparse_matrix.npz
ordensgeschichte.hypotheses.org/6835;arts et humanités_d, humanités pluridisciplinaires_d, histoire et archéologie_d, histoire et philosophie des sciences_d, histoire_t, haut moyen âge_t, bas moyen âge_t, xviie siècle_t, xviiie siècle_t;Datasets/all_labels_train_gensim_sparse_matrix.npz
inklusion.hypotheses.org/1938;éducation_d, travail social et politique sociale_d, sociologie du travail_t, âges de la vie_t, information_t, sciences de l'éducation_t;Datasets/all_labels_train_gensim_sparse_matrix.npz
ludite.hypotheses.org/468;arts et humanités_d, histoire et archéologie_d, histoire sociale_t, histoire culturelle_t, haut moyen âge_t, bas moyen âge_t;Datasets/all_labels_train_gensim_sparse_matrix.npz
archivewk1.hypotheses.org/15075;histoire_d, époque contemporaine_t, 1914-1918_t;Datasets/all_labels_train_gensim_sparse_matrix.npz
archivalia.hypotheses.org/13064;histoire et archéologie_d, sciences sociales interdisciplinaires_d, histoire_t, approches de corpus_t, enquêtes_t, archives_t;Datasets/all_labels_train_gensim_sparse_matrix.npz
grandeguerre.hypotheses.org/1490;histoire et archéologie_d, histoire_t, 1914-1918_t, prospectives_t, france_t, monde germanique_t;Datasets/all_labels_train_gensim_sparse_matrix.npz
kristinoswald.hypotheses.org/1055;études anciennes_d, études des sciences_t, histoire_t, histoire et sociologie des médias_t, histoire culturelle_t, digital humanities_t;Datasets/all_labels_train_gensim_sparse_matrix.npz
archivalia.hypotheses.org/4112;histoire et archéologie_d, sciences sociales interdisciplinaires_d, histoire_t, approches de corpus_t, enquêtes_t, archives_t;Datasets/all_labels_train_gensim_sparse_matrix.npz
philophiso.hypotheses.org/165;philosophie_d, éducation_d, éducation spécialisée_d, pensée_t, philosophie_t, représentations_t, patrimoine_t;Datasets/all_labels_train_gensim_sparse_matrix.npz
archivalia.hypotheses.org/14202;histoire et archéologie_d, sciences sociales interdisciplinaires_d, histoire_t, approches de corpus_t, enquêtes_t, archives_t;Datasets/all_labels_train_gensim_sparse_matrix.npz
archivewk1.hypotheses.org/16771;histoire_d, époque contemporaine_t, 1914-1918_t;Datasets/all_labels_train_gensim_sparse_matrix.npz
archivewk1.hypotheses.org/6954;histoire_d, époque contemporaine_t, 1914-1918_t;Datasets/all_labels_train_gensim_sparse_matrix.npz
archivewk1.hypotheses.org/3428;histoire_d, époque contemporaine_t, 1914-1918_t;Datasets/all_labels_train_gensim_sparse_matrix.npz
grammata.hypotheses.org/660;études anciennes_d, religions_d, littérature_d, religions_t, littératures_t;Datasets/all_labels_train_gensim_sparse_matrix.npz
archivalia.hypotheses.org/6972;histoire et archéologie_d, sciences sociales interdisciplinaires_d, histoire_t, approches de corpus_t, enquêtes_t, archives_t;Datasets/all_labels_train_gensim_sparse_matrix.npz
archives.hypotheses.org/575;histoire_d, communication_d, patrimoine_t, digital humanities_t, moyen âge_t, époque moderne_t, france_t, monde germanique_t;Datasets/all_labels_train_gensim_sparse_matrix.npz
games.hypotheses.org/992;arts et humanités_d, humanités pluridisciplinaires_d, psychologie expérimentale_d, sciences cognitives_t, psychisme_t, psychologie_t, représentations_t, histoire de l'art_t, études visuelles_t;Datasets/all_labels_train_gensim_sparse_matrix.npz
achtundvierzig.hypotheses.org/717;sciences politiques_d, histoire_d, époque contemporaine_t, prospectives_t, histoire politique_t, monde germanique_t;Datasets/all_labels_train_gensim_sparse_matrix.npz
archivalia.hypotheses.org/900;histoire et archéologie_d, sciences sociales interdisciplinaires_d, histoire_t, approches de corpus_t, enquêtes_t, archives_t;Datasets/all_labels_train_gensim_sparse_matrix.npz
musicaroma.hypotheses.org/630;musique_d, histoire_d, histoire_t, histoire culturelle_t, monde germanique_t;Datasets/all_labels_train_gensim_sparse_matrix.npz
dkblog.hypotheses.org/660;histoire_d, histoire_t, époque moderne_t, xviie siècle_t;Datasets/all_labels_train_gensim_sparse_matrix.npz
dokunstlmu.hypotheses.org/916;arts et humanités_d, histoire intellectuelle_t;Datasets/all_labels_train_gensim_sparse_matrix.npz
archivalia.hypotheses.org/5912;histoire et archéologie_d, sciences sociales interdisciplinaires_d, histoire_t, approches de corpus_t, enquêtes_t, archives_t;Datasets/all_labels_train_gensim_sparse_matrix.npz
archivalia.hypotheses.org/5100;histoire et archéologie_d, sciences sociales interdisciplinaires_d, histoire_t, approches de corpus_t, enquêtes_t, archives_t;Datasets/all_labels_train_gensim_sparse_matrix.npz
lvrafz.hypotheses.org/1836;pluridisciplinarité_d, information_t;Datasets/all_labels_train_gensim_sparse_matrix.npz
archivalia.hypotheses.org/13365;histoire et archéologie_d, sciences sociales interdisciplinaires_d, histoire_t, approches de corpus_t, enquêtes_t, archives_t;Datasets/all_labels_train_gensim_sparse_matrix.npz
histbav.hypotheses.org/2575;humanités pluridisciplinaires_d, histoire_d, pluridisciplinarité_d, histoire_t, monde germanique_t;Datasets/all_labels_train_gensim_sparse_matrix.npz
histbav.hypotheses.org/2585;humanités pluridisciplinaires_d, histoire_d, pluridisciplinarité_d, histoire_t, monde germanique_t;Datasets/all_labels_train_gensim_sparse_matrix.npz
archivalia.hypotheses.org/12644;histoire et archéologie_d, sciences sociales interdisciplinaires_d, histoire_t, approches de corpus_t, enquêtes_t, archives_t;Datasets/all_labels_train_gensim_sparse_matrix.npz
ordensgeschichte.hypotheses.org/8154;arts et humanités_d, humanités pluridisciplinaires_d, histoire et archéologie_d, histoire et philosophie des sciences_d, histoire_t, haut moyen âge_t, bas moyen âge_t, xviie siècle_t, xviiie siècle_t;Datasets/all_labels_train_gensim_sparse_matrix.npz
archivalia.hypotheses.org/6978;histoire et archéologie_d, sciences sociales interdisciplinaires_d, histoire_t, approches de corpus_t, enquêtes_t, archives_t;Datasets/all_labels_train_gensim_sparse_matrix.npz
archivalia.hypotheses.org/58043;histoire et archéologie_d, sciences sociales interdisciplinaires_d, histoire_t, approches de corpus_t, enquêtes_t, archives_t;Datasets/all_labels_train_gensim_sparse_matrix.npz
dhdhi.hypotheses.org/2579;histoire et archéologie_d, histoire_t, épistémologie et méthodes_t, digital humanities_t;Datasets/all_labels_train_gensim_sparse_matrix.npz
bloghaus.hypotheses.org/263;pluridisciplinarité_d, sciences sociales interdisciplinaires_d, information_t, digital humanities_t;Datasets/all_labels_train_gensim_sparse_matrix.npz
soziologieblog.hypotheses.org/3773;sciences sociales interdisciplinaires_d, sociologie et anthropologie_d, sociologie du travail_t, sociologie urbaine_t, sociologie de la culture_t, sociologie économique_t;Datasets/all_labels_train_gensim_sparse_matrix.npz
dokunstlmu.hypotheses.org/26;arts et humanités_d, histoire intellectuelle_t;Datasets/all_labels_train_gensim_sparse_matrix.npz
archivalia.hypotheses.org/4181;histoire et archéologie_d, sciences sociales interdisciplinaires_d, histoire_t, approches de corpus_t, enquêtes_t, archives_t;Datasets/all_labels_train_gensim_sparse_matrix.npz
games.hypotheses.org/264;arts et humanités_d, humanités pluridisciplinaires_d, psychologie expérimentale_d, sciences cognitives_t, psychisme_t, psychologie_t, représentations_t, histoire de l'art_t, études visuelles_t;Datasets/all_labels_train_gensim_sparse_matrix.npz
archivlinz.hypotheses.org/390;histoire et archéologie_d, histoire_d, histoire urbaine_t, 1914-1918_t, monde germanique_t;Datasets/all_labels_train_gensim_sparse_matrix.npz
archivalia.hypotheses.org/3786;histoire et archéologie_d, sciences sociales interdisciplinaires_d, histoire_t, approches de corpus_t, enquêtes_t, archives_t;Datasets/all_labels_train_gensim_sparse_matrix.npz
kristinoswald.hypotheses.org/1412;études anciennes_d, études des sciences_t, histoire_t, histoire et sociologie des médias_t, histoire culturelle_t, digital humanities_t;Datasets/all_labels_train_gensim_sparse_matrix.npz
archivalia.hypotheses.org/9745;histoire et archéologie_d, sciences sociales interdisciplinaires_d, histoire_t, approches de corpus_t, enquêtes_t, archives_t;Datasets/all_labels_train_gensim_sparse_matrix.npz
archivewk1.hypotheses.org/28326;histoire_d, époque contemporaine_t, 1914-1918_t;Datasets/all_labels_train_gensim_sparse_matrix.npz
archivewk1.hypotheses.org/29511;histoire_d, époque contemporaine_t, 1914-1918_t;Datasets/all_labels_train_gensim_sparse_matrix.npz
archivalia.hypotheses.org/10523;histoire et archéologie_d, sciences sociales interdisciplinaires_d, histoire_t, approches de corpus_t, enquêtes_t, archives_t;Datasets/all_labels_train_gensim_sparse_matrix.npz
gab.hypotheses.org/909;histoire et archéologie_d, pluridisciplinarité_d, sciences sociales interdisciplinaires_d, études des sciences_t, sociologie des sciences_t, histoire_t;Datasets/all_labels_train_gensim_sparse_matrix.npz
amuc.hypotheses.org/2169;humanités pluridisciplinaires_d, histoire_d, histoire_t, représentations_t, patrimoine_t;Datasets/all_labels_train_gensim_sparse_matrix.npz
dkblog.hypotheses.org/368;histoire_d, histoire_t, époque moderne_t, xviie siècle_t;Datasets/all_labels_train_gensim_sparse_matrix.npz
1914lvr.hypotheses.org/1259;sciences politiques_d, histoire_t, époque contemporaine_t, 1914-1918_t;Datasets/all_labels_train_gensim_sparse_matrix.npz
amuc.hypotheses.org/1657;humanités pluridisciplinaires_d, histoire_d, histoire_t, représentations_t, patrimoine_t;Datasets/all_labels_train_gensim_sparse_matrix.npz
soziologieblog.hypotheses.org/7130;sciences sociales interdisciplinaires_d, sociologie et anthropologie_d, sociologie du travail_t, sociologie urbaine_t, sociologie de la culture_t, sociologie économique_t;Datasets/all_labels_train_gensim_sparse_matrix.npz
medienbildung.hypotheses.org/4182;éducation_d, éducation spécialisée_d, travail social_d, sociologie_t, édition électronique_t, histoire et sociologie des médias_t, éducation_t;Datasets/all_labels_train_gensim_sparse_matrix.npz
histbav.hypotheses.org/1597;humanités pluridisciplinaires_d, histoire_d, pluridisciplinarité_d, histoire_t, monde germanique_t;Datasets/all_labels_train_gensim_sparse_matrix.npz
archivalia.hypotheses.org/5561;histoire et archéologie_d, sciences sociales interdisciplinaires_d, histoire_t, approches de corpus_t, enquêtes_t, archives_t;Datasets/all_labels_train_gensim_sparse_matrix.npz
zeitraeume.hypotheses.org/104;histoire_d, histoire industrielle_t, histoire sociale_t, édition électronique_t, digital humanities_t, époque contemporaine_t;Datasets/all_labels_train_gensim_sparse_matrix.npz
kriegsfoto.hypotheses.org/487;arts_d, histoire_d, communication_d, guerres_t, conflits_t, violence_t, études visuelles_t, époque contemporaine_t, europe centrale et orientale_t;Datasets/all_labels_train_gensim_sparse_matrix.npz
histbav.hypotheses.org/3287;humanités pluridisciplinaires_d, histoire_d, pluridisciplinarité_d, histoire_t, monde germanique_t;Datasets/all_labels_train_gensim_sparse_matrix.npz
archivewk1.hypotheses.org/14494;histoire_d, époque contemporaine_t, 1914-1918_t;Datasets/all_labels_train_gensim_sparse_matrix.npz
studpro.hypotheses.org/568;histoire_d, histoire_t, époque moderne_t, xviie siècle_t, xviiie siècle_t;Datasets/all_labels_train_gensim_sparse_matrix.npz
kristinoswald.hypotheses.org/1978;études anciennes_d, études des sciences_t, histoire_t, histoire et sociologie des médias_t, histoire culturelle_t, digital humanities_t;Datasets/all_labels_train_gensim_sparse_matrix.npz
archivalia.hypotheses.org/10640;histoire et archéologie_d, sciences sociales interdisciplinaires_d, histoire_t, approches de corpus_t, enquêtes_t, archives_t;Datasets/all_labels_train_gensim_sparse_matrix.npz
archivalia.hypotheses.org/11183;histoire et archéologie_d, sciences sociales interdisciplinaires_d, histoire_t, approches de corpus_t, enquêtes_t, archives_t;Datasets/all_labels_train_gensim_sparse_matrix.npz
archivalia.hypotheses.org/3989;histoire et archéologie_d, sciences sociales interdisciplinaires_d, histoire_t, approches de corpus_t, enquêtes_t, archives_t;Datasets/all_labels_train_gensim_sparse_matrix.npz
bioeg.hypotheses.org/1731;histoire et archéologie_d, histoire_d, histoire_t, sciences auxiliaires de l'histoire_t, europe centrale et orientale_t, monde germanique_t;Datasets/all_labels_train_gensim_sparse_matrix.npz
ecoglobreg.hypotheses.org/464;histoire_d, sciences politiques_d, histoire_t, 1945-1989_t;Datasets/all_labels_train_gensim_sparse_matrix.npz
19jhdhip.hypotheses.org/1510;histoire_d, époque contemporaine_t, prospectives_t, france_t, monde germanique_t;Datasets/all_labels_train_gensim_sparse_matrix.npz
archivalia.hypotheses.org/54031;histoire et archéologie_d, sciences sociales interdisciplinaires_d, histoire_t, approches de corpus_t, enquêtes_t, archives_t;Datasets/all_labels_train_gensim_sparse_matrix.npz
archivewk1.hypotheses.org/32922;histoire_d, époque contemporaine_t, 1914-1918_t;Datasets/all_labels_train_gensim_sparse_matrix.npz
archivtag.hypotheses.org/350;pluridisciplinarité_d, sciences sociales interdisciplinaires_d, histoire_t, information_t, monde germanique_t;Datasets/all_labels_train_gensim_sparse_matrix.npz
archivalia.hypotheses.org/10692;histoire et archéologie_d, sciences sociales interdisciplinaires_d, histoire_t, approches de corpus_t, enquêtes_t, archives_t;Datasets/all_labels_train_gensim_sparse_matrix.npz
archivalia.hypotheses.org/54204;histoire et archéologie_d, sciences sociales interdisciplinaires_d, histoire_t, approches de corpus_t, enquêtes_t, archives_t;Datasets/all_labels_train_gensim_sparse_matrix.npz
archivalia.hypotheses.org/8154;histoire et archéologie_d, sciences sociales interdisciplinaires_d, histoire_t, approches de corpus_t, enquêtes_t, archives_t;Datasets/all_labels_train_gensim_sparse_matrix.npz
medienbildung.hypotheses.org/8258;éducation_d, éducation spécialisée_d, travail social_d, sociologie_t, édition électronique_t, histoire et sociologie des médias_t, éducation_t;Datasets/all_labels_train_gensim_sparse_matrix.npz
archivalia.hypotheses.org/5433;histoire et archéologie_d, sciences sociales interdisciplinaires_d, histoire_t, approches de corpus_t, enquêtes_t, archives_t;Datasets/all_labels_train_gensim_sparse_matrix.npz
historischdenken.hypotheses.org/3086;histoire et archéologie_d, histoire_t;Datasets/all_labels_train_gensim_sparse_matrix.npz
archivalia.hypotheses.org/57701;histoire et archéologie_d, sciences sociales interdisciplinaires_d, histoire_t, approches de corpus_t, enquêtes_t, archives_t;Datasets/all_labels_train_gensim_sparse_matrix.npz
medienbildung.hypotheses.org/5233;éducation_d, éducation spécialisée_d, travail social_d, sociologie_t, édition électronique_t, histoire et sociologie des médias_t, éducation_t;Datasets/all_labels_train_gensim_sparse_matrix.npz
callme.hypotheses.org/52;éducation et sciences de l'éducation_d, linguistique appliquée_d, linguistique_t;Datasets/all_labels_train_gensim_sparse_matrix.npz
archivewk1.hypotheses.org/26261;histoire_d, époque contemporaine_t, 1914-1918_t;Datasets/all_labels_train_gensim_sparse_matrix.npz
historischdenken.hypotheses.org/2343;histoire et archéologie_d, histoire_t;Datasets/all_labels_train_gensim_sparse_matrix.npz
archivalia.hypotheses.org/55074;histoire et archéologie_d, sciences sociales interdisciplinaires_d, histoire_t, approches de corpus_t, enquêtes_t, archives_t;Datasets/all_labels_train_gensim_sparse_matrix.npz
archive20.hypotheses.org/1561;pluridisciplinarité_d, sciences sociales interdisciplinaires_d, histoire_t, information_t, patrimoine_t, monde germanique_t;Datasets/all_labels_train_gensim_sparse_matrix.npz
archivalia.hypotheses.org/11441;histoire et archéologie_d, sciences sociales interdisciplinaires_d, histoire_t, approches de corpus_t, enquêtes_t, archives_t;Datasets/all_labels_train_gensim_sparse_matrix.npz
archivewk1.hypotheses.org/23297;histoire_d, époque contemporaine_t, 1914-1918_t;Datasets/all_labels_train_gensim_sparse_matrix.npz
bioeg.hypotheses.org/1174;histoire et archéologie_d, histoire_d, histoire_t, sciences auxiliaires de l'histoire_t, europe centrale et orientale_t, monde germanique_t;Datasets/all_labels_train_gensim_sparse_matrix.npz
archivlinz.hypotheses.org/447;histoire et archéologie_d, histoire_d, histoire urbaine_t, 1914-1918_t, monde germanique_t;Datasets/all_labels_train_gensim_sparse_matrix.npz
dgl.hypotheses.org/365;éducation spécialisée_d, histoire_d, histoire_t, histoire et sociologie des médias_t, éducation_t;Datasets/all_labels_train_gensim_sparse_matrix.npz
archivalia.hypotheses.org/60827;histoire et archéologie_d, sciences sociales interdisciplinaires_d, histoire_t, approches de corpus_t, enquêtes_t, archives_t;Datasets/all_labels_train_gensim_sparse_matrix.npz
ludite.hypotheses.org/300;arts et humanités_d, histoire et archéologie_d, histoire sociale_t, histoire culturelle_t, haut moyen âge_t, bas moyen âge_t;Datasets/all_labels_train_gensim_sparse_matrix.npz
archivalia.hypotheses.org/1784;histoire et archéologie_d, sciences sociales interdisciplinaires_d, histoire_t, approches de corpus_t, enquêtes_t, archives_t;Datasets/all_labels_train_gensim_sparse_matrix.npz
winzen.hypotheses.org/532;histoire_d, histoire_t, études visuelles_t, 1918-1939_t, 1939-1945_t, monde germanique_t;Datasets/all_labels_train_gensim_sparse_matrix.npz
archivalia.hypotheses.org/7115;histoire et archéologie_d, sciences sociales interdisciplinaires_d, histoire_t, approches de corpus_t, enquêtes_t, archives_t;Datasets/all_labels_train_gensim_sparse_matrix.npz
mittelalter.hypotheses.org/8877;humanités pluridisciplinaires_d, religions_d, histoire_d, sociologie_d, histoire_t, histoire sociale_t, histoire intellectuelle_t, moyen âge_t, haut moyen âge_t, bas moyen âge_t;Datasets/all_labels_train_gensim_sparse_matrix.npz
digitalintellectuals.hypotheses.org/2326;études anciennes_d, histoire et philosophie des sciences_d, pluridisciplinarité_d, littérature_d, histoire intellectuelle_t, approches de corpus_t, enquêtes_t, archives_t, époque moderne_t, prospectives_t, monde germanique_t;Datasets/all_labels_train_gensim_sparse_matrix.npz
archivewk1.hypotheses.org/21971;histoire_d, époque contemporaine_t, 1914-1918_t;Datasets/all_labels_train_gensim_sparse_matrix.npz
archivalia.hypotheses.org/56412;histoire et archéologie_d, sciences sociales interdisciplinaires_d, histoire_t, approches de corpus_t, enquêtes_t, archives_t;Datasets/all_labels_train_gensim_sparse_matrix.npz
mittelalter.hypotheses.org/8249;humanités pluridisciplinaires_d, religions_d, histoire_d, sociologie_d, histoire_t, histoire sociale_t, histoire intellectuelle_t, moyen âge_t, haut moyen âge_t, bas moyen âge_t;Datasets/all_labels_train_gensim_sparse_matrix.npz
ordensgeschichte.hypotheses.org/10360;arts et humanités_d, humanités pluridisciplinaires_d, histoire et archéologie_d, histoire et philosophie des sciences_d, histoire_t, haut moyen âge_t, bas moyen âge_t, xviie siècle_t, xviiie siècle_t;Datasets/all_labels_train_gensim_sparse_matrix.npz
histbav.hypotheses.org/3100;humanités pluridisciplinaires_d, histoire_d, pluridisciplinarité_d, histoire_t, monde germanique_t;Datasets/all_labels_train_gensim_sparse_matrix.npz
archivalia.hypotheses.org/56738;histoire et archéologie_d, sciences sociales interdisciplinaires_d, histoire_t, approches de corpus_t, enquêtes_t, archives_t;Datasets/all_labels_train_gensim_sparse_matrix.npz
archivewk1.hypotheses.org/16292;histoire_d, époque contemporaine_t, 1914-1918_t;Datasets/all_labels_train_gensim_sparse_matrix.npz
archivewk1.hypotheses.org/20433;histoire_d, époque contemporaine_t, 1914-1918_t;Datasets/all_labels_train_gensim_sparse_matrix.npz
resilienz.hypotheses.org/35;pluridisciplinarité_d, sciences sociales interdisciplinaires_d, études des sciences_t, épistémologie et méthodes_t, vie de la recherche_t, prospectives_t;Datasets/all_labels_train_gensim_sparse_matrix.npz
cereg.hypotheses.org/442;arts et humanités_d, histoire_d, littérature_d, monde germanique_t;Datasets/all_labels_train_gensim_sparse_matrix.npz
rhad.hypotheses.org/221;histoire_d, histoire des sciences sociales_d, histoire_t, époque moderne_t, révolution française_t, xviie siècle_t, xviiie siècle_t, prospectives_t;Datasets/all_labels_train_gensim_sparse_matrix.npz
archivalia.hypotheses.org/8616;histoire et archéologie_d, sciences sociales interdisciplinaires_d, histoire_t, approches de corpus_t, enquêtes_t, archives_t;Datasets/all_labels_train_gensim_sparse_matrix.npz
archivalia.hypotheses.org/6171;histoire et archéologie_d, sciences sociales interdisciplinaires_d, histoire_t, approches de corpus_t, enquêtes_t, archives_t;Datasets/all_labels_train_gensim_sparse_matrix.npz
dkblog.hypotheses.org/673;histoire_d, histoire_t, époque moderne_t, xviie siècle_t;Datasets/all_labels_train_gensim_sparse_matrix.npz
digigw.hypotheses.org/1237;humanités pluridisciplinaires_d, histoire_t, édition électronique_t, sciences auxiliaires de l'histoire_t, digital humanities_t;Datasets/all_labels_train_gensim_sparse_matrix.npz
greflinger.hypotheses.org/248;littérature_d, littératures_t, xviie siècle_t;Datasets/all_labels_train_gensim_sparse_matrix.npz
archives.hypotheses.org/1008;histoire_d, communication_d, patrimoine_t, digital humanities_t, moyen âge_t, époque moderne_t, france_t, monde germanique_t;Datasets/all_labels_train_gensim_sparse_matrix.npz
archivalia.hypotheses.org/11060;histoire et archéologie_d, sciences sociales interdisciplinaires_d, histoire_t, approches de corpus_t, enquêtes_t, archives_t;Datasets/all_labels_train_gensim_sparse_matrix.npz
archivalia.hypotheses.org/57285;histoire et archéologie_d, sciences sociales interdisciplinaires_d, histoire_t, approches de corpus_t, enquêtes_t, archives_t;Datasets/all_labels_train_gensim_sparse_matrix.npz
archivalia.hypotheses.org/8056;histoire et archéologie_d, sciences sociales interdisciplinaires_d, histoire_t, approches de corpus_t, enquêtes_t, archives_t;Datasets/all_labels_train_gensim_sparse_matrix.npz
charlemagne.hypotheses.org/302;histoire_d, histoire_t, moyen âge_t, europe centrale et orientale_t, monde germanique_t;Datasets/all_labels_train_gensim_sparse_matrix.npz
archivewk1.hypotheses.org/26171;histoire_d, époque contemporaine_t, 1914-1918_t;Datasets/all_labels_train_gensim_sparse_matrix.npz
archivalia.hypotheses.org/6665;histoire et archéologie_d, sciences sociales interdisciplinaires_d, histoire_t, approches de corpus_t, enquêtes_t, archives_t;Datasets/all_labels_train_gensim_sparse_matrix.npz
tagebuch.hypotheses.org/1441;histoire et archéologie_d, histoire_d, histoire_t, époque contemporaine_t, 1914-1918_t;Datasets/all_labels_train_gensim_sparse_matrix.npz
callme.hypotheses.org/44;éducation et sciences de l'éducation_d, linguistique appliquée_d, linguistique_t;Datasets/all_labels_train_gensim_sparse_matrix.npz
archivewk1.hypotheses.org/16735;histoire_d, époque contemporaine_t, 1914-1918_t;Datasets/all_labels_train_gensim_sparse_matrix.npz
archivalia.hypotheses.org/3389;histoire et archéologie_d, sciences sociales interdisciplinaires_d, histoire_t, approches de corpus_t, enquêtes_t, archives_t;Datasets/all_labels_train_gensim_sparse_matrix.npz
archiskop.hypotheses.org/92;archéologie_d, bas moyen âge_t;Datasets/all_labels_train_gensim_sparse_matrix.npz
archivalia.hypotheses.org/5718;histoire et archéologie_d, sciences sociales interdisciplinaires_d, histoire_t, approches de corpus_t, enquêtes_t, archives_t;Datasets/all_labels_train_gensim_sparse_matrix.npz
lvrafz.hypotheses.org/1562;pluridisciplinarité_d, information_t;Datasets/all_labels_train_gensim_sparse_matrix.npz
tagebuch.hypotheses.org/1224;histoire et archéologie_d, histoire_d, histoire_t, époque contemporaine_t, 1914-1918_t;Datasets/all_labels_train_gensim_sparse_matrix.npz
inklusion.hypotheses.org/1785;éducation_d, travail social et politique sociale_d, sociologie du travail_t, âges de la vie_t, information_t, sciences de l'éducation_t;Datasets/all_labels_train_gensim_sparse_matrix.npz
archivalia.hypotheses.org/8918;histoire et archéologie_d, sciences sociales interdisciplinaires_d, histoire_t, approches de corpus_t, enquêtes_t, archives_t;Datasets/all_labels_train_gensim_sparse_matrix.npz
archivalia.hypotheses.org/6903;histoire et archéologie_d, sciences sociales interdisciplinaires_d, histoire_t, approches de corpus_t, enquêtes_t, archives_t;Datasets/all_labels_train_gensim_sparse_matrix.npz
archivalia.hypotheses.org/11775;histoire et archéologie_d, sciences sociales interdisciplinaires_d, histoire_t, approches de corpus_t, enquêtes_t, archives_t;Datasets/all_labels_train_gensim_sparse_matrix.npz
archivalia.hypotheses.org/6566;histoire et archéologie_d, sciences sociales interdisciplinaires_d, histoire_t, approches de corpus_t, enquêtes_t, archives_t;Datasets/all_labels_train_gensim_sparse_matrix.npz
archivalia.hypotheses.org/8840;histoire et archéologie_d, sciences sociales interdisciplinaires_d, histoire_t, approches de corpus_t, enquêtes_t, archives_t;Datasets/all_labels_train_gensim_sparse_matrix.npz
studpro.hypotheses.org/711;histoire_d, histoire_t, époque moderne_t, xviie siècle_t, xviiie siècle_t;Datasets/all_labels_train_gensim_sparse_matrix.npz
archivalia.hypotheses.org/13634;histoire et archéologie_d, sciences sociales interdisciplinaires_d, histoire_t, approches de corpus_t, enquêtes_t, archives_t;Datasets/all_labels_train_gensim_sparse_matrix.npz
archive20.hypotheses.org/2295;pluridisciplinarité_d, sciences sociales interdisciplinaires_d, histoire_t, information_t, patrimoine_t, monde germanique_t;Datasets/all_labels_train_gensim_sparse_matrix.npz
archivewk1.hypotheses.org/24428;histoire_d, époque contemporaine_t, 1914-1918_t;Datasets/all_labels_train_gensim_sparse_matrix.npz
1914lvr.hypotheses.org/200;sciences politiques_d, histoire_t, époque contemporaine_t, 1914-1918_t;Datasets/all_labels_train_gensim_sparse_matrix.npz
rhad.hypotheses.org/283;histoire_d, histoire des sciences sociales_d, histoire_t, époque moderne_t, révolution française_t, xviie siècle_t, xviiie siècle_t, prospectives_t;Datasets/all_labels_train_gensim_sparse_matrix.npz
tagebuch.hypotheses.org/644;histoire et archéologie_d, histoire_d, histoire_t, époque contemporaine_t, 1914-1918_t;Datasets/all_labels_train_gensim_sparse_matrix.npz
bloghaus.hypotheses.org/258;pluridisciplinarité_d, sciences sociales interdisciplinaires_d, information_t, digital humanities_t;Datasets/all_labels_train_gensim_sparse_matrix.npz
soziologieblog.hypotheses.org/3757;sciences sociales interdisciplinaires_d, sociologie et anthropologie_d, sociologie du travail_t, sociologie urbaine_t, sociologie de la culture_t, sociologie économique_t;Datasets/all_labels_train_gensim_sparse_matrix.npz
soziologieblog.hypotheses.org/7252;sciences sociales interdisciplinaires_d, sociologie et anthropologie_d, sociologie du travail_t, sociologie urbaine_t, sociologie de la culture_t, sociologie économique_t;Datasets/all_labels_train_gensim_sparse_matrix.npz
archivalia.hypotheses.org/58325;histoire et archéologie_d, sciences sociales interdisciplinaires_d, histoire_t, approches de corpus_t, enquêtes_t, archives_t;Datasets/all_labels_train_gensim_sparse_matrix.npz
games.hypotheses.org/1065;arts et humanités_d, humanités pluridisciplinaires_d, psychologie expérimentale_d, sciences cognitives_t, psychisme_t, psychologie_t, représentations_t, histoire de l'art_t, études visuelles_t;Datasets/all_labels_train_gensim_sparse_matrix.npz
zakunibonn.hypotheses.org/1160;histoire_d, psychologie_d, histoire_t, psychisme_t, psychologie_t, méthodes de traitement et de représentation_t, monde germanique_t;Datasets/all_labels_train_gensim_sparse_matrix.npz
dislab.hypotheses.org/1750;sciences sociales interdisciplinaires_d, langue et linguistique_d, sociologie des sciences_t, linguistique_t;Datasets/all_labels_train_gensim_sparse_matrix.npz
histbav.hypotheses.org/1708;humanités pluridisciplinaires_d, histoire_d, pluridisciplinarité_d, histoire_t, monde germanique_t;Datasets/all_labels_train_gensim_sparse_matrix.npz
archivalia.hypotheses.org/6586;histoire et archéologie_d, sciences sociales interdisciplinaires_d, histoire_t, approches de corpus_t, enquêtes_t, archives_t;Datasets/all_labels_train_gensim_sparse_matrix.npz
archivamt.hypotheses.org/529;communication_d, pluridisciplinarité_d, sciences sociales interdisciplinaires_d, information_t, sciences de l'information_t, représentations_t, patrimoine_t;Datasets/all_labels_train_gensim_sparse_matrix.npz
schotten.hypotheses.org/1140;religions_d, histoire et archéologie_d, sciences de l'information et de la communication_d, bibliothéconomie_d, histoire_t, histoire des religions_t, approches de corpus_t, enquêtes_t, archives_t, monde germanique_t;Datasets/all_labels_train_gensim_sparse_matrix.npz
lvrafz.hypotheses.org/1083;pluridisciplinarité_d, information_t;Datasets/all_labels_train_gensim_sparse_matrix.npz
amuc.hypotheses.org/975;humanités pluridisciplinaires_d, histoire_d, histoire_t, représentations_t, patrimoine_t;Datasets/all_labels_train_gensim_sparse_matrix.npz
archivalia.hypotheses.org/11223;histoire et archéologie_d, sciences sociales interdisciplinaires_d, histoire_t, approches de corpus_t, enquêtes_t, archives_t;Datasets/all_labels_train_gensim_sparse_matrix.npz
gra.hypotheses.org/1440;arts et humanités_d, communication_d, sciences de l'information et bibliothéconomie_d, représentations_t, histoire culturelle_t, histoire de l'art_t, études visuelles_t;Datasets/all_labels_train_gensim_sparse_matrix.npz
jeunegen.hypotheses.org/163;histoire_d, pluridisciplinarité_d, histoire_t, vie de la recherche_t, moyen âge_t, haut moyen âge_t, bas moyen âge_t;Datasets/all_labels_train_gensim_sparse_matrix.npz
archivalia.hypotheses.org/12282;histoire et archéologie_d, sciences sociales interdisciplinaires_d, histoire_t, approches de corpus_t, enquêtes_t, archives_t;Datasets/all_labels_train_gensim_sparse_matrix.npz
mittelalter.hypotheses.org/767;humanités pluridisciplinaires_d, religions_d, histoire_d, sociologie_d, histoire_t, histoire sociale_t, histoire intellectuelle_t, moyen âge_t, haut moyen âge_t, bas moyen âge_t;Datasets/all_labels_train_gensim_sparse_matrix.npz
soziologieblog.hypotheses.org/4929;sciences sociales interdisciplinaires_d, sociologie et anthropologie_d, sociologie du travail_t, sociologie urbaine_t, sociologie de la culture_t, sociologie économique_t;Datasets/all_labels_train_gensim_sparse_matrix.npz
mindthegaps.hypotheses.org/820;études asiatiques_d, histoire_d, histoire_t, histoire culturelle_t, asie_t, chine_t;Datasets/all_labels_train_gensim_sparse_matrix.npz
archivalia.hypotheses.org/6237;histoire et archéologie_d, sciences sociales interdisciplinaires_d, histoire_t, approches de corpus_t, enquêtes_t, archives_t;Datasets/all_labels_train_gensim_sparse_matrix.npz
speyermemo.hypotheses.org/2873;histoire_d, pluridisciplinarité_d, sciences sociales interdisciplinaires_d, sociologie de la culture_t, histoire_t, 1939-1945_t, europe_t;Datasets/all_labels_train_gensim_sparse_matrix.npz
archivewk1.hypotheses.org/3070;histoire_d, époque contemporaine_t, 1914-1918_t;Datasets/all_labels_train_gensim_sparse_matrix.npz
archivalia.hypotheses.org/1224;histoire et archéologie_d, sciences sociales interdisciplinaires_d, histoire_t, approches de corpus_t, enquêtes_t, archives_t;Datasets/all_labels_train_gensim_sparse_matrix.npz
archivalia.hypotheses.org/8373;histoire et archéologie_d, sciences sociales interdisciplinaires_d, histoire_t, approches de corpus_t, enquêtes_t, archives_t;Datasets/all_labels_train_gensim_sparse_matrix.npz
archivalia.hypotheses.org/6459;histoire et archéologie_d, sciences sociales interdisciplinaires_d, histoire_t, approches de corpus_t, enquêtes_t, archives_t;Datasets/all_labels_train_gensim_sparse_matrix.npz
archivalia.hypotheses.org/12427;histoire et archéologie_d, sciences sociales interdisciplinaires_d, histoire_t, approches de corpus_t, enquêtes_t, archives_t;Datasets/all_labels_train_gensim_sparse_matrix.npz
philophiso.hypotheses.org/517;philosophie_d, éducation_d, éducation spécialisée_d, pensée_t, philosophie_t, représentations_t, patrimoine_t;Datasets/all_labels_train_gensim_sparse_matrix.npz
archivalia.hypotheses.org/1626;histoire et archéologie_d, sciences sociales interdisciplinaires_d, histoire_t, approches de corpus_t, enquêtes_t, archives_t;Datasets/all_labels_train_gensim_sparse_matrix.npz
archivalia.hypotheses.org/6960;histoire et archéologie_d, sciences sociales interdisciplinaires_d, histoire_t, approches de corpus_t, enquêtes_t, archives_t;Datasets/all_labels_train_gensim_sparse_matrix.npz
musermeku.hypotheses.org/1115;humanités pluridisciplinaires_d, pluridisciplinarité_d, sciences sociales interdisciplinaires_d, sociologie_t, sociologie de la culture_t, histoire_t, histoire politique_t;Datasets/all_labels_train_gensim_sparse_matrix.npz
histbav.hypotheses.org/4293;humanités pluridisciplinaires_d, histoire_d, pluridisciplinarité_d, histoire_t, monde germanique_t;Datasets/all_labels_train_gensim_sparse_matrix.npz
zakunibonn.hypotheses.org/1269;histoire_d, psychologie_d, histoire_t, psychisme_t, psychologie_t, méthodes de traitement et de représentation_t, monde germanique_t;Datasets/all_labels_train_gensim_sparse_matrix.npz
archive20.hypotheses.org/3826;pluridisciplinarité_d, sciences sociales interdisciplinaires_d, histoire_t, information_t, patrimoine_t, monde germanique_t;Datasets/all_labels_train_gensim_sparse_matrix.npz
schotten.hypotheses.org/566;religions_d, histoire et archéologie_d, sciences de l'information et de la communication_d, bibliothéconomie_d, histoire_t, histoire des religions_t, approches de corpus_t, enquêtes_t, archives_t, monde germanique_t;Datasets/all_labels_train_gensim_sparse_matrix.npz
dokunstlmu.hypotheses.org/1054;arts et humanités_d, histoire intellectuelle_t;Datasets/all_labels_train_gensim_sparse_matrix.npz
soziologieblog.hypotheses.org/986;sciences sociales interdisciplinaires_d, sociologie et anthropologie_d, sociologie du travail_t, sociologie urbaine_t, sociologie de la culture_t, sociologie économique_t;Datasets/all_labels_train_gensim_sparse_matrix.npz
speyermemo.hypotheses.org/2780;histoire_d, pluridisciplinarité_d, sciences sociales interdisciplinaires_d, sociologie de la culture_t, histoire_t, 1939-1945_t, europe_t;Datasets/all_labels_train_gensim_sparse_matrix.npz
dhiha.hypotheses.org/166;arts et humanités_d, humanités pluridisciplinaires_d, pluridisciplinarité_d, histoire_t, information_t, sciences de l'information_t, édition électronique_t, digital humanities_t;Datasets/all_labels_train_gensim_sparse_matrix.npz
archivalia.hypotheses.org/12858;histoire et archéologie_d, sciences sociales interdisciplinaires_d, histoire_t, approches de corpus_t, enquêtes_t, archives_t;Datasets/all_labels_train_gensim_sparse_matrix.npz
rkb.hypotheses.org/162;arts et humanités_d, communication_d, sciences de l'information et bibliothéconomie_d, sociologie des sciences_t, édition électronique_t, histoire et sociologie des médias_t;Datasets/all_labels_train_gensim_sparse_matrix.npz
archivewk1.hypotheses.org/266;histoire_d, époque contemporaine_t, 1914-1918_t;Datasets/all_labels_train_gensim_sparse_matrix.npz
archivalia.hypotheses.org/4242;histoire et archéologie_d, sciences sociales interdisciplinaires_d, histoire_t, approches de corpus_t, enquêtes_t, archives_t;Datasets/all_labels_train_gensim_sparse_matrix.npz
archivalia.hypotheses.org/6585;histoire et archéologie_d, sciences sociales interdisciplinaires_d, histoire_t, approches de corpus_t, enquêtes_t, archives_t;Datasets/all_labels_train_gensim_sparse_matrix.npz
kinder.hypotheses.org/336;éducation et sciences de l'éducation_d, études sur la famille_d, âges de la vie_t, sciences de l'éducation_t;Datasets/all_labels_train_gensim_sparse_matrix.npz
archivewk1.hypotheses.org/12700;histoire_d, époque contemporaine_t, 1914-1918_t;Datasets/all_labels_train_gensim_sparse_matrix.npz
bereschitrabba.hypotheses.org/259;arts et humanités_d, religions_d, langue et linguistique_d, religions_t, histoire des religions_t;Datasets/all_labels_train_gensim_sparse_matrix.npz
archivalia.hypotheses.org/6527;histoire et archéologie_d, sciences sociales interdisciplinaires_d, histoire_t, approches de corpus_t, enquêtes_t, archives_t;Datasets/all_labels_train_gensim_sparse_matrix.npz
mittelalter.hypotheses.org/7781;humanités pluridisciplinaires_d, religions_d, histoire_d, sociologie_d, histoire_t, histoire sociale_t, histoire intellectuelle_t, moyen âge_t, haut moyen âge_t, bas moyen âge_t;Datasets/all_labels_train_gensim_sparse_matrix.npz
gewalt.hypotheses.org/700;sciences politiques_d, sociologie_d, sociologie_t, sociologie urbaine_t, anthropologie politique_t, histoire urbaine_t, guerres_t, conflits_t, violence_t;Datasets/all_labels_train_gensim_sparse_matrix.npz
ordensgeschichte.hypotheses.org/5441;arts et humanités_d, humanités pluridisciplinaires_d, histoire et archéologie_d, histoire et philosophie des sciences_d, histoire_t, haut moyen âge_t, bas moyen âge_t, xviie siècle_t, xviiie siècle_t;Datasets/all_labels_train_gensim_sparse_matrix.npz
amuc.hypotheses.org/1470;humanités pluridisciplinaires_d, histoire_d, histoire_t, représentations_t, patrimoine_t;Datasets/all_labels_train_gensim_sparse_matrix.npz
archivewk1.hypotheses.org/19625;histoire_d, époque contemporaine_t, 1914-1918_t;Datasets/all_labels_train_gensim_sparse_matrix.npz
archivalia.hypotheses.org/12807;histoire et archéologie_d, sciences sociales interdisciplinaires_d, histoire_t, approches de corpus_t, enquêtes_t, archives_t;Datasets/all_labels_train_gensim_sparse_matrix.npz
archivalia.hypotheses.org/55223;histoire et archéologie_d, sciences sociales interdisciplinaires_d, histoire_t, approches de corpus_t, enquêtes_t, archives_t;Datasets/all_labels_train_gensim_sparse_matrix.npz
bioeg.hypotheses.org/944;histoire et archéologie_d, histoire_d, histoire_t, sciences auxiliaires de l'histoire_t, europe centrale et orientale_t, monde germanique_t;Datasets/all_labels_train_gensim_sparse_matrix.npz
archivalia.hypotheses.org/5329;histoire et archéologie_d, sciences sociales interdisciplinaires_d, histoire_t, approches de corpus_t, enquêtes_t, archives_t;Datasets/all_labels_train_gensim_sparse_matrix.npz
archivalia.hypotheses.org/52771;histoire et archéologie_d, sciences sociales interdisciplinaires_d, histoire_t, approches de corpus_t, enquêtes_t, archives_t;Datasets/all_labels_train_gensim_sparse_matrix.npz
archivekod.hypotheses.org/634;religions_d, histoire et archéologie_d, sciences de l'information et de la communication_d, bibliothéconomie_d, communication_d, histoire_t, histoire des religions_t, patrimoine_t;Datasets/all_labels_train_gensim_sparse_matrix.npz
archivewk1.hypotheses.org/15057;histoire_d, époque contemporaine_t, 1914-1918_t;Datasets/all_labels_train_gensim_sparse_matrix.npz
archivalia.hypotheses.org/9313;histoire et archéologie_d, sciences sociales interdisciplinaires_d, histoire_t, approches de corpus_t, enquêtes_t, archives_t;Datasets/all_labels_train_gensim_sparse_matrix.npz
archivalia.hypotheses.org/60687;histoire et archéologie_d, sciences sociales interdisciplinaires_d, histoire_t, approches de corpus_t, enquêtes_t, archives_t;Datasets/all_labels_train_gensim_sparse_matrix.npz
archivalia.hypotheses.org/2013;histoire et archéologie_d, sciences sociales interdisciplinaires_d, histoire_t, approches de corpus_t, enquêtes_t, archives_t;Datasets/all_labels_train_gensim_sparse_matrix.npz
wwc.hypotheses.org/127;humanités pluridisciplinaires_d, pluridisciplinarité_d, études régionales_d, relations internationales_t, information_t, représentations_t;Datasets/all_labels_train_gensim_sparse_matrix.npz
fnzinfo.hypotheses.org/298;arts et humanités_d, musique_d, histoire et archéologie_d, histoire_t, xvie siècle_t, xviie siècle_t, xviiie siècle_t, révolution française_t;Datasets/all_labels_train_gensim_sparse_matrix.npz
archivewk1.hypotheses.org/17870;histoire_d, époque contemporaine_t, 1914-1918_t;Datasets/all_labels_train_gensim_sparse_matrix.npz
unibloggt.hypotheses.org/159;histoire et archéologie_d, pluridisciplinarité_d, histoire_t, information_t;Datasets/all_labels_train_gensim_sparse_matrix.npz
archivalia.hypotheses.org/9627;histoire et archéologie_d, sciences sociales interdisciplinaires_d, histoire_t, approches de corpus_t, enquêtes_t, archives_t;Datasets/all_labels_train_gensim_sparse_matrix.npz
archivalia.hypotheses.org/53205;histoire et archéologie_d, sciences sociales interdisciplinaires_d, histoire_t, approches de corpus_t, enquêtes_t, archives_t;Datasets/all_labels_train_gensim_sparse_matrix.npz
archive20.hypotheses.org/2143;pluridisciplinarité_d, sciences sociales interdisciplinaires_d, histoire_t, information_t, patrimoine_t, monde germanique_t;Datasets/all_labels_train_gensim_sparse_matrix.npz
archivewk1.hypotheses.org/2871;histoire_d, époque contemporaine_t, 1914-1918_t;Datasets/all_labels_train_gensim_sparse_matrix.npz
speyermemo.hypotheses.org/2584;histoire_d, pluridisciplinarité_d, sciences sociales interdisciplinaires_d, sociologie de la culture_t, histoire_t, 1939-1945_t, europe_t;Datasets/all_labels_train_gensim_sparse_matrix.npz
archivewk1.hypotheses.org/26646;histoire_d, époque contemporaine_t, 1914-1918_t;Datasets/all_labels_train_gensim_sparse_matrix.npz
digigw.hypotheses.org/1465;humanités pluridisciplinaires_d, histoire_t, édition électronique_t, sciences auxiliaires de l'histoire_t, digital humanities_t;Datasets/all_labels_train_gensim_sparse_matrix.npz
erinnern.hypotheses.org/117;éducation et sciences de l'éducation_d, histoire_d, histoire_t, éducation_t, 1918-1939_t, 1939-1945_t, 1945-1989_t;Datasets/all_labels_train_gensim_sparse_matrix.npz
mittelalter.hypotheses.org/5014;humanités pluridisciplinaires_d, religions_d, histoire_d, sociologie_d, histoire_t, histoire sociale_t, histoire intellectuelle_t, moyen âge_t, haut moyen âge_t, bas moyen âge_t;Datasets/all_labels_train_gensim_sparse_matrix.npz
archivalia.hypotheses.org/10660;histoire et archéologie_d, sciences sociales interdisciplinaires_d, histoire_t, approches de corpus_t, enquêtes_t, archives_t;Datasets/all_labels_train_gensim_sparse_matrix.npz
jeunegen.hypotheses.org/1404;histoire_d, pluridisciplinarité_d, histoire_t, vie de la recherche_t, moyen âge_t, haut moyen âge_t, bas moyen âge_t;Datasets/all_labels_train_gensim_sparse_matrix.npz
archivalia.hypotheses.org/2041;histoire et archéologie_d, sciences sociales interdisciplinaires_d, histoire_t, approches de corpus_t, enquêtes_t, archives_t;Datasets/all_labels_train_gensim_sparse_matrix.npz
archivalia.hypotheses.org/61832;histoire et archéologie_d, sciences sociales interdisciplinaires_d, histoire_t, approches de corpus_t, enquêtes_t, archives_t;Datasets/all_labels_train_gensim_sparse_matrix.npz
gid.hypotheses.org/350;pluridisciplinarité_d, sciences sociales interdisciplinaires_d, études des sciences_t, histoire des sciences_t, pensée_t, histoire intellectuelle_t, histoire culturelle_t, prospectives_t;Datasets/all_labels_train_gensim_sparse_matrix.npz
musicaroma.hypotheses.org/188;musique_d, histoire_d, histoire_t, histoire culturelle_t, monde germanique_t;Datasets/all_labels_train_gensim_sparse_matrix.npz
lvrafz.hypotheses.org/1609;pluridisciplinarité_d, information_t;Datasets/all_labels_train_gensim_sparse_matrix.npz
histbav.hypotheses.org/2986;humanités pluridisciplinaires_d, histoire_d, pluridisciplinarité_d, histoire_t, monde germanique_t;Datasets/all_labels_train_gensim_sparse_matrix.npz
archivalia.hypotheses.org/8158;histoire et archéologie_d, sciences sociales interdisciplinaires_d, histoire_t, approches de corpus_t, enquêtes_t, archives_t;Datasets/all_labels_train_gensim_sparse_matrix.npz
archivewk1.hypotheses.org/4811;histoire_d, époque contemporaine_t, 1914-1918_t;Datasets/all_labels_train_gensim_sparse_matrix.npz
dkblog.hypotheses.org/475;histoire_d, histoire_t, époque moderne_t, xviie siècle_t;Datasets/all_labels_train_gensim_sparse_matrix.npz
archivamt.hypotheses.org/4031;communication_d, pluridisciplinarité_d, sciences sociales interdisciplinaires_d, information_t, sciences de l'information_t, représentations_t, patrimoine_t;Datasets/all_labels_train_gensim_sparse_matrix.npz
grk1678.hypotheses.org/604;arts et humanités_d, humanités pluridisciplinaires_d, histoire et philosophie des sciences_d, pluridisciplinarité_d, philosophie_t, littératures_t, histoire culturelle_t, histoire de l'art_t;Datasets/all_labels_train_gensim_sparse_matrix.npz
archivalia.hypotheses.org/9904;histoire et archéologie_d, sciences sociales interdisciplinaires_d, histoire_t, approches de corpus_t, enquêtes_t, archives_t;Datasets/all_labels_train_gensim_sparse_matrix.npz
archivewk1.hypotheses.org/13601;histoire_d, époque contemporaine_t, 1914-1918_t;Datasets/all_labels_train_gensim_sparse_matrix.npz
archivalia.hypotheses.org/7511;histoire et archéologie_d, sciences sociales interdisciplinaires_d, histoire_t, approches de corpus_t, enquêtes_t, archives_t;Datasets/all_labels_train_gensim_sparse_matrix.npz
archivalia.hypotheses.org/3267;histoire et archéologie_d, sciences sociales interdisciplinaires_d, histoire_t, approches de corpus_t, enquêtes_t, archives_t;Datasets/all_labels_train_gensim_sparse_matrix.npz
unibloggt.hypotheses.org/626;histoire et archéologie_d, pluridisciplinarité_d, histoire_t, information_t;Datasets/all_labels_train_gensim_sparse_matrix.npz
19jhdhip.hypotheses.org/2518;histoire_d, époque contemporaine_t, prospectives_t, france_t, monde germanique_t;Datasets/all_labels_train_gensim_sparse_matrix.npz
archivewk1.hypotheses.org/11506;histoire_d, époque contemporaine_t, 1914-1918_t;Datasets/all_labels_train_gensim_sparse_matrix.npz
archivewk1.hypotheses.org/2153;histoire_d, époque contemporaine_t, 1914-1918_t;Datasets/all_labels_train_gensim_sparse_matrix.npz
archivalia.hypotheses.org/2251;histoire et archéologie_d, sciences sociales interdisciplinaires_d, histoire_t, approches de corpus_t, enquêtes_t, archives_t;Datasets/all_labels_train_gensim_sparse_matrix.npz
archivalia.hypotheses.org/53672;histoire et archéologie_d, sciences sociales interdisciplinaires_d, histoire_t, approches de corpus_t, enquêtes_t, archives_t;Datasets/all_labels_train_gensim_sparse_matrix.npz
archivalia.hypotheses.org/12058;histoire et archéologie_d, sciences sociales interdisciplinaires_d, histoire_t, approches de corpus_t, enquêtes_t, archives_t;Datasets/all_labels_train_gensim_sparse_matrix.npz
dislab.hypotheses.org/1464;sciences sociales interdisciplinaires_d, langue et linguistique_d, sociologie des sciences_t, linguistique_t;Datasets/all_labels_train_gensim_sparse_matrix.npz
archivewk1.hypotheses.org/21202;histoire_d, époque contemporaine_t, 1914-1918_t;Datasets/all_labels_train_gensim_sparse_matrix.npz
nordichistoryblog.hypotheses.org/225;arts et humanités_d, histoire et archéologie_d, histoire_t, édition électronique_t, vie de la recherche_t, approches de corpus_t, enquêtes_t, archives_t, europe_t, pays baltes et scandinaves_t;Datasets/all_labels_train_gensim_sparse_matrix.npz
archivewk1.hypotheses.org/28030;histoire_d, époque contemporaine_t, 1914-1918_t;Datasets/all_labels_train_gensim_sparse_matrix.npz
mittelalter.hypotheses.org/4104;humanités pluridisciplinaires_d, religions_d, histoire_d, sociologie_d, histoire_t, histoire sociale_t, histoire intellectuelle_t, moyen âge_t, haut moyen âge_t, bas moyen âge_t;Datasets/all_labels_train_gensim_sparse_matrix.npz
archivewk1.hypotheses.org/10780;histoire_d, époque contemporaine_t, 1914-1918_t;Datasets/all_labels_train_gensim_sparse_matrix.npz
soziologieblog.hypotheses.org/8476;sciences sociales interdisciplinaires_d, sociologie et anthropologie_d, sociologie du travail_t, sociologie urbaine_t, sociologie de la culture_t, sociologie économique_t;Datasets/all_labels_train_gensim_sparse_matrix.npz
archivalia.hypotheses.org/10485;histoire et archéologie_d, sciences sociales interdisciplinaires_d, histoire_t, approches de corpus_t, enquêtes_t, archives_t;Datasets/all_labels_train_gensim_sparse_matrix.npz
archivalia.hypotheses.org/61387;histoire et archéologie_d, sciences sociales interdisciplinaires_d, histoire_t, approches de corpus_t, enquêtes_t, archives_t;Datasets/all_labels_train_gensim_sparse_matrix.npz
vgdrp.hypotheses.org/107;éducation_d, histoire des sciences sociales_d, histoire_t, histoire économique_t, histoire industrielle_t, histoire urbaine_t, histoire sociale_t;Datasets/all_labels_train_gensim_sparse_matrix.npz
archivalia.hypotheses.org/8782;histoire et archéologie_d, sciences sociales interdisciplinaires_d, histoire_t, approches de corpus_t, enquêtes_t, archives_t;Datasets/all_labels_train_gensim_sparse_matrix.npz
archivalia.hypotheses.org/10070;histoire et archéologie_d, sciences sociales interdisciplinaires_d, histoire_t, approches de corpus_t, enquêtes_t, archives_t;Datasets/all_labels_train_gensim_sparse_matrix.npz
amuc.hypotheses.org/1842;humanités pluridisciplinaires_d, histoire_d, histoire_t, représentations_t, patrimoine_t;Datasets/all_labels_train_gensim_sparse_matrix.npz
archivalia.hypotheses.org/13872;histoire et archéologie_d, sciences sociales interdisciplinaires_d, histoire_t, approches de corpus_t, enquêtes_t, archives_t;Datasets/all_labels_train_gensim_sparse_matrix.npz
archivalia.hypotheses.org/3807;histoire et archéologie_d, sciences sociales interdisciplinaires_d, histoire_t, approches de corpus_t, enquêtes_t, archives_t;Datasets/all_labels_train_gensim_sparse_matrix.npz
archivalia.hypotheses.org/3659;histoire et archéologie_d, sciences sociales interdisciplinaires_d, histoire_t, approches de corpus_t, enquêtes_t, archives_t;Datasets/all_labels_train_gensim_sparse_matrix.npz
schotten.hypotheses.org/933;religions_d, histoire et archéologie_d, sciences de l'information et de la communication_d, bibliothéconomie_d, histoire_t, histoire des religions_t, approches de corpus_t, enquêtes_t, archives_t, monde germanique_t;Datasets/all_labels_train_gensim_sparse_matrix.npz
dkblog.hypotheses.org/1007;histoire_d, histoire_t, époque moderne_t, xviie siècle_t;Datasets/all_labels_train_gensim_sparse_matrix.npz
schotten.hypotheses.org/602;religions_d, histoire et archéologie_d, sciences de l'information et de la communication_d, bibliothéconomie_d, histoire_t, histoire des religions_t, approches de corpus_t, enquêtes_t, archives_t, monde germanique_t;Datasets/all_labels_train_gensim_sparse_matrix.npz
archivalia.hypotheses.org/10510;histoire et archéologie_d, sciences sociales interdisciplinaires_d, histoire_t, approches de corpus_t, enquêtes_t, archives_t;Datasets/all_labels_train_gensim_sparse_matrix.npz
ockenheim.hypotheses.org/426;histoire et archéologie_d, archéologie_d, histoire_t, histoire urbaine_t, édition électronique_t, monde germanique_t;Datasets/all_labels_train_gensim_sparse_matrix.npz
archivalia.hypotheses.org/1283;histoire et archéologie_d, sciences sociales interdisciplinaires_d, histoire_t, approches de corpus_t, enquêtes_t, archives_t;Datasets/all_labels_train_gensim_sparse_matrix.npz
archivalia.hypotheses.org/52883;histoire et archéologie_d, sciences sociales interdisciplinaires_d, histoire_t, approches de corpus_t, enquêtes_t, archives_t;Datasets/all_labels_train_gensim_sparse_matrix.npz
heraldica.hypotheses.org/2701;histoire_d, histoire_t, historiographie_t, sciences auxiliaires de l'histoire_t, moyen âge_t, haut moyen âge_t;Datasets/all_labels_train_gensim_sparse_matrix.npz
archivalia.hypotheses.org/10587;histoire et archéologie_d, sciences sociales interdisciplinaires_d, histoire_t, approches de corpus_t, enquêtes_t, archives_t;Datasets/all_labels_train_gensim_sparse_matrix.npz
archivewk1.hypotheses.org/17919;histoire_d, époque contemporaine_t, 1914-1918_t;Datasets/all_labels_train_gensim_sparse_matrix.npz
intersex.hypotheses.org/1995;histoire_d, biomédecine_d, étude des genres_t, histoire des sciences_t, histoire_t, histoire du droit_t, moyen âge_t, xxie siècle_t;Datasets/all_labels_train_gensim_sparse_matrix.npz
1914lvr.hypotheses.org/53;sciences politiques_d, histoire_t, époque contemporaine_t, 1914-1918_t;Datasets/all_labels_train_gensim_sparse_matrix.npz
archivalia.hypotheses.org/8636;histoire et archéologie_d, sciences sociales interdisciplinaires_d, histoire_t, approches de corpus_t, enquêtes_t, archives_t;Datasets/all_labels_train_gensim_sparse_matrix.npz
dhmuc.hypotheses.org/1330;humanités pluridisciplinaires_d, communication_d, pluridisciplinarité_d, sciences sociales interdisciplinaires_d, études des sciences_t, édition électronique_t, digital humanities_t;Datasets/all_labels_train_gensim_sparse_matrix.npz
archivalia.hypotheses.org/1878;histoire et archéologie_d, sciences sociales interdisciplinaires_d, histoire_t, approches de corpus_t, enquêtes_t, archives_t;Datasets/all_labels_train_gensim_sparse_matrix.npz
archivewk1.hypotheses.org/11652;histoire_d, époque contemporaine_t, 1914-1918_t;Datasets/all_labels_train_gensim_sparse_matrix.npz
archivalia.hypotheses.org/8536;histoire et archéologie_d, sciences sociales interdisciplinaires_d, histoire_t, approches de corpus_t, enquêtes_t, archives_t;Datasets/all_labels_train_gensim_sparse_matrix.npz
dfmfa.hypotheses.org/1577;humanités pluridisciplinaires_d, sciences sociales interdisciplinaires_d, histoire_t, moyen âge_t, haut moyen âge_t, bas moyen âge_t;Datasets/all_labels_train_gensim_sparse_matrix.npz
archivewk1.hypotheses.org/13531;histoire_d, époque contemporaine_t, 1914-1918_t;Datasets/all_labels_train_gensim_sparse_matrix.npz
liparchiv.hypotheses.org/688;histoire et archéologie_d, sciences politiques_d, administration publique et développement_d, histoire urbaine_t, patrimoine_t, sciences auxiliaires de l'histoire_t, approches de corpus_t, enquêtes_t, archives_t, europe_t;Datasets/all_labels_train_gensim_sparse_matrix.npz
archivalia.hypotheses.org/6248;histoire et archéologie_d, sciences sociales interdisciplinaires_d, histoire_t, approches de corpus_t, enquêtes_t, archives_t;Datasets/all_labels_train_gensim_sparse_matrix.npz
archivalia.hypotheses.org/3395;histoire et archéologie_d, sciences sociales interdisciplinaires_d, histoire_t, approches de corpus_t, enquêtes_t, archives_t;Datasets/all_labels_train_gensim_sparse_matrix.npz
archivalia.hypotheses.org/56770;histoire et archéologie_d, sciences sociales interdisciplinaires_d, histoire_t, approches de corpus_t, enquêtes_t, archives_t;Datasets/all_labels_train_gensim_sparse_matrix.npz
beruf.hypotheses.org/309;histoire et archéologie_d, histoire_d, histoire_t;Datasets/all_labels_train_gensim_sparse_matrix.npz
uegg.hypotheses.org/86;histoire_d, histoire_t, histoire politique_t, époque contemporaine_t, xxe siècle_t, prospectives_t;Datasets/all_labels_train_gensim_sparse_matrix.npz
archivewk1.hypotheses.org/22523;histoire_d, époque contemporaine_t, 1914-1918_t;Datasets/all_labels_train_gensim_sparse_matrix.npz
historischdenken.hypotheses.org/2196;histoire et archéologie_d, histoire_t;Datasets/all_labels_train_gensim_sparse_matrix.npz
archivewk1.hypotheses.org/17823;histoire_d, époque contemporaine_t, 1914-1918_t;Datasets/all_labels_train_gensim_sparse_matrix.npz
archivalia.hypotheses.org/360;histoire et archéologie_d, sciences sociales interdisciplinaires_d, histoire_t, approches de corpus_t, enquêtes_t, archives_t;Datasets/all_labels_train_gensim_sparse_matrix.npz
archivewk1.hypotheses.org/4436;histoire_d, époque contemporaine_t, 1914-1918_t;Datasets/all_labels_train_gensim_sparse_matrix.npz
gewalt.hypotheses.org/127;sciences politiques_d, sociologie_d, sociologie_t, sociologie urbaine_t, anthropologie politique_t, histoire urbaine_t, guerres_t, conflits_t, violence_t;Datasets/all_labels_train_gensim_sparse_matrix.npz
archivalia.hypotheses.org/11184;histoire et archéologie_d, sciences sociales interdisciplinaires_d, histoire_t, approches de corpus_t, enquêtes_t, archives_t;Datasets/all_labels_train_gensim_sparse_matrix.npz
soziologieblog.hypotheses.org/9457;sciences sociales interdisciplinaires_d, sociologie et anthropologie_d, sociologie du travail_t, sociologie urbaine_t, sociologie de la culture_t, sociologie économique_t;Datasets/all_labels_train_gensim_sparse_matrix.npz
archivalia.hypotheses.org/61370;histoire et archéologie_d, sciences sociales interdisciplinaires_d, histoire_t, approches de corpus_t, enquêtes_t, archives_t;Datasets/all_labels_train_gensim_sparse_matrix.npz
lvrafz.hypotheses.org/1989;pluridisciplinarité_d, information_t;Datasets/all_labels_train_gensim_sparse_matrix.npz
archivalia.hypotheses.org/9841;histoire et archéologie_d, sciences sociales interdisciplinaires_d, histoire_t, approches de corpus_t, enquêtes_t, archives_t;Datasets/all_labels_train_gensim_sparse_matrix.npz
1914lvr.hypotheses.org/179;sciences politiques_d, histoire_t, époque contemporaine_t, 1914-1918_t;Datasets/all_labels_train_gensim_sparse_matrix.npz
archivalia.hypotheses.org/4458;histoire et archéologie_d, sciences sociales interdisciplinaires_d, histoire_t, approches de corpus_t, enquêtes_t, archives_t;Datasets/all_labels_train_gensim_sparse_matrix.npz
frueheneuzeit.hypotheses.org/2016;histoire et archéologie_d, histoire_t, époque moderne_t, xviie siècle_t, xviiie siècle_t, révolution française_t;Datasets/all_labels_train_gensim_sparse_matrix.npz
ordensgeschichte.hypotheses.org/4577;arts et humanités_d, humanités pluridisciplinaires_d, histoire et archéologie_d, histoire et philosophie des sciences_d, histoire_t, haut moyen âge_t, bas moyen âge_t, xviie siècle_t, xviiie siècle_t;Datasets/all_labels_train_gensim_sparse_matrix.npz
leibnizarc.hypotheses.org/144;éducation_d, histoire et archéologie_d, sciences de l'information et bibliothéconomie_d, études des sciences_t, histoire industrielle_t, histoire de l'art_t;Datasets/all_labels_train_gensim_sparse_matrix.npz
liparchiv.hypotheses.org/926;histoire et archéologie_d, sciences politiques_d, administration publique et développement_d, histoire urbaine_t, patrimoine_t, sciences auxiliaires de l'histoire_t, approches de corpus_t, enquêtes_t, archives_t, europe_t;Datasets/all_labels_train_gensim_sparse_matrix.npz
archive20.hypotheses.org/788;pluridisciplinarité_d, sciences sociales interdisciplinaires_d, histoire_t, information_t, patrimoine_t, monde germanique_t;Datasets/all_labels_train_gensim_sparse_matrix.npz
grham.hypotheses.org/2532;arts_d, humanités pluridisciplinaires_d, histoire_d, histoire_t, histoire culturelle_t, histoire de l'art_t, xviie siècle_t, xviiie siècle_t;Datasets/all_labels_train_gensim_sparse_matrix.npz
archivalia.hypotheses.org/11961;histoire et archéologie_d, sciences sociales interdisciplinaires_d, histoire_t, approches de corpus_t, enquêtes_t, archives_t;Datasets/all_labels_train_gensim_sparse_matrix.npz
ordensgeschichte.hypotheses.org/891;arts et humanités_d, humanités pluridisciplinaires_d, histoire et archéologie_d, histoire et philosophie des sciences_d, histoire_t, haut moyen âge_t, bas moyen âge_t, xviie siècle_t, xviiie siècle_t;Datasets/all_labels_train_gensim_sparse_matrix.npz
zakunibonn.hypotheses.org/588;histoire_d, psychologie_d, histoire_t, psychisme_t, psychologie_t, méthodes de traitement et de représentation_t, monde germanique_t;Datasets/all_labels_train_gensim_sparse_matrix.npz
archivalia.hypotheses.org/5655;histoire et archéologie_d, sciences sociales interdisciplinaires_d, histoire_t, approches de corpus_t, enquêtes_t, archives_t;Datasets/all_labels_train_gensim_sparse_matrix.npz
inklusion.hypotheses.org/1619;éducation_d, travail social et politique sociale_d, sociologie du travail_t, âges de la vie_t, information_t, sciences de l'éducation_t;Datasets/all_labels_train_gensim_sparse_matrix.npz
achtundvierzig.hypotheses.org/729;sciences politiques_d, histoire_d, époque contemporaine_t, prospectives_t, histoire politique_t, monde germanique_t;Datasets/all_labels_train_gensim_sparse_matrix.npz
archivalia.hypotheses.org/11697;histoire et archéologie_d, sciences sociales interdisciplinaires_d, histoire_t, approches de corpus_t, enquêtes_t, archives_t;Datasets/all_labels_train_gensim_sparse_matrix.npz
archivewk1.hypotheses.org/16671;histoire_d, époque contemporaine_t, 1914-1918_t;Datasets/all_labels_train_gensim_sparse_matrix.npz
archivalia.hypotheses.org/12385;histoire et archéologie_d, sciences sociales interdisciplinaires_d, histoire_t, approches de corpus_t, enquêtes_t, archives_t;Datasets/all_labels_train_gensim_sparse_matrix.npz
archivewk1.hypotheses.org/6119;histoire_d, époque contemporaine_t, 1914-1918_t;Datasets/all_labels_train_gensim_sparse_matrix.npz
archivalia.hypotheses.org/12239;histoire et archéologie_d, sciences sociales interdisciplinaires_d, histoire_t, approches de corpus_t, enquêtes_t, archives_t;Datasets/all_labels_train_gensim_sparse_matrix.npz
reichwein.hypotheses.org/1933;histoire et archéologie_d, histoire des sciences_t, 1945-1989_t;Datasets/all_labels_train_gensim_sparse_matrix.npz
archivalia.hypotheses.org/12473;histoire et archéologie_d, sciences sociales interdisciplinaires_d, histoire_t, approches de corpus_t, enquêtes_t, archives_t;Datasets/all_labels_train_gensim_sparse_matrix.npz
archivalia.hypotheses.org/1839;histoire et archéologie_d, sciences sociales interdisciplinaires_d, histoire_t, approches de corpus_t, enquêtes_t, archives_t;Datasets/all_labels_train_gensim_sparse_matrix.npz
inklusion.hypotheses.org/2377;éducation_d, travail social et politique sociale_d, sociologie du travail_t, âges de la vie_t, information_t, sciences de l'éducation_t;Datasets/all_labels_train_gensim_sparse_matrix.npz
archivalia.hypotheses.org/11213;histoire et archéologie_d, sciences sociales interdisciplinaires_d, histoire_t, approches de corpus_t, enquêtes_t, archives_t;Datasets/all_labels_train_gensim_sparse_matrix.npz
archivalia.hypotheses.org/6660;histoire et archéologie_d, sciences sociales interdisciplinaires_d, histoire_t, approches de corpus_t, enquêtes_t, archives_t;Datasets/all_labels_train_gensim_sparse_matrix.npz
mindthegaps.hypotheses.org/1475;études asiatiques_d, histoire_d, histoire_t, histoire culturelle_t, asie_t, chine_t;Datasets/all_labels_train_gensim_sparse_matrix.npz
games.hypotheses.org/843;arts et humanités_d, humanités pluridisciplinaires_d, psychologie expérimentale_d, sciences cognitives_t, psychisme_t, psychologie_t, représentations_t, histoire de l'art_t, études visuelles_t;Datasets/all_labels_train_gensim_sparse_matrix.npz
games.hypotheses.org/1387;arts et humanités_d, humanités pluridisciplinaires_d, psychologie expérimentale_d, sciences cognitives_t, psychisme_t, psychologie_t, représentations_t, histoire de l'art_t, études visuelles_t;Datasets/all_labels_train_gensim_sparse_matrix.npz
archivalia.hypotheses.org/58735;histoire et archéologie_d, sciences sociales interdisciplinaires_d, histoire_t, approches de corpus_t, enquêtes_t, archives_t;Datasets/all_labels_train_gensim_sparse_matrix.npz
reichwein.hypotheses.org/1901;histoire et archéologie_d, histoire des sciences_t, 1945-1989_t;Datasets/all_labels_train_gensim_sparse_matrix.npz
kriegsfoto.hypotheses.org/137;arts_d, histoire_d, communication_d, guerres_t, conflits_t, violence_t, études visuelles_t, époque contemporaine_t, europe centrale et orientale_t;Datasets/all_labels_train_gensim_sparse_matrix.npz
reichwein.hypotheses.org/1560;histoire et archéologie_d, histoire des sciences_t, 1945-1989_t;Datasets/all_labels_train_gensim_sparse_matrix.npz
ordensgeschichte.hypotheses.org/10698;arts et humanités_d, humanités pluridisciplinaires_d, histoire et archéologie_d, histoire et philosophie des sciences_d, histoire_t, haut moyen âge_t, bas moyen âge_t, xviie siècle_t, xviiie siècle_t;Datasets/all_labels_train_gensim_sparse_matrix.npz
1914lvr.hypotheses.org/238;sciences politiques_d, histoire_t, époque contemporaine_t, 1914-1918_t;Datasets/all_labels_train_gensim_sparse_matrix.npz
archivewk1.hypotheses.org/22943;histoire_d, époque contemporaine_t, 1914-1918_t;Datasets/all_labels_train_gensim_sparse_matrix.npz
amuc.hypotheses.org/2028;humanités pluridisciplinaires_d, histoire_d, histoire_t, représentations_t, patrimoine_t;Datasets/all_labels_train_gensim_sparse_matrix.npz
studpro.hypotheses.org/81;histoire_d, histoire_t, époque moderne_t, xviie siècle_t, xviiie siècle_t;Datasets/all_labels_train_gensim_sparse_matrix.npz
archivewk1.hypotheses.org/15835;histoire_d, époque contemporaine_t, 1914-1918_t;Datasets/all_labels_train_gensim_sparse_matrix.npz
archivewk1.hypotheses.org/4537;histoire_d, époque contemporaine_t, 1914-1918_t;Datasets/all_labels_train_gensim_sparse_matrix.npz
heraldica.hypotheses.org/888;histoire_d, histoire_t, historiographie_t, sciences auxiliaires de l'histoire_t, moyen âge_t, haut moyen âge_t;Datasets/all_labels_train_gensim_sparse_matrix.npz
archivalia.hypotheses.org/10247;histoire et archéologie_d, sciences sociales interdisciplinaires_d, histoire_t, approches de corpus_t, enquêtes_t, archives_t;Datasets/all_labels_train_gensim_sparse_matrix.npz
musermeku.hypotheses.org/1573;humanités pluridisciplinaires_d, pluridisciplinarité_d, sciences sociales interdisciplinaires_d, sociologie_t, sociologie de la culture_t, histoire_t, histoire politique_t;Datasets/all_labels_train_gensim_sparse_matrix.npz
archivalia.hypotheses.org/56870;histoire et archéologie_d, sciences sociales interdisciplinaires_d, histoire_t, approches de corpus_t, enquêtes_t, archives_t;Datasets/all_labels_train_gensim_sparse_matrix.npz
rkb.hypotheses.org/462;arts et humanités_d, communication_d, sciences de l'information et bibliothéconomie_d, sociologie des sciences_t, édition électronique_t, histoire et sociologie des médias_t;Datasets/all_labels_train_gensim_sparse_matrix.npz
archivalia.hypotheses.org/7204;histoire et archéologie_d, sciences sociales interdisciplinaires_d, histoire_t, approches de corpus_t, enquêtes_t, archives_t;Datasets/all_labels_train_gensim_sparse_matrix.npz
archivamt.hypotheses.org/2786;communication_d, pluridisciplinarité_d, sciences sociales interdisciplinaires_d, information_t, sciences de l'information_t, représentations_t, patrimoine_t;Datasets/all_labels_train_gensim_sparse_matrix.npz
archivalia.hypotheses.org/12894;histoire et archéologie_d, sciences sociales interdisciplinaires_d, histoire_t, approches de corpus_t, enquêtes_t, archives_t;Datasets/all_labels_train_gensim_sparse_matrix.npz
archive20.hypotheses.org/1796;pluridisciplinarité_d, sciences sociales interdisciplinaires_d, histoire_t, information_t, patrimoine_t, monde germanique_t;Datasets/all_labels_train_gensim_sparse_matrix.npz
philophiso.hypotheses.org/185;philosophie_d, éducation_d, éducation spécialisée_d, pensée_t, philosophie_t, représentations_t, patrimoine_t;Datasets/all_labels_train_gensim_sparse_matrix.npz
archive20.hypotheses.org/2564;pluridisciplinarité_d, sciences sociales interdisciplinaires_d, histoire_t, information_t, patrimoine_t, monde germanique_t;Datasets/all_labels_train_gensim_sparse_matrix.npz
archivalia.hypotheses.org/10525;histoire et archéologie_d, sciences sociales interdisciplinaires_d, histoire_t, approches de corpus_t, enquêtes_t, archives_t;Datasets/all_labels_train_gensim_sparse_matrix.npz
archivalia.hypotheses.org/52293;histoire et archéologie_d, sciences sociales interdisciplinaires_d, histoire_t, approches de corpus_t, enquêtes_t, archives_t;Datasets/all_labels_train_gensim_sparse_matrix.npz
archivalia.hypotheses.org/12165;histoire et archéologie_d, sciences sociales interdisciplinaires_d, histoire_t, approches de corpus_t, enquêtes_t, archives_t;Datasets/all_labels_train_gensim_sparse_matrix.npz
archivalia.hypotheses.org/8759;histoire et archéologie_d, sciences sociales interdisciplinaires_d, histoire_t, approches de corpus_t, enquêtes_t, archives_t;Datasets/all_labels_train_gensim_sparse_matrix.npz
redaktionsblog.hypotheses.org/732;arts et humanités_d, humanités pluridisciplinaires_d, épistémologie et méthodes_t, digital humanities_t;Datasets/all_labels_train_gensim_sparse_matrix.npz
dhdhi.hypotheses.org/254;histoire et archéologie_d, histoire_t, épistémologie et méthodes_t, digital humanities_t;Datasets/all_labels_train_gensim_sparse_matrix.npz
archivalia.hypotheses.org/13393;histoire et archéologie_d, sciences sociales interdisciplinaires_d, histoire_t, approches de corpus_t, enquêtes_t, archives_t;Datasets/all_labels_train_gensim_sparse_matrix.npz
irhis.hypotheses.org/2364;arts et humanités_d, histoire et archéologie_d, histoire économique_t, histoire sociale_t, études visuelles_t;Datasets/all_labels_train_gensim_sparse_matrix.npz
ordensgeschichte.hypotheses.org/6796;arts et humanités_d, humanités pluridisciplinaires_d, histoire et archéologie_d, histoire et philosophie des sciences_d, histoire_t, haut moyen âge_t, bas moyen âge_t, xviie siècle_t, xviiie siècle_t;Datasets/all_labels_train_gensim_sparse_matrix.npz
archivalia.hypotheses.org/11416;histoire et archéologie_d, sciences sociales interdisciplinaires_d, histoire_t, approches de corpus_t, enquêtes_t, archives_t;Datasets/all_labels_train_gensim_sparse_matrix.npz
archivalia.hypotheses.org/10458;histoire et archéologie_d, sciences sociales interdisciplinaires_d, histoire_t, approches de corpus_t, enquêtes_t, archives_t;Datasets/all_labels_train_gensim_sparse_matrix.npz
archivalia.hypotheses.org/11662;histoire et archéologie_d, sciences sociales interdisciplinaires_d, histoire_t, approches de corpus_t, enquêtes_t, archives_t;Datasets/all_labels_train_gensim_sparse_matrix.npz
archive20.hypotheses.org/1072;pluridisciplinarité_d, sciences sociales interdisciplinaires_d, histoire_t, information_t, patrimoine_t, monde germanique_t;Datasets/all_labels_train_gensim_sparse_matrix.npz
archivalia.hypotheses.org/8254;histoire et archéologie_d, sciences sociales interdisciplinaires_d, histoire_t, approches de corpus_t, enquêtes_t, archives_t;Datasets/all_labels_train_gensim_sparse_matrix.npz
archivalia.hypotheses.org/53416;histoire et archéologie_d, sciences sociales interdisciplinaires_d, histoire_t, approches de corpus_t, enquêtes_t, archives_t;Datasets/all_labels_train_gensim_sparse_matrix.npz
frueheneuzeit.hypotheses.org/1836;histoire et archéologie_d, histoire_t, époque moderne_t, xviie siècle_t, xviiie siècle_t, révolution française_t;Datasets/all_labels_train_gensim_sparse_matrix.npz
nordichistoryblog.hypotheses.org/211;arts et humanités_d, histoire et archéologie_d, histoire_t, édition électronique_t, vie de la recherche_t, approches de corpus_t, enquêtes_t, archives_t, europe_t, pays baltes et scandinaves_t;Datasets/all_labels_train_gensim_sparse_matrix.npz
histbav.hypotheses.org/3261;humanités pluridisciplinaires_d, histoire_d, pluridisciplinarité_d, histoire_t, monde germanique_t;Datasets/all_labels_train_gensim_sparse_matrix.npz
trafo.hypotheses.org/372;pluridisciplinarité_d, sciences sociales interdisciplinaires_d, études régionales_d, sociologie_t, sociologie des religions_t, information_t, histoire culturelle_t;Datasets/all_labels_train_gensim_sparse_matrix.npz
archivalia.hypotheses.org/59439;histoire et archéologie_d, sciences sociales interdisciplinaires_d, histoire_t, approches de corpus_t, enquêtes_t, archives_t;Datasets/all_labels_train_gensim_sparse_matrix.npz
francofil.hypotheses.org/1469;pluridisciplinarité_d, sciences sociales interdisciplinaires_d, histoire_t, épistémologie et méthodes_t, approches de corpus_t, enquêtes_t, archives_t, france_t;Datasets/all_labels_train_gensim_sparse_matrix.npz
ordensgeschichte.hypotheses.org/10636;arts et humanités_d, humanités pluridisciplinaires_d, histoire et archéologie_d, histoire et philosophie des sciences_d, histoire_t, haut moyen âge_t, bas moyen âge_t, xviie siècle_t, xviiie siècle_t;Datasets/all_labels_train_gensim_sparse_matrix.npz
ordensgeschichte.hypotheses.org/7647;arts et humanités_d, humanités pluridisciplinaires_d, histoire et archéologie_d, histoire et philosophie des sciences_d, histoire_t, haut moyen âge_t, bas moyen âge_t, xviie siècle_t, xviiie siècle_t;Datasets/all_labels_train_gensim_sparse_matrix.npz
kristinoswald.hypotheses.org/1268;études anciennes_d, études des sciences_t, histoire_t, histoire et sociologie des médias_t, histoire culturelle_t, digital humanities_t;Datasets/all_labels_train_gensim_sparse_matrix.npz
archivamt.hypotheses.org/1521;communication_d, pluridisciplinarité_d, sciences sociales interdisciplinaires_d, information_t, sciences de l'information_t, représentations_t, patrimoine_t;Datasets/all_labels_train_gensim_sparse_matrix.npz
archivalia.hypotheses.org/52734;histoire et archéologie_d, sciences sociales interdisciplinaires_d, histoire_t, approches de corpus_t, enquêtes_t, archives_t;Datasets/all_labels_train_gensim_sparse_matrix.npz
lvrafz.hypotheses.org/1422;pluridisciplinarité_d, information_t;Datasets/all_labels_train_gensim_sparse_matrix.npz
archivewk1.hypotheses.org/7444;histoire_d, époque contemporaine_t, 1914-1918_t;Datasets/all_labels_train_gensim_sparse_matrix.npz
archivalia.hypotheses.org/5167;histoire et archéologie_d, sciences sociales interdisciplinaires_d, histoire_t, approches de corpus_t, enquêtes_t, archives_t;Datasets/all_labels_train_gensim_sparse_matrix.npz
soziologieblog.hypotheses.org/3196;sciences sociales interdisciplinaires_d, sociologie et anthropologie_d, sociologie du travail_t, sociologie urbaine_t, sociologie de la culture_t, sociologie économique_t;Datasets/all_labels_train_gensim_sparse_matrix.npz
soziologieblog.hypotheses.org/9172;sciences sociales interdisciplinaires_d, sociologie et anthropologie_d, sociologie du travail_t, sociologie urbaine_t, sociologie de la culture_t, sociologie économique_t;Datasets/all_labels_train_gensim_sparse_matrix.npz
archivalia.hypotheses.org/11140;histoire et archéologie_d, sciences sociales interdisciplinaires_d, histoire_t, approches de corpus_t, enquêtes_t, archives_t;Datasets/all_labels_train_gensim_sparse_matrix.npz
fortifica.hypotheses.org/323;histoire et archéologie_d, histoire_d, histoire urbaine_t, xvie siècle_t, xviie siècle_t, xviiie siècle_t;Datasets/all_labels_train_gensim_sparse_matrix.npz
archivewk1.hypotheses.org/1454;histoire_d, époque contemporaine_t, 1914-1918_t;Datasets/all_labels_train_gensim_sparse_matrix.npz
histbav.hypotheses.org/3583;humanités pluridisciplinaires_d, histoire_d, pluridisciplinarité_d, histoire_t, monde germanique_t;Datasets/all_labels_train_gensim_sparse_matrix.npz
archivalia.hypotheses.org/7997;histoire et archéologie_d, sciences sociales interdisciplinaires_d, histoire_t, approches de corpus_t, enquêtes_t, archives_t;Datasets/all_labels_train_gensim_sparse_matrix.npz
mittelalter.hypotheses.org/8282;humanités pluridisciplinaires_d, religions_d, histoire_d, sociologie_d, histoire_t, histoire sociale_t, histoire intellectuelle_t, moyen âge_t, haut moyen âge_t, bas moyen âge_t;Datasets/all_labels_train_gensim_sparse_matrix.npz
archivalia.hypotheses.org/6884;histoire et archéologie_d, sciences sociales interdisciplinaires_d, histoire_t, approches de corpus_t, enquêtes_t, archives_t;Datasets/all_labels_train_gensim_sparse_matrix.npz
games.hypotheses.org/1194;arts et humanités_d, humanités pluridisciplinaires_d, psychologie expérimentale_d, sciences cognitives_t, psychisme_t, psychologie_t, représentations_t, histoire de l'art_t, études visuelles_t;Datasets/all_labels_train_gensim_sparse_matrix.npz
archivalia.hypotheses.org/1241;histoire et archéologie_d, sciences sociales interdisciplinaires_d, histoire_t, approches de corpus_t, enquêtes_t, archives_t;Datasets/all_labels_train_gensim_sparse_matrix.npz
archivalia.hypotheses.org/7355;histoire et archéologie_d, sciences sociales interdisciplinaires_d, histoire_t, approches de corpus_t, enquêtes_t, archives_t;Datasets/all_labels_train_gensim_sparse_matrix.npz
archivewk1.hypotheses.org/4762;histoire_d, époque contemporaine_t, 1914-1918_t;Datasets/all_labels_train_gensim_sparse_matrix.npz
ordensgeschichte.hypotheses.org/10539;arts et humanités_d, humanités pluridisciplinaires_d, histoire et archéologie_d, histoire et philosophie des sciences_d, histoire_t, haut moyen âge_t, bas moyen âge_t, xviie siècle_t, xviiie siècle_t;Datasets/all_labels_train_gensim_sparse_matrix.npz
archivewk1.hypotheses.org/5236;histoire_d, époque contemporaine_t, 1914-1918_t;Datasets/all_labels_train_gensim_sparse_matrix.npz
archivalia.hypotheses.org/9916;histoire et archéologie_d, sciences sociales interdisciplinaires_d, histoire_t, approches de corpus_t, enquêtes_t, archives_t;Datasets/all_labels_train_gensim_sparse_matrix.npz
schlehen.hypotheses.org/895;éducation_d, langage_t, éducation_t, sciences de l'éducation_t, linguistique_t;Datasets/all_labels_train_gensim_sparse_matrix.npz
archivalia.hypotheses.org/2743;histoire et archéologie_d, sciences sociales interdisciplinaires_d, histoire_t, approches de corpus_t, enquêtes_t, archives_t;Datasets/all_labels_train_gensim_sparse_matrix.npz
archivalia.hypotheses.org/8672;histoire et archéologie_d, sciences sociales interdisciplinaires_d, histoire_t, approches de corpus_t, enquêtes_t, archives_t;Datasets/all_labels_train_gensim_sparse_matrix.npz
lacriee.hypotheses.org/58929;sciences sociales interdisciplinaires_d, édition électronique_t;Datasets/all_labels_train_gensim_sparse_matrix.npz
histgymbib.hypotheses.org/2106;arts et humanités_d, humanités pluridisciplinaires_d, sciences de l'information et de la communication_d, bibliothéconomie_d, sciences sociales interdisciplinaires_d, éducation_t, xvie siècle_t, xviie siècle_t, xviiie siècle_t, prospectives_t;Datasets/all_labels_train_gensim_sparse_matrix.npz
maxweber.hypotheses.org/916;humanités pluridisciplinaires_d, histoire et archéologie_d, histoire et philosophie des sciences_d, sociologie et anthropologie_d, histoire sociale_t, histoire intellectuelle_t, sociologie des religions_t, vie de la recherche_t;Datasets/all_labels_train_gensim_sparse_matrix.npz
archivalia.hypotheses.org/57488;histoire et archéologie_d, sciences sociales interdisciplinaires_d, histoire_t, approches de corpus_t, enquêtes_t, archives_t;Datasets/all_labels_train_gensim_sparse_matrix.npz
gab.hypotheses.org/1180;histoire et archéologie_d, pluridisciplinarité_d, sciences sociales interdisciplinaires_d, études des sciences_t, sociologie des sciences_t, histoire_t;Datasets/all_labels_train_gensim_sparse_matrix.npz
archivalia.hypotheses.org/8040;histoire et archéologie_d, sciences sociales interdisciplinaires_d, histoire_t, approches de corpus_t, enquêtes_t, archives_t;Datasets/all_labels_train_gensim_sparse_matrix.npz
archivekod.hypotheses.org/488;religions_d, histoire et archéologie_d, sciences de l'information et de la communication_d, bibliothéconomie_d, communication_d, histoire_t, histoire des religions_t, patrimoine_t;Datasets/all_labels_train_gensim_sparse_matrix.npz
histbav.hypotheses.org/2155;humanités pluridisciplinaires_d, histoire_d, pluridisciplinarité_d, histoire_t, monde germanique_t;Datasets/all_labels_train_gensim_sparse_matrix.npz
grammata.hypotheses.org/422;études anciennes_d, religions_d, littérature_d, religions_t, littératures_t;Datasets/all_labels_train_gensim_sparse_matrix.npz
archivalia.hypotheses.org/3368;histoire et archéologie_d, sciences sociales interdisciplinaires_d, histoire_t, approches de corpus_t, enquêtes_t, archives_t;Datasets/all_labels_train_gensim_sparse_matrix.npz
musermeku.hypotheses.org/4284;humanités pluridisciplinaires_d, pluridisciplinarité_d, sciences sociales interdisciplinaires_d, sociologie_t, sociologie de la culture_t, histoire_t, histoire politique_t;Datasets/all_labels_train_gensim_sparse_matrix.npz
erinnerung.hypotheses.org/80;histoire et archéologie_d, histoire_t, xxe siècle_t, prospectives_t, europe_t;Datasets/all_labels_train_gensim_sparse_matrix.npz
redaktionsblog.hypotheses.org/1470;arts et humanités_d, humanités pluridisciplinaires_d, épistémologie et méthodes_t, digital humanities_t;Datasets/all_labels_train_gensim_sparse_matrix.npz
archivalia.hypotheses.org/2740;histoire et archéologie_d, sciences sociales interdisciplinaires_d, histoire_t, approches de corpus_t, enquêtes_t, archives_t;Datasets/all_labels_train_gensim_sparse_matrix.npz
siegelblog.hypotheses.org/79;histoire_d, histoire et sociologie des médias_t, histoire de l'art_t, haut moyen âge_t;Datasets/all_labels_train_gensim_sparse_matrix.npz
archivalia.hypotheses.org/5131;histoire et archéologie_d, sciences sociales interdisciplinaires_d, histoire_t, approches de corpus_t, enquêtes_t, archives_t;Datasets/all_labels_train_gensim_sparse_matrix.npz
digigw.hypotheses.org/605;humanités pluridisciplinaires_d, histoire_t, édition électronique_t, sciences auxiliaires de l'histoire_t, digital humanities_t;Datasets/all_labels_train_gensim_sparse_matrix.npz
jeunegen.hypotheses.org/1203;histoire_d, pluridisciplinarité_d, histoire_t, vie de la recherche_t, moyen âge_t, haut moyen âge_t, bas moyen âge_t;Datasets/all_labels_train_gensim_sparse_matrix.npz
archivewk1.hypotheses.org/6874;histoire_d, époque contemporaine_t, 1914-1918_t;Datasets/all_labels_train_gensim_sparse_matrix.npz
studpro.hypotheses.org/666;histoire_d, histoire_t, époque moderne_t, xviie siècle_t, xviiie siècle_t;Datasets/all_labels_train_gensim_sparse_matrix.npz
archivalia.hypotheses.org/371;histoire et archéologie_d, sciences sociales interdisciplinaires_d, histoire_t, approches de corpus_t, enquêtes_t, archives_t;Datasets/all_labels_train_gensim_sparse_matrix.npz
bereschitrabba.hypotheses.org/762;arts et humanités_d, religions_d, langue et linguistique_d, religions_t, histoire des religions_t;Datasets/all_labels_train_gensim_sparse_matrix.npz
soziologieblog.hypotheses.org/9054;sciences sociales interdisciplinaires_d, sociologie et anthropologie_d, sociologie du travail_t, sociologie urbaine_t, sociologie de la culture_t, sociologie économique_t;Datasets/all_labels_train_gensim_sparse_matrix.npz
archivewk1.hypotheses.org/3041;histoire_d, époque contemporaine_t, 1914-1918_t;Datasets/all_labels_train_gensim_sparse_matrix.npz
intersex.hypotheses.org/1062;histoire_d, biomédecine_d, étude des genres_t, histoire des sciences_t, histoire_t, histoire du droit_t, moyen âge_t, xxie siècle_t;Datasets/all_labels_train_gensim_sparse_matrix.npz
archivewk1.hypotheses.org/5503;histoire_d, époque contemporaine_t, 1914-1918_t;Datasets/all_labels_train_gensim_sparse_matrix.npz
medialogic.hypotheses.org/785;arts et humanités_d, sciences de l'information et de la communication_d, bibliothéconomie_d, sociologie_t;Datasets/all_labels_train_gensim_sparse_matrix.npz
archivalia.hypotheses.org/14483;histoire et archéologie_d, sciences sociales interdisciplinaires_d, histoire_t, approches de corpus_t, enquêtes_t, archives_t;Datasets/all_labels_train_gensim_sparse_matrix.npz
mgtud.hypotheses.org/363;humanités pluridisciplinaires_d, éducation_d, histoire et archéologie_d, histoire_d, histoire_t, histoire urbaine_t, édition électronique_t;Datasets/all_labels_train_gensim_sparse_matrix.npz
sdvigpress.hypotheses.org/389;langue et linguistique_d, philosophie_d, humanités pluridisciplinaires_d, épistémologie et méthodes_t, digital humanities_t, europe centrale et orientale_t, édition électronique_t, linguistique_t;Datasets/all_labels_train_gensim_sparse_matrix.npz
archive20.hypotheses.org/1315;pluridisciplinarité_d, sciences sociales interdisciplinaires_d, histoire_t, information_t, patrimoine_t, monde germanique_t;Datasets/all_labels_train_gensim_sparse_matrix.npz
mindthegaps.hypotheses.org/428;études asiatiques_d, histoire_d, histoire_t, histoire culturelle_t, asie_t, chine_t;Datasets/all_labels_train_gensim_sparse_matrix.npz
archivalia.hypotheses.org/11016;histoire et archéologie_d, sciences sociales interdisciplinaires_d, histoire_t, approches de corpus_t, enquêtes_t, archives_t;Datasets/all_labels_train_gensim_sparse_matrix.npz
trafo.hypotheses.org/3399;pluridisciplinarité_d, sciences sociales interdisciplinaires_d, études régionales_d, sociologie_t, sociologie des religions_t, information_t, histoire culturelle_t;Datasets/all_labels_train_gensim_sparse_matrix.npz
medialogic.hypotheses.org/385;arts et humanités_d, sciences de l'information et de la communication_d, bibliothéconomie_d, sociologie_t;Datasets/all_labels_train_gensim_sparse_matrix.npz
archivalia.hypotheses.org/8943;histoire et archéologie_d, sciences sociales interdisciplinaires_d, histoire_t, approches de corpus_t, enquêtes_t, archives_t;Datasets/all_labels_train_gensim_sparse_matrix.npz
archivalia.hypotheses.org/5633;histoire et archéologie_d, sciences sociales interdisciplinaires_d, histoire_t, approches de corpus_t, enquêtes_t, archives_t;Datasets/all_labels_train_gensim_sparse_matrix.npz
histbav.hypotheses.org/3960;humanités pluridisciplinaires_d, histoire_d, pluridisciplinarité_d, histoire_t, monde germanique_t;Datasets/all_labels_train_gensim_sparse_matrix.npz
archivalia.hypotheses.org/10989;histoire et archéologie_d, sciences sociales interdisciplinaires_d, histoire_t, approches de corpus_t, enquêtes_t, archives_t;Datasets/all_labels_train_gensim_sparse_matrix.npz
ordensgeschichte.hypotheses.org/6946;arts et humanités_d, humanités pluridisciplinaires_d, histoire et archéologie_d, histoire et philosophie des sciences_d, histoire_t, haut moyen âge_t, bas moyen âge_t, xviie siècle_t, xviiie siècle_t;Datasets/all_labels_train_gensim_sparse_matrix.npz
archivamt.hypotheses.org/4157;communication_d, pluridisciplinarité_d, sciences sociales interdisciplinaires_d, information_t, sciences de l'information_t, représentations_t, patrimoine_t;Datasets/all_labels_train_gensim_sparse_matrix.npz
tagebuch.hypotheses.org/113;histoire et archéologie_d, histoire_d, histoire_t, époque contemporaine_t, 1914-1918_t;Datasets/all_labels_train_gensim_sparse_matrix.npz
dkblog.hypotheses.org/935;histoire_d, histoire_t, époque moderne_t, xviie siècle_t;Datasets/all_labels_train_gensim_sparse_matrix.npz
archivalia.hypotheses.org/12594;histoire et archéologie_d, sciences sociales interdisciplinaires_d, histoire_t, approches de corpus_t, enquêtes_t, archives_t;Datasets/all_labels_train_gensim_sparse_matrix.npz
gid.hypotheses.org/46;pluridisciplinarité_d, sciences sociales interdisciplinaires_d, études des sciences_t, histoire des sciences_t, pensée_t, histoire intellectuelle_t, histoire culturelle_t, prospectives_t;Datasets/all_labels_train_gensim_sparse_matrix.npz
archives.hypotheses.org/1125;histoire_d, communication_d, patrimoine_t, digital humanities_t, moyen âge_t, époque moderne_t, france_t, monde germanique_t;Datasets/all_labels_train_gensim_sparse_matrix.npz
frueheneuzeit.hypotheses.org/575;histoire et archéologie_d, histoire_t, époque moderne_t, xviie siècle_t, xviiie siècle_t, révolution française_t;Datasets/all_labels_train_gensim_sparse_matrix.npz
dokunstlmu.hypotheses.org/1679;arts et humanités_d, histoire intellectuelle_t;Datasets/all_labels_train_gensim_sparse_matrix.npz
hofkultur.hypotheses.org/193;arts et humanités_d, histoire_d, histoire sociale_t, histoire culturelle_t, histoire de l'art_t;Datasets/all_labels_train_gensim_sparse_matrix.npz
archivalia.hypotheses.org/62189;histoire et archéologie_d, sciences sociales interdisciplinaires_d, histoire_t, approches de corpus_t, enquêtes_t, archives_t;Datasets/all_labels_train_gensim_sparse_matrix.npz
archivewk1.hypotheses.org/26540;histoire_d, époque contemporaine_t, 1914-1918_t;Datasets/all_labels_train_gensim_sparse_matrix.npz
zwopktnull.hypotheses.org/68;éducation_d, histoire_t, représentations_t;Datasets/all_labels_train_gensim_sparse_matrix.npz
historischdenken.hypotheses.org/1923;histoire et archéologie_d, histoire_t;Datasets/all_labels_train_gensim_sparse_matrix.npz
archivewk1.hypotheses.org/12684;histoire_d, époque contemporaine_t, 1914-1918_t;Datasets/all_labels_train_gensim_sparse_matrix.npz
liparchiv.hypotheses.org/858;histoire et archéologie_d, sciences politiques_d, administration publique et développement_d, histoire urbaine_t, patrimoine_t, sciences auxiliaires de l'histoire_t, approches de corpus_t, enquêtes_t, archives_t, europe_t;Datasets/all_labels_train_gensim_sparse_matrix.npz
1914lvr.hypotheses.org/1543;sciences politiques_d, histoire_t, époque contemporaine_t, 1914-1918_t;Datasets/all_labels_train_gensim_sparse_matrix.npz
gab.hypotheses.org/2606;histoire et archéologie_d, pluridisciplinarité_d, sciences sociales interdisciplinaires_d, études des sciences_t, sociologie des sciences_t, histoire_t;Datasets/all_labels_train_gensim_sparse_matrix.npz
archivewk1.hypotheses.org/21730;histoire_d, époque contemporaine_t, 1914-1918_t;Datasets/all_labels_train_gensim_sparse_matrix.npz
dkblog.hypotheses.org/155;histoire_d, histoire_t, époque moderne_t, xviie siècle_t;Datasets/all_labels_train_gensim_sparse_matrix.npz
archivewk1.hypotheses.org/26227;histoire_d, époque contemporaine_t, 1914-1918_t;Datasets/all_labels_train_gensim_sparse_matrix.npz
archivewk1.hypotheses.org/21691;histoire_d, époque contemporaine_t, 1914-1918_t;Datasets/all_labels_train_gensim_sparse_matrix.npz
dhmuc.hypotheses.org/774;humanités pluridisciplinaires_d, communication_d, pluridisciplinarité_d, sciences sociales interdisciplinaires_d, études des sciences_t, édition électronique_t, digital humanities_t;Datasets/all_labels_train_gensim_sparse_matrix.npz
beruf.hypotheses.org/461;histoire et archéologie_d, histoire_d, histoire_t;Datasets/all_labels_train_gensim_sparse_matrix.npz
digigw.hypotheses.org/1339;humanités pluridisciplinaires_d, histoire_t, édition électronique_t, sciences auxiliaires de l'histoire_t, digital humanities_t;Datasets/all_labels_train_gensim_sparse_matrix.npz
archivalia.hypotheses.org/5789;histoire et archéologie_d, sciences sociales interdisciplinaires_d, histoire_t, approches de corpus_t, enquêtes_t, archives_t;Datasets/all_labels_train_gensim_sparse_matrix.npz
lvrafz.hypotheses.org/1915;pluridisciplinarité_d, information_t;Datasets/all_labels_train_gensim_sparse_matrix.npz
archivalia.hypotheses.org/57395;histoire et archéologie_d, sciences sociales interdisciplinaires_d, histoire_t, approches de corpus_t, enquêtes_t, archives_t;Datasets/all_labels_train_gensim_sparse_matrix.npz
archivalia.hypotheses.org/9829;histoire et archéologie_d, sciences sociales interdisciplinaires_d, histoire_t, approches de corpus_t, enquêtes_t, archives_t;Datasets/all_labels_train_gensim_sparse_matrix.npz
archivewk1.hypotheses.org/3763;histoire_d, époque contemporaine_t, 1914-1918_t;Datasets/all_labels_train_gensim_sparse_matrix.npz
archivalia.hypotheses.org/11785;histoire et archéologie_d, sciences sociales interdisciplinaires_d, histoire_t, approches de corpus_t, enquêtes_t, archives_t;Datasets/all_labels_train_gensim_sparse_matrix.npz
smdr.hypotheses.org/73;histoire_d, histoire_t, xviie siècle_t, xviiie siècle_t, monde germanique_t, pays baltes et scandinaves_t;Datasets/all_labels_train_gensim_sparse_matrix.npz
etatsocial.hypotheses.org/781;histoire_d, histoire des sciences sociales_d, sociologie_d, économie_d, sociologie du travail_t, âges de la vie_t, xxe siècle_t;Datasets/all_labels_train_gensim_sparse_matrix.npz
archivalia.hypotheses.org/10238;histoire et archéologie_d, sciences sociales interdisciplinaires_d, histoire_t, approches de corpus_t, enquêtes_t, archives_t;Datasets/all_labels_train_gensim_sparse_matrix.npz
anthropologicalmaterialism.hypotheses.org/1923;sociologie_t, philosophie_t;Datasets/all_labels_train_gensim_sparse_matrix.npz
mindthegaps.hypotheses.org/712;études asiatiques_d, histoire_d, histoire_t, histoire culturelle_t, asie_t, chine_t;Datasets/all_labels_train_gensim_sparse_matrix.npz
archivewk1.hypotheses.org/12592;histoire_d, époque contemporaine_t, 1914-1918_t;Datasets/all_labels_train_gensim_sparse_matrix.npz
archivalia.hypotheses.org/5187;histoire et archéologie_d, sciences sociales interdisciplinaires_d, histoire_t, approches de corpus_t, enquêtes_t, archives_t;Datasets/all_labels_train_gensim_sparse_matrix.npz
archivalia.hypotheses.org/52238;histoire et archéologie_d, sciences sociales interdisciplinaires_d, histoire_t, approches de corpus_t, enquêtes_t, archives_t;Datasets/all_labels_train_gensim_sparse_matrix.npz
histbav.hypotheses.org/1689;humanités pluridisciplinaires_d, histoire_d, pluridisciplinarité_d, histoire_t, monde germanique_t;Datasets/all_labels_train_gensim_sparse_matrix.npz
francofil.hypotheses.org/2755;pluridisciplinarité_d, sciences sociales interdisciplinaires_d, histoire_t, épistémologie et méthodes_t, approches de corpus_t, enquêtes_t, archives_t, france_t;Datasets/all_labels_train_gensim_sparse_matrix.npz
archivewk1.hypotheses.org/8374;histoire_d, époque contemporaine_t, 1914-1918_t;Datasets/all_labels_train_gensim_sparse_matrix.npz
archivewk1.hypotheses.org/4813;histoire_d, époque contemporaine_t, 1914-1918_t;Datasets/all_labels_train_gensim_sparse_matrix.npz
archivewk1.hypotheses.org/19473;histoire_d, époque contemporaine_t, 1914-1918_t;Datasets/all_labels_train_gensim_sparse_matrix.npz
reichtum.hypotheses.org/330;économie_d, économie_d, histoire_d, histoire économique_t, histoire sociale_t;Datasets/all_labels_train_gensim_sparse_matrix.npz
tagebuch.hypotheses.org/1064;histoire et archéologie_d, histoire_d, histoire_t, époque contemporaine_t, 1914-1918_t;Datasets/all_labels_train_gensim_sparse_matrix.npz
archivalia.hypotheses.org/11206;histoire et archéologie_d, sciences sociales interdisciplinaires_d, histoire_t, approches de corpus_t, enquêtes_t, archives_t;Datasets/all_labels_train_gensim_sparse_matrix.npz
cereg.hypotheses.org/353;arts et humanités_d, histoire_d, littérature_d, monde germanique_t;Datasets/all_labels_train_gensim_sparse_matrix.npz
reichwein.hypotheses.org/1468;histoire et archéologie_d, histoire des sciences_t, 1945-1989_t;Datasets/all_labels_train_gensim_sparse_matrix.npz
archivalia.hypotheses.org/10906;histoire et archéologie_d, sciences sociales interdisciplinaires_d, histoire_t, approches de corpus_t, enquêtes_t, archives_t;Datasets/all_labels_train_gensim_sparse_matrix.npz
intersex.hypotheses.org/4239;histoire_d, biomédecine_d, étude des genres_t, histoire des sciences_t, histoire_t, histoire du droit_t, moyen âge_t, xxie siècle_t;Datasets/all_labels_train_gensim_sparse_matrix.npz
archivewk1.hypotheses.org/18555;histoire_d, époque contemporaine_t, 1914-1918_t;Datasets/all_labels_train_gensim_sparse_matrix.npz
archivalia.hypotheses.org/14337;histoire et archéologie_d, sciences sociales interdisciplinaires_d, histoire_t, approches de corpus_t, enquêtes_t, archives_t;Datasets/all_labels_train_gensim_sparse_matrix.npz
archivalia.hypotheses.org/7453;histoire et archéologie_d, sciences sociales interdisciplinaires_d, histoire_t, approches de corpus_t, enquêtes_t, archives_t;Datasets/all_labels_train_gensim_sparse_matrix.npz
archivalia.hypotheses.org/7697;histoire et archéologie_d, sciences sociales interdisciplinaires_d, histoire_t, approches de corpus_t, enquêtes_t, archives_t;Datasets/all_labels_train_gensim_sparse_matrix.npz
archivalia.hypotheses.org/12156;histoire et archéologie_d, sciences sociales interdisciplinaires_d, histoire_t, approches de corpus_t, enquêtes_t, archives_t;Datasets/all_labels_train_gensim_sparse_matrix.npz
sdvigpress.hypotheses.org/689;langue et linguistique_d, philosophie_d, humanités pluridisciplinaires_d, épistémologie et méthodes_t, digital humanities_t, europe centrale et orientale_t, édition électronique_t, linguistique_t;Datasets/all_labels_train_gensim_sparse_matrix.npz
majerus.hypotheses.org/688;histoire et archéologie_d, histoire des sciences sociales_d, histoire sociale_t, digital humanities_t, époque contemporaine_t, xxe siècle_t;Datasets/all_labels_train_gensim_sparse_matrix.npz
dislab.hypotheses.org/2103;sciences sociales interdisciplinaires_d, langue et linguistique_d, sociologie des sciences_t, linguistique_t;Datasets/all_labels_train_gensim_sparse_matrix.npz
archivewk1.hypotheses.org/16290;histoire_d, époque contemporaine_t, 1914-1918_t;Datasets/all_labels_train_gensim_sparse_matrix.npz
archivalia.hypotheses.org/8457;histoire et archéologie_d, sciences sociales interdisciplinaires_d, histoire_t, approches de corpus_t, enquêtes_t, archives_t;Datasets/all_labels_train_gensim_sparse_matrix.npz
archivalia.hypotheses.org/2546;histoire et archéologie_d, sciences sociales interdisciplinaires_d, histoire_t, approches de corpus_t, enquêtes_t, archives_t;Datasets/all_labels_train_gensim_sparse_matrix.npz
hofordnung.hypotheses.org/1;arts et humanités_d, histoire et archéologie_d, histoire sociale_t, xvie siècle_t, xviie siècle_t, xviiie siècle_t;Datasets/all_labels_train_gensim_sparse_matrix.npz
digigw.hypotheses.org/610;humanités pluridisciplinaires_d, histoire_t, édition électronique_t, sciences auxiliaires de l'histoire_t, digital humanities_t;Datasets/all_labels_train_gensim_sparse_matrix.npz
archivalia.hypotheses.org/9715;histoire et archéologie_d, sciences sociales interdisciplinaires_d, histoire_t, approches de corpus_t, enquêtes_t, archives_t;Datasets/all_labels_train_gensim_sparse_matrix.npz
ockenheim.hypotheses.org/302;histoire et archéologie_d, archéologie_d, histoire_t, histoire urbaine_t, édition électronique_t, monde germanique_t;Datasets/all_labels_train_gensim_sparse_matrix.npz
ostbib.hypotheses.org/636;humanités pluridisciplinaires_d, histoire et archéologie_d, sciences de l'information et de la communication_d, bibliothéconomie_d, sciences sociales interdisciplinaires_d, sciences de l'information_t, édition électronique_t;Datasets/all_labels_train_gensim_sparse_matrix.npz
archivalia.hypotheses.org/55719;histoire et archéologie_d, sciences sociales interdisciplinaires_d, histoire_t, approches de corpus_t, enquêtes_t, archives_t;Datasets/all_labels_train_gensim_sparse_matrix.npz
schotten.hypotheses.org/960;religions_d, histoire et archéologie_d, sciences de l'information et de la communication_d, bibliothéconomie_d, histoire_t, histoire des religions_t, approches de corpus_t, enquêtes_t, archives_t, monde germanique_t;Datasets/all_labels_train_gensim_sparse_matrix.npz
archivalia.hypotheses.org/8281;histoire et archéologie_d, sciences sociales interdisciplinaires_d, histoire_t, approches de corpus_t, enquêtes_t, archives_t;Datasets/all_labels_train_gensim_sparse_matrix.npz
archivalia.hypotheses.org/6636;histoire et archéologie_d, sciences sociales interdisciplinaires_d, histoire_t, approches de corpus_t, enquêtes_t, archives_t;Datasets/all_labels_train_gensim_sparse_matrix.npz
grham.hypotheses.org/1719;arts_d, humanités pluridisciplinaires_d, histoire_d, histoire_t, histoire culturelle_t, histoire de l'art_t, xviie siècle_t, xviiie siècle_t;Datasets/all_labels_train_gensim_sparse_matrix.npz
archivalia.hypotheses.org/6685;histoire et archéologie_d, sciences sociales interdisciplinaires_d, histoire_t, approches de corpus_t, enquêtes_t, archives_t;Datasets/all_labels_train_gensim_sparse_matrix.npz
digigw.hypotheses.org/1332;humanités pluridisciplinaires_d, histoire_t, édition électronique_t, sciences auxiliaires de l'histoire_t, digital humanities_t;Datasets/all_labels_train_gensim_sparse_matrix.npz
1914lvr.hypotheses.org/486;sciences politiques_d, histoire_t, époque contemporaine_t, 1914-1918_t;Datasets/all_labels_train_gensim_sparse_matrix.npz
archivekod.hypotheses.org/188;religions_d, histoire et archéologie_d, sciences de l'information et de la communication_d, bibliothéconomie_d, communication_d, histoire_t, histoire des religions_t, patrimoine_t;Datasets/all_labels_train_gensim_sparse_matrix.npz
archivalia.hypotheses.org/5473;histoire et archéologie_d, sciences sociales interdisciplinaires_d, histoire_t, approches de corpus_t, enquêtes_t, archives_t;Datasets/all_labels_train_gensim_sparse_matrix.npz
archivalia.hypotheses.org/14545;histoire et archéologie_d, sciences sociales interdisciplinaires_d, histoire_t, approches de corpus_t, enquêtes_t, archives_t;Datasets/all_labels_train_gensim_sparse_matrix.npz
amuc.hypotheses.org/1164;humanités pluridisciplinaires_d, histoire_d, histoire_t, représentations_t, patrimoine_t;Datasets/all_labels_train_gensim_sparse_matrix.npz
ordensgeschichte.hypotheses.org/7271;arts et humanités_d, humanités pluridisciplinaires_d, histoire et archéologie_d, histoire et philosophie des sciences_d, histoire_t, haut moyen âge_t, bas moyen âge_t, xviie siècle_t, xviiie siècle_t;Datasets/all_labels_train_gensim_sparse_matrix.npz
dokunstlmu.hypotheses.org/492;arts et humanités_d, histoire intellectuelle_t;Datasets/all_labels_train_gensim_sparse_matrix.npz
archivewk1.hypotheses.org/16694;histoire_d, époque contemporaine_t, 1914-1918_t;Datasets/all_labels_train_gensim_sparse_matrix.npz
soziologieblog.hypotheses.org/3978;sciences sociales interdisciplinaires_d, sociologie et anthropologie_d, sociologie du travail_t, sociologie urbaine_t, sociologie de la culture_t, sociologie économique_t;Datasets/all_labels_train_gensim_sparse_matrix.npz
mgtud.hypotheses.org/189;humanités pluridisciplinaires_d, éducation_d, histoire et archéologie_d, histoire_d, histoire_t, histoire urbaine_t, édition électronique_t;Datasets/all_labels_train_gensim_sparse_matrix.npz
1914lvr.hypotheses.org/1002;sciences politiques_d, histoire_t, époque contemporaine_t, 1914-1918_t;Datasets/all_labels_train_gensim_sparse_matrix.npz
archivalia.hypotheses.org/53095;histoire et archéologie_d, sciences sociales interdisciplinaires_d, histoire_t, approches de corpus_t, enquêtes_t, archives_t;Datasets/all_labels_train_gensim_sparse_matrix.npz
dkblog.hypotheses.org/679;histoire_d, histoire_t, époque moderne_t, xviie siècle_t;Datasets/all_labels_train_gensim_sparse_matrix.npz
archivewk1.hypotheses.org/5233;histoire_d, époque contemporaine_t, 1914-1918_t;Datasets/all_labels_train_gensim_sparse_matrix.npz
archivalia.hypotheses.org/4275;histoire et archéologie_d, sciences sociales interdisciplinaires_d, histoire_t, approches de corpus_t, enquêtes_t, archives_t;Datasets/all_labels_train_gensim_sparse_matrix.npz
archivalia.hypotheses.org/4632;histoire et archéologie_d, sciences sociales interdisciplinaires_d, histoire_t, approches de corpus_t, enquêtes_t, archives_t;Datasets/all_labels_train_gensim_sparse_matrix.npz
archivewk1.hypotheses.org/29605;histoire_d, époque contemporaine_t, 1914-1918_t;Datasets/all_labels_train_gensim_sparse_matrix.npz
gelerndig.hypotheses.org/334;éducation_d, éducation spécialisée_d, histoire_d, histoire_t, éducation_t, édition électronique_t, histoire et sociologie des médias_t;Datasets/all_labels_train_gensim_sparse_matrix.npz
mindthegaps.hypotheses.org/1918;études asiatiques_d, histoire_d, histoire_t, histoire culturelle_t, asie_t, chine_t;Datasets/all_labels_train_gensim_sparse_matrix.npz
archivewk1.hypotheses.org/4591;histoire_d, époque contemporaine_t, 1914-1918_t;Datasets/all_labels_train_gensim_sparse_matrix.npz
archivewk1.hypotheses.org/32329;histoire_d, époque contemporaine_t, 1914-1918_t;Datasets/all_labels_train_gensim_sparse_matrix.npz
archivewk1.hypotheses.org/13312;histoire_d, époque contemporaine_t, 1914-1918_t;Datasets/all_labels_train_gensim_sparse_matrix.npz
jeunegen.hypotheses.org/1547;histoire_d, pluridisciplinarité_d, histoire_t, vie de la recherche_t, moyen âge_t, haut moyen âge_t, bas moyen âge_t;Datasets/all_labels_train_gensim_sparse_matrix.npz
histbav.hypotheses.org/5019;humanités pluridisciplinaires_d, histoire_d, pluridisciplinarité_d, histoire_t, monde germanique_t;Datasets/all_labels_train_gensim_sparse_matrix.npz
archivalia.hypotheses.org/3615;histoire et archéologie_d, sciences sociales interdisciplinaires_d, histoire_t, approches de corpus_t, enquêtes_t, archives_t;Datasets/all_labels_train_gensim_sparse_matrix.npz
archivalia.hypotheses.org/54538;histoire et archéologie_d, sciences sociales interdisciplinaires_d, histoire_t, approches de corpus_t, enquêtes_t, archives_t;Datasets/all_labels_train_gensim_sparse_matrix.npz
rkb.hypotheses.org/452;arts et humanités_d, communication_d, sciences de l'information et bibliothéconomie_d, sociologie des sciences_t, édition électronique_t, histoire et sociologie des médias_t;Datasets/all_labels_train_gensim_sparse_matrix.npz
archivalia.hypotheses.org/11077;histoire et archéologie_d, sciences sociales interdisciplinaires_d, histoire_t, approches de corpus_t, enquêtes_t, archives_t;Datasets/all_labels_train_gensim_sparse_matrix.npz
winzen.hypotheses.org/307;histoire_d, histoire_t, études visuelles_t, 1918-1939_t, 1939-1945_t, monde germanique_t;Datasets/all_labels_train_gensim_sparse_matrix.npz
archivalia.hypotheses.org/5620;histoire et archéologie_d, sciences sociales interdisciplinaires_d, histoire_t, approches de corpus_t, enquêtes_t, archives_t;Datasets/all_labels_train_gensim_sparse_matrix.npz
archivalia.hypotheses.org/7456;histoire et archéologie_d, sciences sociales interdisciplinaires_d, histoire_t, approches de corpus_t, enquêtes_t, archives_t;Datasets/all_labels_train_gensim_sparse_matrix.npz
lvrafz.hypotheses.org/1578;pluridisciplinarité_d, information_t;Datasets/all_labels_train_gensim_sparse_matrix.npz
oberrhein.hypotheses.org/166;religions_d, archéologie_d, histoire_d, histoire_t, moyen âge_t, france_t, monde germanique_t;Datasets/all_labels_train_gensim_sparse_matrix.npz
zakunibonn.hypotheses.org/1621;histoire_d, psychologie_d, histoire_t, psychisme_t, psychologie_t, méthodes de traitement et de représentation_t, monde germanique_t;Datasets/all_labels_train_gensim_sparse_matrix.npz
mgtud.hypotheses.org/395;humanités pluridisciplinaires_d, éducation_d, histoire et archéologie_d, histoire_d, histoire_t, histoire urbaine_t, édition électronique_t;Datasets/all_labels_train_gensim_sparse_matrix.npz
dkblog.hypotheses.org/957;histoire_d, histoire_t, époque moderne_t, xviie siècle_t;Datasets/all_labels_train_gensim_sparse_matrix.npz
archivewk1.hypotheses.org/11381;histoire_d, époque contemporaine_t, 1914-1918_t;Datasets/all_labels_train_gensim_sparse_matrix.npz
wilma.hypotheses.org/17;éducation_d, travail social et politique sociale_d, sciences de l'éducation_t;Datasets/all_labels_train_gensim_sparse_matrix.npz
archivalia.hypotheses.org/57680;histoire et archéologie_d, sciences sociales interdisciplinaires_d, histoire_t, approches de corpus_t, enquêtes_t, archives_t;Datasets/all_labels_train_gensim_sparse_matrix.npz
dkblog.hypotheses.org/149;histoire_d, histoire_t, époque moderne_t, xviie siècle_t;Datasets/all_labels_train_gensim_sparse_matrix.npz
archivalia.hypotheses.org/7639;histoire et archéologie_d, sciences sociales interdisciplinaires_d, histoire_t, approches de corpus_t, enquêtes_t, archives_t;Datasets/all_labels_train_gensim_sparse_matrix.npz
oberrhein.hypotheses.org/1901;religions_d, archéologie_d, histoire_d, histoire_t, moyen âge_t, france_t, monde germanique_t;Datasets/all_labels_train_gensim_sparse_matrix.npz
archivalia.hypotheses.org/10710;histoire et archéologie_d, sciences sociales interdisciplinaires_d, histoire_t, approches de corpus_t, enquêtes_t, archives_t;Datasets/all_labels_train_gensim_sparse_matrix.npz
1914lvr.hypotheses.org/1467;sciences politiques_d, histoire_t, époque contemporaine_t, 1914-1918_t;Datasets/all_labels_train_gensim_sparse_matrix.npz
ordensgeschichte.hypotheses.org/1595;arts et humanités_d, humanités pluridisciplinaires_d, histoire et archéologie_d, histoire et philosophie des sciences_d, histoire_t, haut moyen âge_t, bas moyen âge_t, xviie siècle_t, xviiie siècle_t;Datasets/all_labels_train_gensim_sparse_matrix.npz
archiskop.hypotheses.org/40;archéologie_d, bas moyen âge_t;Datasets/all_labels_train_gensim_sparse_matrix.npz
mindthegaps.hypotheses.org/1331;études asiatiques_d, histoire_d, histoire_t, histoire culturelle_t, asie_t, chine_t;Datasets/all_labels_train_gensim_sparse_matrix.npz
archivewk1.hypotheses.org/9169;histoire_d, époque contemporaine_t, 1914-1918_t;Datasets/all_labels_train_gensim_sparse_matrix.npz
archivalia.hypotheses.org/6997;histoire et archéologie_d, sciences sociales interdisciplinaires_d, histoire_t, approches de corpus_t, enquêtes_t, archives_t;Datasets/all_labels_train_gensim_sparse_matrix.npz
bioeg.hypotheses.org/1;histoire et archéologie_d, histoire_d, histoire_t, sciences auxiliaires de l'histoire_t, europe centrale et orientale_t, monde germanique_t;Datasets/all_labels_train_gensim_sparse_matrix.npz
schotten.hypotheses.org/893;religions_d, histoire et archéologie_d, sciences de l'information et de la communication_d, bibliothéconomie_d, histoire_t, histoire des religions_t, approches de corpus_t, enquêtes_t, archives_t, monde germanique_t;Datasets/all_labels_train_gensim_sparse_matrix.npz
soziologieblog.hypotheses.org/4194;sciences sociales interdisciplinaires_d, sociologie et anthropologie_d, sociologie du travail_t, sociologie urbaine_t, sociologie de la culture_t, sociologie économique_t;Datasets/all_labels_train_gensim_sparse_matrix.npz
archivalia.hypotheses.org/13455;histoire et archéologie_d, sciences sociales interdisciplinaires_d, histoire_t, approches de corpus_t, enquêtes_t, archives_t;Datasets/all_labels_train_gensim_sparse_matrix.npz
archivalia.hypotheses.org/6579;histoire et archéologie_d, sciences sociales interdisciplinaires_d, histoire_t, approches de corpus_t, enquêtes_t, archives_t;Datasets/all_labels_train_gensim_sparse_matrix.npz
archivewk1.hypotheses.org/28013;histoire_d, époque contemporaine_t, 1914-1918_t;Datasets/all_labels_train_gensim_sparse_matrix.npz
archivalia.hypotheses.org/6461;histoire et archéologie_d, sciences sociales interdisciplinaires_d, histoire_t, approches de corpus_t, enquêtes_t, archives_t;Datasets/all_labels_train_gensim_sparse_matrix.npz
archivewk1.hypotheses.org/3123;histoire_d, époque contemporaine_t, 1914-1918_t;Datasets/all_labels_train_gensim_sparse_matrix.npz
archivalia.hypotheses.org/2370;histoire et archéologie_d, sciences sociales interdisciplinaires_d, histoire_t, approches de corpus_t, enquêtes_t, archives_t;Datasets/all_labels_train_gensim_sparse_matrix.npz
grk1919.hypotheses.org/119;histoire et archéologie_d, histoire et philosophie des sciences_d, histoire_t;Datasets/all_labels_train_gensim_sparse_matrix.npz
archivekod.hypotheses.org/554;religions_d, histoire et archéologie_d, sciences de l'information et de la communication_d, bibliothéconomie_d, communication_d, histoire_t, histoire des religions_t, patrimoine_t;Datasets/all_labels_train_gensim_sparse_matrix.npz
jeunegen.hypotheses.org/708;histoire_d, pluridisciplinarité_d, histoire_t, vie de la recherche_t, moyen âge_t, haut moyen âge_t, bas moyen âge_t;Datasets/all_labels_train_gensim_sparse_matrix.npz
ordensgeschichte.hypotheses.org/8230;arts et humanités_d, humanités pluridisciplinaires_d, histoire et archéologie_d, histoire et philosophie des sciences_d, histoire_t, haut moyen âge_t, bas moyen âge_t, xviie siècle_t, xviiie siècle_t;Datasets/all_labels_train_gensim_sparse_matrix.npz
uegg.hypotheses.org/168;histoire_d, histoire_t, histoire politique_t, époque contemporaine_t, xxe siècle_t, prospectives_t;Datasets/all_labels_train_gensim_sparse_matrix.npz
texperimentales.hypotheses.org/38;linguistique appliquée_d, langue et linguistique_d, langage_t, linguistique_t, information_t, sciences de l'information_t, digital humanities_t;Datasets/all_labels_train_gensim_sparse_matrix.npz
erinnern.hypotheses.org/419;éducation et sciences de l'éducation_d, histoire_d, histoire_t, éducation_t, 1918-1939_t, 1939-1945_t, 1945-1989_t;Datasets/all_labels_train_gensim_sparse_matrix.npz
redaktionsblog.hypotheses.org/3192;arts et humanités_d, humanités pluridisciplinaires_d, épistémologie et méthodes_t, digital humanities_t;Datasets/all_labels_train_gensim_sparse_matrix.npz
dislab.hypotheses.org/1707;sciences sociales interdisciplinaires_d, langue et linguistique_d, sociologie des sciences_t, linguistique_t;Datasets/all_labels_train_gensim_sparse_matrix.npz
archivewk1.hypotheses.org/26095;histoire_d, époque contemporaine_t, 1914-1918_t;Datasets/all_labels_train_gensim_sparse_matrix.npz
edit.hypotheses.org/103;sciences de l'information et bibliothéconomie_d, édition électronique_t, vie de la recherche_t, méthodes de traitement et de représentation_t, digital humanities_t;Datasets/all_labels_train_gensim_sparse_matrix.npz
archivalia.hypotheses.org/10141;histoire et archéologie_d, sciences sociales interdisciplinaires_d, histoire_t, approches de corpus_t, enquêtes_t, archives_t;Datasets/all_labels_train_gensim_sparse_matrix.npz
19jhdhip.hypotheses.org/2712;histoire_d, époque contemporaine_t, prospectives_t, france_t, monde germanique_t;Datasets/all_labels_train_gensim_sparse_matrix.npz
studpro.hypotheses.org/760;histoire_d, histoire_t, époque moderne_t, xviie siècle_t, xviiie siècle_t;Datasets/all_labels_train_gensim_sparse_matrix.npz
barblog.hypotheses.org/931;sciences sociales interdisciplinaires_d, sciences politiques_d, sociologie_d, anthropologie politique_t;Datasets/all_labels_train_gensim_sparse_matrix.npz
philophiso.hypotheses.org/1082;philosophie_d, éducation_d, éducation spécialisée_d, pensée_t, philosophie_t, représentations_t, patrimoine_t;Datasets/all_labels_train_gensim_sparse_matrix.npz
digigw.hypotheses.org/174;humanités pluridisciplinaires_d, histoire_t, édition électronique_t, sciences auxiliaires de l'histoire_t, digital humanities_t;Datasets/all_labels_train_gensim_sparse_matrix.npz
dhdhi.hypotheses.org/2157;histoire et archéologie_d, histoire_t, épistémologie et méthodes_t, digital humanities_t;Datasets/all_labels_train_gensim_sparse_matrix.npz
archivalia.hypotheses.org/13040;histoire et archéologie_d, sciences sociales interdisciplinaires_d, histoire_t, approches de corpus_t, enquêtes_t, archives_t;Datasets/all_labels_train_gensim_sparse_matrix.npz
archivalia.hypotheses.org/9640;histoire et archéologie_d, sciences sociales interdisciplinaires_d, histoire_t, approches de corpus_t, enquêtes_t, archives_t;Datasets/all_labels_train_gensim_sparse_matrix.npz
gab.hypotheses.org/457;histoire et archéologie_d, pluridisciplinarité_d, sciences sociales interdisciplinaires_d, études des sciences_t, sociologie des sciences_t, histoire_t;Datasets/all_labels_train_gensim_sparse_matrix.npz
archivalia.hypotheses.org/10965;histoire et archéologie_d, sciences sociales interdisciplinaires_d, histoire_t, approches de corpus_t, enquêtes_t, archives_t;Datasets/all_labels_train_gensim_sparse_matrix.npz
archivewk1.hypotheses.org/21060;histoire_d, époque contemporaine_t, 1914-1918_t;Datasets/all_labels_train_gensim_sparse_matrix.npz
ordensgeschichte.hypotheses.org/8149;arts et humanités_d, humanités pluridisciplinaires_d, histoire et archéologie_d, histoire et philosophie des sciences_d, histoire_t, haut moyen âge_t, bas moyen âge_t, xviie siècle_t, xviiie siècle_t;Datasets/all_labels_train_gensim_sparse_matrix.npz
archivalia.hypotheses.org/11633;histoire et archéologie_d, sciences sociales interdisciplinaires_d, histoire_t, approches de corpus_t, enquêtes_t, archives_t;Datasets/all_labels_train_gensim_sparse_matrix.npz
19jhdhip.hypotheses.org/2780;histoire_d, époque contemporaine_t, prospectives_t, france_t, monde germanique_t;Datasets/all_labels_train_gensim_sparse_matrix.npz
archivamt.hypotheses.org/162;communication_d, pluridisciplinarité_d, sciences sociales interdisciplinaires_d, information_t, sciences de l'information_t, représentations_t, patrimoine_t;Datasets/all_labels_train_gensim_sparse_matrix.npz
dhdhi.hypotheses.org/2405;histoire et archéologie_d, histoire_t, épistémologie et méthodes_t, digital humanities_t;Datasets/all_labels_train_gensim_sparse_matrix.npz
archivewk1.hypotheses.org/11157;histoire_d, époque contemporaine_t, 1914-1918_t;Datasets/all_labels_train_gensim_sparse_matrix.npz
kristinoswald.hypotheses.org/1486;études anciennes_d, études des sciences_t, histoire_t, histoire et sociologie des médias_t, histoire culturelle_t, digital humanities_t;Datasets/all_labels_train_gensim_sparse_matrix.npz
archivalia.hypotheses.org/10891;histoire et archéologie_d, sciences sociales interdisciplinaires_d, histoire_t, approches de corpus_t, enquêtes_t, archives_t;Datasets/all_labels_train_gensim_sparse_matrix.npz
archivalia.hypotheses.org/61703;histoire et archéologie_d, sciences sociales interdisciplinaires_d, histoire_t, approches de corpus_t, enquêtes_t, archives_t;Datasets/all_labels_train_gensim_sparse_matrix.npz
archivalia.hypotheses.org/3343;histoire et archéologie_d, sciences sociales interdisciplinaires_d, histoire_t, approches de corpus_t, enquêtes_t, archives_t;Datasets/all_labels_train_gensim_sparse_matrix.npz
ordensgeschichte.hypotheses.org/10473;arts et humanités_d, humanités pluridisciplinaires_d, histoire et archéologie_d, histoire et philosophie des sciences_d, histoire_t, haut moyen âge_t, bas moyen âge_t, xviie siècle_t, xviiie siècle_t;Datasets/all_labels_train_gensim_sparse_matrix.npz
achtundvierzig.hypotheses.org/191;sciences politiques_d, histoire_d, époque contemporaine_t, prospectives_t, histoire politique_t, monde germanique_t;Datasets/all_labels_train_gensim_sparse_matrix.npz
archivamt.hypotheses.org/2074;communication_d, pluridisciplinarité_d, sciences sociales interdisciplinaires_d, information_t, sciences de l'information_t, représentations_t, patrimoine_t;Datasets/all_labels_train_gensim_sparse_matrix.npz
histbav.hypotheses.org/3148;humanités pluridisciplinaires_d, histoire_d, pluridisciplinarité_d, histoire_t, monde germanique_t;Datasets/all_labels_train_gensim_sparse_matrix.npz
archivamt.hypotheses.org/37;communication_d, pluridisciplinarité_d, sciences sociales interdisciplinaires_d, information_t, sciences de l'information_t, représentations_t, patrimoine_t;Datasets/all_labels_train_gensim_sparse_matrix.npz
trafo.hypotheses.org/2600;pluridisciplinarité_d, sciences sociales interdisciplinaires_d, études régionales_d, sociologie_t, sociologie des religions_t, information_t, histoire culturelle_t;Datasets/all_labels_train_gensim_sparse_matrix.npz
dislab.hypotheses.org/2152;sciences sociales interdisciplinaires_d, langue et linguistique_d, sociologie des sciences_t, linguistique_t;Datasets/all_labels_train_gensim_sparse_matrix.npz
archivalia.hypotheses.org/4445;histoire et archéologie_d, sciences sociales interdisciplinaires_d, histoire_t, approches de corpus_t, enquêtes_t, archives_t;Datasets/all_labels_train_gensim_sparse_matrix.npz
tagebuch.hypotheses.org/1023;histoire et archéologie_d, histoire_d, histoire_t, époque contemporaine_t, 1914-1918_t;Datasets/all_labels_train_gensim_sparse_matrix.npz
archivewk1.hypotheses.org/5198;histoire_d, époque contemporaine_t, 1914-1918_t;Datasets/all_labels_train_gensim_sparse_matrix.npz
archivewk1.hypotheses.org/3711;histoire_d, époque contemporaine_t, 1914-1918_t;Datasets/all_labels_train_gensim_sparse_matrix.npz
ordensgeschichte.hypotheses.org/8825;arts et humanités_d, humanités pluridisciplinaires_d, histoire et archéologie_d, histoire et philosophie des sciences_d, histoire_t, haut moyen âge_t, bas moyen âge_t, xviie siècle_t, xviiie siècle_t;Datasets/all_labels_train_gensim_sparse_matrix.npz
dkblog.hypotheses.org/412;histoire_d, histoire_t, époque moderne_t, xviie siècle_t;Datasets/all_labels_train_gensim_sparse_matrix.npz
archivalia.hypotheses.org/14103;histoire et archéologie_d, sciences sociales interdisciplinaires_d, histoire_t, approches de corpus_t, enquêtes_t, archives_t;Datasets/all_labels_train_gensim_sparse_matrix.npz
archive20.hypotheses.org/1410;pluridisciplinarité_d, sciences sociales interdisciplinaires_d, histoire_t, information_t, patrimoine_t, monde germanique_t;Datasets/all_labels_train_gensim_sparse_matrix.npz
gra.hypotheses.org/2028;arts et humanités_d, communication_d, sciences de l'information et bibliothéconomie_d, représentations_t, histoire culturelle_t, histoire de l'art_t, études visuelles_t;Datasets/all_labels_train_gensim_sparse_matrix.npz
archivalia.hypotheses.org/13333;histoire et archéologie_d, sciences sociales interdisciplinaires_d, histoire_t, approches de corpus_t, enquêtes_t, archives_t;Datasets/all_labels_train_gensim_sparse_matrix.npz
archivewk1.hypotheses.org/10639;histoire_d, époque contemporaine_t, 1914-1918_t;Datasets/all_labels_train_gensim_sparse_matrix.npz
archivalia.hypotheses.org/10147;histoire et archéologie_d, sciences sociales interdisciplinaires_d, histoire_t, approches de corpus_t, enquêtes_t, archives_t;Datasets/all_labels_train_gensim_sparse_matrix.npz
speyermemo.hypotheses.org/2515;histoire_d, pluridisciplinarité_d, sciences sociales interdisciplinaires_d, sociologie de la culture_t, histoire_t, 1939-1945_t, europe_t;Datasets/all_labels_train_gensim_sparse_matrix.npz
archivalia.hypotheses.org/6082;histoire et archéologie_d, sciences sociales interdisciplinaires_d, histoire_t, approches de corpus_t, enquêtes_t, archives_t;Datasets/all_labels_train_gensim_sparse_matrix.npz
rkb.hypotheses.org/237;arts et humanités_d, communication_d, sciences de l'information et bibliothéconomie_d, sociologie des sciences_t, édition électronique_t, histoire et sociologie des médias_t;Datasets/all_labels_train_gensim_sparse_matrix.npz
archivalia.hypotheses.org/62203;histoire et archéologie_d, sciences sociales interdisciplinaires_d, histoire_t, approches de corpus_t, enquêtes_t, archives_t;Datasets/all_labels_train_gensim_sparse_matrix.npz
mittelalter.hypotheses.org/5297;humanités pluridisciplinaires_d, religions_d, histoire_d, sociologie_d, histoire_t, histoire sociale_t, histoire intellectuelle_t, moyen âge_t, haut moyen âge_t, bas moyen âge_t;Datasets/all_labels_train_gensim_sparse_matrix.npz
archivalia.hypotheses.org/3263;histoire et archéologie_d, sciences sociales interdisciplinaires_d, histoire_t, approches de corpus_t, enquêtes_t, archives_t;Datasets/all_labels_train_gensim_sparse_matrix.npz
dokunstlmu.hypotheses.org/925;arts et humanités_d, histoire intellectuelle_t;Datasets/all_labels_train_gensim_sparse_matrix.npz
archivewk1.hypotheses.org/16911;histoire_d, époque contemporaine_t, 1914-1918_t;Datasets/all_labels_train_gensim_sparse_matrix.npz
gab.hypotheses.org/1546;histoire et archéologie_d, pluridisciplinarité_d, sciences sociales interdisciplinaires_d, études des sciences_t, sociologie des sciences_t, histoire_t;Datasets/all_labels_train_gensim_sparse_matrix.npz
ordensgeschichte.hypotheses.org/6515;arts et humanités_d, humanités pluridisciplinaires_d, histoire et archéologie_d, histoire et philosophie des sciences_d, histoire_t, haut moyen âge_t, bas moyen âge_t, xviie siècle_t, xviiie siècle_t;Datasets/all_labels_train_gensim_sparse_matrix.npz
gab.hypotheses.org/127;histoire et archéologie_d, pluridisciplinarité_d, sciences sociales interdisciplinaires_d, études des sciences_t, sociologie des sciences_t, histoire_t;Datasets/all_labels_train_gensim_sparse_matrix.npz
histbav.hypotheses.org/4177;humanités pluridisciplinaires_d, histoire_d, pluridisciplinarité_d, histoire_t, monde germanique_t;Datasets/all_labels_train_gensim_sparse_matrix.npz
umstrittenesgedaechtnis.hypotheses.org/42;arts et humanités_d, histoire et archéologie_d, représentations_t, époque contemporaine_t;Datasets/all_labels_train_gensim_sparse_matrix.npz
archivewk1.hypotheses.org/6089;histoire_d, époque contemporaine_t, 1914-1918_t;Datasets/all_labels_train_gensim_sparse_matrix.npz
grandeguerre.hypotheses.org/87;histoire et archéologie_d, histoire_t, 1914-1918_t, prospectives_t, france_t, monde germanique_t;Datasets/all_labels_train_gensim_sparse_matrix.npz
dgl.hypotheses.org/396;éducation spécialisée_d, histoire_d, histoire_t, histoire et sociologie des médias_t, éducation_t;Datasets/all_labels_train_gensim_sparse_matrix.npz
archivalia.hypotheses.org/9028;histoire et archéologie_d, sciences sociales interdisciplinaires_d, histoire_t, approches de corpus_t, enquêtes_t, archives_t;Datasets/all_labels_train_gensim_sparse_matrix.npz
tagebuch.hypotheses.org/1366;histoire et archéologie_d, histoire_d, histoire_t, époque contemporaine_t, 1914-1918_t;Datasets/all_labels_train_gensim_sparse_matrix.npz
archivalia.hypotheses.org/6750;histoire et archéologie_d, sciences sociales interdisciplinaires_d, histoire_t, approches de corpus_t, enquêtes_t, archives_t;Datasets/all_labels_train_gensim_sparse_matrix.npz
redaktionsblog.hypotheses.org/572;arts et humanités_d, humanités pluridisciplinaires_d, épistémologie et méthodes_t, digital humanities_t;Datasets/all_labels_train_gensim_sparse_matrix.npz
archivalia.hypotheses.org/51974;histoire et archéologie_d, sciences sociales interdisciplinaires_d, histoire_t, approches de corpus_t, enquêtes_t, archives_t;Datasets/all_labels_train_gensim_sparse_matrix.npz
archivewk1.hypotheses.org/16002;histoire_d, époque contemporaine_t, 1914-1918_t;Datasets/all_labels_train_gensim_sparse_matrix.npz
archivalia.hypotheses.org/59197;histoire et archéologie_d, sciences sociales interdisciplinaires_d, histoire_t, approches de corpus_t, enquêtes_t, archives_t;Datasets/all_labels_train_gensim_sparse_matrix.npz
archivalia.hypotheses.org/59089;histoire et archéologie_d, sciences sociales interdisciplinaires_d, histoire_t, approches de corpus_t, enquêtes_t, archives_t;Datasets/all_labels_train_gensim_sparse_matrix.npz
ordensgeschichte.hypotheses.org/4312;arts et humanités_d, humanités pluridisciplinaires_d, histoire et archéologie_d, histoire et philosophie des sciences_d, histoire_t, haut moyen âge_t, bas moyen âge_t, xviie siècle_t, xviiie siècle_t;Datasets/all_labels_train_gensim_sparse_matrix.npz
rkb.hypotheses.org/187;arts et humanités_d, communication_d, sciences de l'information et bibliothéconomie_d, sociologie des sciences_t, édition électronique_t, histoire et sociologie des médias_t;Datasets/all_labels_train_gensim_sparse_matrix.npz
archivalia.hypotheses.org/5574;histoire et archéologie_d, sciences sociales interdisciplinaires_d, histoire_t, approches de corpus_t, enquêtes_t, archives_t;Datasets/all_labels_train_gensim_sparse_matrix.npz
histbav.hypotheses.org/2894;humanités pluridisciplinaires_d, histoire_d, pluridisciplinarité_d, histoire_t, monde germanique_t;Datasets/all_labels_train_gensim_sparse_matrix.npz
archivalia.hypotheses.org/62289;histoire et archéologie_d, sciences sociales interdisciplinaires_d, histoire_t, approches de corpus_t, enquêtes_t, archives_t;Datasets/all_labels_train_gensim_sparse_matrix.npz
intersex.hypotheses.org/1915;histoire_d, biomédecine_d, étude des genres_t, histoire des sciences_t, histoire_t, histoire du droit_t, moyen âge_t, xxie siècle_t;Datasets/all_labels_train_gensim_sparse_matrix.npz
archivewk1.hypotheses.org/13659;histoire_d, époque contemporaine_t, 1914-1918_t;Datasets/all_labels_train_gensim_sparse_matrix.npz
schotten.hypotheses.org/176;religions_d, histoire et archéologie_d, sciences de l'information et de la communication_d, bibliothéconomie_d, histoire_t, histoire des religions_t, approches de corpus_t, enquêtes_t, archives_t, monde germanique_t;Datasets/all_labels_train_gensim_sparse_matrix.npz
soziologieblog.hypotheses.org/3229;sciences sociales interdisciplinaires_d, sociologie et anthropologie_d, sociologie du travail_t, sociologie urbaine_t, sociologie de la culture_t, sociologie économique_t;Datasets/all_labels_train_gensim_sparse_matrix.npz
archivalia.hypotheses.org/60723;histoire et archéologie_d, sciences sociales interdisciplinaires_d, histoire_t, approches de corpus_t, enquêtes_t, archives_t;Datasets/all_labels_train_gensim_sparse_matrix.npz
resilienz.hypotheses.org/824;pluridisciplinarité_d, sciences sociales interdisciplinaires_d, études des sciences_t, épistémologie et méthodes_t, vie de la recherche_t, prospectives_t;Datasets/all_labels_train_gensim_sparse_matrix.npz
archivalia.hypotheses.org/5067;histoire et archéologie_d, sciences sociales interdisciplinaires_d, histoire_t, approches de corpus_t, enquêtes_t, archives_t;Datasets/all_labels_train_gensim_sparse_matrix.npz
gab.hypotheses.org/3046;histoire et archéologie_d, pluridisciplinarité_d, sciences sociales interdisciplinaires_d, études des sciences_t, sociologie des sciences_t, histoire_t;Datasets/all_labels_train_gensim_sparse_matrix.npz
tagebuch.hypotheses.org/1344;histoire et archéologie_d, histoire_d, histoire_t, époque contemporaine_t, 1914-1918_t;Datasets/all_labels_train_gensim_sparse_matrix.npz
oberrhein.hypotheses.org/840;religions_d, archéologie_d, histoire_d, histoire_t, moyen âge_t, france_t, monde germanique_t;Datasets/all_labels_train_gensim_sparse_matrix.npz
zakunibonn.hypotheses.org/371;histoire_d, psychologie_d, histoire_t, psychisme_t, psychologie_t, méthodes de traitement et de représentation_t, monde germanique_t;Datasets/all_labels_train_gensim_sparse_matrix.npz
archivalia.hypotheses.org/12660;histoire et archéologie_d, sciences sociales interdisciplinaires_d, histoire_t, approches de corpus_t, enquêtes_t, archives_t;Datasets/all_labels_train_gensim_sparse_matrix.npz
jameel.hypotheses.org/1030;pluridisciplinarité_d, études régionales_d, archéologie_d, arts_d, humanités pluridisciplinaires_d, représentations_t, asie_t, digital humanities_t, histoire de l'art_t;Datasets/all_labels_train_gensim_sparse_matrix.npz
archivalia.hypotheses.org/10178;histoire et archéologie_d, sciences sociales interdisciplinaires_d, histoire_t, approches de corpus_t, enquêtes_t, archives_t;Datasets/all_labels_train_gensim_sparse_matrix.npz
archivewk1.hypotheses.org/21175;histoire_d, époque contemporaine_t, 1914-1918_t;Datasets/all_labels_train_gensim_sparse_matrix.npz
archivalia.hypotheses.org/51939;histoire et archéologie_d, sciences sociales interdisciplinaires_d, histoire_t, approches de corpus_t, enquêtes_t, archives_t;Datasets/all_labels_train_gensim_sparse_matrix.npz
archivalia.hypotheses.org/7677;histoire et archéologie_d, sciences sociales interdisciplinaires_d, histoire_t, approches de corpus_t, enquêtes_t, archives_t;Datasets/all_labels_train_gensim_sparse_matrix.npz
artincrisis.hypotheses.org/984;arts et humanités_d, représentations_t, histoire de l'art_t, époque contemporaine_t, 1939-1945_t, monde germanique_t;Datasets/all_labels_train_gensim_sparse_matrix.npz
archivalia.hypotheses.org/3549;histoire et archéologie_d, sciences sociales interdisciplinaires_d, histoire_t, approches de corpus_t, enquêtes_t, archives_t;Datasets/all_labels_train_gensim_sparse_matrix.npz
archivewk1.hypotheses.org/30235;histoire_d, époque contemporaine_t, 1914-1918_t;Datasets/all_labels_train_gensim_sparse_matrix.npz
archivalia.hypotheses.org/13456;histoire et archéologie_d, sciences sociales interdisciplinaires_d, histoire_t, approches de corpus_t, enquêtes_t, archives_t;Datasets/all_labels_train_gensim_sparse_matrix.npz
archivalia.hypotheses.org/4754;histoire et archéologie_d, sciences sociales interdisciplinaires_d, histoire_t, approches de corpus_t, enquêtes_t, archives_t;Datasets/all_labels_train_gensim_sparse_matrix.npz
dguw.hypotheses.org/385;histoire et archéologie_d, histoire_t, historiographie_t, digital humanities_t;Datasets/all_labels_train_gensim_sparse_matrix.npz
fnzinfo.hypotheses.org/832;arts et humanités_d, musique_d, histoire et archéologie_d, histoire_t, xvie siècle_t, xviie siècle_t, xviiie siècle_t, révolution française_t;Datasets/all_labels_train_gensim_sparse_matrix.npz
archivamt.hypotheses.org/1286;communication_d, pluridisciplinarité_d, sciences sociales interdisciplinaires_d, information_t, sciences de l'information_t, représentations_t, patrimoine_t;Datasets/all_labels_train_gensim_sparse_matrix.npz
dhdhi.hypotheses.org/699;histoire et archéologie_d, histoire_t, épistémologie et méthodes_t, digital humanities_t;Datasets/all_labels_train_gensim_sparse_matrix.npz
archivalia.hypotheses.org/12791;histoire et archéologie_d, sciences sociales interdisciplinaires_d, histoire_t, approches de corpus_t, enquêtes_t, archives_t;Datasets/all_labels_train_gensim_sparse_matrix.npz
intersex.hypotheses.org/1378;histoire_d, biomédecine_d, étude des genres_t, histoire des sciences_t, histoire_t, histoire du droit_t, moyen âge_t, xxie siècle_t;Datasets/all_labels_train_gensim_sparse_matrix.npz
archivalia.hypotheses.org/8870;histoire et archéologie_d, sciences sociales interdisciplinaires_d, histoire_t, approches de corpus_t, enquêtes_t, archives_t;Datasets/all_labels_train_gensim_sparse_matrix.npz
archivalia.hypotheses.org/12494;histoire et archéologie_d, sciences sociales interdisciplinaires_d, histoire_t, approches de corpus_t, enquêtes_t, archives_t;Datasets/all_labels_train_gensim_sparse_matrix.npz
hsc.hypotheses.org/92;arts et humanités_d, humanités pluridisciplinaires_d, histoire et archéologie_d, histoire_t, historiographie_t;Datasets/all_labels_train_gensim_sparse_matrix.npz
archivewk1.hypotheses.org/9001;histoire_d, époque contemporaine_t, 1914-1918_t;Datasets/all_labels_train_gensim_sparse_matrix.npz
zeitraeume.hypotheses.org/126;histoire_d, histoire industrielle_t, histoire sociale_t, édition électronique_t, digital humanities_t, époque contemporaine_t;Datasets/all_labels_train_gensim_sparse_matrix.npz
archivalia.hypotheses.org/12779;histoire et archéologie_d, sciences sociales interdisciplinaires_d, histoire_t, approches de corpus_t, enquêtes_t, archives_t;Datasets/all_labels_train_gensim_sparse_matrix.npz
archivewk1.hypotheses.org/24100;histoire_d, époque contemporaine_t, 1914-1918_t;Datasets/all_labels_train_gensim_sparse_matrix.npz
archivalia.hypotheses.org/8836;histoire et archéologie_d, sciences sociales interdisciplinaires_d, histoire_t, approches de corpus_t, enquêtes_t, archives_t;Datasets/all_labels_train_gensim_sparse_matrix.npz
majerus.hypotheses.org/1298;histoire et archéologie_d, histoire des sciences sociales_d, histoire sociale_t, digital humanities_t, époque contemporaine_t, xxe siècle_t;Datasets/all_labels_train_gensim_sparse_matrix.npz
archivalia.hypotheses.org/6984;histoire et archéologie_d, sciences sociales interdisciplinaires_d, histoire_t, approches de corpus_t, enquêtes_t, archives_t;Datasets/all_labels_train_gensim_sparse_matrix.npz
archivalia.hypotheses.org/12483;histoire et archéologie_d, sciences sociales interdisciplinaires_d, histoire_t, approches de corpus_t, enquêtes_t, archives_t;Datasets/all_labels_train_gensim_sparse_matrix.npz
archivalia.hypotheses.org/14076;histoire et archéologie_d, sciences sociales interdisciplinaires_d, histoire_t, approches de corpus_t, enquêtes_t, archives_t;Datasets/all_labels_train_gensim_sparse_matrix.npz
archivalia.hypotheses.org/10936;histoire et archéologie_d, sciences sociales interdisciplinaires_d, histoire_t, approches de corpus_t, enquêtes_t, archives_t;Datasets/all_labels_train_gensim_sparse_matrix.npz
archivalia.hypotheses.org/3332;histoire et archéologie_d, sciences sociales interdisciplinaires_d, histoire_t, approches de corpus_t, enquêtes_t, archives_t;Datasets/all_labels_train_gensim_sparse_matrix.npz
archivalia.hypotheses.org/12958;histoire et archéologie_d, sciences sociales interdisciplinaires_d, histoire_t, approches de corpus_t, enquêtes_t, archives_t;Datasets/all_labels_train_gensim_sparse_matrix.npz
archivtag.hypotheses.org/401;pluridisciplinarité_d, sciences sociales interdisciplinaires_d, histoire_t, information_t, monde germanique_t;Datasets/all_labels_train_gensim_sparse_matrix.npz
trafo.hypotheses.org/4083;pluridisciplinarité_d, sciences sociales interdisciplinaires_d, études régionales_d, sociologie_t, sociologie des religions_t, information_t, histoire culturelle_t;Datasets/all_labels_train_gensim_sparse_matrix.npz
archivewk1.hypotheses.org/21023;histoire_d, époque contemporaine_t, 1914-1918_t;Datasets/all_labels_train_gensim_sparse_matrix.npz
reichtum.hypotheses.org/1;économie_d, économie_d, histoire_d, histoire économique_t, histoire sociale_t;Datasets/all_labels_train_gensim_sparse_matrix.npz
amuc.hypotheses.org/1668;humanités pluridisciplinaires_d, histoire_d, histoire_t, représentations_t, patrimoine_t;Datasets/all_labels_train_gensim_sparse_matrix.npz
archivalia.hypotheses.org/5583;histoire et archéologie_d, sciences sociales interdisciplinaires_d, histoire_t, approches de corpus_t, enquêtes_t, archives_t;Datasets/all_labels_train_gensim_sparse_matrix.npz
archivalia.hypotheses.org/60817;histoire et archéologie_d, sciences sociales interdisciplinaires_d, histoire_t, approches de corpus_t, enquêtes_t, archives_t;Datasets/all_labels_train_gensim_sparse_matrix.npz
jameel.hypotheses.org/860;pluridisciplinarité_d, études régionales_d, archéologie_d, arts_d, humanités pluridisciplinaires_d, représentations_t, asie_t, digital humanities_t, histoire de l'art_t;Datasets/all_labels_train_gensim_sparse_matrix.npz
archivewk1.hypotheses.org/27622;histoire_d, époque contemporaine_t, 1914-1918_t;Datasets/all_labels_train_gensim_sparse_matrix.npz
archivalia.hypotheses.org/908;histoire et archéologie_d, sciences sociales interdisciplinaires_d, histoire_t, approches de corpus_t, enquêtes_t, archives_t;Datasets/all_labels_train_gensim_sparse_matrix.npz
archivalia.hypotheses.org/54546;histoire et archéologie_d, sciences sociales interdisciplinaires_d, histoire_t, approches de corpus_t, enquêtes_t, archives_t;Datasets/all_labels_train_gensim_sparse_matrix.npz
archivalia.hypotheses.org/7548;histoire et archéologie_d, sciences sociales interdisciplinaires_d, histoire_t, approches de corpus_t, enquêtes_t, archives_t;Datasets/all_labels_train_gensim_sparse_matrix.npz
archivalia.hypotheses.org/7208;histoire et archéologie_d, sciences sociales interdisciplinaires_d, histoire_t, approches de corpus_t, enquêtes_t, archives_t;Datasets/all_labels_train_gensim_sparse_matrix.npz
archivamt.hypotheses.org/3225;communication_d, pluridisciplinarité_d, sciences sociales interdisciplinaires_d, information_t, sciences de l'information_t, représentations_t, patrimoine_t;Datasets/all_labels_train_gensim_sparse_matrix.npz
archivewk1.hypotheses.org/15045;histoire_d, époque contemporaine_t, 1914-1918_t;Datasets/all_labels_train_gensim_sparse_matrix.npz
histbav.hypotheses.org/1971;humanités pluridisciplinaires_d, histoire_d, pluridisciplinarité_d, histoire_t, monde germanique_t;Datasets/all_labels_train_gensim_sparse_matrix.npz
redaktionsblog.hypotheses.org/1528;arts et humanités_d, humanités pluridisciplinaires_d, épistémologie et méthodes_t, digital humanities_t;Datasets/all_labels_train_gensim_sparse_matrix.npz
archivalia.hypotheses.org/8695;histoire et archéologie_d, sciences sociales interdisciplinaires_d, histoire_t, approches de corpus_t, enquêtes_t, archives_t;Datasets/all_labels_train_gensim_sparse_matrix.npz
dkblog.hypotheses.org/320;histoire_d, histoire_t, époque moderne_t, xviie siècle_t;Datasets/all_labels_train_gensim_sparse_matrix.npz
archives.hypotheses.org/1211;histoire_d, communication_d, patrimoine_t, digital humanities_t, moyen âge_t, époque moderne_t, france_t, monde germanique_t;Datasets/all_labels_train_gensim_sparse_matrix.npz
ordensgeschichte.hypotheses.org/1510;arts et humanités_d, humanités pluridisciplinaires_d, histoire et archéologie_d, histoire et philosophie des sciences_d, histoire_t, haut moyen âge_t, bas moyen âge_t, xviie siècle_t, xviiie siècle_t;Datasets/all_labels_train_gensim_sparse_matrix.npz
archivalia.hypotheses.org/1380;histoire et archéologie_d, sciences sociales interdisciplinaires_d, histoire_t, approches de corpus_t, enquêtes_t, archives_t;Datasets/all_labels_train_gensim_sparse_matrix.npz
ordensgeschichte.hypotheses.org/145;arts et humanités_d, humanités pluridisciplinaires_d, histoire et archéologie_d, histoire et philosophie des sciences_d, histoire_t, haut moyen âge_t, bas moyen âge_t, xviie siècle_t, xviiie siècle_t;Datasets/all_labels_train_gensim_sparse_matrix.npz
archivewk1.hypotheses.org/20584;histoire_d, époque contemporaine_t, 1914-1918_t;Datasets/all_labels_train_gensim_sparse_matrix.npz
amuc.hypotheses.org/1408;humanités pluridisciplinaires_d, histoire_d, histoire_t, représentations_t, patrimoine_t;Datasets/all_labels_train_gensim_sparse_matrix.npz
archivewk1.hypotheses.org/4468;histoire_d, époque contemporaine_t, 1914-1918_t;Datasets/all_labels_train_gensim_sparse_matrix.npz
mindthegaps.hypotheses.org/1078;études asiatiques_d, histoire_d, histoire_t, histoire culturelle_t, asie_t, chine_t;Datasets/all_labels_train_gensim_sparse_matrix.npz
histbav.hypotheses.org/1419;humanités pluridisciplinaires_d, histoire_d, pluridisciplinarité_d, histoire_t, monde germanique_t;Datasets/all_labels_train_gensim_sparse_matrix.npz
archivewk1.hypotheses.org/22921;histoire_d, époque contemporaine_t, 1914-1918_t;Datasets/all_labels_train_gensim_sparse_matrix.npz
archivalia.hypotheses.org/13466;histoire et archéologie_d, sciences sociales interdisciplinaires_d, histoire_t, approches de corpus_t, enquêtes_t, archives_t;Datasets/all_labels_train_gensim_sparse_matrix.npz
archivalia.hypotheses.org/6124;histoire et archéologie_d, sciences sociales interdisciplinaires_d, histoire_t, approches de corpus_t, enquêtes_t, archives_t;Datasets/all_labels_train_gensim_sparse_matrix.npz
dislab.hypotheses.org/2721;sciences sociales interdisciplinaires_d, langue et linguistique_d, sociologie des sciences_t, linguistique_t;Datasets/all_labels_train_gensim_sparse_matrix.npz
archivalia.hypotheses.org/54931;histoire et archéologie_d, sciences sociales interdisciplinaires_d, histoire_t, approches de corpus_t, enquêtes_t, archives_t;Datasets/all_labels_train_gensim_sparse_matrix.npz
inklusion.hypotheses.org/148;éducation_d, travail social et politique sociale_d, sociologie du travail_t, âges de la vie_t, information_t, sciences de l'éducation_t;Datasets/all_labels_train_gensim_sparse_matrix.npz
soziologieblog.hypotheses.org/9706;sciences sociales interdisciplinaires_d, sociologie et anthropologie_d, sociologie du travail_t, sociologie urbaine_t, sociologie de la culture_t, sociologie économique_t;Datasets/all_labels_train_gensim_sparse_matrix.npz
archivalia.hypotheses.org/56734;histoire et archéologie_d, sciences sociales interdisciplinaires_d, histoire_t, approches de corpus_t, enquêtes_t, archives_t;Datasets/all_labels_train_gensim_sparse_matrix.npz
minuseinsebene.hypotheses.org/1032;archéologie_d, histoire urbaine_t, histoire des religions_t, moyen âge_t, haut moyen âge_t, monde germanique_t;Datasets/all_labels_train_gensim_sparse_matrix.npz
archivalia.hypotheses.org/6238;histoire et archéologie_d, sciences sociales interdisciplinaires_d, histoire_t, approches de corpus_t, enquêtes_t, archives_t;Datasets/all_labels_train_gensim_sparse_matrix.npz
archivalia.hypotheses.org/817;histoire et archéologie_d, sciences sociales interdisciplinaires_d, histoire_t, approches de corpus_t, enquêtes_t, archives_t;Datasets/all_labels_train_gensim_sparse_matrix.npz
irhis.hypotheses.org/10483;arts et humanités_d, histoire et archéologie_d, histoire économique_t, histoire sociale_t, études visuelles_t;Datasets/all_labels_train_gensim_sparse_matrix.npz
medienbildung.hypotheses.org/7472;éducation_d, éducation spécialisée_d, travail social_d, sociologie_t, édition électronique_t, histoire et sociologie des médias_t, éducation_t;Datasets/all_labels_train_gensim_sparse_matrix.npz
archivalia.hypotheses.org/6726;histoire et archéologie_d, sciences sociales interdisciplinaires_d, histoire_t, approches de corpus_t, enquêtes_t, archives_t;Datasets/all_labels_train_gensim_sparse_matrix.npz
archivalia.hypotheses.org/61900;histoire et archéologie_d, sciences sociales interdisciplinaires_d, histoire_t, approches de corpus_t, enquêtes_t, archives_t;Datasets/all_labels_train_gensim_sparse_matrix.npz
francofil.hypotheses.org/3529;pluridisciplinarité_d, sciences sociales interdisciplinaires_d, histoire_t, épistémologie et méthodes_t, approches de corpus_t, enquêtes_t, archives_t, france_t;Datasets/all_labels_train_gensim_sparse_matrix.npz
erinnern.hypotheses.org/656;éducation et sciences de l'éducation_d, histoire_d, histoire_t, éducation_t, 1918-1939_t, 1939-1945_t, 1945-1989_t;Datasets/all_labels_train_gensim_sparse_matrix.npz
medienbildung.hypotheses.org/8329;éducation_d, éducation spécialisée_d, travail social_d, sociologie_t, édition électronique_t, histoire et sociologie des médias_t, éducation_t;Datasets/all_labels_train_gensim_sparse_matrix.npz
archivalia.hypotheses.org/11193;histoire et archéologie_d, sciences sociales interdisciplinaires_d, histoire_t, approches de corpus_t, enquêtes_t, archives_t;Datasets/all_labels_train_gensim_sparse_matrix.npz
archivewk1.hypotheses.org/21083;histoire_d, époque contemporaine_t, 1914-1918_t;Datasets/all_labels_train_gensim_sparse_matrix.npz
archivalia.hypotheses.org/8842;histoire et archéologie_d, sciences sociales interdisciplinaires_d, histoire_t, approches de corpus_t, enquêtes_t, archives_t;Datasets/all_labels_train_gensim_sparse_matrix.npz
aktenkunde.hypotheses.org/27;histoire_d, histoire_t, sciences auxiliaires de l'histoire_t;Datasets/all_labels_train_gensim_sparse_matrix.npz
archivewk1.hypotheses.org/8770;histoire_d, époque contemporaine_t, 1914-1918_t;Datasets/all_labels_train_gensim_sparse_matrix.npz
lvrafz.hypotheses.org/2177;pluridisciplinarité_d, information_t;Datasets/all_labels_train_gensim_sparse_matrix.npz
kristinoswald.hypotheses.org/231;études anciennes_d, études des sciences_t, histoire_t, histoire et sociologie des médias_t, histoire culturelle_t, digital humanities_t;Datasets/all_labels_train_gensim_sparse_matrix.npz
archivalia.hypotheses.org/9860;histoire et archéologie_d, sciences sociales interdisciplinaires_d, histoire_t, approches de corpus_t, enquêtes_t, archives_t;Datasets/all_labels_train_gensim_sparse_matrix.npz
tagebuch.hypotheses.org/158;histoire et archéologie_d, histoire_d, histoire_t, époque contemporaine_t, 1914-1918_t;Datasets/all_labels_train_gensim_sparse_matrix.npz
jeunegen.hypotheses.org/1518;histoire_d, pluridisciplinarité_d, histoire_t, vie de la recherche_t, moyen âge_t, haut moyen âge_t, bas moyen âge_t;Datasets/all_labels_train_gensim_sparse_matrix.npz
tagebuch.hypotheses.org/1403;histoire et archéologie_d, histoire_d, histoire_t, époque contemporaine_t, 1914-1918_t;Datasets/all_labels_train_gensim_sparse_matrix.npz
ordensgeschichte.hypotheses.org/6638;arts et humanités_d, humanités pluridisciplinaires_d, histoire et archéologie_d, histoire et philosophie des sciences_d, histoire_t, haut moyen âge_t, bas moyen âge_t, xviie siècle_t, xviiie siècle_t;Datasets/all_labels_train_gensim_sparse_matrix.npz
archivalia.hypotheses.org/10585;histoire et archéologie_d, sciences sociales interdisciplinaires_d, histoire_t, approches de corpus_t, enquêtes_t, archives_t;Datasets/all_labels_train_gensim_sparse_matrix.npz
archivalia.hypotheses.org/8030;histoire et archéologie_d, sciences sociales interdisciplinaires_d, histoire_t, approches de corpus_t, enquêtes_t, archives_t;Datasets/all_labels_train_gensim_sparse_matrix.npz
archivalia.hypotheses.org/6318;histoire et archéologie_d, sciences sociales interdisciplinaires_d, histoire_t, approches de corpus_t, enquêtes_t, archives_t;Datasets/all_labels_train_gensim_sparse_matrix.npz
archivalia.hypotheses.org/54258;histoire et archéologie_d, sciences sociales interdisciplinaires_d, histoire_t, approches de corpus_t, enquêtes_t, archives_t;Datasets/all_labels_train_gensim_sparse_matrix.npz
ordensgeschichte.hypotheses.org/7368;arts et humanités_d, humanités pluridisciplinaires_d, histoire et archéologie_d, histoire et philosophie des sciences_d, histoire_t, haut moyen âge_t, bas moyen âge_t, xviie siècle_t, xviiie siècle_t;Datasets/all_labels_train_gensim_sparse_matrix.npz
archivamt.hypotheses.org/1780;communication_d, pluridisciplinarité_d, sciences sociales interdisciplinaires_d, information_t, sciences de l'information_t, représentations_t, patrimoine_t;Datasets/all_labels_train_gensim_sparse_matrix.npz
intersex.hypotheses.org/137;histoire_d, biomédecine_d, étude des genres_t, histoire des sciences_t, histoire_t, histoire du droit_t, moyen âge_t, xxie siècle_t;Datasets/all_labels_train_gensim_sparse_matrix.npz
reichwein.hypotheses.org/1426;histoire et archéologie_d, histoire des sciences_t, 1945-1989_t;Datasets/all_labels_train_gensim_sparse_matrix.npz
archivewk1.hypotheses.org/28579;histoire_d, époque contemporaine_t, 1914-1918_t;Datasets/all_labels_train_gensim_sparse_matrix.npz
archivalia.hypotheses.org/11342;histoire et archéologie_d, sciences sociales interdisciplinaires_d, histoire_t, approches de corpus_t, enquêtes_t, archives_t;Datasets/all_labels_train_gensim_sparse_matrix.npz
archivalia.hypotheses.org/3894;histoire et archéologie_d, sciences sociales interdisciplinaires_d, histoire_t, approches de corpus_t, enquêtes_t, archives_t;Datasets/all_labels_train_gensim_sparse_matrix.npz
archivalia.hypotheses.org/10511;histoire et archéologie_d, sciences sociales interdisciplinaires_d, histoire_t, approches de corpus_t, enquêtes_t, archives_t;Datasets/all_labels_train_gensim_sparse_matrix.npz
nordichistoryblog.hypotheses.org/1814;arts et humanités_d, histoire et archéologie_d, histoire_t, édition électronique_t, vie de la recherche_t, approches de corpus_t, enquêtes_t, archives_t, europe_t, pays baltes et scandinaves_t;Datasets/all_labels_train_gensim_sparse_matrix.npz
gab.hypotheses.org/2748;histoire et archéologie_d, pluridisciplinarité_d, sciences sociales interdisciplinaires_d, études des sciences_t, sociologie des sciences_t, histoire_t;Datasets/all_labels_train_gensim_sparse_matrix.npz
ordensgeschichte.hypotheses.org/4632;arts et humanités_d, humanités pluridisciplinaires_d, histoire et archéologie_d, histoire et philosophie des sciences_d, histoire_t, haut moyen âge_t, bas moyen âge_t, xviie siècle_t, xviiie siècle_t;Datasets/all_labels_train_gensim_sparse_matrix.npz
archivalia.hypotheses.org/8127;histoire et archéologie_d, sciences sociales interdisciplinaires_d, histoire_t, approches de corpus_t, enquêtes_t, archives_t;Datasets/all_labels_train_gensim_sparse_matrix.npz
archivalia.hypotheses.org/12632;histoire et archéologie_d, sciences sociales interdisciplinaires_d, histoire_t, approches de corpus_t, enquêtes_t, archives_t;Datasets/all_labels_train_gensim_sparse_matrix.npz
archivalia.hypotheses.org/2976;histoire et archéologie_d, sciences sociales interdisciplinaires_d, histoire_t, approches de corpus_t, enquêtes_t, archives_t;Datasets/all_labels_train_gensim_sparse_matrix.npz
sammeln.hypotheses.org/794;sciences sociales interdisciplinaires_d, histoire des sciences_t, patrimoine_t, sciences auxiliaires de l'histoire_t, approches de corpus_t, enquêtes_t, archives_t;Datasets/all_labels_train_gensim_sparse_matrix.npz
archivalia.hypotheses.org/245;histoire et archéologie_d, sciences sociales interdisciplinaires_d, histoire_t, approches de corpus_t, enquêtes_t, archives_t;Datasets/all_labels_train_gensim_sparse_matrix.npz
archivtag.hypotheses.org/321;pluridisciplinarité_d, sciences sociales interdisciplinaires_d, histoire_t, information_t, monde germanique_t;Datasets/all_labels_train_gensim_sparse_matrix.npz
dhdhi.hypotheses.org/783;histoire et archéologie_d, histoire_t, épistémologie et méthodes_t, digital humanities_t;Datasets/all_labels_train_gensim_sparse_matrix.npz
archivewk1.hypotheses.org/13599;histoire_d, époque contemporaine_t, 1914-1918_t;Datasets/all_labels_train_gensim_sparse_matrix.npz
erinnerung.hypotheses.org/144;histoire et archéologie_d, histoire_t, xxe siècle_t, prospectives_t, europe_t;Datasets/all_labels_train_gensim_sparse_matrix.npz
archivewk1.hypotheses.org/9090;histoire_d, époque contemporaine_t, 1914-1918_t;Datasets/all_labels_train_gensim_sparse_matrix.npz
archivalia.hypotheses.org/6525;histoire et archéologie_d, sciences sociales interdisciplinaires_d, histoire_t, approches de corpus_t, enquêtes_t, archives_t;Datasets/all_labels_train_gensim_sparse_matrix.npz
archives.hypotheses.org/89;histoire_d, communication_d, patrimoine_t, digital humanities_t, moyen âge_t, époque moderne_t, france_t, monde germanique_t;Datasets/all_labels_train_gensim_sparse_matrix.npz
heraldica.hypotheses.org/3744;histoire_d, histoire_t, historiographie_t, sciences auxiliaires de l'histoire_t, moyen âge_t, haut moyen âge_t;Datasets/all_labels_train_gensim_sparse_matrix.npz
historischdenken.hypotheses.org/2188;histoire et archéologie_d, histoire_t;Datasets/all_labels_train_gensim_sparse_matrix.npz
achtundvierzig.hypotheses.org/553;sciences politiques_d, histoire_d, époque contemporaine_t, prospectives_t, histoire politique_t, monde germanique_t;Datasets/all_labels_train_gensim_sparse_matrix.npz
soziologieblog.hypotheses.org/7859;sciences sociales interdisciplinaires_d, sociologie et anthropologie_d, sociologie du travail_t, sociologie urbaine_t, sociologie de la culture_t, sociologie économique_t;Datasets/all_labels_train_gensim_sparse_matrix.npz
antisem19c.hypotheses.org/801;histoire et archéologie_d, histoire sociale_t, prospectives_t;Datasets/all_labels_train_gensim_sparse_matrix.npz
archivewk1.hypotheses.org/5292;histoire_d, époque contemporaine_t, 1914-1918_t;Datasets/all_labels_train_gensim_sparse_matrix.npz
archivalia.hypotheses.org/3862;histoire et archéologie_d, sciences sociales interdisciplinaires_d, histoire_t, approches de corpus_t, enquêtes_t, archives_t;Datasets/all_labels_train_gensim_sparse_matrix.npz
archivalia.hypotheses.org/12579;histoire et archéologie_d, sciences sociales interdisciplinaires_d, histoire_t, approches de corpus_t, enquêtes_t, archives_t;Datasets/all_labels_train_gensim_sparse_matrix.npz
archives.hypotheses.org/99;histoire_d, communication_d, patrimoine_t, digital humanities_t, moyen âge_t, époque moderne_t, france_t, monde germanique_t;Datasets/all_labels_train_gensim_sparse_matrix.npz
fnzinfo.hypotheses.org/880;arts et humanités_d, musique_d, histoire et archéologie_d, histoire_t, xvie siècle_t, xviie siècle_t, xviiie siècle_t, révolution française_t;Datasets/all_labels_train_gensim_sparse_matrix.npz
archivalia.hypotheses.org/10812;histoire et archéologie_d, sciences sociales interdisciplinaires_d, histoire_t, approches de corpus_t, enquêtes_t, archives_t;Datasets/all_labels_train_gensim_sparse_matrix.npz
archivewk1.hypotheses.org/12330;histoire_d, époque contemporaine_t, 1914-1918_t;Datasets/all_labels_train_gensim_sparse_matrix.npz
archivewk1.hypotheses.org/1437;histoire_d, époque contemporaine_t, 1914-1918_t;Datasets/all_labels_train_gensim_sparse_matrix.npz
frueheneuzeit.hypotheses.org/1270;histoire et archéologie_d, histoire_t, époque moderne_t, xviie siècle_t, xviiie siècle_t, révolution française_t;Datasets/all_labels_train_gensim_sparse_matrix.npz
soziologieblog.hypotheses.org/5118;sciences sociales interdisciplinaires_d, sociologie et anthropologie_d, sociologie du travail_t, sociologie urbaine_t, sociologie de la culture_t, sociologie économique_t;Datasets/all_labels_train_gensim_sparse_matrix.npz
archivewk1.hypotheses.org/12275;histoire_d, époque contemporaine_t, 1914-1918_t;Datasets/all_labels_train_gensim_sparse_matrix.npz
ordensgeschichte.hypotheses.org/7391;arts et humanités_d, humanités pluridisciplinaires_d, histoire et archéologie_d, histoire et philosophie des sciences_d, histoire_t, haut moyen âge_t, bas moyen âge_t, xviie siècle_t, xviiie siècle_t;Datasets/all_labels_train_gensim_sparse_matrix.npz
ordensgeschichte.hypotheses.org/3047;arts et humanités_d, humanités pluridisciplinaires_d, histoire et archéologie_d, histoire et philosophie des sciences_d, histoire_t, haut moyen âge_t, bas moyen âge_t, xviie siècle_t, xviiie siècle_t;Datasets/all_labels_train_gensim_sparse_matrix.npz
archivalia.hypotheses.org/7466;histoire et archéologie_d, sciences sociales interdisciplinaires_d, histoire_t, approches de corpus_t, enquêtes_t, archives_t;Datasets/all_labels_train_gensim_sparse_matrix.npz
uegg.hypotheses.org/275;histoire_d, histoire_t, histoire politique_t, époque contemporaine_t, xxe siècle_t, prospectives_t;Datasets/all_labels_train_gensim_sparse_matrix.npz
archivalia.hypotheses.org/62712;histoire et archéologie_d, sciences sociales interdisciplinaires_d, histoire_t, approches de corpus_t, enquêtes_t, archives_t;Datasets/all_labels_train_gensim_sparse_matrix.npz
archivewk1.hypotheses.org/6127;histoire_d, époque contemporaine_t, 1914-1918_t;Datasets/all_labels_train_gensim_sparse_matrix.npz
reichwein.hypotheses.org/1384;histoire et archéologie_d, histoire des sciences_t, 1945-1989_t;Datasets/all_labels_train_gensim_sparse_matrix.npz
dkblog.hypotheses.org/1003;histoire_d, histoire_t, époque moderne_t, xviie siècle_t;Datasets/all_labels_train_gensim_sparse_matrix.npz
vivien.hypotheses.org/160;arts et humanités_d, représentations_t, histoire de l'art_t, xviiie siècle_t, france_t;Datasets/all_labels_train_gensim_sparse_matrix.npz
bioeg.hypotheses.org/1658;histoire et archéologie_d, histoire_d, histoire_t, sciences auxiliaires de l'histoire_t, europe centrale et orientale_t, monde germanique_t;Datasets/all_labels_train_gensim_sparse_matrix.npz
dkblog.hypotheses.org/502;histoire_d, histoire_t, époque moderne_t, xviie siècle_t;Datasets/all_labels_train_gensim_sparse_matrix.npz
archivalia.hypotheses.org/8062;histoire et archéologie_d, sciences sociales interdisciplinaires_d, histoire_t, approches de corpus_t, enquêtes_t, archives_t;Datasets/all_labels_train_gensim_sparse_matrix.npz
archivalia.hypotheses.org/7952;histoire et archéologie_d, sciences sociales interdisciplinaires_d, histoire_t, approches de corpus_t, enquêtes_t, archives_t;Datasets/all_labels_train_gensim_sparse_matrix.npz
dkblog.hypotheses.org/426;histoire_d, histoire_t, époque moderne_t, xviie siècle_t;Datasets/all_labels_train_gensim_sparse_matrix.npz
archivalia.hypotheses.org/3093;histoire et archéologie_d, sciences sociales interdisciplinaires_d, histoire_t, approches de corpus_t, enquêtes_t, archives_t;Datasets/all_labels_train_gensim_sparse_matrix.npz
archivalia.hypotheses.org/5747;histoire et archéologie_d, sciences sociales interdisciplinaires_d, histoire_t, approches de corpus_t, enquêtes_t, archives_t;Datasets/all_labels_train_gensim_sparse_matrix.npz
archivalia.hypotheses.org/3411;histoire et archéologie_d, sciences sociales interdisciplinaires_d, histoire_t, approches de corpus_t, enquêtes_t, archives_t;Datasets/all_labels_train_gensim_sparse_matrix.npz
geschichtsadmin.hypotheses.org/83;éducation_d, histoire_d, sociologie du travail_t, histoire_t;Datasets/all_labels_train_gensim_sparse_matrix.npz
archivalia.hypotheses.org/7694;histoire et archéologie_d, sciences sociales interdisciplinaires_d, histoire_t, approches de corpus_t, enquêtes_t, archives_t;Datasets/all_labels_train_gensim_sparse_matrix.npz
archivalia.hypotheses.org/1630;histoire et archéologie_d, sciences sociales interdisciplinaires_d, histoire_t, approches de corpus_t, enquêtes_t, archives_t;Datasets/all_labels_train_gensim_sparse_matrix.npz
archivamt.hypotheses.org/903;communication_d, pluridisciplinarité_d, sciences sociales interdisciplinaires_d, information_t, sciences de l'information_t, représentations_t, patrimoine_t;Datasets/all_labels_train_gensim_sparse_matrix.npz
jeunegen.hypotheses.org/252;histoire_d, pluridisciplinarité_d, histoire_t, vie de la recherche_t, moyen âge_t, haut moyen âge_t, bas moyen âge_t;Datasets/all_labels_train_gensim_sparse_matrix.npz
ordensgeschichte.hypotheses.org/7919;arts et humanités_d, humanités pluridisciplinaires_d, histoire et archéologie_d, histoire et philosophie des sciences_d, histoire_t, haut moyen âge_t, bas moyen âge_t, xviie siècle_t, xviiie siècle_t;Datasets/all_labels_train_gensim_sparse_matrix.npz
archivalia.hypotheses.org/11044;histoire et archéologie_d, sciences sociales interdisciplinaires_d, histoire_t, approches de corpus_t, enquêtes_t, archives_t;Datasets/all_labels_train_gensim_sparse_matrix.npz
resilienz.hypotheses.org/690;pluridisciplinarité_d, sciences sociales interdisciplinaires_d, études des sciences_t, épistémologie et méthodes_t, vie de la recherche_t, prospectives_t;Datasets/all_labels_train_gensim_sparse_matrix.npz
archivewk1.hypotheses.org/13914;histoire_d, époque contemporaine_t, 1914-1918_t;Datasets/all_labels_train_gensim_sparse_matrix.npz
archivewk1.hypotheses.org/9603;histoire_d, époque contemporaine_t, 1914-1918_t;Datasets/all_labels_train_gensim_sparse_matrix.npz
mittelalter.hypotheses.org/6361;humanités pluridisciplinaires_d, religions_d, histoire_d, sociologie_d, histoire_t, histoire sociale_t, histoire intellectuelle_t, moyen âge_t, haut moyen âge_t, bas moyen âge_t;Datasets/all_labels_train_gensim_sparse_matrix.npz
archivalia.hypotheses.org/57719;histoire et archéologie_d, sciences sociales interdisciplinaires_d, histoire_t, approches de corpus_t, enquêtes_t, archives_t;Datasets/all_labels_train_gensim_sparse_matrix.npz
archivalia.hypotheses.org/6540;histoire et archéologie_d, sciences sociales interdisciplinaires_d, histoire_t, approches de corpus_t, enquêtes_t, archives_t;Datasets/all_labels_train_gensim_sparse_matrix.npz
dkblog.hypotheses.org/473;histoire_d, histoire_t, époque moderne_t, xviie siècle_t;Datasets/all_labels_train_gensim_sparse_matrix.npz
archivewk1.hypotheses.org/19653;histoire_d, époque contemporaine_t, 1914-1918_t;Datasets/all_labels_train_gensim_sparse_matrix.npz
kristinoswald.hypotheses.org/1944;études anciennes_d, études des sciences_t, histoire_t, histoire et sociologie des médias_t, histoire culturelle_t, digital humanities_t;Datasets/all_labels_train_gensim_sparse_matrix.npz
dokunstlmu.hypotheses.org/1762;arts et humanités_d, histoire intellectuelle_t;Datasets/all_labels_train_gensim_sparse_matrix.npz
archivalia.hypotheses.org/4938;histoire et archéologie_d, sciences sociales interdisciplinaires_d, histoire_t, approches de corpus_t, enquêtes_t, archives_t;Datasets/all_labels_train_gensim_sparse_matrix.npz
histbav.hypotheses.org/3689;humanités pluridisciplinaires_d, histoire_d, pluridisciplinarité_d, histoire_t, monde germanique_t;Datasets/all_labels_train_gensim_sparse_matrix.npz
archive20.hypotheses.org/2945;pluridisciplinarité_d, sciences sociales interdisciplinaires_d, histoire_t, information_t, patrimoine_t, monde germanique_t;Datasets/all_labels_train_gensim_sparse_matrix.npz
archivamt.hypotheses.org/121;communication_d, pluridisciplinarité_d, sciences sociales interdisciplinaires_d, information_t, sciences de l'information_t, représentations_t, patrimoine_t;Datasets/all_labels_train_gensim_sparse_matrix.npz
dgl.hypotheses.org/677;éducation spécialisée_d, histoire_d, histoire_t, histoire et sociologie des médias_t, éducation_t;Datasets/all_labels_train_gensim_sparse_matrix.npz
archivalia.hypotheses.org/714;histoire et archéologie_d, sciences sociales interdisciplinaires_d, histoire_t, approches de corpus_t, enquêtes_t, archives_t;Datasets/all_labels_train_gensim_sparse_matrix.npz
archivewk1.hypotheses.org/21192;histoire_d, époque contemporaine_t, 1914-1918_t;Datasets/all_labels_train_gensim_sparse_matrix.npz
archivalia.hypotheses.org/7303;histoire et archéologie_d, sciences sociales interdisciplinaires_d, histoire_t, approches de corpus_t, enquêtes_t, archives_t;Datasets/all_labels_train_gensim_sparse_matrix.npz
1914lvr.hypotheses.org/254;sciences politiques_d, histoire_t, époque contemporaine_t, 1914-1918_t;Datasets/all_labels_train_gensim_sparse_matrix.npz
zakunibonn.hypotheses.org/297;histoire_d, psychologie_d, histoire_t, psychisme_t, psychologie_t, méthodes de traitement et de représentation_t, monde germanique_t;Datasets/all_labels_train_gensim_sparse_matrix.npz
fnzinfo.hypotheses.org/167;arts et humanités_d, musique_d, histoire et archéologie_d, histoire_t, xvie siècle_t, xviie siècle_t, xviiie siècle_t, révolution française_t;Datasets/all_labels_train_gensim_sparse_matrix.npz
1914lvr.hypotheses.org/1448;sciences politiques_d, histoire_t, époque contemporaine_t, 1914-1918_t;Datasets/all_labels_train_gensim_sparse_matrix.npz
archive20.hypotheses.org/1131;pluridisciplinarité_d, sciences sociales interdisciplinaires_d, histoire_t, information_t, patrimoine_t, monde germanique_t;Datasets/all_labels_train_gensim_sparse_matrix.npz
archivewk1.hypotheses.org/906;histoire_d, époque contemporaine_t, 1914-1918_t;Datasets/all_labels_train_gensim_sparse_matrix.npz
archivalia.hypotheses.org/55139;histoire et archéologie_d, sciences sociales interdisciplinaires_d, histoire_t, approches de corpus_t, enquêtes_t, archives_t;Datasets/all_labels_train_gensim_sparse_matrix.npz
soziologieblog.hypotheses.org/1336;sciences sociales interdisciplinaires_d, sociologie et anthropologie_d, sociologie du travail_t, sociologie urbaine_t, sociologie de la culture_t, sociologie économique_t;Datasets/all_labels_train_gensim_sparse_matrix.npz
soziologieblog.hypotheses.org/3259;sciences sociales interdisciplinaires_d, sociologie et anthropologie_d, sociologie du travail_t, sociologie urbaine_t, sociologie de la culture_t, sociologie économique_t;Datasets/all_labels_train_gensim_sparse_matrix.npz
archivalia.hypotheses.org/7321;histoire et archéologie_d, sciences sociales interdisciplinaires_d, histoire_t, approches de corpus_t, enquêtes_t, archives_t;Datasets/all_labels_train_gensim_sparse_matrix.npz
archivalia.hypotheses.org/12639;histoire et archéologie_d, sciences sociales interdisciplinaires_d, histoire_t, approches de corpus_t, enquêtes_t, archives_t;Datasets/all_labels_train_gensim_sparse_matrix.npz
siegelblog.hypotheses.org/158;histoire_d, histoire et sociologie des médias_t, histoire de l'art_t, haut moyen âge_t;Datasets/all_labels_train_gensim_sparse_matrix.npz
archivalia.hypotheses.org/11135;histoire et archéologie_d, sciences sociales interdisciplinaires_d, histoire_t, approches de corpus_t, enquêtes_t, archives_t;Datasets/all_labels_train_gensim_sparse_matrix.npz
archivalia.hypotheses.org/5735;histoire et archéologie_d, sciences sociales interdisciplinaires_d, histoire_t, approches de corpus_t, enquêtes_t, archives_t;Datasets/all_labels_train_gensim_sparse_matrix.npz
archivalia.hypotheses.org/575;histoire et archéologie_d, sciences sociales interdisciplinaires_d, histoire_t, approches de corpus_t, enquêtes_t, archives_t;Datasets/all_labels_train_gensim_sparse_matrix.npz
1914lvr.hypotheses.org/1601;sciences politiques_d, histoire_t, époque contemporaine_t, 1914-1918_t;Datasets/all_labels_train_gensim_sparse_matrix.npz
archivalia.hypotheses.org/10298;histoire et archéologie_d, sciences sociales interdisciplinaires_d, histoire_t, approches de corpus_t, enquêtes_t, archives_t;Datasets/all_labels_train_gensim_sparse_matrix.npz
archivalia.hypotheses.org/2124;histoire et archéologie_d, sciences sociales interdisciplinaires_d, histoire_t, approches de corpus_t, enquêtes_t, archives_t;Datasets/all_labels_train_gensim_sparse_matrix.npz
sammeln.hypotheses.org/499;sciences sociales interdisciplinaires_d, histoire des sciences_t, patrimoine_t, sciences auxiliaires de l'histoire_t, approches de corpus_t, enquêtes_t, archives_t;Datasets/all_labels_train_gensim_sparse_matrix.npz
archivalia.hypotheses.org/57453;histoire et archéologie_d, sciences sociales interdisciplinaires_d, histoire_t, approches de corpus_t, enquêtes_t, archives_t;Datasets/all_labels_train_gensim_sparse_matrix.npz
sdvigpress.hypotheses.org/225;langue et linguistique_d, philosophie_d, humanités pluridisciplinaires_d, épistémologie et méthodes_t, digital humanities_t, europe centrale et orientale_t, édition électronique_t, linguistique_t;Datasets/all_labels_train_gensim_sparse_matrix.npz
archivalia.hypotheses.org/14379;histoire et archéologie_d, sciences sociales interdisciplinaires_d, histoire_t, approches de corpus_t, enquêtes_t, archives_t;Datasets/all_labels_train_gensim_sparse_matrix.npz
archivalia.hypotheses.org/4061;histoire et archéologie_d, sciences sociales interdisciplinaires_d, histoire_t, approches de corpus_t, enquêtes_t, archives_t;Datasets/all_labels_train_gensim_sparse_matrix.npz
archivalia.hypotheses.org/14304;histoire et archéologie_d, sciences sociales interdisciplinaires_d, histoire_t, approches de corpus_t, enquêtes_t, archives_t;Datasets/all_labels_train_gensim_sparse_matrix.npz
mittelalter.hypotheses.org/3670;humanités pluridisciplinaires_d, religions_d, histoire_d, sociologie_d, histoire_t, histoire sociale_t, histoire intellectuelle_t, moyen âge_t, haut moyen âge_t, bas moyen âge_t;Datasets/all_labels_train_gensim_sparse_matrix.npz
scriptorium.hypotheses.org/26;humanités pluridisciplinaires_d, pluridisciplinarité_d, digital humanities_t, moyen âge_t;Datasets/all_labels_train_gensim_sparse_matrix.npz
archivewk1.hypotheses.org/7032;histoire_d, époque contemporaine_t, 1914-1918_t;Datasets/all_labels_train_gensim_sparse_matrix.npz
archivalia.hypotheses.org/4780;histoire et archéologie_d, sciences sociales interdisciplinaires_d, histoire_t, approches de corpus_t, enquêtes_t, archives_t;Datasets/all_labels_train_gensim_sparse_matrix.npz
gewalt.hypotheses.org/141;sciences politiques_d, sociologie_d, sociologie_t, sociologie urbaine_t, anthropologie politique_t, histoire urbaine_t, guerres_t, conflits_t, violence_t;Datasets/all_labels_train_gensim_sparse_matrix.npz
medienbildung.hypotheses.org/4977;éducation_d, éducation spécialisée_d, travail social_d, sociologie_t, édition électronique_t, histoire et sociologie des médias_t, éducation_t;Datasets/all_labels_train_gensim_sparse_matrix.npz
archivalia.hypotheses.org/5618;histoire et archéologie_d, sciences sociales interdisciplinaires_d, histoire_t, approches de corpus_t, enquêtes_t, archives_t;Datasets/all_labels_train_gensim_sparse_matrix.npz
bioeg.hypotheses.org/1748;histoire et archéologie_d, histoire_d, histoire_t, sciences auxiliaires de l'histoire_t, europe centrale et orientale_t, monde germanique_t;Datasets/all_labels_train_gensim_sparse_matrix.npz
histgymbib.hypotheses.org/56;arts et humanités_d, humanités pluridisciplinaires_d, sciences de l'information et de la communication_d, bibliothéconomie_d, sciences sociales interdisciplinaires_d, éducation_t, xvie siècle_t, xviie siècle_t, xviiie siècle_t, prospectives_t;Datasets/all_labels_train_gensim_sparse_matrix.npz
reichwein.hypotheses.org/1568;histoire et archéologie_d, histoire des sciences_t, 1945-1989_t;Datasets/all_labels_train_gensim_sparse_matrix.npz
1914lvr.hypotheses.org/872;sciences politiques_d, histoire_t, époque contemporaine_t, 1914-1918_t;Datasets/all_labels_train_gensim_sparse_matrix.npz
archivewk1.hypotheses.org/2592;histoire_d, époque contemporaine_t, 1914-1918_t;Datasets/all_labels_train_gensim_sparse_matrix.npz
metablock.hypotheses.org/623;sciences sociales interdisciplinaires_d, linguistique appliquée_d, langue et linguistique_d, sociologie des sciences_t, langage_t, linguistique_t, édition électronique_t, histoire et sociologie des médias_t;Datasets/all_labels_train_gensim_sparse_matrix.npz
soziologieblog.hypotheses.org/1346;sciences sociales interdisciplinaires_d, sociologie et anthropologie_d, sociologie du travail_t, sociologie urbaine_t, sociologie de la culture_t, sociologie économique_t;Datasets/all_labels_train_gensim_sparse_matrix.npz
tagebuch.hypotheses.org/1012;histoire et archéologie_d, histoire_d, histoire_t, époque contemporaine_t, 1914-1918_t;Datasets/all_labels_train_gensim_sparse_matrix.npz
dkblog.hypotheses.org/579;histoire_d, histoire_t, époque moderne_t, xviie siècle_t;Datasets/all_labels_train_gensim_sparse_matrix.npz
fortifica.hypotheses.org/597;histoire et archéologie_d, histoire_d, histoire urbaine_t, xvie siècle_t, xviie siècle_t, xviiie siècle_t;Datasets/all_labels_train_gensim_sparse_matrix.npz
soziologieblog.hypotheses.org/4555;sciences sociales interdisciplinaires_d, sociologie et anthropologie_d, sociologie du travail_t, sociologie urbaine_t, sociologie de la culture_t, sociologie économique_t;Datasets/all_labels_train_gensim_sparse_matrix.npz
musermeku.hypotheses.org/5213;humanités pluridisciplinaires_d, pluridisciplinarité_d, sciences sociales interdisciplinaires_d, sociologie_t, sociologie de la culture_t, histoire_t, histoire politique_t;Datasets/all_labels_train_gensim_sparse_matrix.npz
histgymbib.hypotheses.org/750;arts et humanités_d, humanités pluridisciplinaires_d, sciences de l'information et de la communication_d, bibliothéconomie_d, sciences sociales interdisciplinaires_d, éducation_t, xvie siècle_t, xviie siècle_t, xviiie siècle_t, prospectives_t;Datasets/all_labels_train_gensim_sparse_matrix.npz
vgdrp.hypotheses.org/363;éducation_d, histoire des sciences sociales_d, histoire_t, histoire économique_t, histoire industrielle_t, histoire urbaine_t, histoire sociale_t;Datasets/all_labels_train_gensim_sparse_matrix.npz
musicaroma.hypotheses.org/221;musique_d, histoire_d, histoire_t, histoire culturelle_t, monde germanique_t;Datasets/all_labels_train_gensim_sparse_matrix.npz
archivalia.hypotheses.org/62682;histoire et archéologie_d, sciences sociales interdisciplinaires_d, histoire_t, approches de corpus_t, enquêtes_t, archives_t;Datasets/all_labels_train_gensim_sparse_matrix.npz
fnzinfo.hypotheses.org/947;arts et humanités_d, musique_d, histoire et archéologie_d, histoire_t, xvie siècle_t, xviie siècle_t, xviiie siècle_t, révolution française_t;Datasets/all_labels_train_gensim_sparse_matrix.npz
catholiccultures.hypotheses.org/1987;histoire et archéologie_d, histoire des sciences sociales_d, sciences sociales interdisciplinaires_d, sociologie et anthropologie_d, histoire_t, histoire sociale_t, histoire des religions_t, époque moderne_t;Datasets/all_labels_train_gensim_sparse_matrix.npz
archivalia.hypotheses.org/3086;histoire et archéologie_d, sciences sociales interdisciplinaires_d, histoire_t, approches de corpus_t, enquêtes_t, archives_t;Datasets/all_labels_train_gensim_sparse_matrix.npz
trivium.hypotheses.org/666;arts et humanités_d, humanités pluridisciplinaires_d, pluridisciplinarité_d, sciences sociales interdisciplinaires_d, représentations_t, histoire culturelle_t, épistémologie et méthodes_t, vie de la recherche_t;Datasets/all_labels_train_gensim_sparse_matrix.npz
avantmusic.hypotheses.org/102;musique_d, europe_t, monde germanique_t, histoire culturelle_t, histoire de l'art_t;Datasets/all_labels_train_gensim_sparse_matrix.npz
mittelalter.hypotheses.org/4036;humanités pluridisciplinaires_d, religions_d, histoire_d, sociologie_d, histoire_t, histoire sociale_t, histoire intellectuelle_t, moyen âge_t, haut moyen âge_t, bas moyen âge_t;Datasets/all_labels_train_gensim_sparse_matrix.npz
archivewk1.hypotheses.org/15946;histoire_d, époque contemporaine_t, 1914-1918_t;Datasets/all_labels_train_gensim_sparse_matrix.npz
gab.hypotheses.org/3128;histoire et archéologie_d, pluridisciplinarité_d, sciences sociales interdisciplinaires_d, études des sciences_t, sociologie des sciences_t, histoire_t;Datasets/all_labels_train_gensim_sparse_matrix.npz
ordensgeschichte.hypotheses.org/6074;arts et humanités_d, humanités pluridisciplinaires_d, histoire et archéologie_d, histoire et philosophie des sciences_d, histoire_t, haut moyen âge_t, bas moyen âge_t, xviie siècle_t, xviiie siècle_t;Datasets/all_labels_train_gensim_sparse_matrix.npz
archive20.hypotheses.org/1491;pluridisciplinarité_d, sciences sociales interdisciplinaires_d, histoire_t, information_t, patrimoine_t, monde germanique_t;Datasets/all_labels_train_gensim_sparse_matrix.npz
reichwein.hypotheses.org/1999;histoire et archéologie_d, histoire des sciences_t, 1945-1989_t;Datasets/all_labels_train_gensim_sparse_matrix.npz
archivtag.hypotheses.org/213;pluridisciplinarité_d, sciences sociales interdisciplinaires_d, histoire_t, information_t, monde germanique_t;Datasets/all_labels_train_gensim_sparse_matrix.npz
archivalia.hypotheses.org/6863;histoire et archéologie_d, sciences sociales interdisciplinaires_d, histoire_t, approches de corpus_t, enquêtes_t, archives_t;Datasets/all_labels_train_gensim_sparse_matrix.npz
archivalia.hypotheses.org/6432;histoire et archéologie_d, sciences sociales interdisciplinaires_d, histoire_t, approches de corpus_t, enquêtes_t, archives_t;Datasets/all_labels_train_gensim_sparse_matrix.npz
archivalia.hypotheses.org/8414;histoire et archéologie_d, sciences sociales interdisciplinaires_d, histoire_t, approches de corpus_t, enquêtes_t, archives_t;Datasets/all_labels_train_gensim_sparse_matrix.npz
dhmuc.hypotheses.org/765;humanités pluridisciplinaires_d, communication_d, pluridisciplinarité_d, sciences sociales interdisciplinaires_d, études des sciences_t, édition électronique_t, digital humanities_t;Datasets/all_labels_train_gensim_sparse_matrix.npz
archivewk1.hypotheses.org/24480;histoire_d, époque contemporaine_t, 1914-1918_t;Datasets/all_labels_train_gensim_sparse_matrix.npz
zakunibonn.hypotheses.org/363;histoire_d, psychologie_d, histoire_t, psychisme_t, psychologie_t, méthodes de traitement et de représentation_t, monde germanique_t;Datasets/all_labels_train_gensim_sparse_matrix.npz
metablock.hypotheses.org/44;sciences sociales interdisciplinaires_d, linguistique appliquée_d, langue et linguistique_d, sociologie des sciences_t, langage_t, linguistique_t, édition électronique_t, histoire et sociologie des médias_t;Datasets/all_labels_train_gensim_sparse_matrix.npz
archivewk1.hypotheses.org/17593;histoire_d, époque contemporaine_t, 1914-1918_t;Datasets/all_labels_train_gensim_sparse_matrix.npz
soziologieblog.hypotheses.org/8909;sciences sociales interdisciplinaires_d, sociologie et anthropologie_d, sociologie du travail_t, sociologie urbaine_t, sociologie de la culture_t, sociologie économique_t;Datasets/all_labels_train_gensim_sparse_matrix.npz
trafo.hypotheses.org/621;pluridisciplinarité_d, sciences sociales interdisciplinaires_d, études régionales_d, sociologie_t, sociologie des religions_t, information_t, histoire culturelle_t;Datasets/all_labels_train_gensim_sparse_matrix.npz
jeunegen.hypotheses.org/1557;histoire_d, pluridisciplinarité_d, histoire_t, vie de la recherche_t, moyen âge_t, haut moyen âge_t, bas moyen âge_t;Datasets/all_labels_train_gensim_sparse_matrix.npz
archivamt.hypotheses.org/456;communication_d, pluridisciplinarité_d, sciences sociales interdisciplinaires_d, information_t, sciences de l'information_t, représentations_t, patrimoine_t;Datasets/all_labels_train_gensim_sparse_matrix.npz
archivalia.hypotheses.org/52361;histoire et archéologie_d, sciences sociales interdisciplinaires_d, histoire_t, approches de corpus_t, enquêtes_t, archives_t;Datasets/all_labels_train_gensim_sparse_matrix.npz
archivalia.hypotheses.org/10034;histoire et archéologie_d, sciences sociales interdisciplinaires_d, histoire_t, approches de corpus_t, enquêtes_t, archives_t;Datasets/all_labels_train_gensim_sparse_matrix.npz
archivalia.hypotheses.org/12364;histoire et archéologie_d, sciences sociales interdisciplinaires_d, histoire_t, approches de corpus_t, enquêtes_t, archives_t;Datasets/all_labels_train_gensim_sparse_matrix.npz
archivalia.hypotheses.org/10480;histoire et archéologie_d, sciences sociales interdisciplinaires_d, histoire_t, approches de corpus_t, enquêtes_t, archives_t;Datasets/all_labels_train_gensim_sparse_matrix.npz
bioeg.hypotheses.org/1285;histoire et archéologie_d, histoire_d, histoire_t, sciences auxiliaires de l'histoire_t, europe centrale et orientale_t, monde germanique_t;Datasets/all_labels_train_gensim_sparse_matrix.npz
archivalia.hypotheses.org/13353;histoire et archéologie_d, sciences sociales interdisciplinaires_d, histoire_t, approches de corpus_t, enquêtes_t, archives_t;Datasets/all_labels_train_gensim_sparse_matrix.npz
unibloggt.hypotheses.org/433;histoire et archéologie_d, pluridisciplinarité_d, histoire_t, information_t;Datasets/all_labels_train_gensim_sparse_matrix.npz
archivalia.hypotheses.org/62134;histoire et archéologie_d, sciences sociales interdisciplinaires_d, histoire_t, approches de corpus_t, enquêtes_t, archives_t;Datasets/all_labels_train_gensim_sparse_matrix.npz
archivalia.hypotheses.org/13281;histoire et archéologie_d, sciences sociales interdisciplinaires_d, histoire_t, approches de corpus_t, enquêtes_t, archives_t;Datasets/all_labels_train_gensim_sparse_matrix.npz
archivalia.hypotheses.org/6179;histoire et archéologie_d, sciences sociales interdisciplinaires_d, histoire_t, approches de corpus_t, enquêtes_t, archives_t;Datasets/all_labels_train_gensim_sparse_matrix.npz
soziologieblog.hypotheses.org/9657;sciences sociales interdisciplinaires_d, sociologie et anthropologie_d, sociologie du travail_t, sociologie urbaine_t, sociologie de la culture_t, sociologie économique_t;Datasets/all_labels_train_gensim_sparse_matrix.npz
archivalia.hypotheses.org/57758;histoire et archéologie_d, sciences sociales interdisciplinaires_d, histoire_t, approches de corpus_t, enquêtes_t, archives_t;Datasets/all_labels_train_gensim_sparse_matrix.npz
archivewk1.hypotheses.org/26249;histoire_d, époque contemporaine_t, 1914-1918_t;Datasets/all_labels_train_gensim_sparse_matrix.npz
gid.hypotheses.org/1346;pluridisciplinarité_d, sciences sociales interdisciplinaires_d, études des sciences_t, histoire des sciences_t, pensée_t, histoire intellectuelle_t, histoire culturelle_t, prospectives_t;Datasets/all_labels_train_gensim_sparse_matrix.npz
histbav.hypotheses.org/3229;humanités pluridisciplinaires_d, histoire_d, pluridisciplinarité_d, histoire_t, monde germanique_t;Datasets/all_labels_train_gensim_sparse_matrix.npz
kristinoswald.hypotheses.org/1980;études anciennes_d, études des sciences_t, histoire_t, histoire et sociologie des médias_t, histoire culturelle_t, digital humanities_t;Datasets/all_labels_train_gensim_sparse_matrix.npz
archivalia.hypotheses.org/8355;histoire et archéologie_d, sciences sociales interdisciplinaires_d, histoire_t, approches de corpus_t, enquêtes_t, archives_t;Datasets/all_labels_train_gensim_sparse_matrix.npz
histbav.hypotheses.org/3574;humanités pluridisciplinaires_d, histoire_d, pluridisciplinarité_d, histoire_t, monde germanique_t;Datasets/all_labels_train_gensim_sparse_matrix.npz
archivalia.hypotheses.org/2062;histoire et archéologie_d, sciences sociales interdisciplinaires_d, histoire_t, approches de corpus_t, enquêtes_t, archives_t;Datasets/all_labels_train_gensim_sparse_matrix.npz
archivalia.hypotheses.org/55070;histoire et archéologie_d, sciences sociales interdisciplinaires_d, histoire_t, approches de corpus_t, enquêtes_t, archives_t;Datasets/all_labels_train_gensim_sparse_matrix.npz
soziologieblog.hypotheses.org/6386;sciences sociales interdisciplinaires_d, sociologie et anthropologie_d, sociologie du travail_t, sociologie urbaine_t, sociologie de la culture_t, sociologie économique_t;Datasets/all_labels_train_gensim_sparse_matrix.npz
archivalia.hypotheses.org/10101;histoire et archéologie_d, sciences sociales interdisciplinaires_d, histoire_t, approches de corpus_t, enquêtes_t, archives_t;Datasets/all_labels_train_gensim_sparse_matrix.npz
archivalia.hypotheses.org/2708;histoire et archéologie_d, sciences sociales interdisciplinaires_d, histoire_t, approches de corpus_t, enquêtes_t, archives_t;Datasets/all_labels_train_gensim_sparse_matrix.npz
archivekod.hypotheses.org/166;religions_d, histoire et archéologie_d, sciences de l'information et de la communication_d, bibliothéconomie_d, communication_d, histoire_t, histoire des religions_t, patrimoine_t;Datasets/all_labels_train_gensim_sparse_matrix.npz
mgtud.hypotheses.org/197;humanités pluridisciplinaires_d, éducation_d, histoire et archéologie_d, histoire_d, histoire_t, histoire urbaine_t, édition électronique_t;Datasets/all_labels_train_gensim_sparse_matrix.npz
dhiha.hypotheses.org/182;arts et humanités_d, humanités pluridisciplinaires_d, pluridisciplinarité_d, histoire_t, information_t, sciences de l'information_t, édition électronique_t, digital humanities_t;Datasets/all_labels_train_gensim_sparse_matrix.npz
soziologieblog.hypotheses.org/5816;sciences sociales interdisciplinaires_d, sociologie et anthropologie_d, sociologie du travail_t, sociologie urbaine_t, sociologie de la culture_t, sociologie économique_t;Datasets/all_labels_train_gensim_sparse_matrix.npz
musicaroma.hypotheses.org/736;musique_d, histoire_d, histoire_t, histoire culturelle_t, monde germanique_t;Datasets/all_labels_train_gensim_sparse_matrix.npz
archivalia.hypotheses.org/13499;histoire et archéologie_d, sciences sociales interdisciplinaires_d, histoire_t, approches de corpus_t, enquêtes_t, archives_t;Datasets/all_labels_train_gensim_sparse_matrix.npz
artincrisis.hypotheses.org/1567;arts et humanités_d, représentations_t, histoire de l'art_t, époque contemporaine_t, 1939-1945_t, monde germanique_t;Datasets/all_labels_train_gensim_sparse_matrix.npz
archivalia.hypotheses.org/13825;histoire et archéologie_d, sciences sociales interdisciplinaires_d, histoire_t, approches de corpus_t, enquêtes_t, archives_t;Datasets/all_labels_train_gensim_sparse_matrix.npz
archivalia.hypotheses.org/14318;histoire et archéologie_d, sciences sociales interdisciplinaires_d, histoire_t, approches de corpus_t, enquêtes_t, archives_t;Datasets/all_labels_train_gensim_sparse_matrix.npz
archivalia.hypotheses.org/14615;histoire et archéologie_d, sciences sociales interdisciplinaires_d, histoire_t, approches de corpus_t, enquêtes_t, archives_t;Datasets/all_labels_train_gensim_sparse_matrix.npz
archivalia.hypotheses.org/57427;histoire et archéologie_d, sciences sociales interdisciplinaires_d, histoire_t, approches de corpus_t, enquêtes_t, archives_t;Datasets/all_labels_train_gensim_sparse_matrix.npz
ordensgeschichte.hypotheses.org/6476;arts et humanités_d, humanités pluridisciplinaires_d, histoire et archéologie_d, histoire et philosophie des sciences_d, histoire_t, haut moyen âge_t, bas moyen âge_t, xviie siècle_t, xviiie siècle_t;Datasets/all_labels_train_gensim_sparse_matrix.npz
archivalia.hypotheses.org/9018;histoire et archéologie_d, sciences sociales interdisciplinaires_d, histoire_t, approches de corpus_t, enquêtes_t, archives_t;Datasets/all_labels_train_gensim_sparse_matrix.npz
archivewk1.hypotheses.org/31178;histoire_d, époque contemporaine_t, 1914-1918_t;Datasets/all_labels_train_gensim_sparse_matrix.npz
francofil.hypotheses.org/3713;pluridisciplinarité_d, sciences sociales interdisciplinaires_d, histoire_t, épistémologie et méthodes_t, approches de corpus_t, enquêtes_t, archives_t, france_t;Datasets/all_labels_train_gensim_sparse_matrix.npz
texperimentales.hypotheses.org/48;linguistique appliquée_d, langue et linguistique_d, langage_t, linguistique_t, information_t, sciences de l'information_t, digital humanities_t;Datasets/all_labels_train_gensim_sparse_matrix.npz
gab.hypotheses.org/1781;histoire et archéologie_d, pluridisciplinarité_d, sciences sociales interdisciplinaires_d, études des sciences_t, sociologie des sciences_t, histoire_t;Datasets/all_labels_train_gensim_sparse_matrix.npz
archivalia.hypotheses.org/5077;histoire et archéologie_d, sciences sociales interdisciplinaires_d, histoire_t, approches de corpus_t, enquêtes_t, archives_t;Datasets/all_labels_train_gensim_sparse_matrix.npz
archivalia.hypotheses.org/1440;histoire et archéologie_d, sciences sociales interdisciplinaires_d, histoire_t, approches de corpus_t, enquêtes_t, archives_t;Datasets/all_labels_train_gensim_sparse_matrix.npz
archivalia.hypotheses.org/8449;histoire et archéologie_d, sciences sociales interdisciplinaires_d, histoire_t, approches de corpus_t, enquêtes_t, archives_t;Datasets/all_labels_train_gensim_sparse_matrix.npz
mgtud.hypotheses.org/162;humanités pluridisciplinaires_d, éducation_d, histoire et archéologie_d, histoire_d, histoire_t, histoire urbaine_t, édition électronique_t;Datasets/all_labels_train_gensim_sparse_matrix.npz
1914lvr.hypotheses.org/1361;sciences politiques_d, histoire_t, époque contemporaine_t, 1914-1918_t;Datasets/all_labels_train_gensim_sparse_matrix.npz
dhiha.hypotheses.org/254;arts et humanités_d, humanités pluridisciplinaires_d, pluridisciplinarité_d, histoire_t, information_t, sciences de l'information_t, édition électronique_t, digital humanities_t;Datasets/all_labels_train_gensim_sparse_matrix.npz
archivalia.hypotheses.org/5200;histoire et archéologie_d, sciences sociales interdisciplinaires_d, histoire_t, approches de corpus_t, enquêtes_t, archives_t;Datasets/all_labels_train_gensim_sparse_matrix.npz
grammata.hypotheses.org/133;études anciennes_d, religions_d, littérature_d, religions_t, littératures_t;Datasets/all_labels_train_gensim_sparse_matrix.npz
archivalia.hypotheses.org/51964;histoire et archéologie_d, sciences sociales interdisciplinaires_d, histoire_t, approches de corpus_t, enquêtes_t, archives_t;Datasets/all_labels_train_gensim_sparse_matrix.npz
archivewk1.hypotheses.org/5426;histoire_d, époque contemporaine_t, 1914-1918_t;Datasets/all_labels_train_gensim_sparse_matrix.npz
djgd.hypotheses.org/115;histoire_d, histoire_t, digital humanities_t, xxe siècle_t, prospectives_t;Datasets/all_labels_train_gensim_sparse_matrix.npz
archivalia.hypotheses.org/5781;histoire et archéologie_d, sciences sociales interdisciplinaires_d, histoire_t, approches de corpus_t, enquêtes_t, archives_t;Datasets/all_labels_train_gensim_sparse_matrix.npz
archivekod.hypotheses.org/591;religions_d, histoire et archéologie_d, sciences de l'information et de la communication_d, bibliothéconomie_d, communication_d, histoire_t, histoire des religions_t, patrimoine_t;Datasets/all_labels_train_gensim_sparse_matrix.npz
soziologieblog.hypotheses.org/4446;sciences sociales interdisciplinaires_d, sociologie et anthropologie_d, sociologie du travail_t, sociologie urbaine_t, sociologie de la culture_t, sociologie économique_t;Datasets/all_labels_train_gensim_sparse_matrix.npz
archivalia.hypotheses.org/10517;histoire et archéologie_d, sciences sociales interdisciplinaires_d, histoire_t, approches de corpus_t, enquêtes_t, archives_t;Datasets/all_labels_train_gensim_sparse_matrix.npz
mittelalter.hypotheses.org/6121;humanités pluridisciplinaires_d, religions_d, histoire_d, sociologie_d, histoire_t, histoire sociale_t, histoire intellectuelle_t, moyen âge_t, haut moyen âge_t, bas moyen âge_t;Datasets/all_labels_train_gensim_sparse_matrix.npz
heraldica.hypotheses.org/2854;histoire_d, histoire_t, historiographie_t, sciences auxiliaires de l'histoire_t, moyen âge_t, haut moyen âge_t;Datasets/all_labels_train_gensim_sparse_matrix.npz
dgl.hypotheses.org/263;éducation spécialisée_d, histoire_d, histoire_t, histoire et sociologie des médias_t, éducation_t;Datasets/all_labels_train_gensim_sparse_matrix.npz
amuc.hypotheses.org/1712;humanités pluridisciplinaires_d, histoire_d, histoire_t, représentations_t, patrimoine_t;Datasets/all_labels_train_gensim_sparse_matrix.npz
archivewk1.hypotheses.org/11967;histoire_d, époque contemporaine_t, 1914-1918_t;Datasets/all_labels_train_gensim_sparse_matrix.npz
medienbildung.hypotheses.org/1369;éducation_d, éducation spécialisée_d, travail social_d, sociologie_t, édition électronique_t, histoire et sociologie des médias_t, éducation_t;Datasets/all_labels_train_gensim_sparse_matrix.npz
archivalia.hypotheses.org/8285;histoire et archéologie_d, sciences sociales interdisciplinaires_d, histoire_t, approches de corpus_t, enquêtes_t, archives_t;Datasets/all_labels_train_gensim_sparse_matrix.npz
jameel.hypotheses.org/854;pluridisciplinarité_d, études régionales_d, archéologie_d, arts_d, humanités pluridisciplinaires_d, représentations_t, asie_t, digital humanities_t, histoire de l'art_t;Datasets/all_labels_train_gensim_sparse_matrix.npz
archivalia.hypotheses.org/12368;histoire et archéologie_d, sciences sociales interdisciplinaires_d, histoire_t, approches de corpus_t, enquêtes_t, archives_t;Datasets/all_labels_train_gensim_sparse_matrix.npz
soziologieblog.hypotheses.org/1613;sciences sociales interdisciplinaires_d, sociologie et anthropologie_d, sociologie du travail_t, sociologie urbaine_t, sociologie de la culture_t, sociologie économique_t;Datasets/all_labels_train_gensim_sparse_matrix.npz
inklusion.hypotheses.org/211;éducation_d, travail social et politique sociale_d, sociologie du travail_t, âges de la vie_t, information_t, sciences de l'éducation_t;Datasets/all_labels_train_gensim_sparse_matrix.npz
games.hypotheses.org/93;arts et humanités_d, humanités pluridisciplinaires_d, psychologie expérimentale_d, sciences cognitives_t, psychisme_t, psychologie_t, représentations_t, histoire de l'art_t, études visuelles_t;Datasets/all_labels_train_gensim_sparse_matrix.npz
aktenkunde.hypotheses.org/344;histoire_d, histoire_t, sciences auxiliaires de l'histoire_t;Datasets/all_labels_train_gensim_sparse_matrix.npz
quadrivium.hypotheses.org/167;pluridisciplinarité_d, histoire des sciences_t, histoire_t, histoire et sociologie des médias_t, historiographie_t, moyen âge_t, haut moyen âge_t;Datasets/all_labels_train_gensim_sparse_matrix.npz
gid.hypotheses.org/905;pluridisciplinarité_d, sciences sociales interdisciplinaires_d, études des sciences_t, histoire des sciences_t, pensée_t, histoire intellectuelle_t, histoire culturelle_t, prospectives_t;Datasets/all_labels_train_gensim_sparse_matrix.npz
archivewk1.hypotheses.org/4231;histoire_d, époque contemporaine_t, 1914-1918_t;Datasets/all_labels_train_gensim_sparse_matrix.npz
dgl.hypotheses.org/575;éducation spécialisée_d, histoire_d, histoire_t, histoire et sociologie des médias_t, éducation_t;Datasets/all_labels_train_gensim_sparse_matrix.npz
archivewk1.hypotheses.org/3757;histoire_d, époque contemporaine_t, 1914-1918_t;Datasets/all_labels_train_gensim_sparse_matrix.npz
irhis.hypotheses.org/8277;arts et humanités_d, histoire et archéologie_d, histoire économique_t, histoire sociale_t, études visuelles_t;Datasets/all_labels_train_gensim_sparse_matrix.npz
dfmfa.hypotheses.org/1029;humanités pluridisciplinaires_d, sciences sociales interdisciplinaires_d, histoire_t, moyen âge_t, haut moyen âge_t, bas moyen âge_t;Datasets/all_labels_train_gensim_sparse_matrix.npz
sdvigpress.hypotheses.org/460;langue et linguistique_d, philosophie_d, humanités pluridisciplinaires_d, épistémologie et méthodes_t, digital humanities_t, europe centrale et orientale_t, édition électronique_t, linguistique_t;Datasets/all_labels_train_gensim_sparse_matrix.npz
trivium.hypotheses.org/352;arts et humanités_d, humanités pluridisciplinaires_d, pluridisciplinarité_d, sciences sociales interdisciplinaires_d, représentations_t, histoire culturelle_t, épistémologie et méthodes_t, vie de la recherche_t;Datasets/all_labels_train_gensim_sparse_matrix.npz
histbav.hypotheses.org/3509;humanités pluridisciplinaires_d, histoire_d, pluridisciplinarité_d, histoire_t, monde germanique_t;Datasets/all_labels_train_gensim_sparse_matrix.npz
archivalia.hypotheses.org/11737;histoire et archéologie_d, sciences sociales interdisciplinaires_d, histoire_t, approches de corpus_t, enquêtes_t, archives_t;Datasets/all_labels_train_gensim_sparse_matrix.npz
metablock.hypotheses.org/810;sciences sociales interdisciplinaires_d, linguistique appliquée_d, langue et linguistique_d, sociologie des sciences_t, langage_t, linguistique_t, édition électronique_t, histoire et sociologie des médias_t;Datasets/all_labels_train_gensim_sparse_matrix.npz
archivalia.hypotheses.org/7445;histoire et archéologie_d, sciences sociales interdisciplinaires_d, histoire_t, approches de corpus_t, enquêtes_t, archives_t;Datasets/all_labels_train_gensim_sparse_matrix.npz
sdvigpress.hypotheses.org/277;langue et linguistique_d, philosophie_d, humanités pluridisciplinaires_d, épistémologie et méthodes_t, digital humanities_t, europe centrale et orientale_t, édition électronique_t, linguistique_t;Datasets/all_labels_train_gensim_sparse_matrix.npz
archivewk1.hypotheses.org/15059;histoire_d, époque contemporaine_t, 1914-1918_t;Datasets/all_labels_train_gensim_sparse_matrix.npz
nordichistoryblog.hypotheses.org/1642;arts et humanités_d, histoire et archéologie_d, histoire_t, édition électronique_t, vie de la recherche_t, approches de corpus_t, enquêtes_t, archives_t, europe_t, pays baltes et scandinaves_t;Datasets/all_labels_train_gensim_sparse_matrix.npz
archivamt.hypotheses.org/4603;communication_d, pluridisciplinarité_d, sciences sociales interdisciplinaires_d, information_t, sciences de l'information_t, représentations_t, patrimoine_t;Datasets/all_labels_train_gensim_sparse_matrix.npz
archivewk1.hypotheses.org/16752;histoire_d, époque contemporaine_t, 1914-1918_t;Datasets/all_labels_train_gensim_sparse_matrix.npz
archivalia.hypotheses.org/13636;histoire et archéologie_d, sciences sociales interdisciplinaires_d, histoire_t, approches de corpus_t, enquêtes_t, archives_t;Datasets/all_labels_train_gensim_sparse_matrix.npz
grk1678.hypotheses.org/913;arts et humanités_d, humanités pluridisciplinaires_d, histoire et philosophie des sciences_d, pluridisciplinarité_d, philosophie_t, littératures_t, histoire culturelle_t, histoire de l'art_t;Datasets/all_labels_train_gensim_sparse_matrix.npz
archivalia.hypotheses.org/9876;histoire et archéologie_d, sciences sociales interdisciplinaires_d, histoire_t, approches de corpus_t, enquêtes_t, archives_t;Datasets/all_labels_train_gensim_sparse_matrix.npz
kulturgut.hypotheses.org/505;humanités pluridisciplinaires_d, études des sciences_t, histoire_t, approches de corpus_t, enquêtes_t, archives_t;Datasets/all_labels_train_gensim_sparse_matrix.npz
archivewk1.hypotheses.org/27744;histoire_d, époque contemporaine_t, 1914-1918_t;Datasets/all_labels_train_gensim_sparse_matrix.npz
archivalia.hypotheses.org/13334;histoire et archéologie_d, sciences sociales interdisciplinaires_d, histoire_t, approches de corpus_t, enquêtes_t, archives_t;Datasets/all_labels_train_gensim_sparse_matrix.npz
wenhua.hypotheses.org/84;études asiatiques_d, humanités pluridisciplinaires_d, histoire_d, histoire culturelle_t, asie_t;Datasets/all_labels_train_gensim_sparse_matrix.npz
redaktionsblog.hypotheses.org/2637;arts et humanités_d, humanités pluridisciplinaires_d, épistémologie et méthodes_t, digital humanities_t;Datasets/all_labels_train_gensim_sparse_matrix.npz
nordichistoryblog.hypotheses.org/163;arts et humanités_d, histoire et archéologie_d, histoire_t, édition électronique_t, vie de la recherche_t, approches de corpus_t, enquêtes_t, archives_t, europe_t, pays baltes et scandinaves_t;Datasets/all_labels_train_gensim_sparse_matrix.npz
kinder.hypotheses.org/697;éducation et sciences de l'éducation_d, études sur la famille_d, âges de la vie_t, sciences de l'éducation_t;Datasets/all_labels_train_gensim_sparse_matrix.npz
histgymbib.hypotheses.org/1923;arts et humanités_d, humanités pluridisciplinaires_d, sciences de l'information et de la communication_d, bibliothéconomie_d, sciences sociales interdisciplinaires_d, éducation_t, xvie siècle_t, xviie siècle_t, xviiie siècle_t, prospectives_t;Datasets/all_labels_train_gensim_sparse_matrix.npz
archivalia.hypotheses.org/8113;histoire et archéologie_d, sciences sociales interdisciplinaires_d, histoire_t, approches de corpus_t, enquêtes_t, archives_t;Datasets/all_labels_train_gensim_sparse_matrix.npz
archivalia.hypotheses.org/13329;histoire et archéologie_d, sciences sociales interdisciplinaires_d, histoire_t, approches de corpus_t, enquêtes_t, archives_t;Datasets/all_labels_train_gensim_sparse_matrix.npz
archivewk1.hypotheses.org/6916;histoire_d, époque contemporaine_t, 1914-1918_t;Datasets/all_labels_train_gensim_sparse_matrix.npz
archdigi.hypotheses.org/671;archéologie_d, monde germanique_t;Datasets/all_labels_train_gensim_sparse_matrix.npz
histbav.hypotheses.org/5104;humanités pluridisciplinaires_d, histoire_d, pluridisciplinarité_d, histoire_t, monde germanique_t;Datasets/all_labels_train_gensim_sparse_matrix.npz
mindthegaps.hypotheses.org/68;études asiatiques_d, histoire_d, histoire_t, histoire culturelle_t, asie_t, chine_t;Datasets/all_labels_train_gensim_sparse_matrix.npz
wenhua.hypotheses.org/1626;études asiatiques_d, humanités pluridisciplinaires_d, histoire_d, histoire culturelle_t, asie_t;Datasets/all_labels_train_gensim_sparse_matrix.npz
archivalia.hypotheses.org/8044;histoire et archéologie_d, sciences sociales interdisciplinaires_d, histoire_t, approches de corpus_t, enquêtes_t, archives_t;Datasets/all_labels_train_gensim_sparse_matrix.npz
digigw.hypotheses.org/771;humanités pluridisciplinaires_d, histoire_t, édition électronique_t, sciences auxiliaires de l'histoire_t, digital humanities_t;Datasets/all_labels_train_gensim_sparse_matrix.npz
tagebuch.hypotheses.org/605;histoire et archéologie_d, histoire_d, histoire_t, époque contemporaine_t, 1914-1918_t;Datasets/all_labels_train_gensim_sparse_matrix.npz
fnzinfo.hypotheses.org/586;arts et humanités_d, musique_d, histoire et archéologie_d, histoire_t, xvie siècle_t, xviie siècle_t, xviiie siècle_t, révolution française_t;Datasets/all_labels_train_gensim_sparse_matrix.npz
histbav.hypotheses.org/3568;humanités pluridisciplinaires_d, histoire_d, pluridisciplinarité_d, histoire_t, monde germanique_t;Datasets/all_labels_train_gensim_sparse_matrix.npz
irhis.hypotheses.org/6404;arts et humanités_d, histoire et archéologie_d, histoire économique_t, histoire sociale_t, études visuelles_t;Datasets/all_labels_train_gensim_sparse_matrix.npz
redaktionsblog.hypotheses.org/3110;arts et humanités_d, humanités pluridisciplinaires_d, épistémologie et méthodes_t, digital humanities_t;Datasets/all_labels_train_gensim_sparse_matrix.npz
archivalia.hypotheses.org/1712;histoire et archéologie_d, sciences sociales interdisciplinaires_d, histoire_t, approches de corpus_t, enquêtes_t, archives_t;Datasets/all_labels_train_gensim_sparse_matrix.npz
artincrisis.hypotheses.org/584;arts et humanités_d, représentations_t, histoire de l'art_t, époque contemporaine_t, 1939-1945_t, monde germanique_t;Datasets/all_labels_train_gensim_sparse_matrix.npz
grandeguerre.hypotheses.org/1191;histoire et archéologie_d, histoire_t, 1914-1918_t, prospectives_t, france_t, monde germanique_t;Datasets/all_labels_train_gensim_sparse_matrix.npz
archivewk1.hypotheses.org/32197;histoire_d, époque contemporaine_t, 1914-1918_t;Datasets/all_labels_train_gensim_sparse_matrix.npz
zwopktnull.hypotheses.org/164;éducation_d, histoire_t, représentations_t;Datasets/all_labels_train_gensim_sparse_matrix.npz
archivalia.hypotheses.org/13656;histoire et archéologie_d, sciences sociales interdisciplinaires_d, histoire_t, approches de corpus_t, enquêtes_t, archives_t;Datasets/all_labels_train_gensim_sparse_matrix.npz
histgymbib.hypotheses.org/1896;arts et humanités_d, humanités pluridisciplinaires_d, sciences de l'information et de la communication_d, bibliothéconomie_d, sciences sociales interdisciplinaires_d, éducation_t, xvie siècle_t, xviie siècle_t, xviiie siècle_t, prospectives_t;Datasets/all_labels_train_gensim_sparse_matrix.npz
metablock.hypotheses.org/454;sciences sociales interdisciplinaires_d, linguistique appliquée_d, langue et linguistique_d, sociologie des sciences_t, langage_t, linguistique_t, édition électronique_t, histoire et sociologie des médias_t;Datasets/all_labels_train_gensim_sparse_matrix.npz
gab.hypotheses.org/2885;histoire et archéologie_d, pluridisciplinarité_d, sciences sociales interdisciplinaires_d, études des sciences_t, sociologie des sciences_t, histoire_t;Datasets/all_labels_train_gensim_sparse_matrix.npz
dkblog.hypotheses.org/437;histoire_d, histoire_t, époque moderne_t, xviie siècle_t;Datasets/all_labels_train_gensim_sparse_matrix.npz
archivewk1.hypotheses.org/32255;histoire_d, époque contemporaine_t, 1914-1918_t;Datasets/all_labels_train_gensim_sparse_matrix.npz
gelerndig.hypotheses.org/266;éducation_d, éducation spécialisée_d, histoire_d, histoire_t, éducation_t, édition électronique_t, histoire et sociologie des médias_t;Datasets/all_labels_train_gensim_sparse_matrix.npz
archivalia.hypotheses.org/6277;histoire et archéologie_d, sciences sociales interdisciplinaires_d, histoire_t, approches de corpus_t, enquêtes_t, archives_t;Datasets/all_labels_train_gensim_sparse_matrix.npz
vgdrp.hypotheses.org/354;éducation_d, histoire des sciences sociales_d, histoire_t, histoire économique_t, histoire industrielle_t, histoire urbaine_t, histoire sociale_t;Datasets/all_labels_train_gensim_sparse_matrix.npz
lvrafz.hypotheses.org/1476;pluridisciplinarité_d, information_t;Datasets/all_labels_train_gensim_sparse_matrix.npz
1914lvr.hypotheses.org/591;sciences politiques_d, histoire_t, époque contemporaine_t, 1914-1918_t;Datasets/all_labels_train_gensim_sparse_matrix.npz
histbav.hypotheses.org/5071;humanités pluridisciplinaires_d, histoire_d, pluridisciplinarité_d, histoire_t, monde germanique_t;Datasets/all_labels_train_gensim_sparse_matrix.npz
histbav.hypotheses.org/2777;humanités pluridisciplinaires_d, histoire_d, pluridisciplinarité_d, histoire_t, monde germanique_t;Datasets/all_labels_train_gensim_sparse_matrix.npz
archivewk1.hypotheses.org/3849;histoire_d, époque contemporaine_t, 1914-1918_t;Datasets/all_labels_train_gensim_sparse_matrix.npz
archivewk1.hypotheses.org/26283;histoire_d, époque contemporaine_t, 1914-1918_t;Datasets/all_labels_train_gensim_sparse_matrix.npz
archivamt.hypotheses.org/21;communication_d, pluridisciplinarité_d, sciences sociales interdisciplinaires_d, information_t, sciences de l'information_t, représentations_t, patrimoine_t;Datasets/all_labels_train_gensim_sparse_matrix.npz
archivewk1.hypotheses.org/14019;histoire_d, époque contemporaine_t, 1914-1918_t;Datasets/all_labels_train_gensim_sparse_matrix.npz
zakunibonn.hypotheses.org/1423;histoire_d, psychologie_d, histoire_t, psychisme_t, psychologie_t, méthodes de traitement et de représentation_t, monde germanique_t;Datasets/all_labels_train_gensim_sparse_matrix.npz
soziologieblog.hypotheses.org/5077;sciences sociales interdisciplinaires_d, sociologie et anthropologie_d, sociologie du travail_t, sociologie urbaine_t, sociologie de la culture_t, sociologie économique_t;Datasets/all_labels_train_gensim_sparse_matrix.npz
dokunstlmu.hypotheses.org/1015;arts et humanités_d, histoire intellectuelle_t;Datasets/all_labels_train_gensim_sparse_matrix.npz
archivalia.hypotheses.org/4261;histoire et archéologie_d, sciences sociales interdisciplinaires_d, histoire_t, approches de corpus_t, enquêtes_t, archives_t;Datasets/all_labels_train_gensim_sparse_matrix.npz
archivewk1.hypotheses.org/8248;histoire_d, époque contemporaine_t, 1914-1918_t;Datasets/all_labels_train_gensim_sparse_matrix.npz
archivalia.hypotheses.org/5807;histoire et archéologie_d, sciences sociales interdisciplinaires_d, histoire_t, approches de corpus_t, enquêtes_t, archives_t;Datasets/all_labels_train_gensim_sparse_matrix.npz
archivewk1.hypotheses.org/7638;histoire_d, époque contemporaine_t, 1914-1918_t;Datasets/all_labels_train_gensim_sparse_matrix.npz
archivalia.hypotheses.org/1867;histoire et archéologie_d, sciences sociales interdisciplinaires_d, histoire_t, approches de corpus_t, enquêtes_t, archives_t;Datasets/all_labels_train_gensim_sparse_matrix.npz
archivewk1.hypotheses.org/7700;histoire_d, époque contemporaine_t, 1914-1918_t;Datasets/all_labels_train_gensim_sparse_matrix.npz
nummer.hypotheses.org/198;histoire_d, sciences de l'information et de la communication_d, bibliothéconomie_d, histoire_t, histoire intellectuelle_t, histoire et sociologie des médias_t, histoire culturelle_t;Datasets/all_labels_train_gensim_sparse_matrix.npz
archivalia.hypotheses.org/455;histoire et archéologie_d, sciences sociales interdisciplinaires_d, histoire_t, approches de corpus_t, enquêtes_t, archives_t;Datasets/all_labels_train_gensim_sparse_matrix.npz
archivalia.hypotheses.org/8835;histoire et archéologie_d, sciences sociales interdisciplinaires_d, histoire_t, approches de corpus_t, enquêtes_t, archives_t;Datasets/all_labels_train_gensim_sparse_matrix.npz
mindthegaps.hypotheses.org/369;études asiatiques_d, histoire_d, histoire_t, histoire culturelle_t, asie_t, chine_t;Datasets/all_labels_train_gensim_sparse_matrix.npz
archivalia.hypotheses.org/3823;histoire et archéologie_d, sciences sociales interdisciplinaires_d, histoire_t, approches de corpus_t, enquêtes_t, archives_t;Datasets/all_labels_train_gensim_sparse_matrix.npz
histbav.hypotheses.org/3254;humanités pluridisciplinaires_d, histoire_d, pluridisciplinarité_d, histoire_t, monde germanique_t;Datasets/all_labels_train_gensim_sparse_matrix.npz
histbav.hypotheses.org/2881;humanités pluridisciplinaires_d, histoire_d, pluridisciplinarité_d, histoire_t, monde germanique_t;Datasets/all_labels_train_gensim_sparse_matrix.npz
archive20.hypotheses.org/2553;pluridisciplinarité_d, sciences sociales interdisciplinaires_d, histoire_t, information_t, patrimoine_t, monde germanique_t;Datasets/all_labels_train_gensim_sparse_matrix.npz
1914lvr.hypotheses.org/800;sciences politiques_d, histoire_t, époque contemporaine_t, 1914-1918_t;Datasets/all_labels_train_gensim_sparse_matrix.npz
aktenkunde.hypotheses.org/625;histoire_d, histoire_t, sciences auxiliaires de l'histoire_t;Datasets/all_labels_train_gensim_sparse_matrix.npz
soziologieblog.hypotheses.org/9975;sciences sociales interdisciplinaires_d, sociologie et anthropologie_d, sociologie du travail_t, sociologie urbaine_t, sociologie de la culture_t, sociologie économique_t;Datasets/all_labels_train_gensim_sparse_matrix.npz
archivalia.hypotheses.org/9363;histoire et archéologie_d, sciences sociales interdisciplinaires_d, histoire_t, approches de corpus_t, enquêtes_t, archives_t;Datasets/all_labels_train_gensim_sparse_matrix.npz
archivalia.hypotheses.org/14184;histoire et archéologie_d, sciences sociales interdisciplinaires_d, histoire_t, approches de corpus_t, enquêtes_t, archives_t;Datasets/all_labels_train_gensim_sparse_matrix.npz
wenhua.hypotheses.org/1214;études asiatiques_d, humanités pluridisciplinaires_d, histoire_d, histoire culturelle_t, asie_t;Datasets/all_labels_train_gensim_sparse_matrix.npz
mindthegaps.hypotheses.org/1469;études asiatiques_d, histoire_d, histoire_t, histoire culturelle_t, asie_t, chine_t;Datasets/all_labels_train_gensim_sparse_matrix.npz
intersex.hypotheses.org/2780;histoire_d, biomédecine_d, étude des genres_t, histoire des sciences_t, histoire_t, histoire du droit_t, moyen âge_t, xxie siècle_t;Datasets/all_labels_train_gensim_sparse_matrix.npz
kriegsfoto.hypotheses.org/614;arts_d, histoire_d, communication_d, guerres_t, conflits_t, violence_t, études visuelles_t, époque contemporaine_t, europe centrale et orientale_t;Datasets/all_labels_train_gensim_sparse_matrix.npz
grk1678.hypotheses.org/904;arts et humanités_d, humanités pluridisciplinaires_d, histoire et philosophie des sciences_d, pluridisciplinarité_d, philosophie_t, littératures_t, histoire culturelle_t, histoire de l'art_t;Datasets/all_labels_train_gensim_sparse_matrix.npz
archivewk1.hypotheses.org/20933;histoire_d, époque contemporaine_t, 1914-1918_t;Datasets/all_labels_train_gensim_sparse_matrix.npz
sammeln.hypotheses.org/274;sciences sociales interdisciplinaires_d, histoire des sciences_t, patrimoine_t, sciences auxiliaires de l'histoire_t, approches de corpus_t, enquêtes_t, archives_t;Datasets/all_labels_train_gensim_sparse_matrix.npz
winzen.hypotheses.org/125;histoire_d, histoire_t, études visuelles_t, 1918-1939_t, 1939-1945_t, monde germanique_t;Datasets/all_labels_train_gensim_sparse_matrix.npz
archivalia.hypotheses.org/54582;histoire et archéologie_d, sciences sociales interdisciplinaires_d, histoire_t, approches de corpus_t, enquêtes_t, archives_t;Datasets/all_labels_train_gensim_sparse_matrix.npz
archivalia.hypotheses.org/10406;histoire et archéologie_d, sciences sociales interdisciplinaires_d, histoire_t, approches de corpus_t, enquêtes_t, archives_t;Datasets/all_labels_train_gensim_sparse_matrix.npz
archivalia.hypotheses.org/11292;histoire et archéologie_d, sciences sociales interdisciplinaires_d, histoire_t, approches de corpus_t, enquêtes_t, archives_t;Datasets/all_labels_train_gensim_sparse_matrix.npz
histbav.hypotheses.org/1448;humanités pluridisciplinaires_d, histoire_d, pluridisciplinarité_d, histoire_t, monde germanique_t;Datasets/all_labels_train_gensim_sparse_matrix.npz
historischdenken.hypotheses.org/1214;histoire et archéologie_d, histoire_t;Datasets/all_labels_train_gensim_sparse_matrix.npz
quadrivium.hypotheses.org/150;pluridisciplinarité_d, histoire des sciences_t, histoire_t, histoire et sociologie des médias_t, historiographie_t, moyen âge_t, haut moyen âge_t;Datasets/all_labels_train_gensim_sparse_matrix.npz
sdvigpress.hypotheses.org/672;langue et linguistique_d, philosophie_d, humanités pluridisciplinaires_d, épistémologie et méthodes_t, digital humanities_t, europe centrale et orientale_t, édition électronique_t, linguistique_t;Datasets/all_labels_train_gensim_sparse_matrix.npz
speyermemo.hypotheses.org/2634;histoire_d, pluridisciplinarité_d, sciences sociales interdisciplinaires_d, sociologie de la culture_t, histoire_t, 1939-1945_t, europe_t;Datasets/all_labels_train_gensim_sparse_matrix.npz
histbav.hypotheses.org/1614;humanités pluridisciplinaires_d, histoire_d, pluridisciplinarité_d, histoire_t, monde germanique_t;Datasets/all_labels_train_gensim_sparse_matrix.npz
1914lvr.hypotheses.org/1707;sciences politiques_d, histoire_t, époque contemporaine_t, 1914-1918_t;Datasets/all_labels_train_gensim_sparse_matrix.npz
dkblog.hypotheses.org/721;histoire_d, histoire_t, époque moderne_t, xviie siècle_t;Datasets/all_labels_train_gensim_sparse_matrix.npz
archivalia.hypotheses.org/61309;histoire et archéologie_d, sciences sociales interdisciplinaires_d, histoire_t, approches de corpus_t, enquêtes_t, archives_t;Datasets/all_labels_train_gensim_sparse_matrix.npz
gid.hypotheses.org/1175;pluridisciplinarité_d, sciences sociales interdisciplinaires_d, études des sciences_t, histoire des sciences_t, pensée_t, histoire intellectuelle_t, histoire culturelle_t, prospectives_t;Datasets/all_labels_train_gensim_sparse_matrix.npz
archivalia.hypotheses.org/4520;histoire et archéologie_d, sciences sociales interdisciplinaires_d, histoire_t, approches de corpus_t, enquêtes_t, archives_t;Datasets/all_labels_train_gensim_sparse_matrix.npz
archivewk1.hypotheses.org/15745;histoire_d, époque contemporaine_t, 1914-1918_t;Datasets/all_labels_train_gensim_sparse_matrix.npz
fnzinfo.hypotheses.org/279;arts et humanités_d, musique_d, histoire et archéologie_d, histoire_t, xvie siècle_t, xviie siècle_t, xviiie siècle_t, révolution française_t;Datasets/all_labels_train_gensim_sparse_matrix.npz
histgymbib.hypotheses.org/693;arts et humanités_d, humanités pluridisciplinaires_d, sciences de l'information et de la communication_d, bibliothéconomie_d, sciences sociales interdisciplinaires_d, éducation_t, xvie siècle_t, xviie siècle_t, xviiie siècle_t, prospectives_t;Datasets/all_labels_train_gensim_sparse_matrix.npz
bereschitrabba.hypotheses.org/1357;arts et humanités_d, religions_d, langue et linguistique_d, religions_t, histoire des religions_t;Datasets/all_labels_train_gensim_sparse_matrix.npz
archivalia.hypotheses.org/61842;histoire et archéologie_d, sciences sociales interdisciplinaires_d, histoire_t, approches de corpus_t, enquêtes_t, archives_t;Datasets/all_labels_train_gensim_sparse_matrix.npz
jeunegen.hypotheses.org/1542;histoire_d, pluridisciplinarité_d, histoire_t, vie de la recherche_t, moyen âge_t, haut moyen âge_t, bas moyen âge_t;Datasets/all_labels_train_gensim_sparse_matrix.npz
resilienz.hypotheses.org/605;pluridisciplinarité_d, sciences sociales interdisciplinaires_d, études des sciences_t, épistémologie et méthodes_t, vie de la recherche_t, prospectives_t;Datasets/all_labels_train_gensim_sparse_matrix.npz
archivewk1.hypotheses.org/31182;histoire_d, époque contemporaine_t, 1914-1918_t;Datasets/all_labels_train_gensim_sparse_matrix.npz
tagebuch.hypotheses.org/1000;histoire et archéologie_d, histoire_d, histoire_t, époque contemporaine_t, 1914-1918_t;Datasets/all_labels_train_gensim_sparse_matrix.npz
archivewk1.hypotheses.org/14253;histoire_d, époque contemporaine_t, 1914-1918_t;Datasets/all_labels_train_gensim_sparse_matrix.npz
archivalia.hypotheses.org/11247;histoire et archéologie_d, sciences sociales interdisciplinaires_d, histoire_t, approches de corpus_t, enquêtes_t, archives_t;Datasets/all_labels_train_gensim_sparse_matrix.npz
archive20.hypotheses.org/3761;pluridisciplinarité_d, sciences sociales interdisciplinaires_d, histoire_t, information_t, patrimoine_t, monde germanique_t;Datasets/all_labels_train_gensim_sparse_matrix.npz
wenhua.hypotheses.org/1423;études asiatiques_d, humanités pluridisciplinaires_d, histoire_d, histoire culturelle_t, asie_t;Datasets/all_labels_train_gensim_sparse_matrix.npz
soziologieblog.hypotheses.org/9819;sciences sociales interdisciplinaires_d, sociologie et anthropologie_d, sociologie du travail_t, sociologie urbaine_t, sociologie de la culture_t, sociologie économique_t;Datasets/all_labels_train_gensim_sparse_matrix.npz
archivalia.hypotheses.org/13360;histoire et archéologie_d, sciences sociales interdisciplinaires_d, histoire_t, approches de corpus_t, enquêtes_t, archives_t;Datasets/all_labels_train_gensim_sparse_matrix.npz
histbav.hypotheses.org/3511;humanités pluridisciplinaires_d, histoire_d, pluridisciplinarité_d, histoire_t, monde germanique_t;Datasets/all_labels_train_gensim_sparse_matrix.npz
archivewk1.hypotheses.org/24377;histoire_d, époque contemporaine_t, 1914-1918_t;Datasets/all_labels_train_gensim_sparse_matrix.npz
tagebuch.hypotheses.org/933;histoire et archéologie_d, histoire_d, histoire_t, époque contemporaine_t, 1914-1918_t;Datasets/all_labels_train_gensim_sparse_matrix.npz
soziologieblog.hypotheses.org/4731;sciences sociales interdisciplinaires_d, sociologie et anthropologie_d, sociologie du travail_t, sociologie urbaine_t, sociologie de la culture_t, sociologie économique_t;Datasets/all_labels_train_gensim_sparse_matrix.npz
archivalia.hypotheses.org/8459;histoire et archéologie_d, sciences sociales interdisciplinaires_d, histoire_t, approches de corpus_t, enquêtes_t, archives_t;Datasets/all_labels_train_gensim_sparse_matrix.npz
archivewk1.hypotheses.org/9393;histoire_d, époque contemporaine_t, 1914-1918_t;Datasets/all_labels_train_gensim_sparse_matrix.npz
ordensgeschichte.hypotheses.org/1799;arts et humanités_d, humanités pluridisciplinaires_d, histoire et archéologie_d, histoire et philosophie des sciences_d, histoire_t, haut moyen âge_t, bas moyen âge_t, xviie siècle_t, xviiie siècle_t;Datasets/all_labels_train_gensim_sparse_matrix.npz
archivewk1.hypotheses.org/22895;histoire_d, époque contemporaine_t, 1914-1918_t;Datasets/all_labels_train_gensim_sparse_matrix.npz
texperimentales.hypotheses.org/1813;linguistique appliquée_d, langue et linguistique_d, langage_t, linguistique_t, information_t, sciences de l'information_t, digital humanities_t;Datasets/all_labels_train_gensim_sparse_matrix.npz
dss.hypotheses.org/597;arts et humanités_d, communication_d, sciences de l'information et bibliothéconomie_d, information_t, édition électronique_t, représentations_t, histoire de l'art_t, patrimoine_t, prospectives_t;Datasets/all_labels_train_gensim_sparse_matrix.npz
archivalia.hypotheses.org/5214;histoire et archéologie_d, sciences sociales interdisciplinaires_d, histoire_t, approches de corpus_t, enquêtes_t, archives_t;Datasets/all_labels_train_gensim_sparse_matrix.npz
inklusion.hypotheses.org/1861;éducation_d, travail social et politique sociale_d, sociologie du travail_t, âges de la vie_t, information_t, sciences de l'éducation_t;Datasets/all_labels_train_gensim_sparse_matrix.npz
tagebuch.hypotheses.org/929;histoire et archéologie_d, histoire_d, histoire_t, époque contemporaine_t, 1914-1918_t;Datasets/all_labels_train_gensim_sparse_matrix.npz
musicaroma.hypotheses.org/1;musique_d, histoire_d, histoire_t, histoire culturelle_t, monde germanique_t;Datasets/all_labels_train_gensim_sparse_matrix.npz
archivewk1.hypotheses.org/16305;histoire_d, époque contemporaine_t, 1914-1918_t;Datasets/all_labels_train_gensim_sparse_matrix.npz
archivalia.hypotheses.org/4869;histoire et archéologie_d, sciences sociales interdisciplinaires_d, histoire_t, approches de corpus_t, enquêtes_t, archives_t;Datasets/all_labels_train_gensim_sparse_matrix.npz
smdr.hypotheses.org/84;histoire_d, histoire_t, xviie siècle_t, xviiie siècle_t, monde germanique_t, pays baltes et scandinaves_t;Datasets/all_labels_train_gensim_sparse_matrix.npz
ordensgeschichte.hypotheses.org/4170;arts et humanités_d, humanités pluridisciplinaires_d, histoire et archéologie_d, histoire et philosophie des sciences_d, histoire_t, haut moyen âge_t, bas moyen âge_t, xviie siècle_t, xviiie siècle_t;Datasets/all_labels_train_gensim_sparse_matrix.npz
texperimentales.hypotheses.org/1594;linguistique appliquée_d, langue et linguistique_d, langage_t, linguistique_t, information_t, sciences de l'information_t, digital humanities_t;Datasets/all_labels_train_gensim_sparse_matrix.npz
archivalia.hypotheses.org/7004;histoire et archéologie_d, sciences sociales interdisciplinaires_d, histoire_t, approches de corpus_t, enquêtes_t, archives_t;Datasets/all_labels_train_gensim_sparse_matrix.npz
archivewk1.hypotheses.org/1302;histoire_d, époque contemporaine_t, 1914-1918_t;Datasets/all_labels_train_gensim_sparse_matrix.npz
archivalia.hypotheses.org/2167;histoire et archéologie_d, sciences sociales interdisciplinaires_d, histoire_t, approches de corpus_t, enquêtes_t, archives_t;Datasets/all_labels_train_gensim_sparse_matrix.npz
digigw.hypotheses.org/1437;humanités pluridisciplinaires_d, histoire_t, édition électronique_t, sciences auxiliaires de l'histoire_t, digital humanities_t;Datasets/all_labels_train_gensim_sparse_matrix.npz
frueheneuzeit.hypotheses.org/1712;histoire et archéologie_d, histoire_t, époque moderne_t, xviie siècle_t, xviiie siècle_t, révolution française_t;Datasets/all_labels_train_gensim_sparse_matrix.npz
archivalia.hypotheses.org/10637;histoire et archéologie_d, sciences sociales interdisciplinaires_d, histoire_t, approches de corpus_t, enquêtes_t, archives_t;Datasets/all_labels_train_gensim_sparse_matrix.npz
archivalia.hypotheses.org/7408;histoire et archéologie_d, sciences sociales interdisciplinaires_d, histoire_t, approches de corpus_t, enquêtes_t, archives_t;Datasets/all_labels_train_gensim_sparse_matrix.npz
archivalia.hypotheses.org/52904;histoire et archéologie_d, sciences sociales interdisciplinaires_d, histoire_t, approches de corpus_t, enquêtes_t, archives_t;Datasets/all_labels_train_gensim_sparse_matrix.npz
etatsocial.hypotheses.org/797;histoire_d, histoire des sciences sociales_d, sociologie_d, économie_d, sociologie du travail_t, âges de la vie_t, xxe siècle_t;Datasets/all_labels_train_gensim_sparse_matrix.npz
archivalia.hypotheses.org/8248;histoire et archéologie_d, sciences sociales interdisciplinaires_d, histoire_t, approches de corpus_t, enquêtes_t, archives_t;Datasets/all_labels_train_gensim_sparse_matrix.npz
19jhdhip.hypotheses.org/1548;histoire_d, époque contemporaine_t, prospectives_t, france_t, monde germanique_t;Datasets/all_labels_train_gensim_sparse_matrix.npz
dkblog.hypotheses.org/1034;histoire_d, histoire_t, époque moderne_t, xviie siècle_t;Datasets/all_labels_train_gensim_sparse_matrix.npz
archivekod.hypotheses.org/160;religions_d, histoire et archéologie_d, sciences de l'information et de la communication_d, bibliothéconomie_d, communication_d, histoire_t, histoire des religions_t, patrimoine_t;Datasets/all_labels_train_gensim_sparse_matrix.npz
dkblog.hypotheses.org/964;histoire_d, histoire_t, époque moderne_t, xviie siècle_t;Datasets/all_labels_train_gensim_sparse_matrix.npz
mittelalter.hypotheses.org/5283;humanités pluridisciplinaires_d, religions_d, histoire_d, sociologie_d, histoire_t, histoire sociale_t, histoire intellectuelle_t, moyen âge_t, haut moyen âge_t, bas moyen âge_t;Datasets/all_labels_train_gensim_sparse_matrix.npz
maxweber.hypotheses.org/644;humanités pluridisciplinaires_d, histoire et archéologie_d, histoire et philosophie des sciences_d, sociologie et anthropologie_d, histoire sociale_t, histoire intellectuelle_t, sociologie des religions_t, vie de la recherche_t;Datasets/all_labels_train_gensim_sparse_matrix.npz
cereg.hypotheses.org/102;arts et humanités_d, histoire_d, littérature_d, monde germanique_t;Datasets/all_labels_train_gensim_sparse_matrix.npz
soziologieblog.hypotheses.org/5398;sciences sociales interdisciplinaires_d, sociologie et anthropologie_d, sociologie du travail_t, sociologie urbaine_t, sociologie de la culture_t, sociologie économique_t;Datasets/all_labels_train_gensim_sparse_matrix.npz
archivalia.hypotheses.org/60175;histoire et archéologie_d, sciences sociales interdisciplinaires_d, histoire_t, approches de corpus_t, enquêtes_t, archives_t;Datasets/all_labels_train_gensim_sparse_matrix.npz
archivalia.hypotheses.org/7364;histoire et archéologie_d, sciences sociales interdisciplinaires_d, histoire_t, approches de corpus_t, enquêtes_t, archives_t;Datasets/all_labels_train_gensim_sparse_matrix.npz
ordensgeschichte.hypotheses.org/10380;arts et humanités_d, humanités pluridisciplinaires_d, histoire et archéologie_d, histoire et philosophie des sciences_d, histoire_t, haut moyen âge_t, bas moyen âge_t, xviie siècle_t, xviiie siècle_t;Datasets/all_labels_train_gensim_sparse_matrix.npz
ordensgeschichte.hypotheses.org/10420;arts et humanités_d, humanités pluridisciplinaires_d, histoire et archéologie_d, histoire et philosophie des sciences_d, histoire_t, haut moyen âge_t, bas moyen âge_t, xviie siècle_t, xviiie siècle_t;Datasets/all_labels_train_gensim_sparse_matrix.npz
reichwein.hypotheses.org/313;histoire et archéologie_d, histoire des sciences_t, 1945-1989_t;Datasets/all_labels_train_gensim_sparse_matrix.npz
fnzinfo.hypotheses.org/367;arts et humanités_d, musique_d, histoire et archéologie_d, histoire_t, xvie siècle_t, xviie siècle_t, xviiie siècle_t, révolution française_t;Datasets/all_labels_train_gensim_sparse_matrix.npz
aes.hypotheses.org/182;histoire_t, religions_t;Datasets/all_labels_train_gensim_sparse_matrix.npz
medienbildung.hypotheses.org/4969;éducation_d, éducation spécialisée_d, travail social_d, sociologie_t, édition électronique_t, histoire et sociologie des médias_t, éducation_t;Datasets/all_labels_train_gensim_sparse_matrix.npz
soziologieblog.hypotheses.org/5669;sciences sociales interdisciplinaires_d, sociologie et anthropologie_d, sociologie du travail_t, sociologie urbaine_t, sociologie de la culture_t, sociologie économique_t;Datasets/all_labels_train_gensim_sparse_matrix.npz
archivalia.hypotheses.org/3728;histoire et archéologie_d, sciences sociales interdisciplinaires_d, histoire_t, approches de corpus_t, enquêtes_t, archives_t;Datasets/all_labels_train_gensim_sparse_matrix.npz
archivalia.hypotheses.org/13752;histoire et archéologie_d, sciences sociales interdisciplinaires_d, histoire_t, approches de corpus_t, enquêtes_t, archives_t;Datasets/all_labels_train_gensim_sparse_matrix.npz
wenhua.hypotheses.org/845;études asiatiques_d, humanités pluridisciplinaires_d, histoire_d, histoire culturelle_t, asie_t;Datasets/all_labels_train_gensim_sparse_matrix.npz
archivewk1.hypotheses.org/28098;histoire_d, époque contemporaine_t, 1914-1918_t;Datasets/all_labels_train_gensim_sparse_matrix.npz
bereschitrabba.hypotheses.org/1464;arts et humanités_d, religions_d, langue et linguistique_d, religions_t, histoire des religions_t;Datasets/all_labels_train_gensim_sparse_matrix.npz
archivalia.hypotheses.org/14440;histoire et archéologie_d, sciences sociales interdisciplinaires_d, histoire_t, approches de corpus_t, enquêtes_t, archives_t;Datasets/all_labels_train_gensim_sparse_matrix.npz
leibnizarc.hypotheses.org/953;éducation_d, histoire et archéologie_d, sciences de l'information et bibliothéconomie_d, études des sciences_t, histoire industrielle_t, histoire de l'art_t;Datasets/all_labels_train_gensim_sparse_matrix.npz
1914lvr.hypotheses.org/116;sciences politiques_d, histoire_t, époque contemporaine_t, 1914-1918_t;Datasets/all_labels_train_gensim_sparse_matrix.npz
pgfw.hypotheses.org/1048;histoire et archéologie_d, histoire des sciences_t, histoire_t;Datasets/all_labels_train_gensim_sparse_matrix.npz
archivalia.hypotheses.org/7507;histoire et archéologie_d, sciences sociales interdisciplinaires_d, histoire_t, approches de corpus_t, enquêtes_t, archives_t;Datasets/all_labels_train_gensim_sparse_matrix.npz
dokunstlmu.hypotheses.org/1624;arts et humanités_d, histoire intellectuelle_t;Datasets/all_labels_train_gensim_sparse_matrix.npz
philophiso.hypotheses.org/738;philosophie_d, éducation_d, éducation spécialisée_d, pensée_t, philosophie_t, représentations_t, patrimoine_t;Datasets/all_labels_train_gensim_sparse_matrix.npz
archivewk1.hypotheses.org/29571;histoire_d, époque contemporaine_t, 1914-1918_t;Datasets/all_labels_train_gensim_sparse_matrix.npz
archivalia.hypotheses.org/1341;histoire et archéologie_d, sciences sociales interdisciplinaires_d, histoire_t, approches de corpus_t, enquêtes_t, archives_t;Datasets/all_labels_train_gensim_sparse_matrix.npz
fnzinfo.hypotheses.org/93;arts et humanités_d, musique_d, histoire et archéologie_d, histoire_t, xvie siècle_t, xviie siècle_t, xviiie siècle_t, révolution française_t;Datasets/all_labels_train_gensim_sparse_matrix.npz
medialogic.hypotheses.org/402;arts et humanités_d, sciences de l'information et de la communication_d, bibliothéconomie_d, sociologie_t;Datasets/all_labels_train_gensim_sparse_matrix.npz
archivalia.hypotheses.org/13240;histoire et archéologie_d, sciences sociales interdisciplinaires_d, histoire_t, approches de corpus_t, enquêtes_t, archives_t;Datasets/all_labels_train_gensim_sparse_matrix.npz
archivalia.hypotheses.org/13889;histoire et archéologie_d, sciences sociales interdisciplinaires_d, histoire_t, approches de corpus_t, enquêtes_t, archives_t;Datasets/all_labels_train_gensim_sparse_matrix.npz
archivalia.hypotheses.org/54534;histoire et archéologie_d, sciences sociales interdisciplinaires_d, histoire_t, approches de corpus_t, enquêtes_t, archives_t;Datasets/all_labels_train_gensim_sparse_matrix.npz
archivalia.hypotheses.org/5093;histoire et archéologie_d, sciences sociales interdisciplinaires_d, histoire_t, approches de corpus_t, enquêtes_t, archives_t;Datasets/all_labels_train_gensim_sparse_matrix.npz
digitalintellectuals.hypotheses.org/2319;études anciennes_d, histoire et philosophie des sciences_d, pluridisciplinarité_d, littérature_d, histoire intellectuelle_t, approches de corpus_t, enquêtes_t, archives_t, époque moderne_t, prospectives_t, monde germanique_t;Datasets/all_labels_train_gensim_sparse_matrix.npz
archivalia.hypotheses.org/51971;histoire et archéologie_d, sciences sociales interdisciplinaires_d, histoire_t, approches de corpus_t, enquêtes_t, archives_t;Datasets/all_labels_train_gensim_sparse_matrix.npz
gab.hypotheses.org/1776;histoire et archéologie_d, pluridisciplinarité_d, sciences sociales interdisciplinaires_d, études des sciences_t, sociologie des sciences_t, histoire_t;Datasets/all_labels_train_gensim_sparse_matrix.npz
archivalia.hypotheses.org/11329;histoire et archéologie_d, sciences sociales interdisciplinaires_d, histoire_t, approches de corpus_t, enquêtes_t, archives_t;Datasets/all_labels_train_gensim_sparse_matrix.npz
archivalia.hypotheses.org/2952;histoire et archéologie_d, sciences sociales interdisciplinaires_d, histoire_t, approches de corpus_t, enquêtes_t, archives_t;Datasets/all_labels_train_gensim_sparse_matrix.npz
archivewk1.hypotheses.org/22464;histoire_d, époque contemporaine_t, 1914-1918_t;Datasets/all_labels_train_gensim_sparse_matrix.npz
histbav.hypotheses.org/3281;humanités pluridisciplinaires_d, histoire_d, pluridisciplinarité_d, histoire_t, monde germanique_t;Datasets/all_labels_train_gensim_sparse_matrix.npz
archivewk1.hypotheses.org/28547;histoire_d, époque contemporaine_t, 1914-1918_t;Datasets/all_labels_train_gensim_sparse_matrix.npz
archivalia.hypotheses.org/9633;histoire et archéologie_d, sciences sociales interdisciplinaires_d, histoire_t, approches de corpus_t, enquêtes_t, archives_t;Datasets/all_labels_train_gensim_sparse_matrix.npz
nordichistoryblog.hypotheses.org/1561;arts et humanités_d, histoire et archéologie_d, histoire_t, édition électronique_t, vie de la recherche_t, approches de corpus_t, enquêtes_t, archives_t, europe_t, pays baltes et scandinaves_t;Datasets/all_labels_train_gensim_sparse_matrix.npz
archivalia.hypotheses.org/4627;histoire et archéologie_d, sciences sociales interdisciplinaires_d, histoire_t, approches de corpus_t, enquêtes_t, archives_t;Datasets/all_labels_train_gensim_sparse_matrix.npz
nordichistoryblog.hypotheses.org/2231;arts et humanités_d, histoire et archéologie_d, histoire_t, édition électronique_t, vie de la recherche_t, approches de corpus_t, enquêtes_t, archives_t, europe_t, pays baltes et scandinaves_t;Datasets/all_labels_train_gensim_sparse_matrix.npz
ordensgeschichte.hypotheses.org/3704;arts et humanités_d, humanités pluridisciplinaires_d, histoire et archéologie_d, histoire et philosophie des sciences_d, histoire_t, haut moyen âge_t, bas moyen âge_t, xviie siècle_t, xviiie siècle_t;Datasets/all_labels_train_gensim_sparse_matrix.npz
studpro.hypotheses.org/63;histoire_d, histoire_t, époque moderne_t, xviie siècle_t, xviiie siècle_t;Datasets/all_labels_train_gensim_sparse_matrix.npz
archivalia.hypotheses.org/1608;histoire et archéologie_d, sciences sociales interdisciplinaires_d, histoire_t, approches de corpus_t, enquêtes_t, archives_t;Datasets/all_labels_train_gensim_sparse_matrix.npz
grammata.hypotheses.org/2118;études anciennes_d, religions_d, littérature_d, religions_t, littératures_t;Datasets/all_labels_train_gensim_sparse_matrix.npz
archivalia.hypotheses.org/8241;histoire et archéologie_d, sciences sociales interdisciplinaires_d, histoire_t, approches de corpus_t, enquêtes_t, archives_t;Datasets/all_labels_train_gensim_sparse_matrix.npz
vgdrp.hypotheses.org/222;éducation_d, histoire des sciences sociales_d, histoire_t, histoire économique_t, histoire industrielle_t, histoire urbaine_t, histoire sociale_t;Datasets/all_labels_train_gensim_sparse_matrix.npz
mittelalter.hypotheses.org/8266;humanités pluridisciplinaires_d, religions_d, histoire_d, sociologie_d, histoire_t, histoire sociale_t, histoire intellectuelle_t, moyen âge_t, haut moyen âge_t, bas moyen âge_t;Datasets/all_labels_train_gensim_sparse_matrix.npz
archivalia.hypotheses.org/14534;histoire et archéologie_d, sciences sociales interdisciplinaires_d, histoire_t, approches de corpus_t, enquêtes_t, archives_t;Datasets/all_labels_train_gensim_sparse_matrix.npz
frobeniusforster.hypotheses.org/325;histoire et archéologie_d, histoire_t, époque moderne_t, xviiie siècle_t;Datasets/all_labels_train_gensim_sparse_matrix.npz
gra.hypotheses.org/1342;arts et humanités_d, communication_d, sciences de l'information et bibliothéconomie_d, représentations_t, histoire culturelle_t, histoire de l'art_t, études visuelles_t;Datasets/all_labels_train_gensim_sparse_matrix.npz
archivalia.hypotheses.org/8031;histoire et archéologie_d, sciences sociales interdisciplinaires_d, histoire_t, approches de corpus_t, enquêtes_t, archives_t;Datasets/all_labels_train_gensim_sparse_matrix.npz
archivalia.hypotheses.org/2617;histoire et archéologie_d, sciences sociales interdisciplinaires_d, histoire_t, approches de corpus_t, enquêtes_t, archives_t;Datasets/all_labels_train_gensim_sparse_matrix.npz
fnzinfo.hypotheses.org/886;arts et humanités_d, musique_d, histoire et archéologie_d, histoire_t, xvie siècle_t, xviie siècle_t, xviiie siècle_t, révolution française_t;Datasets/all_labels_train_gensim_sparse_matrix.npz
archivewk1.hypotheses.org/22907;histoire_d, époque contemporaine_t, 1914-1918_t;Datasets/all_labels_train_gensim_sparse_matrix.npz
grk1678.hypotheses.org/623;arts et humanités_d, humanités pluridisciplinaires_d, histoire et philosophie des sciences_d, pluridisciplinarité_d, philosophie_t, littératures_t, histoire culturelle_t, histoire de l'art_t;Datasets/all_labels_train_gensim_sparse_matrix.npz
archivalia.hypotheses.org/7500;histoire et archéologie_d, sciences sociales interdisciplinaires_d, histoire_t, approches de corpus_t, enquêtes_t, archives_t;Datasets/all_labels_train_gensim_sparse_matrix.npz
archivewk1.hypotheses.org/23303;histoire_d, époque contemporaine_t, 1914-1918_t;Datasets/all_labels_train_gensim_sparse_matrix.npz
archivewk1.hypotheses.org/3700;histoire_d, époque contemporaine_t, 1914-1918_t;Datasets/all_labels_train_gensim_sparse_matrix.npz
archivewk1.hypotheses.org/28617;histoire_d, époque contemporaine_t, 1914-1918_t;Datasets/all_labels_train_gensim_sparse_matrix.npz
archivalia.hypotheses.org/4584;histoire et archéologie_d, sciences sociales interdisciplinaires_d, histoire_t, approches de corpus_t, enquêtes_t, archives_t;Datasets/all_labels_train_gensim_sparse_matrix.npz
archive20.hypotheses.org/2742;pluridisciplinarité_d, sciences sociales interdisciplinaires_d, histoire_t, information_t, patrimoine_t, monde germanique_t;Datasets/all_labels_train_gensim_sparse_matrix.npz
ecoglobreg.hypotheses.org/483;histoire_d, sciences politiques_d, histoire_t, 1945-1989_t;Datasets/all_labels_train_gensim_sparse_matrix.npz
unibloggt.hypotheses.org/327;histoire et archéologie_d, pluridisciplinarité_d, histoire_t, information_t;Datasets/all_labels_train_gensim_sparse_matrix.npz
archivalia.hypotheses.org/13537;histoire et archéologie_d, sciences sociales interdisciplinaires_d, histoire_t, approches de corpus_t, enquêtes_t, archives_t;Datasets/all_labels_train_gensim_sparse_matrix.npz
archivalia.hypotheses.org/12684;histoire et archéologie_d, sciences sociales interdisciplinaires_d, histoire_t, approches de corpus_t, enquêtes_t, archives_t;Datasets/all_labels_train_gensim_sparse_matrix.npz
blogweimar.hypotheses.org/239;histoire et archéologie_d, histoire_t, histoire politique_t, 1918-1939_t, monde germanique_t;Datasets/all_labels_train_gensim_sparse_matrix.npz
archivalia.hypotheses.org/14573;histoire et archéologie_d, sciences sociales interdisciplinaires_d, histoire_t, approches de corpus_t, enquêtes_t, archives_t;Datasets/all_labels_train_gensim_sparse_matrix.npz
archivewk1.hypotheses.org/5383;histoire_d, époque contemporaine_t, 1914-1918_t;Datasets/all_labels_train_gensim_sparse_matrix.npz
wenhua.hypotheses.org/686;études asiatiques_d, humanités pluridisciplinaires_d, histoire_d, histoire culturelle_t, asie_t;Datasets/all_labels_train_gensim_sparse_matrix.npz
minuseinsebene.hypotheses.org/209;archéologie_d, histoire urbaine_t, histoire des religions_t, moyen âge_t, haut moyen âge_t, monde germanique_t;Datasets/all_labels_train_gensim_sparse_matrix.npz
archivalia.hypotheses.org/56545;histoire et archéologie_d, sciences sociales interdisciplinaires_d, histoire_t, approches de corpus_t, enquêtes_t, archives_t;Datasets/all_labels_train_gensim_sparse_matrix.npz
archivamt.hypotheses.org/4502;communication_d, pluridisciplinarité_d, sciences sociales interdisciplinaires_d, information_t, sciences de l'information_t, représentations_t, patrimoine_t;Datasets/all_labels_train_gensim_sparse_matrix.npz
mittelalter.hypotheses.org/9095;humanités pluridisciplinaires_d, religions_d, histoire_d, sociologie_d, histoire_t, histoire sociale_t, histoire intellectuelle_t, moyen âge_t, haut moyen âge_t, bas moyen âge_t;Datasets/all_labels_train_gensim_sparse_matrix.npz
dighist.hypotheses.org/1128;histoire_d, sciences sociales interdisciplinaires_d, études sur la famille_d, sociologie_d, histoire urbaine_t, histoire sociale_t, europe centrale et orientale_t;Datasets/all_labels_train_gensim_sparse_matrix.npz
dhmuc.hypotheses.org/71;humanités pluridisciplinaires_d, communication_d, pluridisciplinarité_d, sciences sociales interdisciplinaires_d, études des sciences_t, édition électronique_t, digital humanities_t;Datasets/all_labels_train_gensim_sparse_matrix.npz
games.hypotheses.org/203;arts et humanités_d, humanités pluridisciplinaires_d, psychologie expérimentale_d, sciences cognitives_t, psychisme_t, psychologie_t, représentations_t, histoire de l'art_t, études visuelles_t;Datasets/all_labels_train_gensim_sparse_matrix.npz
histbav.hypotheses.org/4615;humanités pluridisciplinaires_d, histoire_d, pluridisciplinarité_d, histoire_t, monde germanique_t;Datasets/all_labels_train_gensim_sparse_matrix.npz
mittelalter.hypotheses.org/8611;humanités pluridisciplinaires_d, religions_d, histoire_d, sociologie_d, histoire_t, histoire sociale_t, histoire intellectuelle_t, moyen âge_t, haut moyen âge_t, bas moyen âge_t;Datasets/all_labels_train_gensim_sparse_matrix.npz
archivewk1.hypotheses.org/21856;histoire_d, époque contemporaine_t, 1914-1918_t;Datasets/all_labels_train_gensim_sparse_matrix.npz
archivalia.hypotheses.org/8486;histoire et archéologie_d, sciences sociales interdisciplinaires_d, histoire_t, approches de corpus_t, enquêtes_t, archives_t;Datasets/all_labels_train_gensim_sparse_matrix.npz
dokunstlmu.hypotheses.org/1057;arts et humanités_d, histoire intellectuelle_t;Datasets/all_labels_train_gensim_sparse_matrix.npz
wwc.hypotheses.org/1579;humanités pluridisciplinaires_d, pluridisciplinarité_d, études régionales_d, relations internationales_t, information_t, représentations_t;Datasets/all_labels_train_gensim_sparse_matrix.npz
tagebuch.hypotheses.org/1144;histoire et archéologie_d, histoire_d, histoire_t, époque contemporaine_t, 1914-1918_t;Datasets/all_labels_train_gensim_sparse_matrix.npz
archivalia.hypotheses.org/12378;histoire et archéologie_d, sciences sociales interdisciplinaires_d, histoire_t, approches de corpus_t, enquêtes_t, archives_t;Datasets/all_labels_train_gensim_sparse_matrix.npz
archivalia.hypotheses.org/13326;histoire et archéologie_d, sciences sociales interdisciplinaires_d, histoire_t, approches de corpus_t, enquêtes_t, archives_t;Datasets/all_labels_train_gensim_sparse_matrix.npz
archivewk1.hypotheses.org/5534;histoire_d, époque contemporaine_t, 1914-1918_t;Datasets/all_labels_train_gensim_sparse_matrix.npz
soziologieblog.hypotheses.org/2953;sciences sociales interdisciplinaires_d, sociologie et anthropologie_d, sociologie du travail_t, sociologie urbaine_t, sociologie de la culture_t, sociologie économique_t;Datasets/all_labels_train_gensim_sparse_matrix.npz
bereschitrabba.hypotheses.org/324;arts et humanités_d, religions_d, langue et linguistique_d, religions_t, histoire des religions_t;Datasets/all_labels_train_gensim_sparse_matrix.npz
bereschitrabba.hypotheses.org/336;arts et humanités_d, religions_d, langue et linguistique_d, religions_t, histoire des religions_t;Datasets/all_labels_train_gensim_sparse_matrix.npz
archivewk1.hypotheses.org/16192;histoire_d, époque contemporaine_t, 1914-1918_t;Datasets/all_labels_train_gensim_sparse_matrix.npz
archivalia.hypotheses.org/6739;histoire et archéologie_d, sciences sociales interdisciplinaires_d, histoire_t, approches de corpus_t, enquêtes_t, archives_t;Datasets/all_labels_train_gensim_sparse_matrix.npz
archivalia.hypotheses.org/7361;histoire et archéologie_d, sciences sociales interdisciplinaires_d, histoire_t, approches de corpus_t, enquêtes_t, archives_t;Datasets/all_labels_train_gensim_sparse_matrix.npz
mittelalter.hypotheses.org/2256;humanités pluridisciplinaires_d, religions_d, histoire_d, sociologie_d, histoire_t, histoire sociale_t, histoire intellectuelle_t, moyen âge_t, haut moyen âge_t, bas moyen âge_t;Datasets/all_labels_train_gensim_sparse_matrix.npz
amuc.hypotheses.org/222;humanités pluridisciplinaires_d, histoire_d, histoire_t, représentations_t, patrimoine_t;Datasets/all_labels_train_gensim_sparse_matrix.npz
zakunibonn.hypotheses.org/265;histoire_d, psychologie_d, histoire_t, psychisme_t, psychologie_t, méthodes de traitement et de représentation_t, monde germanique_t;Datasets/all_labels_train_gensim_sparse_matrix.npz
archive20.hypotheses.org/3745;pluridisciplinarité_d, sciences sociales interdisciplinaires_d, histoire_t, information_t, patrimoine_t, monde germanique_t;Datasets/all_labels_train_gensim_sparse_matrix.npz
ordensgeschichte.hypotheses.org/10788;arts et humanités_d, humanités pluridisciplinaires_d, histoire et archéologie_d, histoire et philosophie des sciences_d, histoire_t, haut moyen âge_t, bas moyen âge_t, xviie siècle_t, xviiie siècle_t;Datasets/all_labels_train_gensim_sparse_matrix.npz
19jhdhip.hypotheses.org/1001;histoire_d, époque contemporaine_t, prospectives_t, france_t, monde germanique_t;Datasets/all_labels_train_gensim_sparse_matrix.npz
medienbildung.hypotheses.org/6848;éducation_d, éducation spécialisée_d, travail social_d, sociologie_t, édition électronique_t, histoire et sociologie des médias_t, éducation_t;Datasets/all_labels_train_gensim_sparse_matrix.npz
dighist.hypotheses.org/249;histoire_d, sciences sociales interdisciplinaires_d, études sur la famille_d, sociologie_d, histoire urbaine_t, histoire sociale_t, europe centrale et orientale_t;Datasets/all_labels_train_gensim_sparse_matrix.npz
adngwdng.hypotheses.org/124;histoire_d, histoire politique_t, historiographie_t, xxe siècle_t, monde germanique_t;Datasets/all_labels_train_gensim_sparse_matrix.npz
archivalia.hypotheses.org/8432;histoire et archéologie_d, sciences sociales interdisciplinaires_d, histoire_t, approches de corpus_t, enquêtes_t, archives_t;Datasets/all_labels_train_gensim_sparse_matrix.npz
feldpost.hypotheses.org/491;histoire_d, histoire_t, guerres_t, conflits_t, violence_t, histoire culturelle_t, 1914-1918_t, monde germanique_t;Datasets/all_labels_train_gensim_sparse_matrix.npz
ecoglobreg.hypotheses.org/54;histoire_d, sciences politiques_d, histoire_t, 1945-1989_t;Datasets/all_labels_train_gensim_sparse_matrix.npz
soziologieblog.hypotheses.org/4415;sciences sociales interdisciplinaires_d, sociologie et anthropologie_d, sociologie du travail_t, sociologie urbaine_t, sociologie de la culture_t, sociologie économique_t;Datasets/all_labels_train_gensim_sparse_matrix.npz
texperimentales.hypotheses.org/1225;linguistique appliquée_d, langue et linguistique_d, langage_t, linguistique_t, information_t, sciences de l'information_t, digital humanities_t;Datasets/all_labels_train_gensim_sparse_matrix.npz
bioeg.hypotheses.org/990;histoire et archéologie_d, histoire_d, histoire_t, sciences auxiliaires de l'histoire_t, europe centrale et orientale_t, monde germanique_t;Datasets/all_labels_train_gensim_sparse_matrix.npz
archivewk1.hypotheses.org/4961;histoire_d, époque contemporaine_t, 1914-1918_t;Datasets/all_labels_train_gensim_sparse_matrix.npz
archivalia.hypotheses.org/14120;histoire et archéologie_d, sciences sociales interdisciplinaires_d, histoire_t, approches de corpus_t, enquêtes_t, archives_t;Datasets/all_labels_train_gensim_sparse_matrix.npz
archivalia.hypotheses.org/11222;histoire et archéologie_d, sciences sociales interdisciplinaires_d, histoire_t, approches de corpus_t, enquêtes_t, archives_t;Datasets/all_labels_train_gensim_sparse_matrix.npz
gab.hypotheses.org/2736;histoire et archéologie_d, pluridisciplinarité_d, sciences sociales interdisciplinaires_d, études des sciences_t, sociologie des sciences_t, histoire_t;Datasets/all_labels_train_gensim_sparse_matrix.npz
soziologieblog.hypotheses.org/9815;sciences sociales interdisciplinaires_d, sociologie et anthropologie_d, sociologie du travail_t, sociologie urbaine_t, sociologie de la culture_t, sociologie économique_t;Datasets/all_labels_train_gensim_sparse_matrix.npz
dhiha.hypotheses.org/1016;arts et humanités_d, humanités pluridisciplinaires_d, pluridisciplinarité_d, histoire_t, information_t, sciences de l'information_t, édition électronique_t, digital humanities_t;Datasets/all_labels_train_gensim_sparse_matrix.npz
archivlinz.hypotheses.org/769;histoire et archéologie_d, histoire_d, histoire urbaine_t, 1914-1918_t, monde germanique_t;Datasets/all_labels_train_gensim_sparse_matrix.npz
inklusion.hypotheses.org/1376;éducation_d, travail social et politique sociale_d, sociologie du travail_t, âges de la vie_t, information_t, sciences de l'éducation_t;Datasets/all_labels_train_gensim_sparse_matrix.npz
archivewk1.hypotheses.org/22357;histoire_d, époque contemporaine_t, 1914-1918_t;Datasets/all_labels_train_gensim_sparse_matrix.npz
archivalia.hypotheses.org/13541;histoire et archéologie_d, sciences sociales interdisciplinaires_d, histoire_t, approches de corpus_t, enquêtes_t, archives_t;Datasets/all_labels_train_gensim_sparse_matrix.npz
francofil.hypotheses.org/2330;pluridisciplinarité_d, sciences sociales interdisciplinaires_d, histoire_t, épistémologie et méthodes_t, approches de corpus_t, enquêtes_t, archives_t, france_t;Datasets/all_labels_train_gensim_sparse_matrix.npz
archivewk1.hypotheses.org/21212;histoire_d, époque contemporaine_t, 1914-1918_t;Datasets/all_labels_train_gensim_sparse_matrix.npz
grammata.hypotheses.org/2081;études anciennes_d, religions_d, littérature_d, religions_t, littératures_t;Datasets/all_labels_train_gensim_sparse_matrix.npz
archivalia.hypotheses.org/9816;histoire et archéologie_d, sciences sociales interdisciplinaires_d, histoire_t, approches de corpus_t, enquêtes_t, archives_t;Datasets/all_labels_train_gensim_sparse_matrix.npz
tagebuch.hypotheses.org/132;histoire et archéologie_d, histoire_d, histoire_t, époque contemporaine_t, 1914-1918_t;Datasets/all_labels_train_gensim_sparse_matrix.npz
geschichtsadmin.hypotheses.org/173;éducation_d, histoire_d, sociologie du travail_t, histoire_t;Datasets/all_labels_train_gensim_sparse_matrix.npz
vgdrp.hypotheses.org/80;éducation_d, histoire des sciences sociales_d, histoire_t, histoire économique_t, histoire industrielle_t, histoire urbaine_t, histoire sociale_t;Datasets/all_labels_train_gensim_sparse_matrix.npz
archivewk1.hypotheses.org/5407;histoire_d, époque contemporaine_t, 1914-1918_t;Datasets/all_labels_train_gensim_sparse_matrix.npz
bereschitrabba.hypotheses.org/1172;arts et humanités_d, religions_d, langue et linguistique_d, religions_t, histoire des religions_t;Datasets/all_labels_train_gensim_sparse_matrix.npz
archivalia.hypotheses.org/3246;histoire et archéologie_d, sciences sociales interdisciplinaires_d, histoire_t, approches de corpus_t, enquêtes_t, archives_t;Datasets/all_labels_train_gensim_sparse_matrix.npz
unibloggt.hypotheses.org/149;histoire et archéologie_d, pluridisciplinarité_d, histoire_t, information_t;Datasets/all_labels_train_gensim_sparse_matrix.npz
archivalia.hypotheses.org/7034;histoire et archéologie_d, sciences sociales interdisciplinaires_d, histoire_t, approches de corpus_t, enquêtes_t, archives_t;Datasets/all_labels_train_gensim_sparse_matrix.npz
games.hypotheses.org/1627;arts et humanités_d, humanités pluridisciplinaires_d, psychologie expérimentale_d, sciences cognitives_t, psychisme_t, psychologie_t, représentations_t, histoire de l'art_t, études visuelles_t;Datasets/all_labels_train_gensim_sparse_matrix.npz
archivalia.hypotheses.org/11132;histoire et archéologie_d, sciences sociales interdisciplinaires_d, histoire_t, approches de corpus_t, enquêtes_t, archives_t;Datasets/all_labels_train_gensim_sparse_matrix.npz
minuseinsebene.hypotheses.org/929;archéologie_d, histoire urbaine_t, histoire des religions_t, moyen âge_t, haut moyen âge_t, monde germanique_t;Datasets/all_labels_train_gensim_sparse_matrix.npz
archivalia.hypotheses.org/4963;histoire et archéologie_d, sciences sociales interdisciplinaires_d, histoire_t, approches de corpus_t, enquêtes_t, archives_t;Datasets/all_labels_train_gensim_sparse_matrix.npz
archivalia.hypotheses.org/59441;histoire et archéologie_d, sciences sociales interdisciplinaires_d, histoire_t, approches de corpus_t, enquêtes_t, archives_t;Datasets/all_labels_train_gensim_sparse_matrix.npz
liparchiv.hypotheses.org/358;histoire et archéologie_d, sciences politiques_d, administration publique et développement_d, histoire urbaine_t, patrimoine_t, sciences auxiliaires de l'histoire_t, approches de corpus_t, enquêtes_t, archives_t, europe_t;Datasets/all_labels_train_gensim_sparse_matrix.npz
archivalia.hypotheses.org/54073;histoire et archéologie_d, sciences sociales interdisciplinaires_d, histoire_t, approches de corpus_t, enquêtes_t, archives_t;Datasets/all_labels_train_gensim_sparse_matrix.npz
archivalia.hypotheses.org/2503;histoire et archéologie_d, sciences sociales interdisciplinaires_d, histoire_t, approches de corpus_t, enquêtes_t, archives_t;Datasets/all_labels_train_gensim_sparse_matrix.npz
archivalia.hypotheses.org/6554;histoire et archéologie_d, sciences sociales interdisciplinaires_d, histoire_t, approches de corpus_t, enquêtes_t, archives_t;Datasets/all_labels_train_gensim_sparse_matrix.npz
fnzinfo.hypotheses.org/401;arts et humanités_d, musique_d, histoire et archéologie_d, histoire_t, xvie siècle_t, xviie siècle_t, xviiie siècle_t, révolution française_t;Datasets/all_labels_train_gensim_sparse_matrix.npz
archivewk1.hypotheses.org/15920;histoire_d, époque contemporaine_t, 1914-1918_t;Datasets/all_labels_train_gensim_sparse_matrix.npz
maxweber.hypotheses.org/458;humanités pluridisciplinaires_d, histoire et archéologie_d, histoire et philosophie des sciences_d, sociologie et anthropologie_d, histoire sociale_t, histoire intellectuelle_t, sociologie des religions_t, vie de la recherche_t;Datasets/all_labels_train_gensim_sparse_matrix.npz
soziologieblog.hypotheses.org/5506;sciences sociales interdisciplinaires_d, sociologie et anthropologie_d, sociologie du travail_t, sociologie urbaine_t, sociologie de la culture_t, sociologie économique_t;Datasets/all_labels_train_gensim_sparse_matrix.npz
schotten.hypotheses.org/25;religions_d, histoire et archéologie_d, sciences de l'information et de la communication_d, bibliothéconomie_d, histoire_t, histoire des religions_t, approches de corpus_t, enquêtes_t, archives_t, monde germanique_t;Datasets/all_labels_train_gensim_sparse_matrix.npz
gra.hypotheses.org/722;arts et humanités_d, communication_d, sciences de l'information et bibliothéconomie_d, représentations_t, histoire culturelle_t, histoire de l'art_t, études visuelles_t;Datasets/all_labels_train_gensim_sparse_matrix.npz
archivalia.hypotheses.org/8659;histoire et archéologie_d, sciences sociales interdisciplinaires_d, histoire_t, approches de corpus_t, enquêtes_t, archives_t;Datasets/all_labels_train_gensim_sparse_matrix.npz
studpro.hypotheses.org/1198;histoire_d, histoire_t, époque moderne_t, xviie siècle_t, xviiie siècle_t;Datasets/all_labels_train_gensim_sparse_matrix.npz
archivalia.hypotheses.org/11574;histoire et archéologie_d, sciences sociales interdisciplinaires_d, histoire_t, approches de corpus_t, enquêtes_t, archives_t;Datasets/all_labels_train_gensim_sparse_matrix.npz
archivewk1.hypotheses.org/6358;histoire_d, époque contemporaine_t, 1914-1918_t;Datasets/all_labels_train_gensim_sparse_matrix.npz
archivalia.hypotheses.org/10061;histoire et archéologie_d, sciences sociales interdisciplinaires_d, histoire_t, approches de corpus_t, enquêtes_t, archives_t;Datasets/all_labels_train_gensim_sparse_matrix.npz
archivalia.hypotheses.org/3489;histoire et archéologie_d, sciences sociales interdisciplinaires_d, histoire_t, approches de corpus_t, enquêtes_t, archives_t;Datasets/all_labels_train_gensim_sparse_matrix.npz
merzdadaco.hypotheses.org/472;humanités pluridisciplinaires_d, littérature_d, littératures_t, représentations_t, histoire culturelle_t, histoire de l'art_t;Datasets/all_labels_train_gensim_sparse_matrix.npz
archivewk1.hypotheses.org/4843;histoire_d, époque contemporaine_t, 1914-1918_t;Datasets/all_labels_train_gensim_sparse_matrix.npz
archivalia.hypotheses.org/9720;histoire et archéologie_d, sciences sociales interdisciplinaires_d, histoire_t, approches de corpus_t, enquêtes_t, archives_t;Datasets/all_labels_train_gensim_sparse_matrix.npz
mittelalter.hypotheses.org/3994;humanités pluridisciplinaires_d, religions_d, histoire_d, sociologie_d, histoire_t, histoire sociale_t, histoire intellectuelle_t, moyen âge_t, haut moyen âge_t, bas moyen âge_t;Datasets/all_labels_train_gensim_sparse_matrix.npz
nordichistoryblog.hypotheses.org/223;arts et humanités_d, histoire et archéologie_d, histoire_t, édition électronique_t, vie de la recherche_t, approches de corpus_t, enquêtes_t, archives_t, europe_t, pays baltes et scandinaves_t;Datasets/all_labels_train_gensim_sparse_matrix.npz
redaktionsblog.hypotheses.org/332;arts et humanités_d, humanités pluridisciplinaires_d, épistémologie et méthodes_t, digital humanities_t;Datasets/all_labels_train_gensim_sparse_matrix.npz
soziologieblog.hypotheses.org/9526;sciences sociales interdisciplinaires_d, sociologie et anthropologie_d, sociologie du travail_t, sociologie urbaine_t, sociologie de la culture_t, sociologie économique_t;Datasets/all_labels_train_gensim_sparse_matrix.npz
mittelalter.hypotheses.org/3278;humanités pluridisciplinaires_d, religions_d, histoire_d, sociologie_d, histoire_t, histoire sociale_t, histoire intellectuelle_t, moyen âge_t, haut moyen âge_t, bas moyen âge_t;Datasets/all_labels_train_gensim_sparse_matrix.npz
intersex.hypotheses.org/1729;histoire_d, biomédecine_d, étude des genres_t, histoire des sciences_t, histoire_t, histoire du droit_t, moyen âge_t, xxie siècle_t;Datasets/all_labels_train_gensim_sparse_matrix.npz
ordensgeschichte.hypotheses.org/8498;arts et humanités_d, humanités pluridisciplinaires_d, histoire et archéologie_d, histoire et philosophie des sciences_d, histoire_t, haut moyen âge_t, bas moyen âge_t, xviie siècle_t, xviiie siècle_t;Datasets/all_labels_train_gensim_sparse_matrix.npz
naps.hypotheses.org/792;histoire_d, histoire_t, épistémologie et méthodes_t, approches de corpus_t, enquêtes_t, archives_t, prospectives_t, france_t, monde germanique_t;Datasets/all_labels_train_gensim_sparse_matrix.npz
texperimentales.hypotheses.org/1318;linguistique appliquée_d, langue et linguistique_d, langage_t, linguistique_t, information_t, sciences de l'information_t, digital humanities_t;Datasets/all_labels_train_gensim_sparse_matrix.npz
archivamt.hypotheses.org/1405;communication_d, pluridisciplinarité_d, sciences sociales interdisciplinaires_d, information_t, sciences de l'information_t, représentations_t, patrimoine_t;Datasets/all_labels_train_gensim_sparse_matrix.npz
mindthegaps.hypotheses.org/849;études asiatiques_d, histoire_d, histoire_t, histoire culturelle_t, asie_t, chine_t;Datasets/all_labels_train_gensim_sparse_matrix.npz
archivalia.hypotheses.org/8658;histoire et archéologie_d, sciences sociales interdisciplinaires_d, histoire_t, approches de corpus_t, enquêtes_t, archives_t;Datasets/all_labels_train_gensim_sparse_matrix.npz
dhdhi.hypotheses.org/33;histoire et archéologie_d, histoire_t, épistémologie et méthodes_t, digital humanities_t;Datasets/all_labels_train_gensim_sparse_matrix.npz
archivalia.hypotheses.org/9273;histoire et archéologie_d, sciences sociales interdisciplinaires_d, histoire_t, approches de corpus_t, enquêtes_t, archives_t;Datasets/all_labels_train_gensim_sparse_matrix.npz
rhad.hypotheses.org/125;histoire_d, histoire des sciences sociales_d, histoire_t, époque moderne_t, révolution française_t, xviie siècle_t, xviiie siècle_t, prospectives_t;Datasets/all_labels_train_gensim_sparse_matrix.npz
archivalia.hypotheses.org/55142;histoire et archéologie_d, sciences sociales interdisciplinaires_d, histoire_t, approches de corpus_t, enquêtes_t, archives_t;Datasets/all_labels_train_gensim_sparse_matrix.npz
mindthegaps.hypotheses.org/1033;études asiatiques_d, histoire_d, histoire_t, histoire culturelle_t, asie_t, chine_t;Datasets/all_labels_train_gensim_sparse_matrix.npz
archivalia.hypotheses.org/11215;histoire et archéologie_d, sciences sociales interdisciplinaires_d, histoire_t, approches de corpus_t, enquêtes_t, archives_t;Datasets/all_labels_train_gensim_sparse_matrix.npz
archivalia.hypotheses.org/7123;histoire et archéologie_d, sciences sociales interdisciplinaires_d, histoire_t, approches de corpus_t, enquêtes_t, archives_t;Datasets/all_labels_train_gensim_sparse_matrix.npz
archivewk1.hypotheses.org/10087;histoire_d, époque contemporaine_t, 1914-1918_t;Datasets/all_labels_train_gensim_sparse_matrix.npz
archivalia.hypotheses.org/12577;histoire et archéologie_d, sciences sociales interdisciplinaires_d, histoire_t, approches de corpus_t, enquêtes_t, archives_t;Datasets/all_labels_train_gensim_sparse_matrix.npz
fnzinfo.hypotheses.org/917;arts et humanités_d, musique_d, histoire et archéologie_d, histoire_t, xvie siècle_t, xviie siècle_t, xviiie siècle_t, révolution française_t;Datasets/all_labels_train_gensim_sparse_matrix.npz
bioeg.hypotheses.org/1837;histoire et archéologie_d, histoire_d, histoire_t, sciences auxiliaires de l'histoire_t, europe centrale et orientale_t, monde germanique_t;Datasets/all_labels_train_gensim_sparse_matrix.npz
fnzinfo.hypotheses.org/951;arts et humanités_d, musique_d, histoire et archéologie_d, histoire_t, xvie siècle_t, xviie siècle_t, xviiie siècle_t, révolution française_t;Datasets/all_labels_train_gensim_sparse_matrix.npz
archivewk1.hypotheses.org/10422;histoire_d, époque contemporaine_t, 1914-1918_t;Datasets/all_labels_train_gensim_sparse_matrix.npz
soziologieblog.hypotheses.org/9981;sciences sociales interdisciplinaires_d, sociologie et anthropologie_d, sociologie du travail_t, sociologie urbaine_t, sociologie de la culture_t, sociologie économique_t;Datasets/all_labels_train_gensim_sparse_matrix.npz
lvrafz.hypotheses.org/1368;pluridisciplinarité_d, information_t;Datasets/all_labels_train_gensim_sparse_matrix.npz
jeunegen.hypotheses.org/178;histoire_d, pluridisciplinarité_d, histoire_t, vie de la recherche_t, moyen âge_t, haut moyen âge_t, bas moyen âge_t;Datasets/all_labels_train_gensim_sparse_matrix.npz
wenhua.hypotheses.org/280;études asiatiques_d, humanités pluridisciplinaires_d, histoire_d, histoire culturelle_t, asie_t;Datasets/all_labels_train_gensim_sparse_matrix.npz
archivalia.hypotheses.org/1245;histoire et archéologie_d, sciences sociales interdisciplinaires_d, histoire_t, approches de corpus_t, enquêtes_t, archives_t;Datasets/all_labels_train_gensim_sparse_matrix.npz
histbav.hypotheses.org/4716;humanités pluridisciplinaires_d, histoire_d, pluridisciplinarité_d, histoire_t, monde germanique_t;Datasets/all_labels_train_gensim_sparse_matrix.npz
schotten.hypotheses.org/190;religions_d, histoire et archéologie_d, sciences de l'information et de la communication_d, bibliothéconomie_d, histoire_t, histoire des religions_t, approches de corpus_t, enquêtes_t, archives_t, monde germanique_t;Datasets/all_labels_train_gensim_sparse_matrix.npz
archivalia.hypotheses.org/4953;histoire et archéologie_d, sciences sociales interdisciplinaires_d, histoire_t, approches de corpus_t, enquêtes_t, archives_t;Datasets/all_labels_train_gensim_sparse_matrix.npz
archivewk1.hypotheses.org/19776;histoire_d, époque contemporaine_t, 1914-1918_t;Datasets/all_labels_train_gensim_sparse_matrix.npz
archivewk1.hypotheses.org/30553;histoire_d, époque contemporaine_t, 1914-1918_t;Datasets/all_labels_train_gensim_sparse_matrix.npz
archivalia.hypotheses.org/10137;histoire et archéologie_d, sciences sociales interdisciplinaires_d, histoire_t, approches de corpus_t, enquêtes_t, archives_t;Datasets/all_labels_train_gensim_sparse_matrix.npz
naps.hypotheses.org/1262;histoire_d, histoire_t, épistémologie et méthodes_t, approches de corpus_t, enquêtes_t, archives_t, prospectives_t, france_t, monde germanique_t;Datasets/all_labels_train_gensim_sparse_matrix.npz
guerre-froide.hypotheses.org/1389;histoire_d, relations internationales_t, histoire culturelle_t, 1945-1989_t;Datasets/all_labels_train_gensim_sparse_matrix.npz
dguw.hypotheses.org/81;histoire et archéologie_d, histoire_t, historiographie_t, digital humanities_t;Datasets/all_labels_train_gensim_sparse_matrix.npz
gab.hypotheses.org/2528;histoire et archéologie_d, pluridisciplinarité_d, sciences sociales interdisciplinaires_d, études des sciences_t, sociologie des sciences_t, histoire_t;Datasets/all_labels_train_gensim_sparse_matrix.npz
archive20.hypotheses.org/2979;pluridisciplinarité_d, sciences sociales interdisciplinaires_d, histoire_t, information_t, patrimoine_t, monde germanique_t;Datasets/all_labels_train_gensim_sparse_matrix.npz
dighist.hypotheses.org/115;histoire_d, sciences sociales interdisciplinaires_d, études sur la famille_d, sociologie_d, histoire urbaine_t, histoire sociale_t, europe centrale et orientale_t;Datasets/all_labels_train_gensim_sparse_matrix.npz
archivalia.hypotheses.org/58812;histoire et archéologie_d, sciences sociales interdisciplinaires_d, histoire_t, approches de corpus_t, enquêtes_t, archives_t;Datasets/all_labels_train_gensim_sparse_matrix.npz
dhmuc.hypotheses.org/669;humanités pluridisciplinaires_d, communication_d, pluridisciplinarité_d, sciences sociales interdisciplinaires_d, études des sciences_t, édition électronique_t, digital humanities_t;Datasets/all_labels_train_gensim_sparse_matrix.npz
archive20.hypotheses.org/3410;pluridisciplinarité_d, sciences sociales interdisciplinaires_d, histoire_t, information_t, patrimoine_t, monde germanique_t;Datasets/all_labels_train_gensim_sparse_matrix.npz
archivalia.hypotheses.org/5193;histoire et archéologie_d, sciences sociales interdisciplinaires_d, histoire_t, approches de corpus_t, enquêtes_t, archives_t;Datasets/all_labels_train_gensim_sparse_matrix.npz
archivekod.hypotheses.org/163;religions_d, histoire et archéologie_d, sciences de l'information et de la communication_d, bibliothéconomie_d, communication_d, histoire_t, histoire des religions_t, patrimoine_t;Datasets/all_labels_train_gensim_sparse_matrix.npz
archivalia.hypotheses.org/4783;histoire et archéologie_d, sciences sociales interdisciplinaires_d, histoire_t, approches de corpus_t, enquêtes_t, archives_t;Datasets/all_labels_train_gensim_sparse_matrix.npz
soziologieblog.hypotheses.org/9454;sciences sociales interdisciplinaires_d, sociologie et anthropologie_d, sociologie du travail_t, sociologie urbaine_t, sociologie de la culture_t, sociologie économique_t;Datasets/all_labels_train_gensim_sparse_matrix.npz
archivalia.hypotheses.org/57216;histoire et archéologie_d, sciences sociales interdisciplinaires_d, histoire_t, approches de corpus_t, enquêtes_t, archives_t;Datasets/all_labels_train_gensim_sparse_matrix.npz
heraldica.hypotheses.org/832;histoire_d, histoire_t, historiographie_t, sciences auxiliaires de l'histoire_t, moyen âge_t, haut moyen âge_t;Datasets/all_labels_train_gensim_sparse_matrix.npz
histgymbib.hypotheses.org/2328;arts et humanités_d, humanités pluridisciplinaires_d, sciences de l'information et de la communication_d, bibliothéconomie_d, sciences sociales interdisciplinaires_d, éducation_t, xvie siècle_t, xviie siècle_t, xviiie siècle_t, prospectives_t;Datasets/all_labels_train_gensim_sparse_matrix.npz
soziologieblog.hypotheses.org/9463;sciences sociales interdisciplinaires_d, sociologie et anthropologie_d, sociologie du travail_t, sociologie urbaine_t, sociologie de la culture_t, sociologie économique_t;Datasets/all_labels_train_gensim_sparse_matrix.npz
lvrafz.hypotheses.org/1913;pluridisciplinarité_d, information_t;Datasets/all_labels_train_gensim_sparse_matrix.npz
archivalia.hypotheses.org/5780;histoire et archéologie_d, sciences sociales interdisciplinaires_d, histoire_t, approches de corpus_t, enquêtes_t, archives_t;Datasets/all_labels_train_gensim_sparse_matrix.npz
fnzinfo.hypotheses.org/294;arts et humanités_d, musique_d, histoire et archéologie_d, histoire_t, xvie siècle_t, xviie siècle_t, xviiie siècle_t, révolution française_t;Datasets/all_labels_train_gensim_sparse_matrix.npz
zakunibonn.hypotheses.org/1192;histoire_d, psychologie_d, histoire_t, psychisme_t, psychologie_t, méthodes de traitement et de représentation_t, monde germanique_t;Datasets/all_labels_train_gensim_sparse_matrix.npz
histbav.hypotheses.org/747;humanités pluridisciplinaires_d, histoire_d, pluridisciplinarité_d, histoire_t, monde germanique_t;Datasets/all_labels_train_gensim_sparse_matrix.npz
revolt.hypotheses.org/690;histoire_d, pluridisciplinarité_d, littérature_d, histoire et sociologie des médias_t, époque moderne_t, europe_t;Datasets/all_labels_train_gensim_sparse_matrix.npz
reichwein.hypotheses.org/1885;histoire et archéologie_d, histoire des sciences_t, 1945-1989_t;Datasets/all_labels_train_gensim_sparse_matrix.npz
gab.hypotheses.org/920;histoire et archéologie_d, pluridisciplinarité_d, sciences sociales interdisciplinaires_d, études des sciences_t, sociologie des sciences_t, histoire_t;Datasets/all_labels_train_gensim_sparse_matrix.npz
archivalia.hypotheses.org/10150;histoire et archéologie_d, sciences sociales interdisciplinaires_d, histoire_t, approches de corpus_t, enquêtes_t, archives_t;Datasets/all_labels_train_gensim_sparse_matrix.npz
archivalia.hypotheses.org/5333;histoire et archéologie_d, sciences sociales interdisciplinaires_d, histoire_t, approches de corpus_t, enquêtes_t, archives_t;Datasets/all_labels_train_gensim_sparse_matrix.npz
majerus.hypotheses.org/1020;histoire et archéologie_d, histoire des sciences sociales_d, histoire sociale_t, digital humanities_t, époque contemporaine_t, xxe siècle_t;Datasets/all_labels_train_gensim_sparse_matrix.npz
archivewk1.hypotheses.org/23331;histoire_d, époque contemporaine_t, 1914-1918_t;Datasets/all_labels_train_gensim_sparse_matrix.npz
archivalia.hypotheses.org/53427;histoire et archéologie_d, sciences sociales interdisciplinaires_d, histoire_t, approches de corpus_t, enquêtes_t, archives_t;Datasets/all_labels_train_gensim_sparse_matrix.npz
archivalia.hypotheses.org/8319;histoire et archéologie_d, sciences sociales interdisciplinaires_d, histoire_t, approches de corpus_t, enquêtes_t, archives_t;Datasets/all_labels_train_gensim_sparse_matrix.npz
1914lvr.hypotheses.org/989;sciences politiques_d, histoire_t, époque contemporaine_t, 1914-1918_t;Datasets/all_labels_train_gensim_sparse_matrix.npz
zakunibonn.hypotheses.org/915;histoire_d, psychologie_d, histoire_t, psychisme_t, psychologie_t, méthodes de traitement et de représentation_t, monde germanique_t;Datasets/all_labels_train_gensim_sparse_matrix.npz
archivalia.hypotheses.org/4156;histoire et archéologie_d, sciences sociales interdisciplinaires_d, histoire_t, approches de corpus_t, enquêtes_t, archives_t;Datasets/all_labels_train_gensim_sparse_matrix.npz
vivien.hypotheses.org/195;arts et humanités_d, représentations_t, histoire de l'art_t, xviiie siècle_t, france_t;Datasets/all_labels_train_gensim_sparse_matrix.npz
archivekod.hypotheses.org/331;religions_d, histoire et archéologie_d, sciences de l'information et de la communication_d, bibliothéconomie_d, communication_d, histoire_t, histoire des religions_t, patrimoine_t;Datasets/all_labels_train_gensim_sparse_matrix.npz
archivalia.hypotheses.org/12766;histoire et archéologie_d, sciences sociales interdisciplinaires_d, histoire_t, approches de corpus_t, enquêtes_t, archives_t;Datasets/all_labels_train_gensim_sparse_matrix.npz
archivewk1.hypotheses.org/14004;histoire_d, époque contemporaine_t, 1914-1918_t;Datasets/all_labels_train_gensim_sparse_matrix.npz
archivalia.hypotheses.org/7972;histoire et archéologie_d, sciences sociales interdisciplinaires_d, histoire_t, approches de corpus_t, enquêtes_t, archives_t;Datasets/all_labels_train_gensim_sparse_matrix.npz
archivalia.hypotheses.org/3833;histoire et archéologie_d, sciences sociales interdisciplinaires_d, histoire_t, approches de corpus_t, enquêtes_t, archives_t;Datasets/all_labels_train_gensim_sparse_matrix.npz
archivalia.hypotheses.org/1561;histoire et archéologie_d, sciences sociales interdisciplinaires_d, histoire_t, approches de corpus_t, enquêtes_t, archives_t;Datasets/all_labels_train_gensim_sparse_matrix.npz
feldpost.hypotheses.org/714;histoire_d, histoire_t, guerres_t, conflits_t, violence_t, histoire culturelle_t, 1914-1918_t, monde germanique_t;Datasets/all_labels_train_gensim_sparse_matrix.npz
archives.hypotheses.org/1141;histoire_d, communication_d, patrimoine_t, digital humanities_t, moyen âge_t, époque moderne_t, france_t, monde germanique_t;Datasets/all_labels_train_gensim_sparse_matrix.npz
1914lvr.hypotheses.org/125;sciences politiques_d, histoire_t, époque contemporaine_t, 1914-1918_t;Datasets/all_labels_train_gensim_sparse_matrix.npz
archivalia.hypotheses.org/60894;histoire et archéologie_d, sciences sociales interdisciplinaires_d, histoire_t, approches de corpus_t, enquêtes_t, archives_t;Datasets/all_labels_train_gensim_sparse_matrix.npz
histbav.hypotheses.org/4487;humanités pluridisciplinaires_d, histoire_d, pluridisciplinarité_d, histoire_t, monde germanique_t;Datasets/all_labels_train_gensim_sparse_matrix.npz
ordensgeschichte.hypotheses.org/10661;arts et humanités_d, humanités pluridisciplinaires_d, histoire et archéologie_d, histoire et philosophie des sciences_d, histoire_t, haut moyen âge_t, bas moyen âge_t, xviie siècle_t, xviiie siècle_t;Datasets/all_labels_train_gensim_sparse_matrix.npz
gab.hypotheses.org/1581;histoire et archéologie_d, pluridisciplinarité_d, sciences sociales interdisciplinaires_d, études des sciences_t, sociologie des sciences_t, histoire_t;Datasets/all_labels_train_gensim_sparse_matrix.npz
histbav.hypotheses.org/3953;humanités pluridisciplinaires_d, histoire_d, pluridisciplinarité_d, histoire_t, monde germanique_t;Datasets/all_labels_train_gensim_sparse_matrix.npz
europhilomem.hypotheses.org/3082;philosophie_d, philosophie_t, histoire intellectuelle_t, xxe siècle_t, prospectives_t;Datasets/all_labels_train_gensim_sparse_matrix.npz
archivewk1.hypotheses.org/10685;histoire_d, époque contemporaine_t, 1914-1918_t;Datasets/all_labels_train_gensim_sparse_matrix.npz
archivalia.hypotheses.org/62349;histoire et archéologie_d, sciences sociales interdisciplinaires_d, histoire_t, approches de corpus_t, enquêtes_t, archives_t;Datasets/all_labels_train_gensim_sparse_matrix.npz
archivalia.hypotheses.org/12564;histoire et archéologie_d, sciences sociales interdisciplinaires_d, histoire_t, approches de corpus_t, enquêtes_t, archives_t;Datasets/all_labels_train_gensim_sparse_matrix.npz
archivalia.hypotheses.org/4682;histoire et archéologie_d, sciences sociales interdisciplinaires_d, histoire_t, approches de corpus_t, enquêtes_t, archives_t;Datasets/all_labels_train_gensim_sparse_matrix.npz
archivalia.hypotheses.org/6880;histoire et archéologie_d, sciences sociales interdisciplinaires_d, histoire_t, approches de corpus_t, enquêtes_t, archives_t;Datasets/all_labels_train_gensim_sparse_matrix.npz
archivalia.hypotheses.org/53358;histoire et archéologie_d, sciences sociales interdisciplinaires_d, histoire_t, approches de corpus_t, enquêtes_t, archives_t;Datasets/all_labels_train_gensim_sparse_matrix.npz
kristinoswald.hypotheses.org/1301;études anciennes_d, études des sciences_t, histoire_t, histoire et sociologie des médias_t, histoire culturelle_t, digital humanities_t;Datasets/all_labels_train_gensim_sparse_matrix.npz
winzen.hypotheses.org/714;histoire_d, histoire_t, études visuelles_t, 1918-1939_t, 1939-1945_t, monde germanique_t;Datasets/all_labels_train_gensim_sparse_matrix.npz
archivamt.hypotheses.org/613;communication_d, pluridisciplinarité_d, sciences sociales interdisciplinaires_d, information_t, sciences de l'information_t, représentations_t, patrimoine_t;Datasets/all_labels_train_gensim_sparse_matrix.npz
archivalia.hypotheses.org/13824;histoire et archéologie_d, sciences sociales interdisciplinaires_d, histoire_t, approches de corpus_t, enquêtes_t, archives_t;Datasets/all_labels_train_gensim_sparse_matrix.npz
dhdhi.hypotheses.org/610;histoire et archéologie_d, histoire_t, épistémologie et méthodes_t, digital humanities_t;Datasets/all_labels_train_gensim_sparse_matrix.npz
zakunibonn.hypotheses.org/778;histoire_d, psychologie_d, histoire_t, psychisme_t, psychologie_t, méthodes de traitement et de représentation_t, monde germanique_t;Datasets/all_labels_train_gensim_sparse_matrix.npz
archivewk1.hypotheses.org/20493;histoire_d, époque contemporaine_t, 1914-1918_t;Datasets/all_labels_train_gensim_sparse_matrix.npz
fortifica.hypotheses.org/1553;histoire et archéologie_d, histoire_d, histoire urbaine_t, xvie siècle_t, xviie siècle_t, xviiie siècle_t;Datasets/all_labels_train_gensim_sparse_matrix.npz
archivalia.hypotheses.org/8466;histoire et archéologie_d, sciences sociales interdisciplinaires_d, histoire_t, approches de corpus_t, enquêtes_t, archives_t;Datasets/all_labels_train_gensim_sparse_matrix.npz
scriptorium.hypotheses.org/364;humanités pluridisciplinaires_d, pluridisciplinarité_d, digital humanities_t, moyen âge_t;Datasets/all_labels_train_gensim_sparse_matrix.npz
archivalia.hypotheses.org/7988;histoire et archéologie_d, sciences sociales interdisciplinaires_d, histoire_t, approches de corpus_t, enquêtes_t, archives_t;Datasets/all_labels_train_gensim_sparse_matrix.npz
soziologieblog.hypotheses.org/6338;sciences sociales interdisciplinaires_d, sociologie et anthropologie_d, sociologie du travail_t, sociologie urbaine_t, sociologie de la culture_t, sociologie économique_t;Datasets/all_labels_train_gensim_sparse_matrix.npz
leibnizarc.hypotheses.org/816;éducation_d, histoire et archéologie_d, sciences de l'information et bibliothéconomie_d, études des sciences_t, histoire industrielle_t, histoire de l'art_t;Datasets/all_labels_train_gensim_sparse_matrix.npz
ecoglobreg.hypotheses.org/96;histoire_d, sciences politiques_d, histoire_t, 1945-1989_t;Datasets/all_labels_train_gensim_sparse_matrix.npz
lvrafz.hypotheses.org/1850;pluridisciplinarité_d, information_t;Datasets/all_labels_train_gensim_sparse_matrix.npz
sdvigpress.hypotheses.org/570;langue et linguistique_d, philosophie_d, humanités pluridisciplinaires_d, épistémologie et méthodes_t, digital humanities_t, europe centrale et orientale_t, édition électronique_t, linguistique_t;Datasets/all_labels_train_gensim_sparse_matrix.npz
archivalia.hypotheses.org/7472;histoire et archéologie_d, sciences sociales interdisciplinaires_d, histoire_t, approches de corpus_t, enquêtes_t, archives_t;Datasets/all_labels_train_gensim_sparse_matrix.npz
dokunstlmu.hypotheses.org/1649;arts et humanités_d, histoire intellectuelle_t;Datasets/all_labels_train_gensim_sparse_matrix.npz
archivamt.hypotheses.org/3202;communication_d, pluridisciplinarité_d, sciences sociales interdisciplinaires_d, information_t, sciences de l'information_t, représentations_t, patrimoine_t;Datasets/all_labels_train_gensim_sparse_matrix.npz
archivalia.hypotheses.org/60702;histoire et archéologie_d, sciences sociales interdisciplinaires_d, histoire_t, approches de corpus_t, enquêtes_t, archives_t;Datasets/all_labels_train_gensim_sparse_matrix.npz
gab.hypotheses.org/807;histoire et archéologie_d, pluridisciplinarité_d, sciences sociales interdisciplinaires_d, études des sciences_t, sociologie des sciences_t, histoire_t;Datasets/all_labels_train_gensim_sparse_matrix.npz
lvrafz.hypotheses.org/1437;pluridisciplinarité_d, information_t;Datasets/all_labels_train_gensim_sparse_matrix.npz
pophistory.hypotheses.org/1865;humanités pluridisciplinaires_d, histoire et archéologie_d, sociologie de la culture_t, histoire sociale_t, histoire culturelle_t, époque contemporaine_t;Datasets/all_labels_train_gensim_sparse_matrix.npz
dfmfa.hypotheses.org/2171;humanités pluridisciplinaires_d, sciences sociales interdisciplinaires_d, histoire_t, moyen âge_t, haut moyen âge_t, bas moyen âge_t;Datasets/all_labels_train_gensim_sparse_matrix.npz
bioeg.hypotheses.org/1975;histoire et archéologie_d, histoire_d, histoire_t, sciences auxiliaires de l'histoire_t, europe centrale et orientale_t, monde germanique_t;Datasets/all_labels_train_gensim_sparse_matrix.npz
jameel.hypotheses.org/862;pluridisciplinarité_d, études régionales_d, archéologie_d, arts_d, humanités pluridisciplinaires_d, représentations_t, asie_t, digital humanities_t, histoire de l'art_t;Datasets/all_labels_train_gensim_sparse_matrix.npz
archivtag.hypotheses.org/23;pluridisciplinarité_d, sciences sociales interdisciplinaires_d, histoire_t, information_t, monde germanique_t;Datasets/all_labels_train_gensim_sparse_matrix.npz
dighist.hypotheses.org/191;histoire_d, sciences sociales interdisciplinaires_d, études sur la famille_d, sociologie_d, histoire urbaine_t, histoire sociale_t, europe centrale et orientale_t;Datasets/all_labels_train_gensim_sparse_matrix.npz
dgl.hypotheses.org/353;éducation spécialisée_d, histoire_d, histoire_t, histoire et sociologie des médias_t, éducation_t;Datasets/all_labels_train_gensim_sparse_matrix.npz
ordensgeschichte.hypotheses.org/8019;arts et humanités_d, humanités pluridisciplinaires_d, histoire et archéologie_d, histoire et philosophie des sciences_d, histoire_t, haut moyen âge_t, bas moyen âge_t, xviie siècle_t, xviiie siècle_t;Datasets/all_labels_train_gensim_sparse_matrix.npz
archivalia.hypotheses.org/8196;histoire et archéologie_d, sciences sociales interdisciplinaires_d, histoire_t, approches de corpus_t, enquêtes_t, archives_t;Datasets/all_labels_train_gensim_sparse_matrix.npz
archivewk1.hypotheses.org/14980;histoire_d, époque contemporaine_t, 1914-1918_t;Datasets/all_labels_train_gensim_sparse_matrix.npz
archivalia.hypotheses.org/10135;histoire et archéologie_d, sciences sociales interdisciplinaires_d, histoire_t, approches de corpus_t, enquêtes_t, archives_t;Datasets/all_labels_train_gensim_sparse_matrix.npz
intersex.hypotheses.org/3974;histoire_d, biomédecine_d, étude des genres_t, histoire des sciences_t, histoire_t, histoire du droit_t, moyen âge_t, xxie siècle_t;Datasets/all_labels_train_gensim_sparse_matrix.npz
gab.hypotheses.org/737;histoire et archéologie_d, pluridisciplinarité_d, sciences sociales interdisciplinaires_d, études des sciences_t, sociologie des sciences_t, histoire_t;Datasets/all_labels_train_gensim_sparse_matrix.npz
histbav.hypotheses.org/4244;humanités pluridisciplinaires_d, histoire_d, pluridisciplinarité_d, histoire_t, monde germanique_t;Datasets/all_labels_train_gensim_sparse_matrix.npz
histbav.hypotheses.org/4529;humanités pluridisciplinaires_d, histoire_d, pluridisciplinarité_d, histoire_t, monde germanique_t;Datasets/all_labels_train_gensim_sparse_matrix.npz
archivekod.hypotheses.org/457;religions_d, histoire et archéologie_d, sciences de l'information et de la communication_d, bibliothéconomie_d, communication_d, histoire_t, histoire des religions_t, patrimoine_t;Datasets/all_labels_train_gensim_sparse_matrix.npz
archivalia.hypotheses.org/13920;histoire et archéologie_d, sciences sociales interdisciplinaires_d, histoire_t, approches de corpus_t, enquêtes_t, archives_t;Datasets/all_labels_train_gensim_sparse_matrix.npz
soziologieblog.hypotheses.org/8563;sciences sociales interdisciplinaires_d, sociologie et anthropologie_d, sociologie du travail_t, sociologie urbaine_t, sociologie de la culture_t, sociologie économique_t;Datasets/all_labels_train_gensim_sparse_matrix.npz
histbav.hypotheses.org/3239;humanités pluridisciplinaires_d, histoire_d, pluridisciplinarité_d, histoire_t, monde germanique_t;Datasets/all_labels_train_gensim_sparse_matrix.npz
unibloggt.hypotheses.org/583;histoire et archéologie_d, pluridisciplinarité_d, histoire_t, information_t;Datasets/all_labels_train_gensim_sparse_matrix.npz
archivewk1.hypotheses.org/15092;histoire_d, époque contemporaine_t, 1914-1918_t;Datasets/all_labels_train_gensim_sparse_matrix.npz
trafo.hypotheses.org/2871;pluridisciplinarité_d, sciences sociales interdisciplinaires_d, études régionales_d, sociologie_t, sociologie des religions_t, information_t, histoire culturelle_t;Datasets/all_labels_train_gensim_sparse_matrix.npz
archivalia.hypotheses.org/4456;histoire et archéologie_d, sciences sociales interdisciplinaires_d, histoire_t, approches de corpus_t, enquêtes_t, archives_t;Datasets/all_labels_train_gensim_sparse_matrix.npz
archivalia.hypotheses.org/7865;histoire et archéologie_d, sciences sociales interdisciplinaires_d, histoire_t, approches de corpus_t, enquêtes_t, archives_t;Datasets/all_labels_train_gensim_sparse_matrix.npz
archivewk1.hypotheses.org/33433;histoire_d, époque contemporaine_t, 1914-1918_t;Datasets/all_labels_train_gensim_sparse_matrix.npz
aes.hypotheses.org/128;histoire_t, religions_t;Datasets/all_labels_train_gensim_sparse_matrix.npz
dfmfa.hypotheses.org/2306;humanités pluridisciplinaires_d, sciences sociales interdisciplinaires_d, histoire_t, moyen âge_t, haut moyen âge_t, bas moyen âge_t;Datasets/all_labels_train_gensim_sparse_matrix.npz
archivalia.hypotheses.org/13643;histoire et archéologie_d, sciences sociales interdisciplinaires_d, histoire_t, approches de corpus_t, enquêtes_t, archives_t;Datasets/all_labels_train_gensim_sparse_matrix.npz
heraldica.hypotheses.org/1396;histoire_d, histoire_t, historiographie_t, sciences auxiliaires de l'histoire_t, moyen âge_t, haut moyen âge_t;Datasets/all_labels_train_gensim_sparse_matrix.npz
archivalia.hypotheses.org/13349;histoire et archéologie_d, sciences sociales interdisciplinaires_d, histoire_t, approches de corpus_t, enquêtes_t, archives_t;Datasets/all_labels_train_gensim_sparse_matrix.npz
pophistory.hypotheses.org/627;humanités pluridisciplinaires_d, histoire et archéologie_d, sociologie de la culture_t, histoire sociale_t, histoire culturelle_t, époque contemporaine_t;Datasets/all_labels_train_gensim_sparse_matrix.npz
zakunibonn.hypotheses.org/1591;histoire_d, psychologie_d, histoire_t, psychisme_t, psychologie_t, méthodes de traitement et de représentation_t, monde germanique_t;Datasets/all_labels_train_gensim_sparse_matrix.npz
archivewk1.hypotheses.org/26295;histoire_d, époque contemporaine_t, 1914-1918_t;Datasets/all_labels_train_gensim_sparse_matrix.npz
archive20.hypotheses.org/2390;pluridisciplinarité_d, sciences sociales interdisciplinaires_d, histoire_t, information_t, patrimoine_t, monde germanique_t;Datasets/all_labels_train_gensim_sparse_matrix.npz
jeunegen.hypotheses.org/1631;histoire_d, pluridisciplinarité_d, histoire_t, vie de la recherche_t, moyen âge_t, haut moyen âge_t, bas moyen âge_t;Datasets/all_labels_train_gensim_sparse_matrix.npz
frueheneuzeit.hypotheses.org/1280;histoire et archéologie_d, histoire_t, époque moderne_t, xviie siècle_t, xviiie siècle_t, révolution française_t;Datasets/all_labels_train_gensim_sparse_matrix.npz
bioeg.hypotheses.org/301;histoire et archéologie_d, histoire_d, histoire_t, sciences auxiliaires de l'histoire_t, europe centrale et orientale_t, monde germanique_t;Datasets/all_labels_train_gensim_sparse_matrix.npz
archivalia.hypotheses.org/14390;histoire et archéologie_d, sciences sociales interdisciplinaires_d, histoire_t, approches de corpus_t, enquêtes_t, archives_t;Datasets/all_labels_train_gensim_sparse_matrix.npz
musermeku.hypotheses.org/2011;humanités pluridisciplinaires_d, pluridisciplinarité_d, sciences sociales interdisciplinaires_d, sociologie_t, sociologie de la culture_t, histoire_t, histoire politique_t;Datasets/all_labels_train_gensim_sparse_matrix.npz
soziologieblog.hypotheses.org/3557;sciences sociales interdisciplinaires_d, sociologie et anthropologie_d, sociologie du travail_t, sociologie urbaine_t, sociologie de la culture_t, sociologie économique_t;Datasets/all_labels_train_gensim_sparse_matrix.npz
archive20.hypotheses.org/3500;pluridisciplinarité_d, sciences sociales interdisciplinaires_d, histoire_t, information_t, patrimoine_t, monde germanique_t;Datasets/all_labels_train_gensim_sparse_matrix.npz
archivalia.hypotheses.org/13919;histoire et archéologie_d, sciences sociales interdisciplinaires_d, histoire_t, approches de corpus_t, enquêtes_t, archives_t;Datasets/all_labels_train_gensim_sparse_matrix.npz
histbav.hypotheses.org/568;humanités pluridisciplinaires_d, histoire_d, pluridisciplinarité_d, histoire_t, monde germanique_t;Datasets/all_labels_train_gensim_sparse_matrix.npz
dkblog.hypotheses.org/495;histoire_d, histoire_t, époque moderne_t, xviie siècle_t;Datasets/all_labels_train_gensim_sparse_matrix.npz
gra.hypotheses.org/1370;arts et humanités_d, communication_d, sciences de l'information et bibliothéconomie_d, représentations_t, histoire culturelle_t, histoire de l'art_t, études visuelles_t;Datasets/all_labels_train_gensim_sparse_matrix.npz
archivewk1.hypotheses.org/13580;histoire_d, époque contemporaine_t, 1914-1918_t;Datasets/all_labels_train_gensim_sparse_matrix.npz
archivalia.hypotheses.org/1311;histoire et archéologie_d, sciences sociales interdisciplinaires_d, histoire_t, approches de corpus_t, enquêtes_t, archives_t;Datasets/all_labels_train_gensim_sparse_matrix.npz
jeunegen.hypotheses.org/1242;histoire_d, pluridisciplinarité_d, histoire_t, vie de la recherche_t, moyen âge_t, haut moyen âge_t, bas moyen âge_t;Datasets/all_labels_train_gensim_sparse_matrix.npz
frueheneuzeit.hypotheses.org/1803;histoire et archéologie_d, histoire_t, époque moderne_t, xviie siècle_t, xviiie siècle_t, révolution française_t;Datasets/all_labels_train_gensim_sparse_matrix.npz
ordensgeschichte.hypotheses.org/3427;arts et humanités_d, humanités pluridisciplinaires_d, histoire et archéologie_d, histoire et philosophie des sciences_d, histoire_t, haut moyen âge_t, bas moyen âge_t, xviie siècle_t, xviiie siècle_t;Datasets/all_labels_train_gensim_sparse_matrix.npz
archivalia.hypotheses.org/14599;histoire et archéologie_d, sciences sociales interdisciplinaires_d, histoire_t, approches de corpus_t, enquêtes_t, archives_t;Datasets/all_labels_train_gensim_sparse_matrix.npz
musicaroma.hypotheses.org/498;musique_d, histoire_d, histoire_t, histoire culturelle_t, monde germanique_t;Datasets/all_labels_train_gensim_sparse_matrix.npz
archivewk1.hypotheses.org/18853;histoire_d, époque contemporaine_t, 1914-1918_t;Datasets/all_labels_train_gensim_sparse_matrix.npz
erinnern.hypotheses.org/285;éducation et sciences de l'éducation_d, histoire_d, histoire_t, éducation_t, 1918-1939_t, 1939-1945_t, 1945-1989_t;Datasets/all_labels_train_gensim_sparse_matrix.npz
archivewk1.hypotheses.org/1906;histoire_d, époque contemporaine_t, 1914-1918_t;Datasets/all_labels_train_gensim_sparse_matrix.npz
1914lvr.hypotheses.org/1262;sciences politiques_d, histoire_t, époque contemporaine_t, 1914-1918_t;Datasets/all_labels_train_gensim_sparse_matrix.npz
winzen.hypotheses.org/447;histoire_d, histoire_t, études visuelles_t, 1918-1939_t, 1939-1945_t, monde germanique_t;Datasets/all_labels_train_gensim_sparse_matrix.npz
soziologieblog.hypotheses.org/1948;sciences sociales interdisciplinaires_d, sociologie et anthropologie_d, sociologie du travail_t, sociologie urbaine_t, sociologie de la culture_t, sociologie économique_t;Datasets/all_labels_train_gensim_sparse_matrix.npz
archivalia.hypotheses.org/57691;histoire et archéologie_d, sciences sociales interdisciplinaires_d, histoire_t, approches de corpus_t, enquêtes_t, archives_t;Datasets/all_labels_train_gensim_sparse_matrix.npz
ordensgeschichte.hypotheses.org/7395;arts et humanités_d, humanités pluridisciplinaires_d, histoire et archéologie_d, histoire et philosophie des sciences_d, histoire_t, haut moyen âge_t, bas moyen âge_t, xviie siècle_t, xviiie siècle_t;Datasets/all_labels_train_gensim_sparse_matrix.npz
redaktionsblog.hypotheses.org/2035;arts et humanités_d, humanités pluridisciplinaires_d, épistémologie et méthodes_t, digital humanities_t;Datasets/all_labels_train_gensim_sparse_matrix.npz
archivewk1.hypotheses.org/3769;histoire_d, époque contemporaine_t, 1914-1918_t;Datasets/all_labels_train_gensim_sparse_matrix.npz
ordensgeschichte.hypotheses.org/9701;arts et humanités_d, humanités pluridisciplinaires_d, histoire et archéologie_d, histoire et philosophie des sciences_d, histoire_t, haut moyen âge_t, bas moyen âge_t, xviie siècle_t, xviiie siècle_t;Datasets/all_labels_train_gensim_sparse_matrix.npz
archivalia.hypotheses.org/7888;histoire et archéologie_d, sciences sociales interdisciplinaires_d, histoire_t, approches de corpus_t, enquêtes_t, archives_t;Datasets/all_labels_train_gensim_sparse_matrix.npz
soziologieblog.hypotheses.org/954;sciences sociales interdisciplinaires_d, sociologie et anthropologie_d, sociologie du travail_t, sociologie urbaine_t, sociologie de la culture_t, sociologie économique_t;Datasets/all_labels_train_gensim_sparse_matrix.npz
archivalia.hypotheses.org/4569;histoire et archéologie_d, sciences sociales interdisciplinaires_d, histoire_t, approches de corpus_t, enquêtes_t, archives_t;Datasets/all_labels_train_gensim_sparse_matrix.npz
archivalia.hypotheses.org/6746;histoire et archéologie_d, sciences sociales interdisciplinaires_d, histoire_t, approches de corpus_t, enquêtes_t, archives_t;Datasets/all_labels_train_gensim_sparse_matrix.npz
jeunegen.hypotheses.org/1201;histoire_d, pluridisciplinarité_d, histoire_t, vie de la recherche_t, moyen âge_t, haut moyen âge_t, bas moyen âge_t;Datasets/all_labels_train_gensim_sparse_matrix.npz
pophistory.hypotheses.org/1938;humanités pluridisciplinaires_d, histoire et archéologie_d, sociologie de la culture_t, histoire sociale_t, histoire culturelle_t, époque contemporaine_t;Datasets/all_labels_train_gensim_sparse_matrix.npz
archivalia.hypotheses.org/9982;histoire et archéologie_d, sciences sociales interdisciplinaires_d, histoire_t, approches de corpus_t, enquêtes_t, archives_t;Datasets/all_labels_train_gensim_sparse_matrix.npz
gra.hypotheses.org/695;arts et humanités_d, communication_d, sciences de l'information et bibliothéconomie_d, représentations_t, histoire culturelle_t, histoire de l'art_t, études visuelles_t;Datasets/all_labels_train_gensim_sparse_matrix.npz
archivalia.hypotheses.org/2789;histoire et archéologie_d, sciences sociales interdisciplinaires_d, histoire_t, approches de corpus_t, enquêtes_t, archives_t;Datasets/all_labels_train_gensim_sparse_matrix.npz
histbav.hypotheses.org/3114;humanités pluridisciplinaires_d, histoire_d, pluridisciplinarité_d, histoire_t, monde germanique_t;Datasets/all_labels_train_gensim_sparse_matrix.npz
archivewk1.hypotheses.org/8571;histoire_d, époque contemporaine_t, 1914-1918_t;Datasets/all_labels_train_gensim_sparse_matrix.npz
archivalia.hypotheses.org/13069;histoire et archéologie_d, sciences sociales interdisciplinaires_d, histoire_t, approches de corpus_t, enquêtes_t, archives_t;Datasets/all_labels_train_gensim_sparse_matrix.npz
archivalia.hypotheses.org/6148;histoire et archéologie_d, sciences sociales interdisciplinaires_d, histoire_t, approches de corpus_t, enquêtes_t, archives_t;Datasets/all_labels_train_gensim_sparse_matrix.npz
lvrafz.hypotheses.org/1054;pluridisciplinarité_d, information_t;Datasets/all_labels_train_gensim_sparse_matrix.npz
hofordnung.hypotheses.org/63;arts et humanités_d, histoire et archéologie_d, histoire sociale_t, xvie siècle_t, xviie siècle_t, xviiie siècle_t;Datasets/all_labels_train_gensim_sparse_matrix.npz
liparchiv.hypotheses.org/1122;histoire et archéologie_d, sciences politiques_d, administration publique et développement_d, histoire urbaine_t, patrimoine_t, sciences auxiliaires de l'histoire_t, approches de corpus_t, enquêtes_t, archives_t, europe_t;Datasets/all_labels_train_gensim_sparse_matrix.npz
gra.hypotheses.org/1988;arts et humanités_d, communication_d, sciences de l'information et bibliothéconomie_d, représentations_t, histoire culturelle_t, histoire de l'art_t, études visuelles_t;Datasets/all_labels_train_gensim_sparse_matrix.npz
dgl.hypotheses.org/270;éducation spécialisée_d, histoire_d, histoire_t, histoire et sociologie des médias_t, éducation_t;Datasets/all_labels_train_gensim_sparse_matrix.npz
archivewk1.hypotheses.org/9326;histoire_d, époque contemporaine_t, 1914-1918_t;Datasets/all_labels_train_gensim_sparse_matrix.npz
archivewk1.hypotheses.org/9921;histoire_d, époque contemporaine_t, 1914-1918_t;Datasets/all_labels_train_gensim_sparse_matrix.npz
archivalia.hypotheses.org/3407;histoire et archéologie_d, sciences sociales interdisciplinaires_d, histoire_t, approches de corpus_t, enquêtes_t, archives_t;Datasets/all_labels_train_gensim_sparse_matrix.npz
archivalia.hypotheses.org/8866;histoire et archéologie_d, sciences sociales interdisciplinaires_d, histoire_t, approches de corpus_t, enquêtes_t, archives_t;Datasets/all_labels_train_gensim_sparse_matrix.npz
archives.hypotheses.org/892;histoire_d, communication_d, patrimoine_t, digital humanities_t, moyen âge_t, époque moderne_t, france_t, monde germanique_t;Datasets/all_labels_train_gensim_sparse_matrix.npz
archivalia.hypotheses.org/14110;histoire et archéologie_d, sciences sociales interdisciplinaires_d, histoire_t, approches de corpus_t, enquêtes_t, archives_t;Datasets/all_labels_train_gensim_sparse_matrix.npz
archivamt.hypotheses.org/3876;communication_d, pluridisciplinarité_d, sciences sociales interdisciplinaires_d, information_t, sciences de l'information_t, représentations_t, patrimoine_t;Datasets/all_labels_train_gensim_sparse_matrix.npz
archivalia.hypotheses.org/12265;histoire et archéologie_d, sciences sociales interdisciplinaires_d, histoire_t, approches de corpus_t, enquêtes_t, archives_t;Datasets/all_labels_train_gensim_sparse_matrix.npz
archivewk1.hypotheses.org/9717;histoire_d, époque contemporaine_t, 1914-1918_t;Datasets/all_labels_train_gensim_sparse_matrix.npz
wenhua.hypotheses.org/329;études asiatiques_d, humanités pluridisciplinaires_d, histoire_d, histoire culturelle_t, asie_t;Datasets/all_labels_train_gensim_sparse_matrix.npz
barblog.hypotheses.org/969;sciences sociales interdisciplinaires_d, sciences politiques_d, sociologie_d, anthropologie politique_t;Datasets/all_labels_train_gensim_sparse_matrix.npz
mindthegaps.hypotheses.org/2026;études asiatiques_d, histoire_d, histoire_t, histoire culturelle_t, asie_t, chine_t;Datasets/all_labels_train_gensim_sparse_matrix.npz
kinder.hypotheses.org/189;éducation et sciences de l'éducation_d, études sur la famille_d, âges de la vie_t, sciences de l'éducation_t;Datasets/all_labels_train_gensim_sparse_matrix.npz
dhmuc.hypotheses.org/78;humanités pluridisciplinaires_d, communication_d, pluridisciplinarité_d, sciences sociales interdisciplinaires_d, études des sciences_t, édition électronique_t, digital humanities_t;Datasets/all_labels_train_gensim_sparse_matrix.npz
archivalia.hypotheses.org/6013;histoire et archéologie_d, sciences sociales interdisciplinaires_d, histoire_t, approches de corpus_t, enquêtes_t, archives_t;Datasets/all_labels_train_gensim_sparse_matrix.npz
mittelalter.hypotheses.org/1617;humanités pluridisciplinaires_d, religions_d, histoire_d, sociologie_d, histoire_t, histoire sociale_t, histoire intellectuelle_t, moyen âge_t, haut moyen âge_t, bas moyen âge_t;Datasets/all_labels_train_gensim_sparse_matrix.npz
archivewk1.hypotheses.org/14006;histoire_d, époque contemporaine_t, 1914-1918_t;Datasets/all_labels_train_gensim_sparse_matrix.npz
histbav.hypotheses.org/653;humanités pluridisciplinaires_d, histoire_d, pluridisciplinarité_d, histoire_t, monde germanique_t;Datasets/all_labels_train_gensim_sparse_matrix.npz
archivalia.hypotheses.org/13174;histoire et archéologie_d, sciences sociales interdisciplinaires_d, histoire_t, approches de corpus_t, enquêtes_t, archives_t;Datasets/all_labels_train_gensim_sparse_matrix.npz
archive20.hypotheses.org/4043;pluridisciplinarité_d, sciences sociales interdisciplinaires_d, histoire_t, information_t, patrimoine_t, monde germanique_t;Datasets/all_labels_train_gensim_sparse_matrix.npz
archivalia.hypotheses.org/12205;histoire et archéologie_d, sciences sociales interdisciplinaires_d, histoire_t, approches de corpus_t, enquêtes_t, archives_t;Datasets/all_labels_train_gensim_sparse_matrix.npz
histbav.hypotheses.org/2442;humanités pluridisciplinaires_d, histoire_d, pluridisciplinarité_d, histoire_t, monde germanique_t;Datasets/all_labels_train_gensim_sparse_matrix.npz
trafo.hypotheses.org/3263;pluridisciplinarité_d, sciences sociales interdisciplinaires_d, études régionales_d, sociologie_t, sociologie des religions_t, information_t, histoire culturelle_t;Datasets/all_labels_train_gensim_sparse_matrix.npz
archivamt.hypotheses.org/1078;communication_d, pluridisciplinarité_d, sciences sociales interdisciplinaires_d, information_t, sciences de l'information_t, représentations_t, patrimoine_t;Datasets/all_labels_train_gensim_sparse_matrix.npz
archivalia.hypotheses.org/7762;histoire et archéologie_d, sciences sociales interdisciplinaires_d, histoire_t, approches de corpus_t, enquêtes_t, archives_t;Datasets/all_labels_train_gensim_sparse_matrix.npz
archivewk1.hypotheses.org/22319;histoire_d, époque contemporaine_t, 1914-1918_t;Datasets/all_labels_train_gensim_sparse_matrix.npz
soziologieblog.hypotheses.org/9157;sciences sociales interdisciplinaires_d, sociologie et anthropologie_d, sociologie du travail_t, sociologie urbaine_t, sociologie de la culture_t, sociologie économique_t;Datasets/all_labels_train_gensim_sparse_matrix.npz
archive20.hypotheses.org/1663;pluridisciplinarité_d, sciences sociales interdisciplinaires_d, histoire_t, information_t, patrimoine_t, monde germanique_t;Datasets/all_labels_train_gensim_sparse_matrix.npz
archivamt.hypotheses.org/1576;communication_d, pluridisciplinarité_d, sciences sociales interdisciplinaires_d, information_t, sciences de l'information_t, représentations_t, patrimoine_t;Datasets/all_labels_train_gensim_sparse_matrix.npz
aktenkunde.hypotheses.org/256;histoire_d, histoire_t, sciences auxiliaires de l'histoire_t;Datasets/all_labels_train_gensim_sparse_matrix.npz
archivewk1.hypotheses.org/13515;histoire_d, époque contemporaine_t, 1914-1918_t;Datasets/all_labels_train_gensim_sparse_matrix.npz
soziologieblog.hypotheses.org/5325;sciences sociales interdisciplinaires_d, sociologie et anthropologie_d, sociologie du travail_t, sociologie urbaine_t, sociologie de la culture_t, sociologie économique_t;Datasets/all_labels_train_gensim_sparse_matrix.npz
histbav.hypotheses.org/4054;humanités pluridisciplinaires_d, histoire_d, pluridisciplinarité_d, histoire_t, monde germanique_t;Datasets/all_labels_train_gensim_sparse_matrix.npz
medienbildung.hypotheses.org/2442;éducation_d, éducation spécialisée_d, travail social_d, sociologie_t, édition électronique_t, histoire et sociologie des médias_t, éducation_t;Datasets/all_labels_train_gensim_sparse_matrix.npz
bioeg.hypotheses.org/324;histoire et archéologie_d, histoire_d, histoire_t, sciences auxiliaires de l'histoire_t, europe centrale et orientale_t, monde germanique_t;Datasets/all_labels_train_gensim_sparse_matrix.npz
edit.hypotheses.org/373;sciences de l'information et bibliothéconomie_d, édition électronique_t, vie de la recherche_t, méthodes de traitement et de représentation_t, digital humanities_t;Datasets/all_labels_train_gensim_sparse_matrix.npz
francofil.hypotheses.org/3236;pluridisciplinarité_d, sciences sociales interdisciplinaires_d, histoire_t, épistémologie et méthodes_t, approches de corpus_t, enquêtes_t, archives_t, france_t;Datasets/all_labels_train_gensim_sparse_matrix.npz
wenhua.hypotheses.org/980;études asiatiques_d, humanités pluridisciplinaires_d, histoire_d, histoire culturelle_t, asie_t;Datasets/all_labels_train_gensim_sparse_matrix.npz
histbav.hypotheses.org/4778;humanités pluridisciplinaires_d, histoire_d, pluridisciplinarité_d, histoire_t, monde germanique_t;Datasets/all_labels_train_gensim_sparse_matrix.npz
archivalia.hypotheses.org/1093;histoire et archéologie_d, sciences sociales interdisciplinaires_d, histoire_t, approches de corpus_t, enquêtes_t, archives_t;Datasets/all_labels_train_gensim_sparse_matrix.npz
mittelalter.hypotheses.org/4924;humanités pluridisciplinaires_d, religions_d, histoire_d, sociologie_d, histoire_t, histoire sociale_t, histoire intellectuelle_t, moyen âge_t, haut moyen âge_t, bas moyen âge_t;Datasets/all_labels_train_gensim_sparse_matrix.npz
ordensgeschichte.hypotheses.org/5490;arts et humanités_d, humanités pluridisciplinaires_d, histoire et archéologie_d, histoire et philosophie des sciences_d, histoire_t, haut moyen âge_t, bas moyen âge_t, xviie siècle_t, xviiie siècle_t;Datasets/all_labels_train_gensim_sparse_matrix.npz
archivalia.hypotheses.org/8185;histoire et archéologie_d, sciences sociales interdisciplinaires_d, histoire_t, approches de corpus_t, enquêtes_t, archives_t;Datasets/all_labels_train_gensim_sparse_matrix.npz
1914lvr.hypotheses.org/1552;sciences politiques_d, histoire_t, époque contemporaine_t, 1914-1918_t;Datasets/all_labels_train_gensim_sparse_matrix.npz
archivalia.hypotheses.org/4558;histoire et archéologie_d, sciences sociales interdisciplinaires_d, histoire_t, approches de corpus_t, enquêtes_t, archives_t;Datasets/all_labels_train_gensim_sparse_matrix.npz
dokunstlmu.hypotheses.org/1735;arts et humanités_d, histoire intellectuelle_t;Datasets/all_labels_train_gensim_sparse_matrix.npz
trafo.hypotheses.org/3383;pluridisciplinarité_d, sciences sociales interdisciplinaires_d, études régionales_d, sociologie_t, sociologie des religions_t, information_t, histoire culturelle_t;Datasets/all_labels_train_gensim_sparse_matrix.npz
jeunegen.hypotheses.org/102;histoire_d, pluridisciplinarité_d, histoire_t, vie de la recherche_t, moyen âge_t, haut moyen âge_t, bas moyen âge_t;Datasets/all_labels_train_gensim_sparse_matrix.npz
archivalia.hypotheses.org/12518;histoire et archéologie_d, sciences sociales interdisciplinaires_d, histoire_t, approches de corpus_t, enquêtes_t, archives_t;Datasets/all_labels_train_gensim_sparse_matrix.npz
archivewk1.hypotheses.org/29885;histoire_d, époque contemporaine_t, 1914-1918_t;Datasets/all_labels_train_gensim_sparse_matrix.npz
mittelalter.hypotheses.org/5356;humanités pluridisciplinaires_d, religions_d, histoire_d, sociologie_d, histoire_t, histoire sociale_t, histoire intellectuelle_t, moyen âge_t, haut moyen âge_t, bas moyen âge_t;Datasets/all_labels_train_gensim_sparse_matrix.npz
archive20.hypotheses.org/767;pluridisciplinarité_d, sciences sociales interdisciplinaires_d, histoire_t, information_t, patrimoine_t, monde germanique_t;Datasets/all_labels_train_gensim_sparse_matrix.npz
archivalia.hypotheses.org/2115;histoire et archéologie_d, sciences sociales interdisciplinaires_d, histoire_t, approches de corpus_t, enquêtes_t, archives_t;Datasets/all_labels_train_gensim_sparse_matrix.npz
tagebuch.hypotheses.org/1100;histoire et archéologie_d, histoire_d, histoire_t, époque contemporaine_t, 1914-1918_t;Datasets/all_labels_train_gensim_sparse_matrix.npz
archivalia.hypotheses.org/6269;histoire et archéologie_d, sciences sociales interdisciplinaires_d, histoire_t, approches de corpus_t, enquêtes_t, archives_t;Datasets/all_labels_train_gensim_sparse_matrix.npz
histbav.hypotheses.org/4464;humanités pluridisciplinaires_d, histoire_d, pluridisciplinarité_d, histoire_t, monde germanique_t;Datasets/all_labels_train_gensim_sparse_matrix.npz
jeunegen.hypotheses.org/775;histoire_d, pluridisciplinarité_d, histoire_t, vie de la recherche_t, moyen âge_t, haut moyen âge_t, bas moyen âge_t;Datasets/all_labels_train_gensim_sparse_matrix.npz
hsc.hypotheses.org/146;arts et humanités_d, humanités pluridisciplinaires_d, histoire et archéologie_d, histoire_t, historiographie_t;Datasets/all_labels_train_gensim_sparse_matrix.npz
archivewk1.hypotheses.org/32061;histoire_d, époque contemporaine_t, 1914-1918_t;Datasets/all_labels_train_gensim_sparse_matrix.npz
aktenkunde.hypotheses.org/620;histoire_d, histoire_t, sciences auxiliaires de l'histoire_t;Datasets/all_labels_train_gensim_sparse_matrix.npz
archivewk1.hypotheses.org/2281;histoire_d, époque contemporaine_t, 1914-1918_t;Datasets/all_labels_train_gensim_sparse_matrix.npz
geschichtsadmin.hypotheses.org/222;éducation_d, histoire_d, sociologie du travail_t, histoire_t;Datasets/all_labels_train_gensim_sparse_matrix.npz
archivalia.hypotheses.org/13239;histoire et archéologie_d, sciences sociales interdisciplinaires_d, histoire_t, approches de corpus_t, enquêtes_t, archives_t;Datasets/all_labels_train_gensim_sparse_matrix.npz
studpro.hypotheses.org/109;histoire_d, histoire_t, époque moderne_t, xviie siècle_t, xviiie siècle_t;Datasets/all_labels_train_gensim_sparse_matrix.npz
archivewk1.hypotheses.org/9179;histoire_d, époque contemporaine_t, 1914-1918_t;Datasets/all_labels_train_gensim_sparse_matrix.npz
gab.hypotheses.org/117;histoire et archéologie_d, pluridisciplinarité_d, sciences sociales interdisciplinaires_d, études des sciences_t, sociologie des sciences_t, histoire_t;Datasets/all_labels_train_gensim_sparse_matrix.npz
archivalia.hypotheses.org/11763;histoire et archéologie_d, sciences sociales interdisciplinaires_d, histoire_t, approches de corpus_t, enquêtes_t, archives_t;Datasets/all_labels_train_gensim_sparse_matrix.npz
archivalia.hypotheses.org/5091;histoire et archéologie_d, sciences sociales interdisciplinaires_d, histoire_t, approches de corpus_t, enquêtes_t, archives_t;Datasets/all_labels_train_gensim_sparse_matrix.npz
archivewk1.hypotheses.org/10772;histoire_d, époque contemporaine_t, 1914-1918_t;Datasets/all_labels_train_gensim_sparse_matrix.npz
archivewk1.hypotheses.org/1220;histoire_d, époque contemporaine_t, 1914-1918_t;Datasets/all_labels_train_gensim_sparse_matrix.npz
archivewk1.hypotheses.org/6432;histoire_d, époque contemporaine_t, 1914-1918_t;Datasets/all_labels_train_gensim_sparse_matrix.npz
fortifica.hypotheses.org/157;histoire et archéologie_d, histoire_d, histoire urbaine_t, xvie siècle_t, xviie siècle_t, xviiie siècle_t;Datasets/all_labels_train_gensim_sparse_matrix.npz
archivalia.hypotheses.org/1462;histoire et archéologie_d, sciences sociales interdisciplinaires_d, histoire_t, approches de corpus_t, enquêtes_t, archives_t;Datasets/all_labels_train_gensim_sparse_matrix.npz
archivewk1.hypotheses.org/6028;histoire_d, époque contemporaine_t, 1914-1918_t;Datasets/all_labels_train_gensim_sparse_matrix.npz
tagebuch.hypotheses.org/1150;histoire et archéologie_d, histoire_d, histoire_t, époque contemporaine_t, 1914-1918_t;Datasets/all_labels_train_gensim_sparse_matrix.npz
archivalia.hypotheses.org/3856;histoire et archéologie_d, sciences sociales interdisciplinaires_d, histoire_t, approches de corpus_t, enquêtes_t, archives_t;Datasets/all_labels_train_gensim_sparse_matrix.npz
historischdenken.hypotheses.org/3443;histoire et archéologie_d, histoire_t;Datasets/all_labels_train_gensim_sparse_matrix.npz
archivalia.hypotheses.org/7088;histoire et archéologie_d, sciences sociales interdisciplinaires_d, histoire_t, approches de corpus_t, enquêtes_t, archives_t;Datasets/all_labels_train_gensim_sparse_matrix.npz
archivalia.hypotheses.org/1868;histoire et archéologie_d, sciences sociales interdisciplinaires_d, histoire_t, approches de corpus_t, enquêtes_t, archives_t;Datasets/all_labels_train_gensim_sparse_matrix.npz
coop.hypotheses.org/249;histoire et archéologie_d, sciences sociales interdisciplinaires_d, histoire urbaine_t, information_t;Datasets/all_labels_train_gensim_sparse_matrix.npz
histbav.hypotheses.org/3361;humanités pluridisciplinaires_d, histoire_d, pluridisciplinarité_d, histoire_t, monde germanique_t;Datasets/all_labels_train_gensim_sparse_matrix.npz
archivalia.hypotheses.org/57544;histoire et archéologie_d, sciences sociales interdisciplinaires_d, histoire_t, approches de corpus_t, enquêtes_t, archives_t;Datasets/all_labels_train_gensim_sparse_matrix.npz
ordensgeschichte.hypotheses.org/6604;arts et humanités_d, humanités pluridisciplinaires_d, histoire et archéologie_d, histoire et philosophie des sciences_d, histoire_t, haut moyen âge_t, bas moyen âge_t, xviie siècle_t, xviiie siècle_t;Datasets/all_labels_train_gensim_sparse_matrix.npz
soziologieblog.hypotheses.org/1814;sciences sociales interdisciplinaires_d, sociologie et anthropologie_d, sociologie du travail_t, sociologie urbaine_t, sociologie de la culture_t, sociologie économique_t;Datasets/all_labels_train_gensim_sparse_matrix.npz
nordichistoryblog.hypotheses.org/53;arts et humanités_d, histoire et archéologie_d, histoire_t, édition électronique_t, vie de la recherche_t, approches de corpus_t, enquêtes_t, archives_t, europe_t, pays baltes et scandinaves_t;Datasets/all_labels_train_gensim_sparse_matrix.npz
archivalia.hypotheses.org/55942;histoire et archéologie_d, sciences sociales interdisciplinaires_d, histoire_t, approches de corpus_t, enquêtes_t, archives_t;Datasets/all_labels_train_gensim_sparse_matrix.npz
barblog.hypotheses.org/1309;sciences sociales interdisciplinaires_d, sciences politiques_d, sociologie_d, anthropologie politique_t;Datasets/all_labels_train_gensim_sparse_matrix.npz
bioeg.hypotheses.org/1503;histoire et archéologie_d, histoire_d, histoire_t, sciences auxiliaires de l'histoire_t, europe centrale et orientale_t, monde germanique_t;Datasets/all_labels_train_gensim_sparse_matrix.npz
archivalia.hypotheses.org/6375;histoire et archéologie_d, sciences sociales interdisciplinaires_d, histoire_t, approches de corpus_t, enquêtes_t, archives_t;Datasets/all_labels_train_gensim_sparse_matrix.npz
dkblog.hypotheses.org/358;histoire_d, histoire_t, époque moderne_t, xviie siècle_t;Datasets/all_labels_train_gensim_sparse_matrix.npz
archivalia.hypotheses.org/5624;histoire et archéologie_d, sciences sociales interdisciplinaires_d, histoire_t, approches de corpus_t, enquêtes_t, archives_t;Datasets/all_labels_train_gensim_sparse_matrix.npz
archivalia.hypotheses.org/4999;histoire et archéologie_d, sciences sociales interdisciplinaires_d, histoire_t, approches de corpus_t, enquêtes_t, archives_t;Datasets/all_labels_train_gensim_sparse_matrix.npz
vgdrp.hypotheses.org/220;éducation_d, histoire des sciences sociales_d, histoire_t, histoire économique_t, histoire industrielle_t, histoire urbaine_t, histoire sociale_t;Datasets/all_labels_train_gensim_sparse_matrix.npz
archivalia.hypotheses.org/12948;histoire et archéologie_d, sciences sociales interdisciplinaires_d, histoire_t, approches de corpus_t, enquêtes_t, archives_t;Datasets/all_labels_train_gensim_sparse_matrix.npz
histbav.hypotheses.org/3374;humanités pluridisciplinaires_d, histoire_d, pluridisciplinarité_d, histoire_t, monde germanique_t;Datasets/all_labels_train_gensim_sparse_matrix.npz
bioeg.hypotheses.org/1892;histoire et archéologie_d, histoire_d, histoire_t, sciences auxiliaires de l'histoire_t, europe centrale et orientale_t, monde germanique_t;Datasets/all_labels_train_gensim_sparse_matrix.npz
archivewk1.hypotheses.org/22883;histoire_d, époque contemporaine_t, 1914-1918_t;Datasets/all_labels_train_gensim_sparse_matrix.npz
texperimentales.hypotheses.org/1118;linguistique appliquée_d, langue et linguistique_d, langage_t, linguistique_t, information_t, sciences de l'information_t, digital humanities_t;Datasets/all_labels_train_gensim_sparse_matrix.npz
reichwein.hypotheses.org/1119;histoire et archéologie_d, histoire des sciences_t, 1945-1989_t;Datasets/all_labels_train_gensim_sparse_matrix.npz
archivalia.hypotheses.org/3982;histoire et archéologie_d, sciences sociales interdisciplinaires_d, histoire_t, approches de corpus_t, enquêtes_t, archives_t;Datasets/all_labels_train_gensim_sparse_matrix.npz
grk1678.hypotheses.org/685;arts et humanités_d, humanités pluridisciplinaires_d, histoire et philosophie des sciences_d, pluridisciplinarité_d, philosophie_t, littératures_t, histoire culturelle_t, histoire de l'art_t;Datasets/all_labels_train_gensim_sparse_matrix.npz
archivalia.hypotheses.org/10571;histoire et archéologie_d, sciences sociales interdisciplinaires_d, histoire_t, approches de corpus_t, enquêtes_t, archives_t;Datasets/all_labels_train_gensim_sparse_matrix.npz
archivewk1.hypotheses.org/3037;histoire_d, époque contemporaine_t, 1914-1918_t;Datasets/all_labels_train_gensim_sparse_matrix.npz
archivalia.hypotheses.org/11573;histoire et archéologie_d, sciences sociales interdisciplinaires_d, histoire_t, approches de corpus_t, enquêtes_t, archives_t;Datasets/all_labels_train_gensim_sparse_matrix.npz
archivalia.hypotheses.org/517;histoire et archéologie_d, sciences sociales interdisciplinaires_d, histoire_t, approches de corpus_t, enquêtes_t, archives_t;Datasets/all_labels_train_gensim_sparse_matrix.npz
lvrafz.hypotheses.org/1773;pluridisciplinarité_d, information_t;Datasets/all_labels_train_gensim_sparse_matrix.npz
etatsocial.hypotheses.org/156;histoire_d, histoire des sciences sociales_d, sociologie_d, économie_d, sociologie du travail_t, âges de la vie_t, xxe siècle_t;Datasets/all_labels_train_gensim_sparse_matrix.npz
grham.hypotheses.org/3696;arts_d, humanités pluridisciplinaires_d, histoire_d, histoire_t, histoire culturelle_t, histoire de l'art_t, xviie siècle_t, xviiie siècle_t;Datasets/all_labels_train_gensim_sparse_matrix.npz
archivewk1.hypotheses.org/11123;histoire_d, époque contemporaine_t, 1914-1918_t;Datasets/all_labels_train_gensim_sparse_matrix.npz
archivalia.hypotheses.org/9754;histoire et archéologie_d, sciences sociales interdisciplinaires_d, histoire_t, approches de corpus_t, enquêtes_t, archives_t;Datasets/all_labels_train_gensim_sparse_matrix.npz
archivalia.hypotheses.org/7125;histoire et archéologie_d, sciences sociales interdisciplinaires_d, histoire_t, approches de corpus_t, enquêtes_t, archives_t;Datasets/all_labels_train_gensim_sparse_matrix.npz
archivalia.hypotheses.org/9071;histoire et archéologie_d, sciences sociales interdisciplinaires_d, histoire_t, approches de corpus_t, enquêtes_t, archives_t;Datasets/all_labels_train_gensim_sparse_matrix.npz
erinnern.hypotheses.org/465;éducation et sciences de l'éducation_d, histoire_d, histoire_t, éducation_t, 1918-1939_t, 1939-1945_t, 1945-1989_t;Datasets/all_labels_train_gensim_sparse_matrix.npz
lvrafz.hypotheses.org/1455;pluridisciplinarité_d, information_t;Datasets/all_labels_train_gensim_sparse_matrix.npz
ordensgeschichte.hypotheses.org/1446;arts et humanités_d, humanités pluridisciplinaires_d, histoire et archéologie_d, histoire et philosophie des sciences_d, histoire_t, haut moyen âge_t, bas moyen âge_t, xviie siècle_t, xviiie siècle_t;Datasets/all_labels_train_gensim_sparse_matrix.npz
mittelalter.hypotheses.org/7994;humanités pluridisciplinaires_d, religions_d, histoire_d, sociologie_d, histoire_t, histoire sociale_t, histoire intellectuelle_t, moyen âge_t, haut moyen âge_t, bas moyen âge_t;Datasets/all_labels_train_gensim_sparse_matrix.npz
mgtud.hypotheses.org/424;humanités pluridisciplinaires_d, éducation_d, histoire et archéologie_d, histoire_d, histoire_t, histoire urbaine_t, édition électronique_t;Datasets/all_labels_train_gensim_sparse_matrix.npz
archivalia.hypotheses.org/9692;histoire et archéologie_d, sciences sociales interdisciplinaires_d, histoire_t, approches de corpus_t, enquêtes_t, archives_t;Datasets/all_labels_train_gensim_sparse_matrix.npz
irhis.hypotheses.org/2357;arts et humanités_d, histoire et archéologie_d, histoire économique_t, histoire sociale_t, études visuelles_t;Datasets/all_labels_train_gensim_sparse_matrix.npz
archivalia.hypotheses.org/10903;histoire et archéologie_d, sciences sociales interdisciplinaires_d, histoire_t, approches de corpus_t, enquêtes_t, archives_t;Datasets/all_labels_train_gensim_sparse_matrix.npz
archivalia.hypotheses.org/871;histoire et archéologie_d, sciences sociales interdisciplinaires_d, histoire_t, approches de corpus_t, enquêtes_t, archives_t;Datasets/all_labels_train_gensim_sparse_matrix.npz
filmeditio.hypotheses.org/190;arts_d, humanités pluridisciplinaires_d, édition électronique_t, histoire et sociologie des médias_t, patrimoine_t, études visuelles_t;Datasets/all_labels_train_gensim_sparse_matrix.npz
bioeg.hypotheses.org/1864;histoire et archéologie_d, histoire_d, histoire_t, sciences auxiliaires de l'histoire_t, europe centrale et orientale_t, monde germanique_t;Datasets/all_labels_train_gensim_sparse_matrix.npz
archivalia.hypotheses.org/11805;histoire et archéologie_d, sciences sociales interdisciplinaires_d, histoire_t, approches de corpus_t, enquêtes_t, archives_t;Datasets/all_labels_train_gensim_sparse_matrix.npz
archivewk1.hypotheses.org/18581;histoire_d, époque contemporaine_t, 1914-1918_t;Datasets/all_labels_train_gensim_sparse_matrix.npz
winzen.hypotheses.org/699;histoire_d, histoire_t, études visuelles_t, 1918-1939_t, 1939-1945_t, monde germanique_t;Datasets/all_labels_train_gensim_sparse_matrix.npz
archivewk1.hypotheses.org/28654;histoire_d, époque contemporaine_t, 1914-1918_t;Datasets/all_labels_train_gensim_sparse_matrix.npz
archivalia.hypotheses.org/11365;histoire et archéologie_d, sciences sociales interdisciplinaires_d, histoire_t, approches de corpus_t, enquêtes_t, archives_t;Datasets/all_labels_train_gensim_sparse_matrix.npz
kindzeit.hypotheses.org/86;éducation_d, histoire_d, histoire_t, sciences de l'éducation_t, xxie siècle_t;Datasets/all_labels_train_gensim_sparse_matrix.npz
archivewk1.hypotheses.org/25642;histoire_d, époque contemporaine_t, 1914-1918_t;Datasets/all_labels_train_gensim_sparse_matrix.npz
archivewk1.hypotheses.org/18717;histoire_d, époque contemporaine_t, 1914-1918_t;Datasets/all_labels_train_gensim_sparse_matrix.npz
gelerndig.hypotheses.org/284;éducation_d, éducation spécialisée_d, histoire_d, histoire_t, éducation_t, édition électronique_t, histoire et sociologie des médias_t;Datasets/all_labels_train_gensim_sparse_matrix.npz
archivalia.hypotheses.org/7901;histoire et archéologie_d, sciences sociales interdisciplinaires_d, histoire_t, approches de corpus_t, enquêtes_t, archives_t;Datasets/all_labels_train_gensim_sparse_matrix.npz
archivewk1.hypotheses.org/14249;histoire_d, époque contemporaine_t, 1914-1918_t;Datasets/all_labels_train_gensim_sparse_matrix.npz
archivalia.hypotheses.org/5345;histoire et archéologie_d, sciences sociales interdisciplinaires_d, histoire_t, approches de corpus_t, enquêtes_t, archives_t;Datasets/all_labels_train_gensim_sparse_matrix.npz
archivalia.hypotheses.org/12441;histoire et archéologie_d, sciences sociales interdisciplinaires_d, histoire_t, approches de corpus_t, enquêtes_t, archives_t;Datasets/all_labels_train_gensim_sparse_matrix.npz
gab.hypotheses.org/2450;histoire et archéologie_d, pluridisciplinarité_d, sciences sociales interdisciplinaires_d, études des sciences_t, sociologie des sciences_t, histoire_t;Datasets/all_labels_train_gensim_sparse_matrix.npz
gid.hypotheses.org/1154;pluridisciplinarité_d, sciences sociales interdisciplinaires_d, études des sciences_t, histoire des sciences_t, pensée_t, histoire intellectuelle_t, histoire culturelle_t, prospectives_t;Datasets/all_labels_train_gensim_sparse_matrix.npz
archivalia.hypotheses.org/10018;histoire et archéologie_d, sciences sociales interdisciplinaires_d, histoire_t, approches de corpus_t, enquêtes_t, archives_t;Datasets/all_labels_train_gensim_sparse_matrix.npz
historischdenken.hypotheses.org/948;histoire et archéologie_d, histoire_t;Datasets/all_labels_train_gensim_sparse_matrix.npz
mittelalter.hypotheses.org/136;humanités pluridisciplinaires_d, religions_d, histoire_d, sociologie_d, histoire_t, histoire sociale_t, histoire intellectuelle_t, moyen âge_t, haut moyen âge_t, bas moyen âge_t;Datasets/all_labels_train_gensim_sparse_matrix.npz
erinnerung.hypotheses.org/103;histoire et archéologie_d, histoire_t, xxe siècle_t, prospectives_t, europe_t;Datasets/all_labels_train_gensim_sparse_matrix.npz
archivalia.hypotheses.org/61807;histoire et archéologie_d, sciences sociales interdisciplinaires_d, histoire_t, approches de corpus_t, enquêtes_t, archives_t;Datasets/all_labels_train_gensim_sparse_matrix.npz
1914lvr.hypotheses.org/287;sciences politiques_d, histoire_t, époque contemporaine_t, 1914-1918_t;Datasets/all_labels_train_gensim_sparse_matrix.npz
archivalia.hypotheses.org/10139;histoire et archéologie_d, sciences sociales interdisciplinaires_d, histoire_t, approches de corpus_t, enquêtes_t, archives_t;Datasets/all_labels_train_gensim_sparse_matrix.npz
ordensgeschichte.hypotheses.org/7493;arts et humanités_d, humanités pluridisciplinaires_d, histoire et archéologie_d, histoire et philosophie des sciences_d, histoire_t, haut moyen âge_t, bas moyen âge_t, xviie siècle_t, xviiie siècle_t;Datasets/all_labels_train_gensim_sparse_matrix.npz
soziologieblog.hypotheses.org/5723;sciences sociales interdisciplinaires_d, sociologie et anthropologie_d, sociologie du travail_t, sociologie urbaine_t, sociologie de la culture_t, sociologie économique_t;Datasets/all_labels_train_gensim_sparse_matrix.npz
archivewk1.hypotheses.org/25776;histoire_d, époque contemporaine_t, 1914-1918_t;Datasets/all_labels_train_gensim_sparse_matrix.npz
histbav.hypotheses.org/3966;humanités pluridisciplinaires_d, histoire_d, pluridisciplinarité_d, histoire_t, monde germanique_t;Datasets/all_labels_train_gensim_sparse_matrix.npz
rhad.hypotheses.org/35;histoire_d, histoire des sciences sociales_d, histoire_t, époque moderne_t, révolution française_t, xviie siècle_t, xviiie siècle_t, prospectives_t;Datasets/all_labels_train_gensim_sparse_matrix.npz
amuc.hypotheses.org/1280;humanités pluridisciplinaires_d, histoire_d, histoire_t, représentations_t, patrimoine_t;Datasets/all_labels_train_gensim_sparse_matrix.npz
archivalia.hypotheses.org/8454;histoire et archéologie_d, sciences sociales interdisciplinaires_d, histoire_t, approches de corpus_t, enquêtes_t, archives_t;Datasets/all_labels_train_gensim_sparse_matrix.npz
archivewk1.hypotheses.org/2509;histoire_d, époque contemporaine_t, 1914-1918_t;Datasets/all_labels_train_gensim_sparse_matrix.npz
archivalia.hypotheses.org/55116;histoire et archéologie_d, sciences sociales interdisciplinaires_d, histoire_t, approches de corpus_t, enquêtes_t, archives_t;Datasets/all_labels_train_gensim_sparse_matrix.npz
historischdenken.hypotheses.org/2045;histoire et archéologie_d, histoire_t;Datasets/all_labels_train_gensim_sparse_matrix.npz
umstrittenesgedaechtnis.hypotheses.org/132;arts et humanités_d, histoire et archéologie_d, représentations_t, époque contemporaine_t;Datasets/all_labels_train_gensim_sparse_matrix.npz
bioeg.hypotheses.org/1212;histoire et archéologie_d, histoire_d, histoire_t, sciences auxiliaires de l'histoire_t, europe centrale et orientale_t, monde germanique_t;Datasets/all_labels_train_gensim_sparse_matrix.npz
dss.hypotheses.org/960;arts et humanités_d, communication_d, sciences de l'information et bibliothéconomie_d, information_t, édition électronique_t, représentations_t, histoire de l'art_t, patrimoine_t, prospectives_t;Datasets/all_labels_train_gensim_sparse_matrix.npz
archivalia.hypotheses.org/11597;histoire et archéologie_d, sciences sociales interdisciplinaires_d, histoire_t, approches de corpus_t, enquêtes_t, archives_t;Datasets/all_labels_train_gensim_sparse_matrix.npz
archivamt.hypotheses.org/839;communication_d, pluridisciplinarité_d, sciences sociales interdisciplinaires_d, information_t, sciences de l'information_t, représentations_t, patrimoine_t;Datasets/all_labels_train_gensim_sparse_matrix.npz
archivewk1.hypotheses.org/14691;histoire_d, époque contemporaine_t, 1914-1918_t;Datasets/all_labels_train_gensim_sparse_matrix.npz
archivalia.hypotheses.org/11991;histoire et archéologie_d, sciences sociales interdisciplinaires_d, histoire_t, approches de corpus_t, enquêtes_t, archives_t;Datasets/all_labels_train_gensim_sparse_matrix.npz
archive20.hypotheses.org/2916;pluridisciplinarité_d, sciences sociales interdisciplinaires_d, histoire_t, information_t, patrimoine_t, monde germanique_t;Datasets/all_labels_train_gensim_sparse_matrix.npz
bioeg.hypotheses.org/1862;histoire et archéologie_d, histoire_d, histoire_t, sciences auxiliaires de l'histoire_t, europe centrale et orientale_t, monde germanique_t;Datasets/all_labels_train_gensim_sparse_matrix.npz
medialogic.hypotheses.org/264;arts et humanités_d, sciences de l'information et de la communication_d, bibliothéconomie_d, sociologie_t;Datasets/all_labels_train_gensim_sparse_matrix.npz
dfmfa.hypotheses.org/1198;humanités pluridisciplinaires_d, sciences sociales interdisciplinaires_d, histoire_t, moyen âge_t, haut moyen âge_t, bas moyen âge_t;Datasets/all_labels_train_gensim_sparse_matrix.npz
ordensgeschichte.hypotheses.org/7583;arts et humanités_d, humanités pluridisciplinaires_d, histoire et archéologie_d, histoire et philosophie des sciences_d, histoire_t, haut moyen âge_t, bas moyen âge_t, xviie siècle_t, xviiie siècle_t;Datasets/all_labels_train_gensim_sparse_matrix.npz
dss.hypotheses.org/1357;arts et humanités_d, communication_d, sciences de l'information et bibliothéconomie_d, information_t, édition électronique_t, représentations_t, histoire de l'art_t, patrimoine_t, prospectives_t;Datasets/all_labels_train_gensim_sparse_matrix.npz
archivalia.hypotheses.org/5898;histoire et archéologie_d, sciences sociales interdisciplinaires_d, histoire_t, approches de corpus_t, enquêtes_t, archives_t;Datasets/all_labels_train_gensim_sparse_matrix.npz
netzwerk.hypotheses.org/1508;histoire et archéologie_d, histoire urbaine_t, histoire sociale_t, histoire intellectuelle_t, époque contemporaine_t;Datasets/all_labels_train_gensim_sparse_matrix.npz
archivalia.hypotheses.org/13278;histoire et archéologie_d, sciences sociales interdisciplinaires_d, histoire_t, approches de corpus_t, enquêtes_t, archives_t;Datasets/all_labels_train_gensim_sparse_matrix.npz
schotten.hypotheses.org/1088;religions_d, histoire et archéologie_d, sciences de l'information et de la communication_d, bibliothéconomie_d, histoire_t, histoire des religions_t, approches de corpus_t, enquêtes_t, archives_t, monde germanique_t;Datasets/all_labels_train_gensim_sparse_matrix.npz
archivalia.hypotheses.org/5795;histoire et archéologie_d, sciences sociales interdisciplinaires_d, histoire_t, approches de corpus_t, enquêtes_t, archives_t;Datasets/all_labels_train_gensim_sparse_matrix.npz
lvrafz.hypotheses.org/2155;pluridisciplinarité_d, information_t;Datasets/all_labels_train_gensim_sparse_matrix.npz
ordensgeschichte.hypotheses.org/1985;arts et humanités_d, humanités pluridisciplinaires_d, histoire et archéologie_d, histoire et philosophie des sciences_d, histoire_t, haut moyen âge_t, bas moyen âge_t, xviie siècle_t, xviiie siècle_t;Datasets/all_labels_train_gensim_sparse_matrix.npz
archive20.hypotheses.org/2401;pluridisciplinarité_d, sciences sociales interdisciplinaires_d, histoire_t, information_t, patrimoine_t, monde germanique_t;Datasets/all_labels_train_gensim_sparse_matrix.npz
dkblog.hypotheses.org/1028;histoire_d, histoire_t, époque moderne_t, xviie siècle_t;Datasets/all_labels_train_gensim_sparse_matrix.npz
archivewk1.hypotheses.org/7880;histoire_d, époque contemporaine_t, 1914-1918_t;Datasets/all_labels_train_gensim_sparse_matrix.npz
redaktionsblog.hypotheses.org/1359;arts et humanités_d, humanités pluridisciplinaires_d, épistémologie et méthodes_t, digital humanities_t;Datasets/all_labels_train_gensim_sparse_matrix.npz
archivalia.hypotheses.org/13607;histoire et archéologie_d, sciences sociales interdisciplinaires_d, histoire_t, approches de corpus_t, enquêtes_t, archives_t;Datasets/all_labels_train_gensim_sparse_matrix.npz
erinnern.hypotheses.org/515;éducation et sciences de l'éducation_d, histoire_d, histoire_t, éducation_t, 1918-1939_t, 1939-1945_t, 1945-1989_t;Datasets/all_labels_train_gensim_sparse_matrix.npz
studpro.hypotheses.org/133;histoire_d, histoire_t, époque moderne_t, xviie siècle_t, xviiie siècle_t;Datasets/all_labels_train_gensim_sparse_matrix.npz
rkb.hypotheses.org/410;arts et humanités_d, communication_d, sciences de l'information et bibliothéconomie_d, sociologie des sciences_t, édition électronique_t, histoire et sociologie des médias_t;Datasets/all_labels_train_gensim_sparse_matrix.npz
rkb.hypotheses.org/373;arts et humanités_d, communication_d, sciences de l'information et bibliothéconomie_d, sociologie des sciences_t, édition électronique_t, histoire et sociologie des médias_t;Datasets/all_labels_train_gensim_sparse_matrix.npz
histbav.hypotheses.org/1540;humanités pluridisciplinaires_d, histoire_d, pluridisciplinarité_d, histoire_t, monde germanique_t;Datasets/all_labels_train_gensim_sparse_matrix.npz
archivalia.hypotheses.org/6555;histoire et archéologie_d, sciences sociales interdisciplinaires_d, histoire_t, approches de corpus_t, enquêtes_t, archives_t;Datasets/all_labels_train_gensim_sparse_matrix.npz
archivalia.hypotheses.org/3109;histoire et archéologie_d, sciences sociales interdisciplinaires_d, histoire_t, approches de corpus_t, enquêtes_t, archives_t;Datasets/all_labels_train_gensim_sparse_matrix.npz
histbav.hypotheses.org/3031;humanités pluridisciplinaires_d, histoire_d, pluridisciplinarité_d, histoire_t, monde germanique_t;Datasets/all_labels_train_gensim_sparse_matrix.npz
fnzinfo.hypotheses.org/351;arts et humanités_d, musique_d, histoire et archéologie_d, histoire_t, xvie siècle_t, xviie siècle_t, xviiie siècle_t, révolution française_t;Datasets/all_labels_train_gensim_sparse_matrix.npz
archivalia.hypotheses.org/52373;histoire et archéologie_d, sciences sociales interdisciplinaires_d, histoire_t, approches de corpus_t, enquêtes_t, archives_t;Datasets/all_labels_train_gensim_sparse_matrix.npz
archivalia.hypotheses.org/6299;histoire et archéologie_d, sciences sociales interdisciplinaires_d, histoire_t, approches de corpus_t, enquêtes_t, archives_t;Datasets/all_labels_train_gensim_sparse_matrix.npz
nummer.hypotheses.org/174;histoire_d, sciences de l'information et de la communication_d, bibliothéconomie_d, histoire_t, histoire intellectuelle_t, histoire et sociologie des médias_t, histoire culturelle_t;Datasets/all_labels_train_gensim_sparse_matrix.npz
archivalia.hypotheses.org/1904;histoire et archéologie_d, sciences sociales interdisciplinaires_d, histoire_t, approches de corpus_t, enquêtes_t, archives_t;Datasets/all_labels_train_gensim_sparse_matrix.npz
archivalia.hypotheses.org/5354;histoire et archéologie_d, sciences sociales interdisciplinaires_d, histoire_t, approches de corpus_t, enquêtes_t, archives_t;Datasets/all_labels_train_gensim_sparse_matrix.npz
archivewk1.hypotheses.org/10649;histoire_d, époque contemporaine_t, 1914-1918_t;Datasets/all_labels_train_gensim_sparse_matrix.npz
archivalia.hypotheses.org/13593;histoire et archéologie_d, sciences sociales interdisciplinaires_d, histoire_t, approches de corpus_t, enquêtes_t, archives_t;Datasets/all_labels_train_gensim_sparse_matrix.npz
archivalia.hypotheses.org/12271;histoire et archéologie_d, sciences sociales interdisciplinaires_d, histoire_t, approches de corpus_t, enquêtes_t, archives_t;Datasets/all_labels_train_gensim_sparse_matrix.npz
archivalia.hypotheses.org/4131;histoire et archéologie_d, sciences sociales interdisciplinaires_d, histoire_t, approches de corpus_t, enquêtes_t, archives_t;Datasets/all_labels_train_gensim_sparse_matrix.npz
archivalia.hypotheses.org/8693;histoire et archéologie_d, sciences sociales interdisciplinaires_d, histoire_t, approches de corpus_t, enquêtes_t, archives_t;Datasets/all_labels_train_gensim_sparse_matrix.npz
archivewk1.hypotheses.org/28045;histoire_d, époque contemporaine_t, 1914-1918_t;Datasets/all_labels_train_gensim_sparse_matrix.npz
archivewk1.hypotheses.org/15089;histoire_d, époque contemporaine_t, 1914-1918_t;Datasets/all_labels_train_gensim_sparse_matrix.npz
archivalia.hypotheses.org/2283;histoire et archéologie_d, sciences sociales interdisciplinaires_d, histoire_t, approches de corpus_t, enquêtes_t, archives_t;Datasets/all_labels_train_gensim_sparse_matrix.npz
tagebuch.hypotheses.org/389;histoire et archéologie_d, histoire_d, histoire_t, époque contemporaine_t, 1914-1918_t;Datasets/all_labels_train_gensim_sparse_matrix.npz
archivamt.hypotheses.org/2805;communication_d, pluridisciplinarité_d, sciences sociales interdisciplinaires_d, information_t, sciences de l'information_t, représentations_t, patrimoine_t;Datasets/all_labels_train_gensim_sparse_matrix.npz
archivalia.hypotheses.org/10060;histoire et archéologie_d, sciences sociales interdisciplinaires_d, histoire_t, approches de corpus_t, enquêtes_t, archives_t;Datasets/all_labels_train_gensim_sparse_matrix.npz
dgl.hypotheses.org/674;éducation spécialisée_d, histoire_d, histoire_t, histoire et sociologie des médias_t, éducation_t;Datasets/all_labels_train_gensim_sparse_matrix.npz
archivewk1.hypotheses.org/26309;histoire_d, époque contemporaine_t, 1914-1918_t;Datasets/all_labels_train_gensim_sparse_matrix.npz
wenhua.hypotheses.org/439;études asiatiques_d, humanités pluridisciplinaires_d, histoire_d, histoire culturelle_t, asie_t;Datasets/all_labels_train_gensim_sparse_matrix.npz
archivewk1.hypotheses.org/13316;histoire_d, époque contemporaine_t, 1914-1918_t;Datasets/all_labels_train_gensim_sparse_matrix.npz
archivalia.hypotheses.org/8212;histoire et archéologie_d, sciences sociales interdisciplinaires_d, histoire_t, approches de corpus_t, enquêtes_t, archives_t;Datasets/all_labels_train_gensim_sparse_matrix.npz
archivalia.hypotheses.org/12613;histoire et archéologie_d, sciences sociales interdisciplinaires_d, histoire_t, approches de corpus_t, enquêtes_t, archives_t;Datasets/all_labels_train_gensim_sparse_matrix.npz
archivalia.hypotheses.org/12229;histoire et archéologie_d, sciences sociales interdisciplinaires_d, histoire_t, approches de corpus_t, enquêtes_t, archives_t;Datasets/all_labels_train_gensim_sparse_matrix.npz
archivalia.hypotheses.org/2624;histoire et archéologie_d, sciences sociales interdisciplinaires_d, histoire_t, approches de corpus_t, enquêtes_t, archives_t;Datasets/all_labels_train_gensim_sparse_matrix.npz
histbav.hypotheses.org/3105;humanités pluridisciplinaires_d, histoire_d, pluridisciplinarité_d, histoire_t, monde germanique_t;Datasets/all_labels_train_gensim_sparse_matrix.npz
archivalia.hypotheses.org/6134;histoire et archéologie_d, sciences sociales interdisciplinaires_d, histoire_t, approches de corpus_t, enquêtes_t, archives_t;Datasets/all_labels_train_gensim_sparse_matrix.npz
archivalia.hypotheses.org/13847;histoire et archéologie_d, sciences sociales interdisciplinaires_d, histoire_t, approches de corpus_t, enquêtes_t, archives_t;Datasets/all_labels_train_gensim_sparse_matrix.npz
archivalia.hypotheses.org/10739;histoire et archéologie_d, sciences sociales interdisciplinaires_d, histoire_t, approches de corpus_t, enquêtes_t, archives_t;Datasets/all_labels_train_gensim_sparse_matrix.npz
archivewk1.hypotheses.org/14340;histoire_d, époque contemporaine_t, 1914-1918_t;Datasets/all_labels_train_gensim_sparse_matrix.npz
kristinoswald.hypotheses.org/1389;études anciennes_d, études des sciences_t, histoire_t, histoire et sociologie des médias_t, histoire culturelle_t, digital humanities_t;Datasets/all_labels_train_gensim_sparse_matrix.npz
archivalia.hypotheses.org/2851;histoire et archéologie_d, sciences sociales interdisciplinaires_d, histoire_t, approches de corpus_t, enquêtes_t, archives_t;Datasets/all_labels_train_gensim_sparse_matrix.npz
archivewk1.hypotheses.org/20881;histoire_d, époque contemporaine_t, 1914-1918_t;Datasets/all_labels_train_gensim_sparse_matrix.npz
trafo.hypotheses.org/2769;pluridisciplinarité_d, sciences sociales interdisciplinaires_d, études régionales_d, sociologie_t, sociologie des religions_t, information_t, histoire culturelle_t;Datasets/all_labels_train_gensim_sparse_matrix.npz
vgdrp.hypotheses.org/142;éducation_d, histoire des sciences sociales_d, histoire_t, histoire économique_t, histoire industrielle_t, histoire urbaine_t, histoire sociale_t;Datasets/all_labels_train_gensim_sparse_matrix.npz
zakunibonn.hypotheses.org/1535;histoire_d, psychologie_d, histoire_t, psychisme_t, psychologie_t, méthodes de traitement et de représentation_t, monde germanique_t;Datasets/all_labels_train_gensim_sparse_matrix.npz
medienbildung.hypotheses.org/1384;éducation_d, éducation spécialisée_d, travail social_d, sociologie_t, édition électronique_t, histoire et sociologie des médias_t, éducation_t;Datasets/all_labels_train_gensim_sparse_matrix.npz
archivalia.hypotheses.org/3506;histoire et archéologie_d, sciences sociales interdisciplinaires_d, histoire_t, approches de corpus_t, enquêtes_t, archives_t;Datasets/all_labels_train_gensim_sparse_matrix.npz
soziologieblog.hypotheses.org/5287;sciences sociales interdisciplinaires_d, sociologie et anthropologie_d, sociologie du travail_t, sociologie urbaine_t, sociologie de la culture_t, sociologie économique_t;Datasets/all_labels_train_gensim_sparse_matrix.npz
archivewk1.hypotheses.org/4521;histoire_d, époque contemporaine_t, 1914-1918_t;Datasets/all_labels_train_gensim_sparse_matrix.npz
archivalia.hypotheses.org/8908;histoire et archéologie_d, sciences sociales interdisciplinaires_d, histoire_t, approches de corpus_t, enquêtes_t, archives_t;Datasets/all_labels_train_gensim_sparse_matrix.npz
dhdhi.hypotheses.org/2286;histoire et archéologie_d, histoire_t, épistémologie et méthodes_t, digital humanities_t;Datasets/all_labels_train_gensim_sparse_matrix.npz
minuseinsebene.hypotheses.org/974;archéologie_d, histoire urbaine_t, histoire des religions_t, moyen âge_t, haut moyen âge_t, monde germanique_t;Datasets/all_labels_train_gensim_sparse_matrix.npz
archivalia.hypotheses.org/53370;histoire et archéologie_d, sciences sociales interdisciplinaires_d, histoire_t, approches de corpus_t, enquêtes_t, archives_t;Datasets/all_labels_train_gensim_sparse_matrix.npz
archivalia.hypotheses.org/12417;histoire et archéologie_d, sciences sociales interdisciplinaires_d, histoire_t, approches de corpus_t, enquêtes_t, archives_t;Datasets/all_labels_train_gensim_sparse_matrix.npz
archivalia.hypotheses.org/62960;histoire et archéologie_d, sciences sociales interdisciplinaires_d, histoire_t, approches de corpus_t, enquêtes_t, archives_t;Datasets/all_labels_train_gensim_sparse_matrix.npz
wenhua.hypotheses.org/952;études asiatiques_d, humanités pluridisciplinaires_d, histoire_d, histoire culturelle_t, asie_t;Datasets/all_labels_train_gensim_sparse_matrix.npz
gid.hypotheses.org/1387;pluridisciplinarité_d, sciences sociales interdisciplinaires_d, études des sciences_t, histoire des sciences_t, pensée_t, histoire intellectuelle_t, histoire culturelle_t, prospectives_t;Datasets/all_labels_train_gensim_sparse_matrix.npz
tagebuch.hypotheses.org/903;histoire et archéologie_d, histoire_d, histoire_t, époque contemporaine_t, 1914-1918_t;Datasets/all_labels_train_gensim_sparse_matrix.npz
archivalia.hypotheses.org/56027;histoire et archéologie_d, sciences sociales interdisciplinaires_d, histoire_t, approches de corpus_t, enquêtes_t, archives_t;Datasets/all_labels_train_gensim_sparse_matrix.npz
archivewk1.hypotheses.org/15575;histoire_d, époque contemporaine_t, 1914-1918_t;Datasets/all_labels_train_gensim_sparse_matrix.npz
vwm.hypotheses.org/323;histoire et archéologie_d, histoire_d, études sur la famille_d, histoire_t, histoire sociale_t, époque moderne_t, xviie siècle_t, xviiie siècle_t;Datasets/all_labels_train_gensim_sparse_matrix.npz
histbav.hypotheses.org/1238;humanités pluridisciplinaires_d, histoire_d, pluridisciplinarité_d, histoire_t, monde germanique_t;Datasets/all_labels_train_gensim_sparse_matrix.npz
archivalia.hypotheses.org/2580;histoire et archéologie_d, sciences sociales interdisciplinaires_d, histoire_t, approches de corpus_t, enquêtes_t, archives_t;Datasets/all_labels_train_gensim_sparse_matrix.npz
speyermemo.hypotheses.org/2308;histoire_d, pluridisciplinarité_d, sciences sociales interdisciplinaires_d, sociologie de la culture_t, histoire_t, 1939-1945_t, europe_t;Datasets/all_labels_train_gensim_sparse_matrix.npz
archivalia.hypotheses.org/57656;histoire et archéologie_d, sciences sociales interdisciplinaires_d, histoire_t, approches de corpus_t, enquêtes_t, archives_t;Datasets/all_labels_train_gensim_sparse_matrix.npz
edit.hypotheses.org/252;sciences de l'information et bibliothéconomie_d, édition électronique_t, vie de la recherche_t, méthodes de traitement et de représentation_t, digital humanities_t;Datasets/all_labels_train_gensim_sparse_matrix.npz
ordensgeschichte.hypotheses.org/5710;arts et humanités_d, humanités pluridisciplinaires_d, histoire et archéologie_d, histoire et philosophie des sciences_d, histoire_t, haut moyen âge_t, bas moyen âge_t, xviie siècle_t, xviiie siècle_t;Datasets/all_labels_train_gensim_sparse_matrix.npz
francofil.hypotheses.org/4732;pluridisciplinarité_d, sciences sociales interdisciplinaires_d, histoire_t, épistémologie et méthodes_t, approches de corpus_t, enquêtes_t, archives_t, france_t;Datasets/all_labels_train_gensim_sparse_matrix.npz
archivamt.hypotheses.org/1141;communication_d, pluridisciplinarité_d, sciences sociales interdisciplinaires_d, information_t, sciences de l'information_t, représentations_t, patrimoine_t;Datasets/all_labels_train_gensim_sparse_matrix.npz
dkblog.hypotheses.org/782;histoire_d, histoire_t, époque moderne_t, xviie siècle_t;Datasets/all_labels_train_gensim_sparse_matrix.npz
archivewk1.hypotheses.org/17138;histoire_d, époque contemporaine_t, 1914-1918_t;Datasets/all_labels_train_gensim_sparse_matrix.npz
archivewk1.hypotheses.org/2074;histoire_d, époque contemporaine_t, 1914-1918_t;Datasets/all_labels_train_gensim_sparse_matrix.npz
archivalia.hypotheses.org/8186;histoire et archéologie_d, sciences sociales interdisciplinaires_d, histoire_t, approches de corpus_t, enquêtes_t, archives_t;Datasets/all_labels_train_gensim_sparse_matrix.npz
archivewk1.hypotheses.org/27488;histoire_d, époque contemporaine_t, 1914-1918_t;Datasets/all_labels_train_gensim_sparse_matrix.npz
1914lvr.hypotheses.org/849;sciences politiques_d, histoire_t, époque contemporaine_t, 1914-1918_t;Datasets/all_labels_train_gensim_sparse_matrix.npz
archivalia.hypotheses.org/8996;histoire et archéologie_d, sciences sociales interdisciplinaires_d, histoire_t, approches de corpus_t, enquêtes_t, archives_t;Datasets/all_labels_train_gensim_sparse_matrix.npz
amuc.hypotheses.org/1554;humanités pluridisciplinaires_d, histoire_d, histoire_t, représentations_t, patrimoine_t;Datasets/all_labels_train_gensim_sparse_matrix.npz
archivalia.hypotheses.org/649;histoire et archéologie_d, sciences sociales interdisciplinaires_d, histoire_t, approches de corpus_t, enquêtes_t, archives_t;Datasets/all_labels_train_gensim_sparse_matrix.npz
games.hypotheses.org/273;arts et humanités_d, humanités pluridisciplinaires_d, psychologie expérimentale_d, sciences cognitives_t, psychisme_t, psychologie_t, représentations_t, histoire de l'art_t, études visuelles_t;Datasets/all_labels_train_gensim_sparse_matrix.npz
lvrafz.hypotheses.org/2202;pluridisciplinarité_d, information_t;Datasets/all_labels_train_gensim_sparse_matrix.npz
intersex.hypotheses.org/640;histoire_d, biomédecine_d, étude des genres_t, histoire des sciences_t, histoire_t, histoire du droit_t, moyen âge_t, xxie siècle_t;Datasets/all_labels_train_gensim_sparse_matrix.npz
artincrisis.hypotheses.org/1212;arts et humanités_d, représentations_t, histoire de l'art_t, époque contemporaine_t, 1939-1945_t, monde germanique_t;Datasets/all_labels_train_gensim_sparse_matrix.npz
archivalia.hypotheses.org/2447;histoire et archéologie_d, sciences sociales interdisciplinaires_d, histoire_t, approches de corpus_t, enquêtes_t, archives_t;Datasets/all_labels_train_gensim_sparse_matrix.npz
archivewk1.hypotheses.org/6039;histoire_d, époque contemporaine_t, 1914-1918_t;Datasets/all_labels_train_gensim_sparse_matrix.npz
ordensgeschichte.hypotheses.org/8023;arts et humanités_d, humanités pluridisciplinaires_d, histoire et archéologie_d, histoire et philosophie des sciences_d, histoire_t, haut moyen âge_t, bas moyen âge_t, xviie siècle_t, xviiie siècle_t;Datasets/all_labels_train_gensim_sparse_matrix.npz
archivamt.hypotheses.org/584;communication_d, pluridisciplinarité_d, sciences sociales interdisciplinaires_d, information_t, sciences de l'information_t, représentations_t, patrimoine_t;Datasets/all_labels_train_gensim_sparse_matrix.npz
erinnerung.hypotheses.org/657;histoire et archéologie_d, histoire_t, xxe siècle_t, prospectives_t, europe_t;Datasets/all_labels_train_gensim_sparse_matrix.npz
gab.hypotheses.org/2745;histoire et archéologie_d, pluridisciplinarité_d, sciences sociales interdisciplinaires_d, études des sciences_t, sociologie des sciences_t, histoire_t;Datasets/all_labels_train_gensim_sparse_matrix.npz
dfmfa.hypotheses.org/1080;humanités pluridisciplinaires_d, sciences sociales interdisciplinaires_d, histoire_t, moyen âge_t, haut moyen âge_t, bas moyen âge_t;Datasets/all_labels_train_gensim_sparse_matrix.npz
archivewk1.hypotheses.org/335;histoire_d, époque contemporaine_t, 1914-1918_t;Datasets/all_labels_train_gensim_sparse_matrix.npz
archivalia.hypotheses.org/8268;histoire et archéologie_d, sciences sociales interdisciplinaires_d, histoire_t, approches de corpus_t, enquêtes_t, archives_t;Datasets/all_labels_train_gensim_sparse_matrix.npz
archivalia.hypotheses.org/56140;histoire et archéologie_d, sciences sociales interdisciplinaires_d, histoire_t, approches de corpus_t, enquêtes_t, archives_t;Datasets/all_labels_train_gensim_sparse_matrix.npz
wenhua.hypotheses.org/1451;études asiatiques_d, humanités pluridisciplinaires_d, histoire_d, histoire culturelle_t, asie_t;Datasets/all_labels_train_gensim_sparse_matrix.npz
smdr.hypotheses.org/27;histoire_d, histoire_t, xviie siècle_t, xviiie siècle_t, monde germanique_t, pays baltes et scandinaves_t;Datasets/all_labels_train_gensim_sparse_matrix.npz
archivewk1.hypotheses.org/30631;histoire_d, époque contemporaine_t, 1914-1918_t;Datasets/all_labels_train_gensim_sparse_matrix.npz
archivamt.hypotheses.org/3767;communication_d, pluridisciplinarité_d, sciences sociales interdisciplinaires_d, information_t, sciences de l'information_t, représentations_t, patrimoine_t;Datasets/all_labels_train_gensim_sparse_matrix.npz
beruf.hypotheses.org/253;histoire et archéologie_d, histoire_d, histoire_t;Datasets/all_labels_train_gensim_sparse_matrix.npz
archivalia.hypotheses.org/10679;histoire et archéologie_d, sciences sociales interdisciplinaires_d, histoire_t, approches de corpus_t, enquêtes_t, archives_t;Datasets/all_labels_train_gensim_sparse_matrix.npz
archivewk1.hypotheses.org/20024;histoire_d, époque contemporaine_t, 1914-1918_t;Datasets/all_labels_train_gensim_sparse_matrix.npz
archivalia.hypotheses.org/58497;histoire et archéologie_d, sciences sociales interdisciplinaires_d, histoire_t, approches de corpus_t, enquêtes_t, archives_t;Datasets/all_labels_train_gensim_sparse_matrix.npz
digigw.hypotheses.org/394;humanités pluridisciplinaires_d, histoire_t, édition électronique_t, sciences auxiliaires de l'histoire_t, digital humanities_t;Datasets/all_labels_train_gensim_sparse_matrix.npz
histbav.hypotheses.org/4215;humanités pluridisciplinaires_d, histoire_d, pluridisciplinarité_d, histoire_t, monde germanique_t;Datasets/all_labels_train_gensim_sparse_matrix.npz
archivewk1.hypotheses.org/30446;histoire_d, époque contemporaine_t, 1914-1918_t;Datasets/all_labels_train_gensim_sparse_matrix.npz
nordichistoryblog.hypotheses.org/1668;arts et humanités_d, histoire et archéologie_d, histoire_t, édition électronique_t, vie de la recherche_t, approches de corpus_t, enquêtes_t, archives_t, europe_t, pays baltes et scandinaves_t;Datasets/all_labels_train_gensim_sparse_matrix.npz
archivalia.hypotheses.org/4782;histoire et archéologie_d, sciences sociales interdisciplinaires_d, histoire_t, approches de corpus_t, enquêtes_t, archives_t;Datasets/all_labels_train_gensim_sparse_matrix.npz
archivewk1.hypotheses.org/21262;histoire_d, époque contemporaine_t, 1914-1918_t;Datasets/all_labels_train_gensim_sparse_matrix.npz
archivalia.hypotheses.org/10761;histoire et archéologie_d, sciences sociales interdisciplinaires_d, histoire_t, approches de corpus_t, enquêtes_t, archives_t;Datasets/all_labels_train_gensim_sparse_matrix.npz
archivamt.hypotheses.org/4222;communication_d, pluridisciplinarité_d, sciences sociales interdisciplinaires_d, information_t, sciences de l'information_t, représentations_t, patrimoine_t;Datasets/all_labels_train_gensim_sparse_matrix.npz
archivewk1.hypotheses.org/31198;histoire_d, époque contemporaine_t, 1914-1918_t;Datasets/all_labels_train_gensim_sparse_matrix.npz
archivewk1.hypotheses.org/13572;histoire_d, époque contemporaine_t, 1914-1918_t;Datasets/all_labels_train_gensim_sparse_matrix.npz
archivalia.hypotheses.org/6010;histoire et archéologie_d, sciences sociales interdisciplinaires_d, histoire_t, approches de corpus_t, enquêtes_t, archives_t;Datasets/all_labels_train_gensim_sparse_matrix.npz
archivewk1.hypotheses.org/3401;histoire_d, époque contemporaine_t, 1914-1918_t;Datasets/all_labels_train_gensim_sparse_matrix.npz
archivalia.hypotheses.org/9474;histoire et archéologie_d, sciences sociales interdisciplinaires_d, histoire_t, approches de corpus_t, enquêtes_t, archives_t;Datasets/all_labels_train_gensim_sparse_matrix.npz
rkb.hypotheses.org/1101;arts et humanités_d, communication_d, sciences de l'information et bibliothéconomie_d, sociologie des sciences_t, édition électronique_t, histoire et sociologie des médias_t;Datasets/all_labels_train_gensim_sparse_matrix.npz
bloghaus.hypotheses.org/1064;pluridisciplinarité_d, sciences sociales interdisciplinaires_d, information_t, digital humanities_t;Datasets/all_labels_train_gensim_sparse_matrix.npz
etatsocial.hypotheses.org/861;histoire_d, histoire des sciences sociales_d, sociologie_d, économie_d, sociologie du travail_t, âges de la vie_t, xxe siècle_t;Datasets/all_labels_train_gensim_sparse_matrix.npz
medienbildung.hypotheses.org/3849;éducation_d, éducation spécialisée_d, travail social_d, sociologie_t, édition électronique_t, histoire et sociologie des médias_t, éducation_t;Datasets/all_labels_train_gensim_sparse_matrix.npz
nordichistoryblog.hypotheses.org/79;arts et humanités_d, histoire et archéologie_d, histoire_t, édition électronique_t, vie de la recherche_t, approches de corpus_t, enquêtes_t, archives_t, europe_t, pays baltes et scandinaves_t;Datasets/all_labels_train_gensim_sparse_matrix.npz
winzen.hypotheses.org/556;histoire_d, histoire_t, études visuelles_t, 1918-1939_t, 1939-1945_t, monde germanique_t;Datasets/all_labels_train_gensim_sparse_matrix.npz
gewalt.hypotheses.org/659;sciences politiques_d, sociologie_d, sociologie_t, sociologie urbaine_t, anthropologie politique_t, histoire urbaine_t, guerres_t, conflits_t, violence_t;Datasets/all_labels_train_gensim_sparse_matrix.npz
irhis.hypotheses.org/3866;arts et humanités_d, histoire et archéologie_d, histoire économique_t, histoire sociale_t, études visuelles_t;Datasets/all_labels_train_gensim_sparse_matrix.npz
archivalia.hypotheses.org/12910;histoire et archéologie_d, sciences sociales interdisciplinaires_d, histoire_t, approches de corpus_t, enquêtes_t, archives_t;Datasets/all_labels_train_gensim_sparse_matrix.npz
histbav.hypotheses.org/1595;humanités pluridisciplinaires_d, histoire_d, pluridisciplinarité_d, histoire_t, monde germanique_t;Datasets/all_labels_train_gensim_sparse_matrix.npz
archivewk1.hypotheses.org/1230;histoire_d, époque contemporaine_t, 1914-1918_t;Datasets/all_labels_train_gensim_sparse_matrix.npz
archivewk1.hypotheses.org/13618;histoire_d, époque contemporaine_t, 1914-1918_t;Datasets/all_labels_train_gensim_sparse_matrix.npz
histbav.hypotheses.org/2684;humanités pluridisciplinaires_d, histoire_d, pluridisciplinarité_d, histoire_t, monde germanique_t;Datasets/all_labels_train_gensim_sparse_matrix.npz
schotten.hypotheses.org/1098;religions_d, histoire et archéologie_d, sciences de l'information et de la communication_d, bibliothéconomie_d, histoire_t, histoire des religions_t, approches de corpus_t, enquêtes_t, archives_t, monde germanique_t;Datasets/all_labels_train_gensim_sparse_matrix.npz
ordensgeschichte.hypotheses.org/3111;arts et humanités_d, humanités pluridisciplinaires_d, histoire et archéologie_d, histoire et philosophie des sciences_d, histoire_t, haut moyen âge_t, bas moyen âge_t, xviie siècle_t, xviiie siècle_t;Datasets/all_labels_train_gensim_sparse_matrix.npz
archivalia.hypotheses.org/9102;histoire et archéologie_d, sciences sociales interdisciplinaires_d, histoire_t, approches de corpus_t, enquêtes_t, archives_t;Datasets/all_labels_train_gensim_sparse_matrix.npz
archivewk1.hypotheses.org/19599;histoire_d, époque contemporaine_t, 1914-1918_t;Datasets/all_labels_train_gensim_sparse_matrix.npz
archivalia.hypotheses.org/55908;histoire et archéologie_d, sciences sociales interdisciplinaires_d, histoire_t, approches de corpus_t, enquêtes_t, archives_t;Datasets/all_labels_train_gensim_sparse_matrix.npz
archivalia.hypotheses.org/6265;histoire et archéologie_d, sciences sociales interdisciplinaires_d, histoire_t, approches de corpus_t, enquêtes_t, archives_t;Datasets/all_labels_train_gensim_sparse_matrix.npz
archivamt.hypotheses.org/3179;communication_d, pluridisciplinarité_d, sciences sociales interdisciplinaires_d, information_t, sciences de l'information_t, représentations_t, patrimoine_t;Datasets/all_labels_train_gensim_sparse_matrix.npz
archivalia.hypotheses.org/58430;histoire et archéologie_d, sciences sociales interdisciplinaires_d, histoire_t, approches de corpus_t, enquêtes_t, archives_t;Datasets/all_labels_train_gensim_sparse_matrix.npz
historischdenken.hypotheses.org/3308;histoire et archéologie_d, histoire_t;Datasets/all_labels_train_gensim_sparse_matrix.npz
archivalia.hypotheses.org/13546;histoire et archéologie_d, sciences sociales interdisciplinaires_d, histoire_t, approches de corpus_t, enquêtes_t, archives_t;Datasets/all_labels_train_gensim_sparse_matrix.npz
leibnizarc.hypotheses.org/50;éducation_d, histoire et archéologie_d, sciences de l'information et bibliothéconomie_d, études des sciences_t, histoire industrielle_t, histoire de l'art_t;Datasets/all_labels_train_gensim_sparse_matrix.npz
francofil.hypotheses.org/2760;pluridisciplinarité_d, sciences sociales interdisciplinaires_d, histoire_t, épistémologie et méthodes_t, approches de corpus_t, enquêtes_t, archives_t, france_t;Datasets/all_labels_train_gensim_sparse_matrix.npz
tagebuch.hypotheses.org/690;histoire et archéologie_d, histoire_d, histoire_t, époque contemporaine_t, 1914-1918_t;Datasets/all_labels_train_gensim_sparse_matrix.npz
archivekod.hypotheses.org/563;religions_d, histoire et archéologie_d, sciences de l'information et de la communication_d, bibliothéconomie_d, communication_d, histoire_t, histoire des religions_t, patrimoine_t;Datasets/all_labels_train_gensim_sparse_matrix.npz
archivalia.hypotheses.org/1603;histoire et archéologie_d, sciences sociales interdisciplinaires_d, histoire_t, approches de corpus_t, enquêtes_t, archives_t;Datasets/all_labels_train_gensim_sparse_matrix.npz
archivewk1.hypotheses.org/36957;histoire_d, époque contemporaine_t, 1914-1918_t;Datasets/all_labels_train_gensim_sparse_matrix.npz
archivalia.hypotheses.org/364;histoire et archéologie_d, sciences sociales interdisciplinaires_d, histoire_t, approches de corpus_t, enquêtes_t, archives_t;Datasets/all_labels_train_gensim_sparse_matrix.npz
nordichistoryblog.hypotheses.org/1408;arts et humanités_d, histoire et archéologie_d, histoire_t, édition électronique_t, vie de la recherche_t, approches de corpus_t, enquêtes_t, archives_t, europe_t, pays baltes et scandinaves_t;Datasets/all_labels_train_gensim_sparse_matrix.npz
1914lvr.hypotheses.org/299;sciences politiques_d, histoire_t, époque contemporaine_t, 1914-1918_t;Datasets/all_labels_train_gensim_sparse_matrix.npz
archive20.hypotheses.org/2515;pluridisciplinarité_d, sciences sociales interdisciplinaires_d, histoire_t, information_t, patrimoine_t, monde germanique_t;Datasets/all_labels_train_gensim_sparse_matrix.npz
djgd.hypotheses.org/162;histoire_d, histoire_t, digital humanities_t, xxe siècle_t, prospectives_t;Datasets/all_labels_train_gensim_sparse_matrix.npz
archivewk1.hypotheses.org/21224;histoire_d, époque contemporaine_t, 1914-1918_t;Datasets/all_labels_train_gensim_sparse_matrix.npz
archivewk1.hypotheses.org/28001;histoire_d, époque contemporaine_t, 1914-1918_t;Datasets/all_labels_train_gensim_sparse_matrix.npz
archives.hypotheses.org/1131;histoire_d, communication_d, patrimoine_t, digital humanities_t, moyen âge_t, époque moderne_t, france_t, monde germanique_t;Datasets/all_labels_train_gensim_sparse_matrix.npz
inklusion.hypotheses.org/336;éducation_d, travail social et politique sociale_d, sociologie du travail_t, âges de la vie_t, information_t, sciences de l'éducation_t;Datasets/all_labels_train_gensim_sparse_matrix.npz
inklusion.hypotheses.org/710;éducation_d, travail social et politique sociale_d, sociologie du travail_t, âges de la vie_t, information_t, sciences de l'éducation_t;Datasets/all_labels_train_gensim_sparse_matrix.npz
revolt.hypotheses.org/1308;histoire_d, pluridisciplinarité_d, littérature_d, histoire et sociologie des médias_t, époque moderne_t, europe_t;Datasets/all_labels_train_gensim_sparse_matrix.npz
archivalia.hypotheses.org/62363;histoire et archéologie_d, sciences sociales interdisciplinaires_d, histoire_t, approches de corpus_t, enquêtes_t, archives_t;Datasets/all_labels_train_gensim_sparse_matrix.npz
archivalia.hypotheses.org/2703;histoire et archéologie_d, sciences sociales interdisciplinaires_d, histoire_t, approches de corpus_t, enquêtes_t, archives_t;Datasets/all_labels_train_gensim_sparse_matrix.npz
histbav.hypotheses.org/1641;humanités pluridisciplinaires_d, histoire_d, pluridisciplinarité_d, histoire_t, monde germanique_t;Datasets/all_labels_train_gensim_sparse_matrix.npz
ordensgeschichte.hypotheses.org/3412;arts et humanités_d, humanités pluridisciplinaires_d, histoire et archéologie_d, histoire et philosophie des sciences_d, histoire_t, haut moyen âge_t, bas moyen âge_t, xviie siècle_t, xviiie siècle_t;Datasets/all_labels_train_gensim_sparse_matrix.npz
kinder.hypotheses.org/736;éducation et sciences de l'éducation_d, études sur la famille_d, âges de la vie_t, sciences de l'éducation_t;Datasets/all_labels_train_gensim_sparse_matrix.npz
archivalia.hypotheses.org/7559;histoire et archéologie_d, sciences sociales interdisciplinaires_d, histoire_t, approches de corpus_t, enquêtes_t, archives_t;Datasets/all_labels_train_gensim_sparse_matrix.npz
uegg.hypotheses.org/102;histoire_d, histoire_t, histoire politique_t, époque contemporaine_t, xxe siècle_t, prospectives_t;Datasets/all_labels_train_gensim_sparse_matrix.npz
archivalia.hypotheses.org/7165;histoire et archéologie_d, sciences sociales interdisciplinaires_d, histoire_t, approches de corpus_t, enquêtes_t, archives_t;Datasets/all_labels_train_gensim_sparse_matrix.npz
gelerndig.hypotheses.org/358;éducation_d, éducation spécialisée_d, histoire_d, histoire_t, éducation_t, édition électronique_t, histoire et sociologie des médias_t;Datasets/all_labels_train_gensim_sparse_matrix.npz
jeunegen.hypotheses.org/1606;histoire_d, pluridisciplinarité_d, histoire_t, vie de la recherche_t, moyen âge_t, haut moyen âge_t, bas moyen âge_t;Datasets/all_labels_train_gensim_sparse_matrix.npz
archivewk1.hypotheses.org/6149;histoire_d, époque contemporaine_t, 1914-1918_t;Datasets/all_labels_train_gensim_sparse_matrix.npz
archivewk1.hypotheses.org/4034;histoire_d, époque contemporaine_t, 1914-1918_t;Datasets/all_labels_train_gensim_sparse_matrix.npz
archivewk1.hypotheses.org/20642;histoire_d, époque contemporaine_t, 1914-1918_t;Datasets/all_labels_train_gensim_sparse_matrix.npz
archivalia.hypotheses.org/9534;histoire et archéologie_d, sciences sociales interdisciplinaires_d, histoire_t, approches de corpus_t, enquêtes_t, archives_t;Datasets/all_labels_train_gensim_sparse_matrix.npz
archivalia.hypotheses.org/3261;histoire et archéologie_d, sciences sociales interdisciplinaires_d, histoire_t, approches de corpus_t, enquêtes_t, archives_t;Datasets/all_labels_train_gensim_sparse_matrix.npz
archivewk1.hypotheses.org/27850;histoire_d, époque contemporaine_t, 1914-1918_t;Datasets/all_labels_train_gensim_sparse_matrix.npz
resilienz.hypotheses.org/1035;pluridisciplinarité_d, sciences sociales interdisciplinaires_d, études des sciences_t, épistémologie et méthodes_t, vie de la recherche_t, prospectives_t;Datasets/all_labels_train_gensim_sparse_matrix.npz
archivewk1.hypotheses.org/17013;histoire_d, époque contemporaine_t, 1914-1918_t;Datasets/all_labels_train_gensim_sparse_matrix.npz
unibloggt.hypotheses.org/1236;histoire et archéologie_d, pluridisciplinarité_d, histoire_t, information_t;Datasets/all_labels_train_gensim_sparse_matrix.npz
amuc.hypotheses.org/955;humanités pluridisciplinaires_d, histoire_d, histoire_t, représentations_t, patrimoine_t;Datasets/all_labels_train_gensim_sparse_matrix.npz
unibloggt.hypotheses.org/256;histoire et archéologie_d, pluridisciplinarité_d, histoire_t, information_t;Datasets/all_labels_train_gensim_sparse_matrix.npz
greflinger.hypotheses.org/56;littérature_d, littératures_t, xviie siècle_t;Datasets/all_labels_train_gensim_sparse_matrix.npz
moraleconomy.hypotheses.org/482;histoire et archéologie_d, histoire_d, histoire économique_t, histoire sociale_t, prospectives_t, france_t;Datasets/all_labels_train_gensim_sparse_matrix.npz
liparchiv.hypotheses.org/950;histoire et archéologie_d, sciences politiques_d, administration publique et développement_d, histoire urbaine_t, patrimoine_t, sciences auxiliaires de l'histoire_t, approches de corpus_t, enquêtes_t, archives_t, europe_t;Datasets/all_labels_train_gensim_sparse_matrix.npz
metablock.hypotheses.org/714;sciences sociales interdisciplinaires_d, linguistique appliquée_d, langue et linguistique_d, sociologie des sciences_t, langage_t, linguistique_t, édition électronique_t, histoire et sociologie des médias_t;Datasets/all_labels_train_gensim_sparse_matrix.npz
wilma.hypotheses.org/103;éducation_d, travail social et politique sociale_d, sciences de l'éducation_t;Datasets/all_labels_train_gensim_sparse_matrix.npz
histbav.hypotheses.org/3112;humanités pluridisciplinaires_d, histoire_d, pluridisciplinarité_d, histoire_t, monde germanique_t;Datasets/all_labels_train_gensim_sparse_matrix.npz
vivien.hypotheses.org/150;arts et humanités_d, représentations_t, histoire de l'art_t, xviiie siècle_t, france_t;Datasets/all_labels_train_gensim_sparse_matrix.npz
archivalia.hypotheses.org/11512;histoire et archéologie_d, sciences sociales interdisciplinaires_d, histoire_t, approches de corpus_t, enquêtes_t, archives_t;Datasets/all_labels_train_gensim_sparse_matrix.npz
histbav.hypotheses.org/947;humanités pluridisciplinaires_d, histoire_d, pluridisciplinarité_d, histoire_t, monde germanique_t;Datasets/all_labels_train_gensim_sparse_matrix.npz
frueheneuzeit.hypotheses.org/1994;histoire et archéologie_d, histoire_t, époque moderne_t, xviie siècle_t, xviiie siècle_t, révolution française_t;Datasets/all_labels_train_gensim_sparse_matrix.npz
archivalia.hypotheses.org/12440;histoire et archéologie_d, sciences sociales interdisciplinaires_d, histoire_t, approches de corpus_t, enquêtes_t, archives_t;Datasets/all_labels_train_gensim_sparse_matrix.npz
archivewk1.hypotheses.org/20982;histoire_d, époque contemporaine_t, 1914-1918_t;Datasets/all_labels_train_gensim_sparse_matrix.npz
archivalia.hypotheses.org/1943;histoire et archéologie_d, sciences sociales interdisciplinaires_d, histoire_t, approches de corpus_t, enquêtes_t, archives_t;Datasets/all_labels_train_gensim_sparse_matrix.npz
speyermemo.hypotheses.org/1754;histoire_d, pluridisciplinarité_d, sciences sociales interdisciplinaires_d, sociologie de la culture_t, histoire_t, 1939-1945_t, europe_t;Datasets/all_labels_train_gensim_sparse_matrix.npz
ordensgeschichte.hypotheses.org/9660;arts et humanités_d, humanités pluridisciplinaires_d, histoire et archéologie_d, histoire et philosophie des sciences_d, histoire_t, haut moyen âge_t, bas moyen âge_t, xviie siècle_t, xviiie siècle_t;Datasets/all_labels_train_gensim_sparse_matrix.npz
archivewk1.hypotheses.org/20467;histoire_d, époque contemporaine_t, 1914-1918_t;Datasets/all_labels_train_gensim_sparse_matrix.npz
philophiso.hypotheses.org/48;philosophie_d, éducation_d, éducation spécialisée_d, pensée_t, philosophie_t, représentations_t, patrimoine_t;Datasets/all_labels_train_gensim_sparse_matrix.npz
liparchiv.hypotheses.org/767;histoire et archéologie_d, sciences politiques_d, administration publique et développement_d, histoire urbaine_t, patrimoine_t, sciences auxiliaires de l'histoire_t, approches de corpus_t, enquêtes_t, archives_t, europe_t;Datasets/all_labels_train_gensim_sparse_matrix.npz
pophistory.hypotheses.org/269;humanités pluridisciplinaires_d, histoire et archéologie_d, sociologie de la culture_t, histoire sociale_t, histoire culturelle_t, époque contemporaine_t;Datasets/all_labels_train_gensim_sparse_matrix.npz
trafo.hypotheses.org/2582;pluridisciplinarité_d, sciences sociales interdisciplinaires_d, études régionales_d, sociologie_t, sociologie des religions_t, information_t, histoire culturelle_t;Datasets/all_labels_train_gensim_sparse_matrix.npz
archivewk1.hypotheses.org/24886;histoire_d, époque contemporaine_t, 1914-1918_t;Datasets/all_labels_train_gensim_sparse_matrix.npz
archivalia.hypotheses.org/13391;histoire et archéologie_d, sciences sociales interdisciplinaires_d, histoire_t, approches de corpus_t, enquêtes_t, archives_t;Datasets/all_labels_train_gensim_sparse_matrix.npz
redaktionsblog.hypotheses.org/2220;arts et humanités_d, humanités pluridisciplinaires_d, épistémologie et méthodes_t, digital humanities_t;Datasets/all_labels_train_gensim_sparse_matrix.npz
archivalia.hypotheses.org/9565;histoire et archéologie_d, sciences sociales interdisciplinaires_d, histoire_t, approches de corpus_t, enquêtes_t, archives_t;Datasets/all_labels_train_gensim_sparse_matrix.npz
speyermemo.hypotheses.org/2756;histoire_d, pluridisciplinarité_d, sciences sociales interdisciplinaires_d, sociologie de la culture_t, histoire_t, 1939-1945_t, europe_t;Datasets/all_labels_train_gensim_sparse_matrix.npz
games.hypotheses.org/55;arts et humanités_d, humanités pluridisciplinaires_d, psychologie expérimentale_d, sciences cognitives_t, psychisme_t, psychologie_t, représentations_t, histoire de l'art_t, études visuelles_t;Datasets/all_labels_train_gensim_sparse_matrix.npz
archivalia.hypotheses.org/6981;histoire et archéologie_d, sciences sociales interdisciplinaires_d, histoire_t, approches de corpus_t, enquêtes_t, archives_t;Datasets/all_labels_train_gensim_sparse_matrix.npz
archivewk1.hypotheses.org/20740;histoire_d, époque contemporaine_t, 1914-1918_t;Datasets/all_labels_train_gensim_sparse_matrix.npz
ordensgeschichte.hypotheses.org/5570;arts et humanités_d, humanités pluridisciplinaires_d, histoire et archéologie_d, histoire et philosophie des sciences_d, histoire_t, haut moyen âge_t, bas moyen âge_t, xviie siècle_t, xviiie siècle_t;Datasets/all_labels_train_gensim_sparse_matrix.npz
nordichistoryblog.hypotheses.org/1616;arts et humanités_d, histoire et archéologie_d, histoire_t, édition électronique_t, vie de la recherche_t, approches de corpus_t, enquêtes_t, archives_t, europe_t, pays baltes et scandinaves_t;Datasets/all_labels_train_gensim_sparse_matrix.npz
lvrafz.hypotheses.org/1120;pluridisciplinarité_d, information_t;Datasets/all_labels_train_gensim_sparse_matrix.npz
archivalia.hypotheses.org/2171;histoire et archéologie_d, sciences sociales interdisciplinaires_d, histoire_t, approches de corpus_t, enquêtes_t, archives_t;Datasets/all_labels_train_gensim_sparse_matrix.npz
beruf.hypotheses.org/327;histoire et archéologie_d, histoire_d, histoire_t;Datasets/all_labels_train_gensim_sparse_matrix.npz
medienbildung.hypotheses.org/7529;éducation_d, éducation spécialisée_d, travail social_d, sociologie_t, édition électronique_t, histoire et sociologie des médias_t, éducation_t;Datasets/all_labels_train_gensim_sparse_matrix.npz
archivewk1.hypotheses.org/22969;histoire_d, époque contemporaine_t, 1914-1918_t;Datasets/all_labels_train_gensim_sparse_matrix.npz
archivalia.hypotheses.org/8039;histoire et archéologie_d, sciences sociales interdisciplinaires_d, histoire_t, approches de corpus_t, enquêtes_t, archives_t;Datasets/all_labels_train_gensim_sparse_matrix.npz
digigw.hypotheses.org/1357;humanités pluridisciplinaires_d, histoire_t, édition électronique_t, sciences auxiliaires de l'histoire_t, digital humanities_t;Datasets/all_labels_train_gensim_sparse_matrix.npz
dfmfa.hypotheses.org/1939;humanités pluridisciplinaires_d, sciences sociales interdisciplinaires_d, histoire_t, moyen âge_t, haut moyen âge_t, bas moyen âge_t;Datasets/all_labels_train_gensim_sparse_matrix.npz
archivewk1.hypotheses.org/5574;histoire_d, époque contemporaine_t, 1914-1918_t;Datasets/all_labels_train_gensim_sparse_matrix.npz
catholiccultures.hypotheses.org/2160;histoire et archéologie_d, histoire des sciences sociales_d, sciences sociales interdisciplinaires_d, sociologie et anthropologie_d, histoire_t, histoire sociale_t, histoire des religions_t, époque moderne_t;Datasets/all_labels_train_gensim_sparse_matrix.npz
amuc.hypotheses.org/1913;humanités pluridisciplinaires_d, histoire_d, histoire_t, représentations_t, patrimoine_t;Datasets/all_labels_train_gensim_sparse_matrix.npz
gab.hypotheses.org/638;histoire et archéologie_d, pluridisciplinarité_d, sciences sociales interdisciplinaires_d, études des sciences_t, sociologie des sciences_t, histoire_t;Datasets/all_labels_train_gensim_sparse_matrix.npz
archivalia.hypotheses.org/4284;histoire et archéologie_d, sciences sociales interdisciplinaires_d, histoire_t, approches de corpus_t, enquêtes_t, archives_t;Datasets/all_labels_train_gensim_sparse_matrix.npz
archivewk1.hypotheses.org/6802;histoire_d, époque contemporaine_t, 1914-1918_t;Datasets/all_labels_train_gensim_sparse_matrix.npz
kulturgut.hypotheses.org/422;humanités pluridisciplinaires_d, études des sciences_t, histoire_t, approches de corpus_t, enquêtes_t, archives_t;Datasets/all_labels_train_gensim_sparse_matrix.npz
archivewk1.hypotheses.org/31055;histoire_d, époque contemporaine_t, 1914-1918_t;Datasets/all_labels_train_gensim_sparse_matrix.npz
dkblog.hypotheses.org/445;histoire_d, histoire_t, époque moderne_t, xviie siècle_t;Datasets/all_labels_train_gensim_sparse_matrix.npz
archivalia.hypotheses.org/58854;histoire et archéologie_d, sciences sociales interdisciplinaires_d, histoire_t, approches de corpus_t, enquêtes_t, archives_t;Datasets/all_labels_train_gensim_sparse_matrix.npz
grk1919.hypotheses.org/148;histoire et archéologie_d, histoire et philosophie des sciences_d, histoire_t;Datasets/all_labels_train_gensim_sparse_matrix.npz
archivamt.hypotheses.org/3950;communication_d, pluridisciplinarité_d, sciences sociales interdisciplinaires_d, information_t, sciences de l'information_t, représentations_t, patrimoine_t;Datasets/all_labels_train_gensim_sparse_matrix.npz
musermeku.hypotheses.org/861;humanités pluridisciplinaires_d, pluridisciplinarité_d, sciences sociales interdisciplinaires_d, sociologie_t, sociologie de la culture_t, histoire_t, histoire politique_t;Datasets/all_labels_train_gensim_sparse_matrix.npz
mindthegaps.hypotheses.org/1288;études asiatiques_d, histoire_d, histoire_t, histoire culturelle_t, asie_t, chine_t;Datasets/all_labels_train_gensim_sparse_matrix.npz
unibloggt.hypotheses.org/308;histoire et archéologie_d, pluridisciplinarité_d, histoire_t, information_t;Datasets/all_labels_train_gensim_sparse_matrix.npz
archivewk1.hypotheses.org/4400;histoire_d, époque contemporaine_t, 1914-1918_t;Datasets/all_labels_train_gensim_sparse_matrix.npz
archivalia.hypotheses.org/8347;histoire et archéologie_d, sciences sociales interdisciplinaires_d, histoire_t, approches de corpus_t, enquêtes_t, archives_t;Datasets/all_labels_train_gensim_sparse_matrix.npz
historischdenken.hypotheses.org/202;histoire et archéologie_d, histoire_t;Datasets/all_labels_train_gensim_sparse_matrix.npz
digigw.hypotheses.org/955;humanités pluridisciplinaires_d, histoire_t, édition électronique_t, sciences auxiliaires de l'histoire_t, digital humanities_t;Datasets/all_labels_train_gensim_sparse_matrix.npz
zakunibonn.hypotheses.org/1596;histoire_d, psychologie_d, histoire_t, psychisme_t, psychologie_t, méthodes de traitement et de représentation_t, monde germanique_t;Datasets/all_labels_train_gensim_sparse_matrix.npz
archivalia.hypotheses.org/7643;histoire et archéologie_d, sciences sociales interdisciplinaires_d, histoire_t, approches de corpus_t, enquêtes_t, archives_t;Datasets/all_labels_train_gensim_sparse_matrix.npz
archivewk1.hypotheses.org/31149;histoire_d, époque contemporaine_t, 1914-1918_t;Datasets/all_labels_train_gensim_sparse_matrix.npz
unibloggt.hypotheses.org/593;histoire et archéologie_d, pluridisciplinarité_d, histoire_t, information_t;Datasets/all_labels_train_gensim_sparse_matrix.npz
histbav.hypotheses.org/4288;humanités pluridisciplinaires_d, histoire_d, pluridisciplinarité_d, histoire_t, monde germanique_t;Datasets/all_labels_train_gensim_sparse_matrix.npz
amuc.hypotheses.org/1298;humanités pluridisciplinaires_d, histoire_d, histoire_t, représentations_t, patrimoine_t;Datasets/all_labels_train_gensim_sparse_matrix.npz
dokunstlmu.hypotheses.org/1447;arts et humanités_d, histoire intellectuelle_t;Datasets/all_labels_train_gensim_sparse_matrix.npz
archivalia.hypotheses.org/10059;histoire et archéologie_d, sciences sociales interdisciplinaires_d, histoire_t, approches de corpus_t, enquêtes_t, archives_t;Datasets/all_labels_train_gensim_sparse_matrix.npz
lvrafz.hypotheses.org/1425;pluridisciplinarité_d, information_t;Datasets/all_labels_train_gensim_sparse_matrix.npz
histbav.hypotheses.org/2592;humanités pluridisciplinaires_d, histoire_d, pluridisciplinarité_d, histoire_t, monde germanique_t;Datasets/all_labels_train_gensim_sparse_matrix.npz
archivalia.hypotheses.org/11079;histoire et archéologie_d, sciences sociales interdisciplinaires_d, histoire_t, approches de corpus_t, enquêtes_t, archives_t;Datasets/all_labels_train_gensim_sparse_matrix.npz
archive20.hypotheses.org/3780;pluridisciplinarité_d, sciences sociales interdisciplinaires_d, histoire_t, information_t, patrimoine_t, monde germanique_t;Datasets/all_labels_train_gensim_sparse_matrix.npz
lvrafz.hypotheses.org/2052;pluridisciplinarité_d, information_t;Datasets/all_labels_train_gensim_sparse_matrix.npz
archivalia.hypotheses.org/6283;histoire et archéologie_d, sciences sociales interdisciplinaires_d, histoire_t, approches de corpus_t, enquêtes_t, archives_t;Datasets/all_labels_train_gensim_sparse_matrix.npz
wwc.hypotheses.org/2310;humanités pluridisciplinaires_d, pluridisciplinarité_d, études régionales_d, relations internationales_t, information_t, représentations_t;Datasets/all_labels_train_gensim_sparse_matrix.npz
wenhua.hypotheses.org/882;études asiatiques_d, humanités pluridisciplinaires_d, histoire_d, histoire culturelle_t, asie_t;Datasets/all_labels_train_gensim_sparse_matrix.npz
uegg.hypotheses.org/114;histoire_d, histoire_t, histoire politique_t, époque contemporaine_t, xxe siècle_t, prospectives_t;Datasets/all_labels_train_gensim_sparse_matrix.npz
archivalia.hypotheses.org/10121;histoire et archéologie_d, sciences sociales interdisciplinaires_d, histoire_t, approches de corpus_t, enquêtes_t, archives_t;Datasets/all_labels_train_gensim_sparse_matrix.npz
archivewk1.hypotheses.org/22176;histoire_d, époque contemporaine_t, 1914-1918_t;Datasets/all_labels_train_gensim_sparse_matrix.npz
archivalia.hypotheses.org/6652;histoire et archéologie_d, sciences sociales interdisciplinaires_d, histoire_t, approches de corpus_t, enquêtes_t, archives_t;Datasets/all_labels_train_gensim_sparse_matrix.npz
archivalia.hypotheses.org/9515;histoire et archéologie_d, sciences sociales interdisciplinaires_d, histoire_t, approches de corpus_t, enquêtes_t, archives_t;Datasets/all_labels_train_gensim_sparse_matrix.npz
metablock.hypotheses.org/557;sciences sociales interdisciplinaires_d, linguistique appliquée_d, langue et linguistique_d, sociologie des sciences_t, langage_t, linguistique_t, édition électronique_t, histoire et sociologie des médias_t;Datasets/all_labels_train_gensim_sparse_matrix.npz
archivewk1.hypotheses.org/6899;histoire_d, époque contemporaine_t, 1914-1918_t;Datasets/all_labels_train_gensim_sparse_matrix.npz
tagebuch.hypotheses.org/955;histoire et archéologie_d, histoire_d, histoire_t, époque contemporaine_t, 1914-1918_t;Datasets/all_labels_train_gensim_sparse_matrix.npz
archivalia.hypotheses.org/9507;histoire et archéologie_d, sciences sociales interdisciplinaires_d, histoire_t, approches de corpus_t, enquêtes_t, archives_t;Datasets/all_labels_train_gensim_sparse_matrix.npz
archivalia.hypotheses.org/8989;histoire et archéologie_d, sciences sociales interdisciplinaires_d, histoire_t, approches de corpus_t, enquêtes_t, archives_t;Datasets/all_labels_train_gensim_sparse_matrix.npz
archivalia.hypotheses.org/10675;histoire et archéologie_d, sciences sociales interdisciplinaires_d, histoire_t, approches de corpus_t, enquêtes_t, archives_t;Datasets/all_labels_train_gensim_sparse_matrix.npz
archivalia.hypotheses.org/5476;histoire et archéologie_d, sciences sociales interdisciplinaires_d, histoire_t, approches de corpus_t, enquêtes_t, archives_t;Datasets/all_labels_train_gensim_sparse_matrix.npz
gab.hypotheses.org/2171;histoire et archéologie_d, pluridisciplinarité_d, sciences sociales interdisciplinaires_d, études des sciences_t, sociologie des sciences_t, histoire_t;Datasets/all_labels_train_gensim_sparse_matrix.npz
intersex.hypotheses.org/524;histoire_d, biomédecine_d, étude des genres_t, histoire des sciences_t, histoire_t, histoire du droit_t, moyen âge_t, xxie siècle_t;Datasets/all_labels_train_gensim_sparse_matrix.npz
mittelalter.hypotheses.org/4497;humanités pluridisciplinaires_d, religions_d, histoire_d, sociologie_d, histoire_t, histoire sociale_t, histoire intellectuelle_t, moyen âge_t, haut moyen âge_t, bas moyen âge_t;Datasets/all_labels_train_gensim_sparse_matrix.npz
archivalia.hypotheses.org/5390;histoire et archéologie_d, sciences sociales interdisciplinaires_d, histoire_t, approches de corpus_t, enquêtes_t, archives_t;Datasets/all_labels_train_gensim_sparse_matrix.npz
archivlinz.hypotheses.org/635;histoire et archéologie_d, histoire_d, histoire urbaine_t, 1914-1918_t, monde germanique_t;Datasets/all_labels_train_gensim_sparse_matrix.npz
archivalia.hypotheses.org/56081;histoire et archéologie_d, sciences sociales interdisciplinaires_d, histoire_t, approches de corpus_t, enquêtes_t, archives_t;Datasets/all_labels_train_gensim_sparse_matrix.npz
amuc.hypotheses.org/462;humanités pluridisciplinaires_d, histoire_d, histoire_t, représentations_t, patrimoine_t;Datasets/all_labels_train_gensim_sparse_matrix.npz
liparchiv.hypotheses.org/216;histoire et archéologie_d, sciences politiques_d, administration publique et développement_d, histoire urbaine_t, patrimoine_t, sciences auxiliaires de l'histoire_t, approches de corpus_t, enquêtes_t, archives_t, europe_t;Datasets/all_labels_train_gensim_sparse_matrix.npz
archivalia.hypotheses.org/60217;histoire et archéologie_d, sciences sociales interdisciplinaires_d, histoire_t, approches de corpus_t, enquêtes_t, archives_t;Datasets/all_labels_train_gensim_sparse_matrix.npz
archivalia.hypotheses.org/13497;histoire et archéologie_d, sciences sociales interdisciplinaires_d, histoire_t, approches de corpus_t, enquêtes_t, archives_t;Datasets/all_labels_train_gensim_sparse_matrix.npz
medialogic.hypotheses.org/500;arts et humanités_d, sciences de l'information et de la communication_d, bibliothéconomie_d, sociologie_t;Datasets/all_labels_train_gensim_sparse_matrix.npz
archivalia.hypotheses.org/9348;histoire et archéologie_d, sciences sociales interdisciplinaires_d, histoire_t, approches de corpus_t, enquêtes_t, archives_t;Datasets/all_labels_train_gensim_sparse_matrix.npz
archivalia.hypotheses.org/11003;histoire et archéologie_d, sciences sociales interdisciplinaires_d, histoire_t, approches de corpus_t, enquêtes_t, archives_t;Datasets/all_labels_train_gensim_sparse_matrix.npz
musermeku.hypotheses.org/5675;humanités pluridisciplinaires_d, pluridisciplinarité_d, sciences sociales interdisciplinaires_d, sociologie_t, sociologie de la culture_t, histoire_t, histoire politique_t;Datasets/all_labels_train_gensim_sparse_matrix.npz
archivalia.hypotheses.org/14280;histoire et archéologie_d, sciences sociales interdisciplinaires_d, histoire_t, approches de corpus_t, enquêtes_t, archives_t;Datasets/all_labels_train_gensim_sparse_matrix.npz
bioeg.hypotheses.org/1230;histoire et archéologie_d, histoire_d, histoire_t, sciences auxiliaires de l'histoire_t, europe centrale et orientale_t, monde germanique_t;Datasets/all_labels_train_gensim_sparse_matrix.npz
archivalia.hypotheses.org/4293;histoire et archéologie_d, sciences sociales interdisciplinaires_d, histoire_t, approches de corpus_t, enquêtes_t, archives_t;Datasets/all_labels_train_gensim_sparse_matrix.npz
archivalia.hypotheses.org/53398;histoire et archéologie_d, sciences sociales interdisciplinaires_d, histoire_t, approches de corpus_t, enquêtes_t, archives_t;Datasets/all_labels_train_gensim_sparse_matrix.npz
historischdenken.hypotheses.org/3122;histoire et archéologie_d, histoire_t;Datasets/all_labels_train_gensim_sparse_matrix.npz
archivalia.hypotheses.org/58071;histoire et archéologie_d, sciences sociales interdisciplinaires_d, histoire_t, approches de corpus_t, enquêtes_t, archives_t;Datasets/all_labels_train_gensim_sparse_matrix.npz
zwopktnull.hypotheses.org/118;éducation_d, histoire_t, représentations_t;Datasets/all_labels_train_gensim_sparse_matrix.npz
nordichistoryblog.hypotheses.org/379;arts et humanités_d, histoire et archéologie_d, histoire_t, édition électronique_t, vie de la recherche_t, approches de corpus_t, enquêtes_t, archives_t, europe_t, pays baltes et scandinaves_t;Datasets/all_labels_train_gensim_sparse_matrix.npz
lvrafz.hypotheses.org/1429;pluridisciplinarité_d, information_t;Datasets/all_labels_train_gensim_sparse_matrix.npz
archivalia.hypotheses.org/7577;histoire et archéologie_d, sciences sociales interdisciplinaires_d, histoire_t, approches de corpus_t, enquêtes_t, archives_t;Datasets/all_labels_train_gensim_sparse_matrix.npz
archivewk1.hypotheses.org/12615;histoire_d, époque contemporaine_t, 1914-1918_t;Datasets/all_labels_train_gensim_sparse_matrix.npz
19jhdhip.hypotheses.org/2050;histoire_d, époque contemporaine_t, prospectives_t, france_t, monde germanique_t;Datasets/all_labels_train_gensim_sparse_matrix.npz
fortifica.hypotheses.org/616;histoire et archéologie_d, histoire_d, histoire urbaine_t, xvie siècle_t, xviie siècle_t, xviiie siècle_t;Datasets/all_labels_train_gensim_sparse_matrix.npz
dhdhi.hypotheses.org/877;histoire et archéologie_d, histoire_t, épistémologie et méthodes_t, digital humanities_t;Datasets/all_labels_train_gensim_sparse_matrix.npz
erinnerung.hypotheses.org/297;histoire et archéologie_d, histoire_t, xxe siècle_t, prospectives_t, europe_t;Datasets/all_labels_train_gensim_sparse_matrix.npz
archivalia.hypotheses.org/4509;histoire et archéologie_d, sciences sociales interdisciplinaires_d, histoire_t, approches de corpus_t, enquêtes_t, archives_t;Datasets/all_labels_train_gensim_sparse_matrix.npz
archivewk1.hypotheses.org/11300;histoire_d, époque contemporaine_t, 1914-1918_t;Datasets/all_labels_train_gensim_sparse_matrix.npz
archivalia.hypotheses.org/5934;histoire et archéologie_d, sciences sociales interdisciplinaires_d, histoire_t, approches de corpus_t, enquêtes_t, archives_t;Datasets/all_labels_train_gensim_sparse_matrix.npz
histbav.hypotheses.org/3530;humanités pluridisciplinaires_d, histoire_d, pluridisciplinarité_d, histoire_t, monde germanique_t;Datasets/all_labels_train_gensim_sparse_matrix.npz
archivalia.hypotheses.org/7680;histoire et archéologie_d, sciences sociales interdisciplinaires_d, histoire_t, approches de corpus_t, enquêtes_t, archives_t;Datasets/all_labels_train_gensim_sparse_matrix.npz
archivalia.hypotheses.org/3124;histoire et archéologie_d, sciences sociales interdisciplinaires_d, histoire_t, approches de corpus_t, enquêtes_t, archives_t;Datasets/all_labels_train_gensim_sparse_matrix.npz
archivamt.hypotheses.org/1303;communication_d, pluridisciplinarité_d, sciences sociales interdisciplinaires_d, information_t, sciences de l'information_t, représentations_t, patrimoine_t;Datasets/all_labels_train_gensim_sparse_matrix.npz
histbav.hypotheses.org/3067;humanités pluridisciplinaires_d, histoire_d, pluridisciplinarité_d, histoire_t, monde germanique_t;Datasets/all_labels_train_gensim_sparse_matrix.npz
studpro.hypotheses.org/1180;histoire_d, histoire_t, époque moderne_t, xviie siècle_t, xviiie siècle_t;Datasets/all_labels_train_gensim_sparse_matrix.npz
archivalia.hypotheses.org/13382;histoire et archéologie_d, sciences sociales interdisciplinaires_d, histoire_t, approches de corpus_t, enquêtes_t, archives_t;Datasets/all_labels_train_gensim_sparse_matrix.npz
archivalia.hypotheses.org/60581;histoire et archéologie_d, sciences sociales interdisciplinaires_d, histoire_t, approches de corpus_t, enquêtes_t, archives_t;Datasets/all_labels_train_gensim_sparse_matrix.npz
archivalia.hypotheses.org/6118;histoire et archéologie_d, sciences sociales interdisciplinaires_d, histoire_t, approches de corpus_t, enquêtes_t, archives_t;Datasets/all_labels_train_gensim_sparse_matrix.npz
speyermemo.hypotheses.org/2859;histoire_d, pluridisciplinarité_d, sciences sociales interdisciplinaires_d, sociologie de la culture_t, histoire_t, 1939-1945_t, europe_t;Datasets/all_labels_train_gensim_sparse_matrix.npz
archivewk1.hypotheses.org/18299;histoire_d, époque contemporaine_t, 1914-1918_t;Datasets/all_labels_train_gensim_sparse_matrix.npz
amuc.hypotheses.org/2190;humanités pluridisciplinaires_d, histoire_d, histoire_t, représentations_t, patrimoine_t;Datasets/all_labels_train_gensim_sparse_matrix.npz
archivalia.hypotheses.org/58305;histoire et archéologie_d, sciences sociales interdisciplinaires_d, histoire_t, approches de corpus_t, enquêtes_t, archives_t;Datasets/all_labels_train_gensim_sparse_matrix.npz
blogweimar.hypotheses.org/152;histoire et archéologie_d, histoire_t, histoire politique_t, 1918-1939_t, monde germanique_t;Datasets/all_labels_train_gensim_sparse_matrix.npz
mindthegaps.hypotheses.org/1741;études asiatiques_d, histoire_d, histoire_t, histoire culturelle_t, asie_t, chine_t;Datasets/all_labels_train_gensim_sparse_matrix.npz
intersex.hypotheses.org/124;histoire_d, biomédecine_d, étude des genres_t, histoire des sciences_t, histoire_t, histoire du droit_t, moyen âge_t, xxie siècle_t;Datasets/all_labels_train_gensim_sparse_matrix.npz
grandeguerre.hypotheses.org/903;histoire et archéologie_d, histoire_t, 1914-1918_t, prospectives_t, france_t, monde germanique_t;Datasets/all_labels_train_gensim_sparse_matrix.npz
amuc.hypotheses.org/574;humanités pluridisciplinaires_d, histoire_d, histoire_t, représentations_t, patrimoine_t;Datasets/all_labels_train_gensim_sparse_matrix.npz
archivalia.hypotheses.org/11853;histoire et archéologie_d, sciences sociales interdisciplinaires_d, histoire_t, approches de corpus_t, enquêtes_t, archives_t;Datasets/all_labels_train_gensim_sparse_matrix.npz
archivewk1.hypotheses.org/15061;histoire_d, époque contemporaine_t, 1914-1918_t;Datasets/all_labels_train_gensim_sparse_matrix.npz
archivalia.hypotheses.org/5149;histoire et archéologie_d, sciences sociales interdisciplinaires_d, histoire_t, approches de corpus_t, enquêtes_t, archives_t;Datasets/all_labels_train_gensim_sparse_matrix.npz
texperimentales.hypotheses.org/1621;linguistique appliquée_d, langue et linguistique_d, langage_t, linguistique_t, information_t, sciences de l'information_t, digital humanities_t;Datasets/all_labels_train_gensim_sparse_matrix.npz
archivewk1.hypotheses.org/26034;histoire_d, époque contemporaine_t, 1914-1918_t;Datasets/all_labels_train_gensim_sparse_matrix.npz
minuseinsebene.hypotheses.org/989;archéologie_d, histoire urbaine_t, histoire des religions_t, moyen âge_t, haut moyen âge_t, monde germanique_t;Datasets/all_labels_train_gensim_sparse_matrix.npz
archivalia.hypotheses.org/12623;histoire et archéologie_d, sciences sociales interdisciplinaires_d, histoire_t, approches de corpus_t, enquêtes_t, archives_t;Datasets/all_labels_train_gensim_sparse_matrix.npz
francofil.hypotheses.org/3070;pluridisciplinarité_d, sciences sociales interdisciplinaires_d, histoire_t, épistémologie et méthodes_t, approches de corpus_t, enquêtes_t, archives_t, france_t;Datasets/all_labels_train_gensim_sparse_matrix.npz
winzen.hypotheses.org/579;histoire_d, histoire_t, études visuelles_t, 1918-1939_t, 1939-1945_t, monde germanique_t;Datasets/all_labels_train_gensim_sparse_matrix.npz
archivalia.hypotheses.org/6944;histoire et archéologie_d, sciences sociales interdisciplinaires_d, histoire_t, approches de corpus_t, enquêtes_t, archives_t;Datasets/all_labels_train_gensim_sparse_matrix.npz
archivewk1.hypotheses.org/15077;histoire_d, époque contemporaine_t, 1914-1918_t;Datasets/all_labels_train_gensim_sparse_matrix.npz
archivamt.hypotheses.org/4306;communication_d, pluridisciplinarité_d, sciences sociales interdisciplinaires_d, information_t, sciences de l'information_t, représentations_t, patrimoine_t;Datasets/all_labels_train_gensim_sparse_matrix.npz
archivamt.hypotheses.org/4383;communication_d, pluridisciplinarité_d, sciences sociales interdisciplinaires_d, information_t, sciences de l'information_t, représentations_t, patrimoine_t;Datasets/all_labels_train_gensim_sparse_matrix.npz
bereschitrabba.hypotheses.org/353;arts et humanités_d, religions_d, langue et linguistique_d, religions_t, histoire des religions_t;Datasets/all_labels_train_gensim_sparse_matrix.npz
bereschitrabba.hypotheses.org/942;arts et humanités_d, religions_d, langue et linguistique_d, religions_t, histoire des religions_t;Datasets/all_labels_train_gensim_sparse_matrix.npz
archivewk1.hypotheses.org/11905;histoire_d, époque contemporaine_t, 1914-1918_t;Datasets/all_labels_train_gensim_sparse_matrix.npz
archivewk1.hypotheses.org/20441;histoire_d, époque contemporaine_t, 1914-1918_t;Datasets/all_labels_train_gensim_sparse_matrix.npz
archivewk1.hypotheses.org/29716;histoire_d, époque contemporaine_t, 1914-1918_t;Datasets/all_labels_train_gensim_sparse_matrix.npz
pophistory.hypotheses.org/1175;humanités pluridisciplinaires_d, histoire et archéologie_d, sociologie de la culture_t, histoire sociale_t, histoire culturelle_t, époque contemporaine_t;Datasets/all_labels_train_gensim_sparse_matrix.npz
archivewk1.hypotheses.org/1710;histoire_d, époque contemporaine_t, 1914-1918_t;Datasets/all_labels_train_gensim_sparse_matrix.npz
ordensgeschichte.hypotheses.org/2662;arts et humanités_d, humanités pluridisciplinaires_d, histoire et archéologie_d, histoire et philosophie des sciences_d, histoire_t, haut moyen âge_t, bas moyen âge_t, xviie siècle_t, xviiie siècle_t;Datasets/all_labels_train_gensim_sparse_matrix.npz
historischdenken.hypotheses.org/2084;histoire et archéologie_d, histoire_t;Datasets/all_labels_train_gensim_sparse_matrix.npz
archivalia.hypotheses.org/59843;histoire et archéologie_d, sciences sociales interdisciplinaires_d, histoire_t, approches de corpus_t, enquêtes_t, archives_t;Datasets/all_labels_train_gensim_sparse_matrix.npz
archivewk1.hypotheses.org/12482;histoire_d, époque contemporaine_t, 1914-1918_t;Datasets/all_labels_train_gensim_sparse_matrix.npz
mindthegaps.hypotheses.org/1208;études asiatiques_d, histoire_d, histoire_t, histoire culturelle_t, asie_t, chine_t;Datasets/all_labels_train_gensim_sparse_matrix.npz
archivalia.hypotheses.org/6226;histoire et archéologie_d, sciences sociales interdisciplinaires_d, histoire_t, approches de corpus_t, enquêtes_t, archives_t;Datasets/all_labels_train_gensim_sparse_matrix.npz
medienbildung.hypotheses.org/7474;éducation_d, éducation spécialisée_d, travail social_d, sociologie_t, édition électronique_t, histoire et sociologie des médias_t, éducation_t;Datasets/all_labels_train_gensim_sparse_matrix.npz
archivalia.hypotheses.org/13033;histoire et archéologie_d, sciences sociales interdisciplinaires_d, histoire_t, approches de corpus_t, enquêtes_t, archives_t;Datasets/all_labels_train_gensim_sparse_matrix.npz
archive20.hypotheses.org/1268;pluridisciplinarité_d, sciences sociales interdisciplinaires_d, histoire_t, information_t, patrimoine_t, monde germanique_t;Datasets/all_labels_train_gensim_sparse_matrix.npz
redaktionsblog.hypotheses.org/1116;arts et humanités_d, humanités pluridisciplinaires_d, épistémologie et méthodes_t, digital humanities_t;Datasets/all_labels_train_gensim_sparse_matrix.npz
digigw.hypotheses.org/618;humanités pluridisciplinaires_d, histoire_t, édition électronique_t, sciences auxiliaires de l'histoire_t, digital humanities_t;Datasets/all_labels_train_gensim_sparse_matrix.npz
erinnerung.hypotheses.org/467;histoire et archéologie_d, histoire_t, xxe siècle_t, prospectives_t, europe_t;Datasets/all_labels_train_gensim_sparse_matrix.npz
1914lvr.hypotheses.org/1564;sciences politiques_d, histoire_t, époque contemporaine_t, 1914-1918_t;Datasets/all_labels_train_gensim_sparse_matrix.npz
archivewk1.hypotheses.org/26216;histoire_d, époque contemporaine_t, 1914-1918_t;Datasets/all_labels_train_gensim_sparse_matrix.npz
archivalia.hypotheses.org/8177;histoire et archéologie_d, sciences sociales interdisciplinaires_d, histoire_t, approches de corpus_t, enquêtes_t, archives_t;Datasets/all_labels_train_gensim_sparse_matrix.npz
archivalia.hypotheses.org/12979;histoire et archéologie_d, sciences sociales interdisciplinaires_d, histoire_t, approches de corpus_t, enquêtes_t, archives_t;Datasets/all_labels_train_gensim_sparse_matrix.npz
charlemagne.hypotheses.org/117;histoire_d, histoire_t, moyen âge_t, europe centrale et orientale_t, monde germanique_t;Datasets/all_labels_train_gensim_sparse_matrix.npz
archivalia.hypotheses.org/9983;histoire et archéologie_d, sciences sociales interdisciplinaires_d, histoire_t, approches de corpus_t, enquêtes_t, archives_t;Datasets/all_labels_train_gensim_sparse_matrix.npz
archivewk1.hypotheses.org/23160;histoire_d, époque contemporaine_t, 1914-1918_t;Datasets/all_labels_train_gensim_sparse_matrix.npz
zwopktnull.hypotheses.org/87;éducation_d, histoire_t, représentations_t;Datasets/all_labels_train_gensim_sparse_matrix.npz
dss.hypotheses.org/715;arts et humanités_d, communication_d, sciences de l'information et bibliothéconomie_d, information_t, édition électronique_t, représentations_t, histoire de l'art_t, patrimoine_t, prospectives_t;Datasets/all_labels_train_gensim_sparse_matrix.npz
archivalia.hypotheses.org/8284;histoire et archéologie_d, sciences sociales interdisciplinaires_d, histoire_t, approches de corpus_t, enquêtes_t, archives_t;Datasets/all_labels_train_gensim_sparse_matrix.npz
oberrhein.hypotheses.org/1596;religions_d, archéologie_d, histoire_d, histoire_t, moyen âge_t, france_t, monde germanique_t;Datasets/all_labels_train_gensim_sparse_matrix.npz
leibnizarc.hypotheses.org/305;éducation_d, histoire et archéologie_d, sciences de l'information et bibliothéconomie_d, études des sciences_t, histoire industrielle_t, histoire de l'art_t;Datasets/all_labels_train_gensim_sparse_matrix.npz
archivalia.hypotheses.org/10231;histoire et archéologie_d, sciences sociales interdisciplinaires_d, histoire_t, approches de corpus_t, enquêtes_t, archives_t;Datasets/all_labels_train_gensim_sparse_matrix.npz
medienbildung.hypotheses.org/7937;éducation_d, éducation spécialisée_d, travail social_d, sociologie_t, édition électronique_t, histoire et sociologie des médias_t, éducation_t;Datasets/all_labels_train_gensim_sparse_matrix.npz
aes.hypotheses.org/349;histoire_t, religions_t;Datasets/all_labels_train_gensim_sparse_matrix.npz
archivewk1.hypotheses.org/14906;histoire_d, époque contemporaine_t, 1914-1918_t;Datasets/all_labels_train_gensim_sparse_matrix.npz
mindthegaps.hypotheses.org/1450;études asiatiques_d, histoire_d, histoire_t, histoire culturelle_t, asie_t, chine_t;Datasets/all_labels_train_gensim_sparse_matrix.npz
archivewk1.hypotheses.org/17365;histoire_d, époque contemporaine_t, 1914-1918_t;Datasets/all_labels_train_gensim_sparse_matrix.npz
wenhua.hypotheses.org/1524;études asiatiques_d, humanités pluridisciplinaires_d, histoire_d, histoire culturelle_t, asie_t;Datasets/all_labels_train_gensim_sparse_matrix.npz
archivalia.hypotheses.org/11807;histoire et archéologie_d, sciences sociales interdisciplinaires_d, histoire_t, approches de corpus_t, enquêtes_t, archives_t;Datasets/all_labels_train_gensim_sparse_matrix.npz
archivekod.hypotheses.org/539;religions_d, histoire et archéologie_d, sciences de l'information et de la communication_d, bibliothéconomie_d, communication_d, histoire_t, histoire des religions_t, patrimoine_t;Datasets/all_labels_train_gensim_sparse_matrix.npz
reichwein.hypotheses.org/1478;histoire et archéologie_d, histoire des sciences_t, 1945-1989_t;Datasets/all_labels_train_gensim_sparse_matrix.npz
fnzinfo.hypotheses.org/190;arts et humanités_d, musique_d, histoire et archéologie_d, histoire_t, xvie siècle_t, xviie siècle_t, xviiie siècle_t, révolution française_t;Datasets/all_labels_train_gensim_sparse_matrix.npz
archivewk1.hypotheses.org/26528;histoire_d, époque contemporaine_t, 1914-1918_t;Datasets/all_labels_train_gensim_sparse_matrix.npz
intersex.hypotheses.org/3762;histoire_d, biomédecine_d, étude des genres_t, histoire des sciences_t, histoire_t, histoire du droit_t, moyen âge_t, xxie siècle_t;Datasets/all_labels_train_gensim_sparse_matrix.npz
archivalia.hypotheses.org/55692;histoire et archéologie_d, sciences sociales interdisciplinaires_d, histoire_t, approches de corpus_t, enquêtes_t, archives_t;Datasets/all_labels_train_gensim_sparse_matrix.npz
archivalia.hypotheses.org/12468;histoire et archéologie_d, sciences sociales interdisciplinaires_d, histoire_t, approches de corpus_t, enquêtes_t, archives_t;Datasets/all_labels_train_gensim_sparse_matrix.npz
archivalia.hypotheses.org/4040;histoire et archéologie_d, sciences sociales interdisciplinaires_d, histoire_t, approches de corpus_t, enquêtes_t, archives_t;Datasets/all_labels_train_gensim_sparse_matrix.npz
archivalia.hypotheses.org/56011;histoire et archéologie_d, sciences sociales interdisciplinaires_d, histoire_t, approches de corpus_t, enquêtes_t, archives_t;Datasets/all_labels_train_gensim_sparse_matrix.npz
hofordnung.hypotheses.org/70;arts et humanités_d, histoire et archéologie_d, histoire sociale_t, xvie siècle_t, xviie siècle_t, xviiie siècle_t;Datasets/all_labels_train_gensim_sparse_matrix.npz
archivalia.hypotheses.org/522;histoire et archéologie_d, sciences sociales interdisciplinaires_d, histoire_t, approches de corpus_t, enquêtes_t, archives_t;Datasets/all_labels_train_gensim_sparse_matrix.npz
histbav.hypotheses.org/4973;humanités pluridisciplinaires_d, histoire_d, pluridisciplinarité_d, histoire_t, monde germanique_t;Datasets/all_labels_train_gensim_sparse_matrix.npz
archivalia.hypotheses.org/8155;histoire et archéologie_d, sciences sociales interdisciplinaires_d, histoire_t, approches de corpus_t, enquêtes_t, archives_t;Datasets/all_labels_train_gensim_sparse_matrix.npz
tagebuch.hypotheses.org/1006;histoire et archéologie_d, histoire_d, histoire_t, époque contemporaine_t, 1914-1918_t;Datasets/all_labels_train_gensim_sparse_matrix.npz
babyvision.hypotheses.org/190;psychologie_d, études des sciences_t, psychisme_t;Datasets/all_labels_train_gensim_sparse_matrix.npz
archivekod.hypotheses.org/603;religions_d, histoire et archéologie_d, sciences de l'information et de la communication_d, bibliothéconomie_d, communication_d, histoire_t, histoire des religions_t, patrimoine_t;Datasets/all_labels_train_gensim_sparse_matrix.npz
archivalia.hypotheses.org/5897;histoire et archéologie_d, sciences sociales interdisciplinaires_d, histoire_t, approches de corpus_t, enquêtes_t, archives_t;Datasets/all_labels_train_gensim_sparse_matrix.npz
histbav.hypotheses.org/2961;humanités pluridisciplinaires_d, histoire_d, pluridisciplinarité_d, histoire_t, monde germanique_t;Datasets/all_labels_train_gensim_sparse_matrix.npz
wwc.hypotheses.org/46;humanités pluridisciplinaires_d, pluridisciplinarité_d, études régionales_d, relations internationales_t, information_t, représentations_t;Datasets/all_labels_train_gensim_sparse_matrix.npz
archivalia.hypotheses.org/52720;histoire et archéologie_d, sciences sociales interdisciplinaires_d, histoire_t, approches de corpus_t, enquêtes_t, archives_t;Datasets/all_labels_train_gensim_sparse_matrix.npz
histbav.hypotheses.org/3056;humanités pluridisciplinaires_d, histoire_d, pluridisciplinarité_d, histoire_t, monde germanique_t;Datasets/all_labels_train_gensim_sparse_matrix.npz
fortifica.hypotheses.org/76;histoire et archéologie_d, histoire_d, histoire urbaine_t, xvie siècle_t, xviie siècle_t, xviiie siècle_t;Datasets/all_labels_train_gensim_sparse_matrix.npz
archivalia.hypotheses.org/5704;histoire et archéologie_d, sciences sociales interdisciplinaires_d, histoire_t, approches de corpus_t, enquêtes_t, archives_t;Datasets/all_labels_train_gensim_sparse_matrix.npz
medienbildung.hypotheses.org/3081;éducation_d, éducation spécialisée_d, travail social_d, sociologie_t, édition électronique_t, histoire et sociologie des médias_t, éducation_t;Datasets/all_labels_train_gensim_sparse_matrix.npz
archivalia.hypotheses.org/1560;histoire et archéologie_d, sciences sociales interdisciplinaires_d, histoire_t, approches de corpus_t, enquêtes_t, archives_t;Datasets/all_labels_train_gensim_sparse_matrix.npz
archivalia.hypotheses.org/4790;histoire et archéologie_d, sciences sociales interdisciplinaires_d, histoire_t, approches de corpus_t, enquêtes_t, archives_t;Datasets/all_labels_train_gensim_sparse_matrix.npz
archivalia.hypotheses.org/6791;histoire et archéologie_d, sciences sociales interdisciplinaires_d, histoire_t, approches de corpus_t, enquêtes_t, archives_t;Datasets/all_labels_train_gensim_sparse_matrix.npz
archivamt.hypotheses.org/400;communication_d, pluridisciplinarité_d, sciences sociales interdisciplinaires_d, information_t, sciences de l'information_t, représentations_t, patrimoine_t;Datasets/all_labels_train_gensim_sparse_matrix.npz
archivalia.hypotheses.org/62521;histoire et archéologie_d, sciences sociales interdisciplinaires_d, histoire_t, approches de corpus_t, enquêtes_t, archives_t;Datasets/all_labels_train_gensim_sparse_matrix.npz
dighist.hypotheses.org/1040;histoire_d, sciences sociales interdisciplinaires_d, études sur la famille_d, sociologie_d, histoire urbaine_t, histoire sociale_t, europe centrale et orientale_t;Datasets/all_labels_train_gensim_sparse_matrix.npz
archivewk1.hypotheses.org/27951;histoire_d, époque contemporaine_t, 1914-1918_t;Datasets/all_labels_train_gensim_sparse_matrix.npz
archive20.hypotheses.org/2028;pluridisciplinarité_d, sciences sociales interdisciplinaires_d, histoire_t, information_t, patrimoine_t, monde germanique_t;Datasets/all_labels_train_gensim_sparse_matrix.npz
studpro.hypotheses.org/1163;histoire_d, histoire_t, époque moderne_t, xviie siècle_t, xviiie siècle_t;Datasets/all_labels_train_gensim_sparse_matrix.npz
resilienz.hypotheses.org/516;pluridisciplinarité_d, sciences sociales interdisciplinaires_d, études des sciences_t, épistémologie et méthodes_t, vie de la recherche_t, prospectives_t;Datasets/all_labels_train_gensim_sparse_matrix.npz
minuseinsebene.hypotheses.org/541;archéologie_d, histoire urbaine_t, histoire des religions_t, moyen âge_t, haut moyen âge_t, monde germanique_t;Datasets/all_labels_train_gensim_sparse_matrix.npz
archivalia.hypotheses.org/7439;histoire et archéologie_d, sciences sociales interdisciplinaires_d, histoire_t, approches de corpus_t, enquêtes_t, archives_t;Datasets/all_labels_train_gensim_sparse_matrix.npz
francofil.hypotheses.org/4062;pluridisciplinarité_d, sciences sociales interdisciplinaires_d, histoire_t, épistémologie et méthodes_t, approches de corpus_t, enquêtes_t, archives_t, france_t;Datasets/all_labels_train_gensim_sparse_matrix.npz
archivalia.hypotheses.org/13059;histoire et archéologie_d, sciences sociales interdisciplinaires_d, histoire_t, approches de corpus_t, enquêtes_t, archives_t;Datasets/all_labels_train_gensim_sparse_matrix.npz
bereschitrabba.hypotheses.org/1002;arts et humanités_d, religions_d, langue et linguistique_d, religions_t, histoire des religions_t;Datasets/all_labels_train_gensim_sparse_matrix.npz
1914lvr.hypotheses.org/1082;sciences politiques_d, histoire_t, époque contemporaine_t, 1914-1918_t;Datasets/all_labels_train_gensim_sparse_matrix.npz
archivamt.hypotheses.org/3594;communication_d, pluridisciplinarité_d, sciences sociales interdisciplinaires_d, information_t, sciences de l'information_t, représentations_t, patrimoine_t;Datasets/all_labels_train_gensim_sparse_matrix.npz
ordensgeschichte.hypotheses.org/9710;arts et humanités_d, humanités pluridisciplinaires_d, histoire et archéologie_d, histoire et philosophie des sciences_d, histoire_t, haut moyen âge_t, bas moyen âge_t, xviie siècle_t, xviiie siècle_t;Datasets/all_labels_train_gensim_sparse_matrix.npz
archivewk1.hypotheses.org/4752;histoire_d, époque contemporaine_t, 1914-1918_t;Datasets/all_labels_train_gensim_sparse_matrix.npz
bloghaus.hypotheses.org/634;pluridisciplinarité_d, sciences sociales interdisciplinaires_d, information_t, digital humanities_t;Datasets/all_labels_train_gensim_sparse_matrix.npz
19jhdhip.hypotheses.org/2097;histoire_d, époque contemporaine_t, prospectives_t, france_t, monde germanique_t;Datasets/all_labels_train_gensim_sparse_matrix.npz
tagebuch.hypotheses.org/1232;histoire et archéologie_d, histoire_d, histoire_t, époque contemporaine_t, 1914-1918_t;Datasets/all_labels_train_gensim_sparse_matrix.npz
archivamt.hypotheses.org/3610;communication_d, pluridisciplinarité_d, sciences sociales interdisciplinaires_d, information_t, sciences de l'information_t, représentations_t, patrimoine_t;Datasets/all_labels_train_gensim_sparse_matrix.npz
archivalia.hypotheses.org/60739;histoire et archéologie_d, sciences sociales interdisciplinaires_d, histoire_t, approches de corpus_t, enquêtes_t, archives_t;Datasets/all_labels_train_gensim_sparse_matrix.npz
histbav.hypotheses.org/2461;humanités pluridisciplinaires_d, histoire_d, pluridisciplinarité_d, histoire_t, monde germanique_t;Datasets/all_labels_train_gensim_sparse_matrix.npz
tagebuch.hypotheses.org/1309;histoire et archéologie_d, histoire_d, histoire_t, époque contemporaine_t, 1914-1918_t;Datasets/all_labels_train_gensim_sparse_matrix.npz
mittelalter.hypotheses.org/1487;humanités pluridisciplinaires_d, religions_d, histoire_d, sociologie_d, histoire_t, histoire sociale_t, histoire intellectuelle_t, moyen âge_t, haut moyen âge_t, bas moyen âge_t;Datasets/all_labels_train_gensim_sparse_matrix.npz
archivalia.hypotheses.org/8778;histoire et archéologie_d, sciences sociales interdisciplinaires_d, histoire_t, approches de corpus_t, enquêtes_t, archives_t;Datasets/all_labels_train_gensim_sparse_matrix.npz
gab.hypotheses.org/579;histoire et archéologie_d, pluridisciplinarité_d, sciences sociales interdisciplinaires_d, études des sciences_t, sociologie des sciences_t, histoire_t;Datasets/all_labels_train_gensim_sparse_matrix.npz
archivewk1.hypotheses.org/1956;histoire_d, époque contemporaine_t, 1914-1918_t;Datasets/all_labels_train_gensim_sparse_matrix.npz
fortifica.hypotheses.org/1376;histoire et archéologie_d, histoire_d, histoire urbaine_t, xvie siècle_t, xviie siècle_t, xviiie siècle_t;Datasets/all_labels_train_gensim_sparse_matrix.npz
mobilvideo.hypotheses.org/745;humanités pluridisciplinaires_d, éducation_d, sciences sociales interdisciplinaires_d, histoire et sociologie des médias_t, études visuelles_t, éducation_t, sciences de l'éducation_t;Datasets/all_labels_train_gensim_sparse_matrix.npz
archivewk1.hypotheses.org/4021;histoire_d, époque contemporaine_t, 1914-1918_t;Datasets/all_labels_train_gensim_sparse_matrix.npz
unibloggt.hypotheses.org/990;histoire et archéologie_d, pluridisciplinarité_d, histoire_t, information_t;Datasets/all_labels_train_gensim_sparse_matrix.npz
archivalia.hypotheses.org/2497;histoire et archéologie_d, sciences sociales interdisciplinaires_d, histoire_t, approches de corpus_t, enquêtes_t, archives_t;Datasets/all_labels_train_gensim_sparse_matrix.npz
jeunegen.hypotheses.org/149;histoire_d, pluridisciplinarité_d, histoire_t, vie de la recherche_t, moyen âge_t, haut moyen âge_t, bas moyen âge_t;Datasets/all_labels_train_gensim_sparse_matrix.npz
archivalia.hypotheses.org/9431;histoire et archéologie_d, sciences sociales interdisciplinaires_d, histoire_t, approches de corpus_t, enquêtes_t, archives_t;Datasets/all_labels_train_gensim_sparse_matrix.npz
bioeg.hypotheses.org/1170;histoire et archéologie_d, histoire_d, histoire_t, sciences auxiliaires de l'histoire_t, europe centrale et orientale_t, monde germanique_t;Datasets/all_labels_train_gensim_sparse_matrix.npz
soziologieblog.hypotheses.org/1488;sciences sociales interdisciplinaires_d, sociologie et anthropologie_d, sociologie du travail_t, sociologie urbaine_t, sociologie de la culture_t, sociologie économique_t;Datasets/all_labels_train_gensim_sparse_matrix.npz
revolt.hypotheses.org/809;histoire_d, pluridisciplinarité_d, littérature_d, histoire et sociologie des médias_t, époque moderne_t, europe_t;Datasets/all_labels_train_gensim_sparse_matrix.npz
archivamt.hypotheses.org/3837;communication_d, pluridisciplinarité_d, sciences sociales interdisciplinaires_d, information_t, sciences de l'information_t, représentations_t, patrimoine_t;Datasets/all_labels_train_gensim_sparse_matrix.npz
artincrisis.hypotheses.org/492;arts et humanités_d, représentations_t, histoire de l'art_t, époque contemporaine_t, 1939-1945_t, monde germanique_t;Datasets/all_labels_train_gensim_sparse_matrix.npz
jeunegen.hypotheses.org/153;histoire_d, pluridisciplinarité_d, histoire_t, vie de la recherche_t, moyen âge_t, haut moyen âge_t, bas moyen âge_t;Datasets/all_labels_train_gensim_sparse_matrix.npz
archivalia.hypotheses.org/14162;histoire et archéologie_d, sciences sociales interdisciplinaires_d, histoire_t, approches de corpus_t, enquêtes_t, archives_t;Datasets/all_labels_train_gensim_sparse_matrix.npz
tagebuch.hypotheses.org/1068;histoire et archéologie_d, histoire_d, histoire_t, époque contemporaine_t, 1914-1918_t;Datasets/all_labels_train_gensim_sparse_matrix.npz
archivlinz.hypotheses.org/973;histoire et archéologie_d, histoire_d, histoire urbaine_t, 1914-1918_t, monde germanique_t;Datasets/all_labels_train_gensim_sparse_matrix.npz
medienbildung.hypotheses.org/5293;éducation_d, éducation spécialisée_d, travail social_d, sociologie_t, édition électronique_t, histoire et sociologie des médias_t, éducation_t;Datasets/all_labels_train_gensim_sparse_matrix.npz
19jhdhip.hypotheses.org/2248;histoire_d, époque contemporaine_t, prospectives_t, france_t, monde germanique_t;Datasets/all_labels_train_gensim_sparse_matrix.npz
dss.hypotheses.org/181;arts et humanités_d, communication_d, sciences de l'information et bibliothéconomie_d, information_t, édition électronique_t, représentations_t, histoire de l'art_t, patrimoine_t, prospectives_t;Datasets/all_labels_train_gensim_sparse_matrix.npz
etatsocial.hypotheses.org/1212;histoire_d, histoire des sciences sociales_d, sociologie_d, économie_d, sociologie du travail_t, âges de la vie_t, xxe siècle_t;Datasets/all_labels_train_gensim_sparse_matrix.npz
dgl.hypotheses.org/771;éducation spécialisée_d, histoire_d, histoire_t, histoire et sociologie des médias_t, éducation_t;Datasets/all_labels_train_gensim_sparse_matrix.npz
sdvigpress.hypotheses.org/712;langue et linguistique_d, philosophie_d, humanités pluridisciplinaires_d, épistémologie et méthodes_t, digital humanities_t, europe centrale et orientale_t, édition électronique_t, linguistique_t;Datasets/all_labels_train_gensim_sparse_matrix.npz
dfmfa.hypotheses.org/1764;humanités pluridisciplinaires_d, sciences sociales interdisciplinaires_d, histoire_t, moyen âge_t, haut moyen âge_t, bas moyen âge_t;Datasets/all_labels_train_gensim_sparse_matrix.npz
archivalia.hypotheses.org/11306;histoire et archéologie_d, sciences sociales interdisciplinaires_d, histoire_t, approches de corpus_t, enquêtes_t, archives_t;Datasets/all_labels_train_gensim_sparse_matrix.npz
zakunibonn.hypotheses.org/1617;histoire_d, psychologie_d, histoire_t, psychisme_t, psychologie_t, méthodes de traitement et de représentation_t, monde germanique_t;Datasets/all_labels_train_gensim_sparse_matrix.npz
schotten.hypotheses.org/369;religions_d, histoire et archéologie_d, sciences de l'information et de la communication_d, bibliothéconomie_d, histoire_t, histoire des religions_t, approches de corpus_t, enquêtes_t, archives_t, monde germanique_t;Datasets/all_labels_train_gensim_sparse_matrix.npz
histbav.hypotheses.org/3124;humanités pluridisciplinaires_d, histoire_d, pluridisciplinarité_d, histoire_t, monde germanique_t;Datasets/all_labels_train_gensim_sparse_matrix.npz
histgymbib.hypotheses.org/1500;arts et humanités_d, humanités pluridisciplinaires_d, sciences de l'information et de la communication_d, bibliothéconomie_d, sciences sociales interdisciplinaires_d, éducation_t, xvie siècle_t, xviie siècle_t, xviiie siècle_t, prospectives_t;Datasets/all_labels_train_gensim_sparse_matrix.npz
archivewk1.hypotheses.org/15100;histoire_d, époque contemporaine_t, 1914-1918_t;Datasets/all_labels_train_gensim_sparse_matrix.npz
archivalia.hypotheses.org/5014;histoire et archéologie_d, sciences sociales interdisciplinaires_d, histoire_t, approches de corpus_t, enquêtes_t, archives_t;Datasets/all_labels_train_gensim_sparse_matrix.npz
archivalia.hypotheses.org/5398;histoire et archéologie_d, sciences sociales interdisciplinaires_d, histoire_t, approches de corpus_t, enquêtes_t, archives_t;Datasets/all_labels_train_gensim_sparse_matrix.npz
musicaroma.hypotheses.org/804;musique_d, histoire_d, histoire_t, histoire culturelle_t, monde germanique_t;Datasets/all_labels_train_gensim_sparse_matrix.npz
archivalia.hypotheses.org/8470;histoire et archéologie_d, sciences sociales interdisciplinaires_d, histoire_t, approches de corpus_t, enquêtes_t, archives_t;Datasets/all_labels_train_gensim_sparse_matrix.npz
archivewk1.hypotheses.org/16288;histoire_d, époque contemporaine_t, 1914-1918_t;Datasets/all_labels_train_gensim_sparse_matrix.npz
archivalia.hypotheses.org/12514;histoire et archéologie_d, sciences sociales interdisciplinaires_d, histoire_t, approches de corpus_t, enquêtes_t, archives_t;Datasets/all_labels_train_gensim_sparse_matrix.npz
ordensgeschichte.hypotheses.org/7464;arts et humanités_d, humanités pluridisciplinaires_d, histoire et archéologie_d, histoire et philosophie des sciences_d, histoire_t, haut moyen âge_t, bas moyen âge_t, xviie siècle_t, xviiie siècle_t;Datasets/all_labels_train_gensim_sparse_matrix.npz
archivewk1.hypotheses.org/10568;histoire_d, époque contemporaine_t, 1914-1918_t;Datasets/all_labels_train_gensim_sparse_matrix.npz
archivalia.hypotheses.org/5664;histoire et archéologie_d, sciences sociales interdisciplinaires_d, histoire_t, approches de corpus_t, enquêtes_t, archives_t;Datasets/all_labels_train_gensim_sparse_matrix.npz
archivalia.hypotheses.org/2291;histoire et archéologie_d, sciences sociales interdisciplinaires_d, histoire_t, approches de corpus_t, enquêtes_t, archives_t;Datasets/all_labels_train_gensim_sparse_matrix.npz
gab.hypotheses.org/935;histoire et archéologie_d, pluridisciplinarité_d, sciences sociales interdisciplinaires_d, études des sciences_t, sociologie des sciences_t, histoire_t;Datasets/all_labels_train_gensim_sparse_matrix.npz
histbav.hypotheses.org/3338;humanités pluridisciplinaires_d, histoire_d, pluridisciplinarité_d, histoire_t, monde germanique_t;Datasets/all_labels_train_gensim_sparse_matrix.npz
archivalia.hypotheses.org/9601;histoire et archéologie_d, sciences sociales interdisciplinaires_d, histoire_t, approches de corpus_t, enquêtes_t, archives_t;Datasets/all_labels_train_gensim_sparse_matrix.npz
archivalia.hypotheses.org/4220;histoire et archéologie_d, sciences sociales interdisciplinaires_d, histoire_t, approches de corpus_t, enquêtes_t, archives_t;Datasets/all_labels_train_gensim_sparse_matrix.npz
archivalia.hypotheses.org/14531;histoire et archéologie_d, sciences sociales interdisciplinaires_d, histoire_t, approches de corpus_t, enquêtes_t, archives_t;Datasets/all_labels_train_gensim_sparse_matrix.npz
soziologieblog.hypotheses.org/8197;sciences sociales interdisciplinaires_d, sociologie et anthropologie_d, sociologie du travail_t, sociologie urbaine_t, sociologie de la culture_t, sociologie économique_t;Datasets/all_labels_train_gensim_sparse_matrix.npz
musermeku.hypotheses.org/2623;humanités pluridisciplinaires_d, pluridisciplinarité_d, sciences sociales interdisciplinaires_d, sociologie_t, sociologie de la culture_t, histoire_t, histoire politique_t;Datasets/all_labels_train_gensim_sparse_matrix.npz
archivalia.hypotheses.org/7209;histoire et archéologie_d, sciences sociales interdisciplinaires_d, histoire_t, approches de corpus_t, enquêtes_t, archives_t;Datasets/all_labels_train_gensim_sparse_matrix.npz
dhmuc.hypotheses.org/351;humanités pluridisciplinaires_d, communication_d, pluridisciplinarité_d, sciences sociales interdisciplinaires_d, études des sciences_t, édition électronique_t, digital humanities_t;Datasets/all_labels_train_gensim_sparse_matrix.npz
fnzinfo.hypotheses.org/243;arts et humanités_d, musique_d, histoire et archéologie_d, histoire_t, xvie siècle_t, xviie siècle_t, xviiie siècle_t, révolution française_t;Datasets/all_labels_train_gensim_sparse_matrix.npz
mindthegaps.hypotheses.org/1838;études asiatiques_d, histoire_d, histoire_t, histoire culturelle_t, asie_t, chine_t;Datasets/all_labels_train_gensim_sparse_matrix.npz
archivalia.hypotheses.org/60445;histoire et archéologie_d, sciences sociales interdisciplinaires_d, histoire_t, approches de corpus_t, enquêtes_t, archives_t;Datasets/all_labels_train_gensim_sparse_matrix.npz
archivalia.hypotheses.org/11295;histoire et archéologie_d, sciences sociales interdisciplinaires_d, histoire_t, approches de corpus_t, enquêtes_t, archives_t;Datasets/all_labels_train_gensim_sparse_matrix.npz
19jhdhip.hypotheses.org/1805;histoire_d, époque contemporaine_t, prospectives_t, france_t, monde germanique_t;Datasets/all_labels_train_gensim_sparse_matrix.npz
historischdenken.hypotheses.org/518;histoire et archéologie_d, histoire_t;Datasets/all_labels_train_gensim_sparse_matrix.npz
archivalia.hypotheses.org/6399;histoire et archéologie_d, sciences sociales interdisciplinaires_d, histoire_t, approches de corpus_t, enquêtes_t, archives_t;Datasets/all_labels_train_gensim_sparse_matrix.npz
2wkvisuell.hypotheses.org/427;arts et humanités_d, histoire et archéologie_d, histoire sociale_t, guerres_t, conflits_t, violence_t, histoire et sociologie des médias_t, études visuelles_t, époque contemporaine_t;Datasets/all_labels_train_gensim_sparse_matrix.npz
historischdenken.hypotheses.org/3654;histoire et archéologie_d, histoire_t;Datasets/all_labels_train_gensim_sparse_matrix.npz
archivalia.hypotheses.org/9611;histoire et archéologie_d, sciences sociales interdisciplinaires_d, histoire_t, approches de corpus_t, enquêtes_t, archives_t;Datasets/all_labels_train_gensim_sparse_matrix.npz
archivalia.hypotheses.org/10475;histoire et archéologie_d, sciences sociales interdisciplinaires_d, histoire_t, approches de corpus_t, enquêtes_t, archives_t;Datasets/all_labels_train_gensim_sparse_matrix.npz
histbav.hypotheses.org/1169;humanités pluridisciplinaires_d, histoire_d, pluridisciplinarité_d, histoire_t, monde germanique_t;Datasets/all_labels_train_gensim_sparse_matrix.npz
archivewk1.hypotheses.org/4018;histoire_d, époque contemporaine_t, 1914-1918_t;Datasets/all_labels_train_gensim_sparse_matrix.npz
etatsocial.hypotheses.org/720;histoire_d, histoire des sciences sociales_d, sociologie_d, économie_d, sociologie du travail_t, âges de la vie_t, xxe siècle_t;Datasets/all_labels_train_gensim_sparse_matrix.npz
archivalia.hypotheses.org/2376;histoire et archéologie_d, sciences sociales interdisciplinaires_d, histoire_t, approches de corpus_t, enquêtes_t, archives_t;Datasets/all_labels_train_gensim_sparse_matrix.npz
archivalia.hypotheses.org/9625;histoire et archéologie_d, sciences sociales interdisciplinaires_d, histoire_t, approches de corpus_t, enquêtes_t, archives_t;Datasets/all_labels_train_gensim_sparse_matrix.npz
fortifica.hypotheses.org/1211;histoire et archéologie_d, histoire_d, histoire urbaine_t, xvie siècle_t, xviie siècle_t, xviiie siècle_t;Datasets/all_labels_train_gensim_sparse_matrix.npz
djgd.hypotheses.org/748;histoire_d, histoire_t, digital humanities_t, xxe siècle_t, prospectives_t;Datasets/all_labels_train_gensim_sparse_matrix.npz
unibloggt.hypotheses.org/1011;histoire et archéologie_d, pluridisciplinarité_d, histoire_t, information_t;Datasets/all_labels_train_gensim_sparse_matrix.npz
trafo.hypotheses.org/4497;pluridisciplinarité_d, sciences sociales interdisciplinaires_d, études régionales_d, sociologie_t, sociologie des religions_t, information_t, histoire culturelle_t;Datasets/all_labels_train_gensim_sparse_matrix.npz
ordensgeschichte.hypotheses.org/4089;arts et humanités_d, humanités pluridisciplinaires_d, histoire et archéologie_d, histoire et philosophie des sciences_d, histoire_t, haut moyen âge_t, bas moyen âge_t, xviie siècle_t, xviiie siècle_t;Datasets/all_labels_train_gensim_sparse_matrix.npz
schotten.hypotheses.org/737;religions_d, histoire et archéologie_d, sciences de l'information et de la communication_d, bibliothéconomie_d, histoire_t, histoire des religions_t, approches de corpus_t, enquêtes_t, archives_t, monde germanique_t;Datasets/all_labels_train_gensim_sparse_matrix.npz
archivalia.hypotheses.org/8853;histoire et archéologie_d, sciences sociales interdisciplinaires_d, histoire_t, approches de corpus_t, enquêtes_t, archives_t;Datasets/all_labels_train_gensim_sparse_matrix.npz
dkblog.hypotheses.org/831;histoire_d, histoire_t, époque moderne_t, xviie siècle_t;Datasets/all_labels_train_gensim_sparse_matrix.npz
bereschitrabba.hypotheses.org/305;arts et humanités_d, religions_d, langue et linguistique_d, religions_t, histoire des religions_t;Datasets/all_labels_train_gensim_sparse_matrix.npz
soziologieblog.hypotheses.org/435;sciences sociales interdisciplinaires_d, sociologie et anthropologie_d, sociologie du travail_t, sociologie urbaine_t, sociologie de la culture_t, sociologie économique_t;Datasets/all_labels_train_gensim_sparse_matrix.npz
dkblog.hypotheses.org/817;histoire_d, histoire_t, époque moderne_t, xviie siècle_t;Datasets/all_labels_train_gensim_sparse_matrix.npz
archivalia.hypotheses.org/5626;histoire et archéologie_d, sciences sociales interdisciplinaires_d, histoire_t, approches de corpus_t, enquêtes_t, archives_t;Datasets/all_labels_train_gensim_sparse_matrix.npz
archivalia.hypotheses.org/8685;histoire et archéologie_d, sciences sociales interdisciplinaires_d, histoire_t, approches de corpus_t, enquêtes_t, archives_t;Datasets/all_labels_train_gensim_sparse_matrix.npz
jameel.hypotheses.org/337;pluridisciplinarité_d, études régionales_d, archéologie_d, arts_d, humanités pluridisciplinaires_d, représentations_t, asie_t, digital humanities_t, histoire de l'art_t;Datasets/all_labels_train_gensim_sparse_matrix.npz
archivalia.hypotheses.org/58099;histoire et archéologie_d, sciences sociales interdisciplinaires_d, histoire_t, approches de corpus_t, enquêtes_t, archives_t;Datasets/all_labels_train_gensim_sparse_matrix.npz
archivewk1.hypotheses.org/6903;histoire_d, époque contemporaine_t, 1914-1918_t;Datasets/all_labels_train_gensim_sparse_matrix.npz
dislab.hypotheses.org/1813;sciences sociales interdisciplinaires_d, langue et linguistique_d, sociologie des sciences_t, linguistique_t;Datasets/all_labels_train_gensim_sparse_matrix.npz
archivewk1.hypotheses.org/5363;histoire_d, époque contemporaine_t, 1914-1918_t;Datasets/all_labels_train_gensim_sparse_matrix.npz
archivewk1.hypotheses.org/16819;histoire_d, époque contemporaine_t, 1914-1918_t;Datasets/all_labels_train_gensim_sparse_matrix.npz
archivewk1.hypotheses.org/2096;histoire_d, époque contemporaine_t, 1914-1918_t;Datasets/all_labels_train_gensim_sparse_matrix.npz
jeunegen.hypotheses.org/198;histoire_d, pluridisciplinarité_d, histoire_t, vie de la recherche_t, moyen âge_t, haut moyen âge_t, bas moyen âge_t;Datasets/all_labels_train_gensim_sparse_matrix.npz
archivalia.hypotheses.org/57993;histoire et archéologie_d, sciences sociales interdisciplinaires_d, histoire_t, approches de corpus_t, enquêtes_t, archives_t;Datasets/all_labels_train_gensim_sparse_matrix.npz
archivewk1.hypotheses.org/820;histoire_d, époque contemporaine_t, 1914-1918_t;Datasets/all_labels_train_gensim_sparse_matrix.npz
zakunibonn.hypotheses.org/1798;histoire_d, psychologie_d, histoire_t, psychisme_t, psychologie_t, méthodes de traitement et de représentation_t, monde germanique_t;Datasets/all_labels_train_gensim_sparse_matrix.npz
games.hypotheses.org/449;arts et humanités_d, humanités pluridisciplinaires_d, psychologie expérimentale_d, sciences cognitives_t, psychisme_t, psychologie_t, représentations_t, histoire de l'art_t, études visuelles_t;Datasets/all_labels_train_gensim_sparse_matrix.npz
bloghaus.hypotheses.org/549;pluridisciplinarité_d, sciences sociales interdisciplinaires_d, information_t, digital humanities_t;Datasets/all_labels_train_gensim_sparse_matrix.npz
rkb.hypotheses.org/1121;arts et humanités_d, communication_d, sciences de l'information et bibliothéconomie_d, sociologie des sciences_t, édition électronique_t, histoire et sociologie des médias_t;Datasets/all_labels_train_gensim_sparse_matrix.npz
jeunegen.hypotheses.org/186;histoire_d, pluridisciplinarité_d, histoire_t, vie de la recherche_t, moyen âge_t, haut moyen âge_t, bas moyen âge_t;Datasets/all_labels_train_gensim_sparse_matrix.npz
redaktionsblog.hypotheses.org/1162;arts et humanités_d, humanités pluridisciplinaires_d, épistémologie et méthodes_t, digital humanities_t;Datasets/all_labels_train_gensim_sparse_matrix.npz
archivalia.hypotheses.org/9936;histoire et archéologie_d, sciences sociales interdisciplinaires_d, histoire_t, approches de corpus_t, enquêtes_t, archives_t;Datasets/all_labels_train_gensim_sparse_matrix.npz
medienbildung.hypotheses.org/3688;éducation_d, éducation spécialisée_d, travail social_d, sociologie_t, édition électronique_t, histoire et sociologie des médias_t, éducation_t;Datasets/all_labels_train_gensim_sparse_matrix.npz
reichwein.hypotheses.org/311;histoire et archéologie_d, histoire des sciences_t, 1945-1989_t;Datasets/all_labels_train_gensim_sparse_matrix.npz
historischdenken.hypotheses.org/1440;histoire et archéologie_d, histoire_t;Datasets/all_labels_train_gensim_sparse_matrix.npz
archivalia.hypotheses.org/6966;histoire et archéologie_d, sciences sociales interdisciplinaires_d, histoire_t, approches de corpus_t, enquêtes_t, archives_t;Datasets/all_labels_train_gensim_sparse_matrix.npz
grandeguerre.hypotheses.org/307;histoire et archéologie_d, histoire_t, 1914-1918_t, prospectives_t, france_t, monde germanique_t;Datasets/all_labels_train_gensim_sparse_matrix.npz
archivewk1.hypotheses.org/4477;histoire_d, époque contemporaine_t, 1914-1918_t;Datasets/all_labels_train_gensim_sparse_matrix.npz
jeunegen.hypotheses.org/1056;histoire_d, pluridisciplinarité_d, histoire_t, vie de la recherche_t, moyen âge_t, haut moyen âge_t, bas moyen âge_t;Datasets/all_labels_train_gensim_sparse_matrix.npz
historischdenken.hypotheses.org/1487;histoire et archéologie_d, histoire_t;Datasets/all_labels_train_gensim_sparse_matrix.npz
games.hypotheses.org/782;arts et humanités_d, humanités pluridisciplinaires_d, psychologie expérimentale_d, sciences cognitives_t, psychisme_t, psychologie_t, représentations_t, histoire de l'art_t, études visuelles_t;Datasets/all_labels_train_gensim_sparse_matrix.npz
archive20.hypotheses.org/1571;pluridisciplinarité_d, sciences sociales interdisciplinaires_d, histoire_t, information_t, patrimoine_t, monde germanique_t;Datasets/all_labels_train_gensim_sparse_matrix.npz
archivewk1.hypotheses.org/6014;histoire_d, époque contemporaine_t, 1914-1918_t;Datasets/all_labels_train_gensim_sparse_matrix.npz
soziologieblog.hypotheses.org/510;sciences sociales interdisciplinaires_d, sociologie et anthropologie_d, sociologie du travail_t, sociologie urbaine_t, sociologie de la culture_t, sociologie économique_t;Datasets/all_labels_train_gensim_sparse_matrix.npz
archivewk1.hypotheses.org/15784;histoire_d, époque contemporaine_t, 1914-1918_t;Datasets/all_labels_train_gensim_sparse_matrix.npz
archivalia.hypotheses.org/10163;histoire et archéologie_d, sciences sociales interdisciplinaires_d, histoire_t, approches de corpus_t, enquêtes_t, archives_t;Datasets/all_labels_train_gensim_sparse_matrix.npz
1914lvr.hypotheses.org/611;sciences politiques_d, histoire_t, époque contemporaine_t, 1914-1918_t;Datasets/all_labels_train_gensim_sparse_matrix.npz
nordichistoryblog.hypotheses.org/2569;arts et humanités_d, histoire et archéologie_d, histoire_t, édition électronique_t, vie de la recherche_t, approches de corpus_t, enquêtes_t, archives_t, europe_t, pays baltes et scandinaves_t;Datasets/all_labels_train_gensim_sparse_matrix.npz
geschichtsadmin.hypotheses.org/406;éducation_d, histoire_d, sociologie du travail_t, histoire_t;Datasets/all_labels_train_gensim_sparse_matrix.npz
archivalia.hypotheses.org/2979;histoire et archéologie_d, sciences sociales interdisciplinaires_d, histoire_t, approches de corpus_t, enquêtes_t, archives_t;Datasets/all_labels_train_gensim_sparse_matrix.npz
archivewk1.hypotheses.org/7884;histoire_d, époque contemporaine_t, 1914-1918_t;Datasets/all_labels_train_gensim_sparse_matrix.npz
soziologieblog.hypotheses.org/7494;sciences sociales interdisciplinaires_d, sociologie et anthropologie_d, sociologie du travail_t, sociologie urbaine_t, sociologie de la culture_t, sociologie économique_t;Datasets/all_labels_train_gensim_sparse_matrix.npz
archivalia.hypotheses.org/13031;histoire et archéologie_d, sciences sociales interdisciplinaires_d, histoire_t, approches de corpus_t, enquêtes_t, archives_t;Datasets/all_labels_train_gensim_sparse_matrix.npz
archivewk1.hypotheses.org/22067;histoire_d, époque contemporaine_t, 1914-1918_t;Datasets/all_labels_train_gensim_sparse_matrix.npz
dkblog.hypotheses.org/87;histoire_d, histoire_t, époque moderne_t, xviie siècle_t;Datasets/all_labels_train_gensim_sparse_matrix.npz
texperimentales.hypotheses.org/55;linguistique appliquée_d, langue et linguistique_d, langage_t, linguistique_t, information_t, sciences de l'information_t, digital humanities_t;Datasets/all_labels_train_gensim_sparse_matrix.npz
archivewk1.hypotheses.org/21454;histoire_d, époque contemporaine_t, 1914-1918_t;Datasets/all_labels_train_gensim_sparse_matrix.npz
archive20.hypotheses.org/2057;pluridisciplinarité_d, sciences sociales interdisciplinaires_d, histoire_t, information_t, patrimoine_t, monde germanique_t;Datasets/all_labels_train_gensim_sparse_matrix.npz
archivalia.hypotheses.org/10835;histoire et archéologie_d, sciences sociales interdisciplinaires_d, histoire_t, approches de corpus_t, enquêtes_t, archives_t;Datasets/all_labels_train_gensim_sparse_matrix.npz
ordensgeschichte.hypotheses.org/2141;arts et humanités_d, humanités pluridisciplinaires_d, histoire et archéologie_d, histoire et philosophie des sciences_d, histoire_t, haut moyen âge_t, bas moyen âge_t, xviie siècle_t, xviiie siècle_t;Datasets/all_labels_train_gensim_sparse_matrix.npz
archivalia.hypotheses.org/2719;histoire et archéologie_d, sciences sociales interdisciplinaires_d, histoire_t, approches de corpus_t, enquêtes_t, archives_t;Datasets/all_labels_train_gensim_sparse_matrix.npz
dhdhi.hypotheses.org/1744;histoire et archéologie_d, histoire_t, épistémologie et méthodes_t, digital humanities_t;Datasets/all_labels_train_gensim_sparse_matrix.npz
dkblog.hypotheses.org/681;histoire_d, histoire_t, époque moderne_t, xviie siècle_t;Datasets/all_labels_train_gensim_sparse_matrix.npz
archivalia.hypotheses.org/10819;histoire et archéologie_d, sciences sociales interdisciplinaires_d, histoire_t, approches de corpus_t, enquêtes_t, archives_t;Datasets/all_labels_train_gensim_sparse_matrix.npz
archivalia.hypotheses.org/3904;histoire et archéologie_d, sciences sociales interdisciplinaires_d, histoire_t, approches de corpus_t, enquêtes_t, archives_t;Datasets/all_labels_train_gensim_sparse_matrix.npz
archivalia.hypotheses.org/12264;histoire et archéologie_d, sciences sociales interdisciplinaires_d, histoire_t, approches de corpus_t, enquêtes_t, archives_t;Datasets/all_labels_train_gensim_sparse_matrix.npz
archivalia.hypotheses.org/7652;histoire et archéologie_d, sciences sociales interdisciplinaires_d, histoire_t, approches de corpus_t, enquêtes_t, archives_t;Datasets/all_labels_train_gensim_sparse_matrix.npz
edit.hypotheses.org/300;sciences de l'information et bibliothéconomie_d, édition électronique_t, vie de la recherche_t, méthodes de traitement et de représentation_t, digital humanities_t;Datasets/all_labels_train_gensim_sparse_matrix.npz
historischdenken.hypotheses.org/1023;histoire et archéologie_d, histoire_t;Datasets/all_labels_train_gensim_sparse_matrix.npz
histbav.hypotheses.org/3165;humanités pluridisciplinaires_d, histoire_d, pluridisciplinarité_d, histoire_t, monde germanique_t;Datasets/all_labels_train_gensim_sparse_matrix.npz
trivium.hypotheses.org/720;arts et humanités_d, humanités pluridisciplinaires_d, pluridisciplinarité_d, sciences sociales interdisciplinaires_d, représentations_t, histoire culturelle_t, épistémologie et méthodes_t, vie de la recherche_t;Datasets/all_labels_train_gensim_sparse_matrix.npz
historischdenken.hypotheses.org/3035;histoire et archéologie_d, histoire_t;Datasets/all_labels_train_gensim_sparse_matrix.npz
archivewk1.hypotheses.org/6125;histoire_d, époque contemporaine_t, 1914-1918_t;Datasets/all_labels_train_gensim_sparse_matrix.npz
archivewk1.hypotheses.org/5859;histoire_d, époque contemporaine_t, 1914-1918_t;Datasets/all_labels_train_gensim_sparse_matrix.npz
vgdrp.hypotheses.org/232;éducation_d, histoire des sciences sociales_d, histoire_t, histoire économique_t, histoire industrielle_t, histoire urbaine_t, histoire sociale_t;Datasets/all_labels_train_gensim_sparse_matrix.npz
archivalia.hypotheses.org/8225;histoire et archéologie_d, sciences sociales interdisciplinaires_d, histoire_t, approches de corpus_t, enquêtes_t, archives_t;Datasets/all_labels_train_gensim_sparse_matrix.npz
archivewk1.hypotheses.org/6369;histoire_d, époque contemporaine_t, 1914-1918_t;Datasets/all_labels_train_gensim_sparse_matrix.npz
ordensgeschichte.hypotheses.org/5531;arts et humanités_d, humanités pluridisciplinaires_d, histoire et archéologie_d, histoire et philosophie des sciences_d, histoire_t, haut moyen âge_t, bas moyen âge_t, xviie siècle_t, xviiie siècle_t;Datasets/all_labels_train_gensim_sparse_matrix.npz
archivalia.hypotheses.org/57513;histoire et archéologie_d, sciences sociales interdisciplinaires_d, histoire_t, approches de corpus_t, enquêtes_t, archives_t;Datasets/all_labels_train_gensim_sparse_matrix.npz
archivalia.hypotheses.org/7221;histoire et archéologie_d, sciences sociales interdisciplinaires_d, histoire_t, approches de corpus_t, enquêtes_t, archives_t;Datasets/all_labels_train_gensim_sparse_matrix.npz
medienbildung.hypotheses.org/6954;éducation_d, éducation spécialisée_d, travail social_d, sociologie_t, édition électronique_t, histoire et sociologie des médias_t, éducation_t;Datasets/all_labels_train_gensim_sparse_matrix.npz
beruf.hypotheses.org/494;histoire et archéologie_d, histoire_d, histoire_t;Datasets/all_labels_train_gensim_sparse_matrix.npz
soziologieblog.hypotheses.org/6130;sciences sociales interdisciplinaires_d, sociologie et anthropologie_d, sociologie du travail_t, sociologie urbaine_t, sociologie de la culture_t, sociologie économique_t;Datasets/all_labels_train_gensim_sparse_matrix.npz
archivewk1.hypotheses.org/4755;histoire_d, époque contemporaine_t, 1914-1918_t;Datasets/all_labels_train_gensim_sparse_matrix.npz
archivalia.hypotheses.org/9189;histoire et archéologie_d, sciences sociales interdisciplinaires_d, histoire_t, approches de corpus_t, enquêtes_t, archives_t;Datasets/all_labels_train_gensim_sparse_matrix.npz
archivalia.hypotheses.org/10974;histoire et archéologie_d, sciences sociales interdisciplinaires_d, histoire_t, approches de corpus_t, enquêtes_t, archives_t;Datasets/all_labels_train_gensim_sparse_matrix.npz
tagebuch.hypotheses.org/359;histoire et archéologie_d, histoire_d, histoire_t, époque contemporaine_t, 1914-1918_t;Datasets/all_labels_train_gensim_sparse_matrix.npz
resilienz.hypotheses.org/1011;pluridisciplinarité_d, sciences sociales interdisciplinaires_d, études des sciences_t, épistémologie et méthodes_t, vie de la recherche_t, prospectives_t;Datasets/all_labels_train_gensim_sparse_matrix.npz
archivlinz.hypotheses.org/1016;histoire et archéologie_d, histoire_d, histoire urbaine_t, 1914-1918_t, monde germanique_t;Datasets/all_labels_train_gensim_sparse_matrix.npz
gab.hypotheses.org/1533;histoire et archéologie_d, pluridisciplinarité_d, sciences sociales interdisciplinaires_d, études des sciences_t, sociologie des sciences_t, histoire_t;Datasets/all_labels_train_gensim_sparse_matrix.npz
frueheneuzeit.hypotheses.org/854;histoire et archéologie_d, histoire_t, époque moderne_t, xviie siècle_t, xviiie siècle_t, révolution française_t;Datasets/all_labels_train_gensim_sparse_matrix.npz
archivalia.hypotheses.org/14407;histoire et archéologie_d, sciences sociales interdisciplinaires_d, histoire_t, approches de corpus_t, enquêtes_t, archives_t;Datasets/all_labels_train_gensim_sparse_matrix.npz
archivalia.hypotheses.org/58555;histoire et archéologie_d, sciences sociales interdisciplinaires_d, histoire_t, approches de corpus_t, enquêtes_t, archives_t;Datasets/all_labels_train_gensim_sparse_matrix.npz
archivewk1.hypotheses.org/13307;histoire_d, époque contemporaine_t, 1914-1918_t;Datasets/all_labels_train_gensim_sparse_matrix.npz
games.hypotheses.org/531;arts et humanités_d, humanités pluridisciplinaires_d, psychologie expérimentale_d, sciences cognitives_t, psychisme_t, psychologie_t, représentations_t, histoire de l'art_t, études visuelles_t;Datasets/all_labels_train_gensim_sparse_matrix.npz
bioeg.hypotheses.org/1413;histoire et archéologie_d, histoire_d, histoire_t, sciences auxiliaires de l'histoire_t, europe centrale et orientale_t, monde germanique_t;Datasets/all_labels_train_gensim_sparse_matrix.npz
gra.hypotheses.org/635;arts et humanités_d, communication_d, sciences de l'information et bibliothéconomie_d, représentations_t, histoire culturelle_t, histoire de l'art_t, études visuelles_t;Datasets/all_labels_train_gensim_sparse_matrix.npz
unibloggt.hypotheses.org/857;histoire et archéologie_d, pluridisciplinarité_d, histoire_t, information_t;Datasets/all_labels_train_gensim_sparse_matrix.npz
archivewk1.hypotheses.org/7969;histoire_d, époque contemporaine_t, 1914-1918_t;Datasets/all_labels_train_gensim_sparse_matrix.npz
medienbildung.hypotheses.org/6405;éducation_d, éducation spécialisée_d, travail social_d, sociologie_t, édition électronique_t, histoire et sociologie des médias_t, éducation_t;Datasets/all_labels_train_gensim_sparse_matrix.npz
archivalia.hypotheses.org/5435;histoire et archéologie_d, sciences sociales interdisciplinaires_d, histoire_t, approches de corpus_t, enquêtes_t, archives_t;Datasets/all_labels_train_gensim_sparse_matrix.npz
histbav.hypotheses.org/3456;humanités pluridisciplinaires_d, histoire_d, pluridisciplinarité_d, histoire_t, monde germanique_t;Datasets/all_labels_train_gensim_sparse_matrix.npz
zakunibonn.hypotheses.org/1391;histoire_d, psychologie_d, histoire_t, psychisme_t, psychologie_t, méthodes de traitement et de représentation_t, monde germanique_t;Datasets/all_labels_train_gensim_sparse_matrix.npz
archivalia.hypotheses.org/8932;histoire et archéologie_d, sciences sociales interdisciplinaires_d, histoire_t, approches de corpus_t, enquêtes_t, archives_t;Datasets/all_labels_train_gensim_sparse_matrix.npz
dhmuc.hypotheses.org/917;humanités pluridisciplinaires_d, communication_d, pluridisciplinarité_d, sciences sociales interdisciplinaires_d, études des sciences_t, édition électronique_t, digital humanities_t;Datasets/all_labels_train_gensim_sparse_matrix.npz
archivalia.hypotheses.org/6037;histoire et archéologie_d, sciences sociales interdisciplinaires_d, histoire_t, approches de corpus_t, enquêtes_t, archives_t;Datasets/all_labels_train_gensim_sparse_matrix.npz
gab.hypotheses.org/2407;histoire et archéologie_d, pluridisciplinarité_d, sciences sociales interdisciplinaires_d, études des sciences_t, sociologie des sciences_t, histoire_t;Datasets/all_labels_train_gensim_sparse_matrix.npz
archivalia.hypotheses.org/8809;histoire et archéologie_d, sciences sociales interdisciplinaires_d, histoire_t, approches de corpus_t, enquêtes_t, archives_t;Datasets/all_labels_train_gensim_sparse_matrix.npz
archivalia.hypotheses.org/61856;histoire et archéologie_d, sciences sociales interdisciplinaires_d, histoire_t, approches de corpus_t, enquêtes_t, archives_t;Datasets/all_labels_train_gensim_sparse_matrix.npz
archivalia.hypotheses.org/11605;histoire et archéologie_d, sciences sociales interdisciplinaires_d, histoire_t, approches de corpus_t, enquêtes_t, archives_t;Datasets/all_labels_train_gensim_sparse_matrix.npz
archivalia.hypotheses.org/12792;histoire et archéologie_d, sciences sociales interdisciplinaires_d, histoire_t, approches de corpus_t, enquêtes_t, archives_t;Datasets/all_labels_train_gensim_sparse_matrix.npz
antisem19c.hypotheses.org/236;histoire et archéologie_d, histoire sociale_t, prospectives_t;Datasets/all_labels_train_gensim_sparse_matrix.npz
barblog.hypotheses.org/1120;sciences sociales interdisciplinaires_d, sciences politiques_d, sociologie_d, anthropologie politique_t;Datasets/all_labels_train_gensim_sparse_matrix.npz
nordichistoryblog.hypotheses.org/2770;arts et humanités_d, histoire et archéologie_d, histoire_t, édition électronique_t, vie de la recherche_t, approches de corpus_t, enquêtes_t, archives_t, europe_t, pays baltes et scandinaves_t;Datasets/all_labels_train_gensim_sparse_matrix.npz
archivewk1.hypotheses.org/9704;histoire_d, époque contemporaine_t, 1914-1918_t;Datasets/all_labels_train_gensim_sparse_matrix.npz
archivewk1.hypotheses.org/22554;histoire_d, époque contemporaine_t, 1914-1918_t;Datasets/all_labels_train_gensim_sparse_matrix.npz
archivalia.hypotheses.org/12261;histoire et archéologie_d, sciences sociales interdisciplinaires_d, histoire_t, approches de corpus_t, enquêtes_t, archives_t;Datasets/all_labels_train_gensim_sparse_matrix.npz
medienbildung.hypotheses.org/3541;éducation_d, éducation spécialisée_d, travail social_d, sociologie_t, édition électronique_t, histoire et sociologie des médias_t, éducation_t;Datasets/all_labels_train_gensim_sparse_matrix.npz
reichwein.hypotheses.org/1562;histoire et archéologie_d, histoire des sciences_t, 1945-1989_t;Datasets/all_labels_train_gensim_sparse_matrix.npz
ockenheim.hypotheses.org/391;histoire et archéologie_d, archéologie_d, histoire_t, histoire urbaine_t, édition électronique_t, monde germanique_t;Datasets/all_labels_train_gensim_sparse_matrix.npz
archivekod.hypotheses.org/721;religions_d, histoire et archéologie_d, sciences de l'information et de la communication_d, bibliothéconomie_d, communication_d, histoire_t, histoire des religions_t, patrimoine_t;Datasets/all_labels_train_gensim_sparse_matrix.npz
tagebuch.hypotheses.org/696;histoire et archéologie_d, histoire_d, histoire_t, époque contemporaine_t, 1914-1918_t;Datasets/all_labels_train_gensim_sparse_matrix.npz
archivalia.hypotheses.org/4574;histoire et archéologie_d, sciences sociales interdisciplinaires_d, histoire_t, approches de corpus_t, enquêtes_t, archives_t;Datasets/all_labels_train_gensim_sparse_matrix.npz
archivalia.hypotheses.org/8562;histoire et archéologie_d, sciences sociales interdisciplinaires_d, histoire_t, approches de corpus_t, enquêtes_t, archives_t;Datasets/all_labels_train_gensim_sparse_matrix.npz
archivalia.hypotheses.org/8329;histoire et archéologie_d, sciences sociales interdisciplinaires_d, histoire_t, approches de corpus_t, enquêtes_t, archives_t;Datasets/all_labels_train_gensim_sparse_matrix.npz
archivalia.hypotheses.org/10866;histoire et archéologie_d, sciences sociales interdisciplinaires_d, histoire_t, approches de corpus_t, enquêtes_t, archives_t;Datasets/all_labels_train_gensim_sparse_matrix.npz
archivalia.hypotheses.org/6367;histoire et archéologie_d, sciences sociales interdisciplinaires_d, histoire_t, approches de corpus_t, enquêtes_t, archives_t;Datasets/all_labels_train_gensim_sparse_matrix.npz
archivewk1.hypotheses.org/2023;histoire_d, époque contemporaine_t, 1914-1918_t;Datasets/all_labels_train_gensim_sparse_matrix.npz
archivalia.hypotheses.org/7317;histoire et archéologie_d, sciences sociales interdisciplinaires_d, histoire_t, approches de corpus_t, enquêtes_t, archives_t;Datasets/all_labels_train_gensim_sparse_matrix.npz
archivamt.hypotheses.org/2510;communication_d, pluridisciplinarité_d, sciences sociales interdisciplinaires_d, information_t, sciences de l'information_t, représentations_t, patrimoine_t;Datasets/all_labels_train_gensim_sparse_matrix.npz
archivlinz.hypotheses.org/269;histoire et archéologie_d, histoire_d, histoire urbaine_t, 1914-1918_t, monde germanique_t;Datasets/all_labels_train_gensim_sparse_matrix.npz
ordensgeschichte.hypotheses.org/8094;arts et humanités_d, humanités pluridisciplinaires_d, histoire et archéologie_d, histoire et philosophie des sciences_d, histoire_t, haut moyen âge_t, bas moyen âge_t, xviie siècle_t, xviiie siècle_t;Datasets/all_labels_train_gensim_sparse_matrix.npz
archivewk1.hypotheses.org/13423;histoire_d, époque contemporaine_t, 1914-1918_t;Datasets/all_labels_train_gensim_sparse_matrix.npz
archivewk1.hypotheses.org/21637;histoire_d, époque contemporaine_t, 1914-1918_t;Datasets/all_labels_train_gensim_sparse_matrix.npz
archivalia.hypotheses.org/3011;histoire et archéologie_d, sciences sociales interdisciplinaires_d, histoire_t, approches de corpus_t, enquêtes_t, archives_t;Datasets/all_labels_train_gensim_sparse_matrix.npz
19jhdhip.hypotheses.org/2505;histoire_d, époque contemporaine_t, prospectives_t, france_t, monde germanique_t;Datasets/all_labels_train_gensim_sparse_matrix.npz
digitalintellectuals.hypotheses.org/2515;études anciennes_d, histoire et philosophie des sciences_d, pluridisciplinarité_d, littérature_d, histoire intellectuelle_t, approches de corpus_t, enquêtes_t, archives_t, époque moderne_t, prospectives_t, monde germanique_t;Datasets/all_labels_train_gensim_sparse_matrix.npz
archivalia.hypotheses.org/5220;histoire et archéologie_d, sciences sociales interdisciplinaires_d, histoire_t, approches de corpus_t, enquêtes_t, archives_t;Datasets/all_labels_train_gensim_sparse_matrix.npz
archivalia.hypotheses.org/9944;histoire et archéologie_d, sciences sociales interdisciplinaires_d, histoire_t, approches de corpus_t, enquêtes_t, archives_t;Datasets/all_labels_train_gensim_sparse_matrix.npz
archivalia.hypotheses.org/9961;histoire et archéologie_d, sciences sociales interdisciplinaires_d, histoire_t, approches de corpus_t, enquêtes_t, archives_t;Datasets/all_labels_train_gensim_sparse_matrix.npz
metablock.hypotheses.org/46;sciences sociales interdisciplinaires_d, linguistique appliquée_d, langue et linguistique_d, sociologie des sciences_t, langage_t, linguistique_t, édition électronique_t, histoire et sociologie des médias_t;Datasets/all_labels_train_gensim_sparse_matrix.npz
catholiccultures.hypotheses.org/465;histoire et archéologie_d, histoire des sciences sociales_d, sciences sociales interdisciplinaires_d, sociologie et anthropologie_d, histoire_t, histoire sociale_t, histoire des religions_t, époque moderne_t;Datasets/all_labels_train_gensim_sparse_matrix.npz
gab.hypotheses.org/2213;histoire et archéologie_d, pluridisciplinarité_d, sciences sociales interdisciplinaires_d, études des sciences_t, sociologie des sciences_t, histoire_t;Datasets/all_labels_train_gensim_sparse_matrix.npz
ludite.hypotheses.org/390;arts et humanités_d, histoire et archéologie_d, histoire sociale_t, histoire culturelle_t, haut moyen âge_t, bas moyen âge_t;Datasets/all_labels_train_gensim_sparse_matrix.npz
histbav.hypotheses.org/4462;humanités pluridisciplinaires_d, histoire_d, pluridisciplinarité_d, histoire_t, monde germanique_t;Datasets/all_labels_train_gensim_sparse_matrix.npz
liparchiv.hypotheses.org/472;histoire et archéologie_d, sciences politiques_d, administration publique et développement_d, histoire urbaine_t, patrimoine_t, sciences auxiliaires de l'histoire_t, approches de corpus_t, enquêtes_t, archives_t, europe_t;Datasets/all_labels_train_gensim_sparse_matrix.npz
leibnizarc.hypotheses.org/208;éducation_d, histoire et archéologie_d, sciences de l'information et bibliothéconomie_d, études des sciences_t, histoire industrielle_t, histoire de l'art_t;Datasets/all_labels_train_gensim_sparse_matrix.npz
archivalia.hypotheses.org/2129;histoire et archéologie_d, sciences sociales interdisciplinaires_d, histoire_t, approches de corpus_t, enquêtes_t, archives_t;Datasets/all_labels_train_gensim_sparse_matrix.npz
beruf.hypotheses.org/279;histoire et archéologie_d, histoire_d, histoire_t;Datasets/all_labels_train_gensim_sparse_matrix.npz
dwgd.hypotheses.org/486;éducation_d, histoire_d, histoire des sciences sociales_d, histoire_t, éducation_t, sciences de l'éducation_t;Datasets/all_labels_train_gensim_sparse_matrix.npz
nordichistoryblog.hypotheses.org/2051;arts et humanités_d, histoire et archéologie_d, histoire_t, édition électronique_t, vie de la recherche_t, approches de corpus_t, enquêtes_t, archives_t, europe_t, pays baltes et scandinaves_t;Datasets/all_labels_train_gensim_sparse_matrix.npz
texperimentales.hypotheses.org/1440;linguistique appliquée_d, langue et linguistique_d, langage_t, linguistique_t, information_t, sciences de l'information_t, digital humanities_t;Datasets/all_labels_train_gensim_sparse_matrix.npz
dkblog.hypotheses.org/1001;histoire_d, histoire_t, époque moderne_t, xviie siècle_t;Datasets/all_labels_train_gensim_sparse_matrix.npz
archivalia.hypotheses.org/12728;histoire et archéologie_d, sciences sociales interdisciplinaires_d, histoire_t, approches de corpus_t, enquêtes_t, archives_t;Datasets/all_labels_train_gensim_sparse_matrix.npz
archivalia.hypotheses.org/5827;histoire et archéologie_d, sciences sociales interdisciplinaires_d, histoire_t, approches de corpus_t, enquêtes_t, archives_t;Datasets/all_labels_train_gensim_sparse_matrix.npz
aktenkunde.hypotheses.org/565;histoire_d, histoire_t, sciences auxiliaires de l'histoire_t;Datasets/all_labels_train_gensim_sparse_matrix.npz
francofil.hypotheses.org/1870;pluridisciplinarité_d, sciences sociales interdisciplinaires_d, histoire_t, épistémologie et méthodes_t, approches de corpus_t, enquêtes_t, archives_t, france_t;Datasets/all_labels_train_gensim_sparse_matrix.npz
archivalia.hypotheses.org/56404;histoire et archéologie_d, sciences sociales interdisciplinaires_d, histoire_t, approches de corpus_t, enquêtes_t, archives_t;Datasets/all_labels_train_gensim_sparse_matrix.npz
archivamt.hypotheses.org/1621;communication_d, pluridisciplinarité_d, sciences sociales interdisciplinaires_d, information_t, sciences de l'information_t, représentations_t, patrimoine_t;Datasets/all_labels_train_gensim_sparse_matrix.npz
archivalia.hypotheses.org/3572;histoire et archéologie_d, sciences sociales interdisciplinaires_d, histoire_t, approches de corpus_t, enquêtes_t, archives_t;Datasets/all_labels_train_gensim_sparse_matrix.npz
inklusion.hypotheses.org/2150;éducation_d, travail social et politique sociale_d, sociologie du travail_t, âges de la vie_t, information_t, sciences de l'éducation_t;Datasets/all_labels_train_gensim_sparse_matrix.npz
archivalia.hypotheses.org/2707;histoire et archéologie_d, sciences sociales interdisciplinaires_d, histoire_t, approches de corpus_t, enquêtes_t, archives_t;Datasets/all_labels_train_gensim_sparse_matrix.npz
archivalia.hypotheses.org/56568;histoire et archéologie_d, sciences sociales interdisciplinaires_d, histoire_t, approches de corpus_t, enquêtes_t, archives_t;Datasets/all_labels_train_gensim_sparse_matrix.npz
reichwein.hypotheses.org/1411;histoire et archéologie_d, histoire des sciences_t, 1945-1989_t;Datasets/all_labels_train_gensim_sparse_matrix.npz
archivalia.hypotheses.org/3117;histoire et archéologie_d, sciences sociales interdisciplinaires_d, histoire_t, approches de corpus_t, enquêtes_t, archives_t;Datasets/all_labels_train_gensim_sparse_matrix.npz
bloghaus.hypotheses.org/1182;pluridisciplinarité_d, sciences sociales interdisciplinaires_d, information_t, digital humanities_t;Datasets/all_labels_train_gensim_sparse_matrix.npz
archivalia.hypotheses.org/13883;histoire et archéologie_d, sciences sociales interdisciplinaires_d, histoire_t, approches de corpus_t, enquêtes_t, archives_t;Datasets/all_labels_train_gensim_sparse_matrix.npz
amuc.hypotheses.org/2199;humanités pluridisciplinaires_d, histoire_d, histoire_t, représentations_t, patrimoine_t;Datasets/all_labels_train_gensim_sparse_matrix.npz
reichwein.hypotheses.org/1347;histoire et archéologie_d, histoire des sciences_t, 1945-1989_t;Datasets/all_labels_train_gensim_sparse_matrix.npz
soziologieblog.hypotheses.org/4214;sciences sociales interdisciplinaires_d, sociologie et anthropologie_d, sociologie du travail_t, sociologie urbaine_t, sociologie de la culture_t, sociologie économique_t;Datasets/all_labels_train_gensim_sparse_matrix.npz
archivalia.hypotheses.org/9678;histoire et archéologie_d, sciences sociales interdisciplinaires_d, histoire_t, approches de corpus_t, enquêtes_t, archives_t;Datasets/all_labels_train_gensim_sparse_matrix.npz
archivalia.hypotheses.org/60302;histoire et archéologie_d, sciences sociales interdisciplinaires_d, histoire_t, approches de corpus_t, enquêtes_t, archives_t;Datasets/all_labels_train_gensim_sparse_matrix.npz
archivalia.hypotheses.org/6481;histoire et archéologie_d, sciences sociales interdisciplinaires_d, histoire_t, approches de corpus_t, enquêtes_t, archives_t;Datasets/all_labels_train_gensim_sparse_matrix.npz
francofil.hypotheses.org/1982;pluridisciplinarité_d, sciences sociales interdisciplinaires_d, histoire_t, épistémologie et méthodes_t, approches de corpus_t, enquêtes_t, archives_t, france_t;Datasets/all_labels_train_gensim_sparse_matrix.npz
archivalia.hypotheses.org/442;histoire et archéologie_d, sciences sociales interdisciplinaires_d, histoire_t, approches de corpus_t, enquêtes_t, archives_t;Datasets/all_labels_train_gensim_sparse_matrix.npz
dhdhi.hypotheses.org/1173;histoire et archéologie_d, histoire_t, épistémologie et méthodes_t, digital humanities_t;Datasets/all_labels_train_gensim_sparse_matrix.npz
archivewk1.hypotheses.org/12750;histoire_d, époque contemporaine_t, 1914-1918_t;Datasets/all_labels_train_gensim_sparse_matrix.npz
redaktionsblog.hypotheses.org/2183;arts et humanités_d, humanités pluridisciplinaires_d, épistémologie et méthodes_t, digital humanities_t;Datasets/all_labels_train_gensim_sparse_matrix.npz
archivalia.hypotheses.org/1352;histoire et archéologie_d, sciences sociales interdisciplinaires_d, histoire_t, approches de corpus_t, enquêtes_t, archives_t;Datasets/all_labels_train_gensim_sparse_matrix.npz
trafo.hypotheses.org/5356;pluridisciplinarité_d, sciences sociales interdisciplinaires_d, études régionales_d, sociologie_t, sociologie des religions_t, information_t, histoire culturelle_t;Datasets/all_labels_train_gensim_sparse_matrix.npz
soziologieblog.hypotheses.org/9918;sciences sociales interdisciplinaires_d, sociologie et anthropologie_d, sociologie du travail_t, sociologie urbaine_t, sociologie de la culture_t, sociologie économique_t;Datasets/all_labels_train_gensim_sparse_matrix.npz
archivalia.hypotheses.org/59601;histoire et archéologie_d, sciences sociales interdisciplinaires_d, histoire_t, approches de corpus_t, enquêtes_t, archives_t;Datasets/all_labels_train_gensim_sparse_matrix.npz
archivalia.hypotheses.org/9896;histoire et archéologie_d, sciences sociales interdisciplinaires_d, histoire_t, approches de corpus_t, enquêtes_t, archives_t;Datasets/all_labels_train_gensim_sparse_matrix.npz
archivalia.hypotheses.org/9079;histoire et archéologie_d, sciences sociales interdisciplinaires_d, histoire_t, approches de corpus_t, enquêtes_t, archives_t;Datasets/all_labels_train_gensim_sparse_matrix.npz
frueheneuzeit.hypotheses.org/1304;histoire et archéologie_d, histoire_t, époque moderne_t, xviie siècle_t, xviiie siècle_t, révolution française_t;Datasets/all_labels_train_gensim_sparse_matrix.npz
wwc.hypotheses.org/586;humanités pluridisciplinaires_d, pluridisciplinarité_d, études régionales_d, relations internationales_t, information_t, représentations_t;Datasets/all_labels_train_gensim_sparse_matrix.npz
schotten.hypotheses.org/1028;religions_d, histoire et archéologie_d, sciences de l'information et de la communication_d, bibliothéconomie_d, histoire_t, histoire des religions_t, approches de corpus_t, enquêtes_t, archives_t, monde germanique_t;Datasets/all_labels_train_gensim_sparse_matrix.npz
heraldica.hypotheses.org/4855;histoire_d, histoire_t, historiographie_t, sciences auxiliaires de l'histoire_t, moyen âge_t, haut moyen âge_t;Datasets/all_labels_train_gensim_sparse_matrix.npz
ordensgeschichte.hypotheses.org/4541;arts et humanités_d, humanités pluridisciplinaires_d, histoire et archéologie_d, histoire et philosophie des sciences_d, histoire_t, haut moyen âge_t, bas moyen âge_t, xviie siècle_t, xviiie siècle_t;Datasets/all_labels_train_gensim_sparse_matrix.npz
archivalia.hypotheses.org/4731;histoire et archéologie_d, sciences sociales interdisciplinaires_d, histoire_t, approches de corpus_t, enquêtes_t, archives_t;Datasets/all_labels_train_gensim_sparse_matrix.npz
archivewk1.hypotheses.org/11614;histoire_d, époque contemporaine_t, 1914-1918_t;Datasets/all_labels_train_gensim_sparse_matrix.npz
archivalia.hypotheses.org/4113;histoire et archéologie_d, sciences sociales interdisciplinaires_d, histoire_t, approches de corpus_t, enquêtes_t, archives_t;Datasets/all_labels_train_gensim_sparse_matrix.npz
archivalia.hypotheses.org/10379;histoire et archéologie_d, sciences sociales interdisciplinaires_d, histoire_t, approches de corpus_t, enquêtes_t, archives_t;Datasets/all_labels_train_gensim_sparse_matrix.npz
wwc.hypotheses.org/63;humanités pluridisciplinaires_d, pluridisciplinarité_d, études régionales_d, relations internationales_t, information_t, représentations_t;Datasets/all_labels_train_gensim_sparse_matrix.npz
archivewk1.hypotheses.org/8358;histoire_d, époque contemporaine_t, 1914-1918_t;Datasets/all_labels_train_gensim_sparse_matrix.npz
intersex.hypotheses.org/2237;histoire_d, biomédecine_d, étude des genres_t, histoire des sciences_t, histoire_t, histoire du droit_t, moyen âge_t, xxie siècle_t;Datasets/all_labels_train_gensim_sparse_matrix.npz
archivalia.hypotheses.org/9148;histoire et archéologie_d, sciences sociales interdisciplinaires_d, histoire_t, approches de corpus_t, enquêtes_t, archives_t;Datasets/all_labels_train_gensim_sparse_matrix.npz
revolt.hypotheses.org/1356;histoire_d, pluridisciplinarité_d, littérature_d, histoire et sociologie des médias_t, époque moderne_t, europe_t;Datasets/all_labels_train_gensim_sparse_matrix.npz
archivewk1.hypotheses.org/4212;histoire_d, époque contemporaine_t, 1914-1918_t;Datasets/all_labels_train_gensim_sparse_matrix.npz
archivalia.hypotheses.org/5874;histoire et archéologie_d, sciences sociales interdisciplinaires_d, histoire_t, approches de corpus_t, enquêtes_t, archives_t;Datasets/all_labels_train_gensim_sparse_matrix.npz
dkblog.hypotheses.org/670;histoire_d, histoire_t, époque moderne_t, xviie siècle_t;Datasets/all_labels_train_gensim_sparse_matrix.npz
archivalia.hypotheses.org/7550;histoire et archéologie_d, sciences sociales interdisciplinaires_d, histoire_t, approches de corpus_t, enquêtes_t, archives_t;Datasets/all_labels_train_gensim_sparse_matrix.npz
archivalia.hypotheses.org/4637;histoire et archéologie_d, sciences sociales interdisciplinaires_d, histoire_t, approches de corpus_t, enquêtes_t, archives_t;Datasets/all_labels_train_gensim_sparse_matrix.npz
archivalia.hypotheses.org/2591;histoire et archéologie_d, sciences sociales interdisciplinaires_d, histoire_t, approches de corpus_t, enquêtes_t, archives_t;Datasets/all_labels_train_gensim_sparse_matrix.npz
archivewk1.hypotheses.org/28984;histoire_d, époque contemporaine_t, 1914-1918_t;Datasets/all_labels_train_gensim_sparse_matrix.npz
archivalia.hypotheses.org/7475;histoire et archéologie_d, sciences sociales interdisciplinaires_d, histoire_t, approches de corpus_t, enquêtes_t, archives_t;Datasets/all_labels_train_gensim_sparse_matrix.npz
archivalia.hypotheses.org/283;histoire et archéologie_d, sciences sociales interdisciplinaires_d, histoire_t, approches de corpus_t, enquêtes_t, archives_t;Datasets/all_labels_train_gensim_sparse_matrix.npz
archivewk1.hypotheses.org/22307;histoire_d, époque contemporaine_t, 1914-1918_t;Datasets/all_labels_train_gensim_sparse_matrix.npz
archivalia.hypotheses.org/58261;histoire et archéologie_d, sciences sociales interdisciplinaires_d, histoire_t, approches de corpus_t, enquêtes_t, archives_t;Datasets/all_labels_train_gensim_sparse_matrix.npz
dgl.hypotheses.org/435;éducation spécialisée_d, histoire_d, histoire_t, histoire et sociologie des médias_t, éducation_t;Datasets/all_labels_train_gensim_sparse_matrix.npz
archivalia.hypotheses.org/4868;histoire et archéologie_d, sciences sociales interdisciplinaires_d, histoire_t, approches de corpus_t, enquêtes_t, archives_t;Datasets/all_labels_train_gensim_sparse_matrix.npz
liparchiv.hypotheses.org/856;histoire et archéologie_d, sciences politiques_d, administration publique et développement_d, histoire urbaine_t, patrimoine_t, sciences auxiliaires de l'histoire_t, approches de corpus_t, enquêtes_t, archives_t, europe_t;Datasets/all_labels_train_gensim_sparse_matrix.npz
archivalia.hypotheses.org/6019;histoire et archéologie_d, sciences sociales interdisciplinaires_d, histoire_t, approches de corpus_t, enquêtes_t, archives_t;Datasets/all_labels_train_gensim_sparse_matrix.npz
archivalia.hypotheses.org/3221;histoire et archéologie_d, sciences sociales interdisciplinaires_d, histoire_t, approches de corpus_t, enquêtes_t, archives_t;Datasets/all_labels_train_gensim_sparse_matrix.npz
tagebuch.hypotheses.org/994;histoire et archéologie_d, histoire_d, histoire_t, époque contemporaine_t, 1914-1918_t;Datasets/all_labels_train_gensim_sparse_matrix.npz
archive20.hypotheses.org/636;pluridisciplinarité_d, sciences sociales interdisciplinaires_d, histoire_t, information_t, patrimoine_t, monde germanique_t;Datasets/all_labels_train_gensim_sparse_matrix.npz
archivalia.hypotheses.org/309;histoire et archéologie_d, sciences sociales interdisciplinaires_d, histoire_t, approches de corpus_t, enquêtes_t, archives_t;Datasets/all_labels_train_gensim_sparse_matrix.npz
rkb.hypotheses.org/256;arts et humanités_d, communication_d, sciences de l'information et bibliothéconomie_d, sociologie des sciences_t, édition électronique_t, histoire et sociologie des médias_t;Datasets/all_labels_train_gensim_sparse_matrix.npz
archivalia.hypotheses.org/5004;histoire et archéologie_d, sciences sociales interdisciplinaires_d, histoire_t, approches de corpus_t, enquêtes_t, archives_t;Datasets/all_labels_train_gensim_sparse_matrix.npz
archivalia.hypotheses.org/5319;histoire et archéologie_d, sciences sociales interdisciplinaires_d, histoire_t, approches de corpus_t, enquêtes_t, archives_t;Datasets/all_labels_train_gensim_sparse_matrix.npz
zwopktnull.hypotheses.org/41;éducation_d, histoire_t, représentations_t;Datasets/all_labels_train_gensim_sparse_matrix.npz
archivewk1.hypotheses.org/9784;histoire_d, époque contemporaine_t, 1914-1918_t;Datasets/all_labels_train_gensim_sparse_matrix.npz
games.hypotheses.org/1832;arts et humanités_d, humanités pluridisciplinaires_d, psychologie expérimentale_d, sciences cognitives_t, psychisme_t, psychologie_t, représentations_t, histoire de l'art_t, études visuelles_t;Datasets/all_labels_train_gensim_sparse_matrix.npz
amuc.hypotheses.org/604;humanités pluridisciplinaires_d, histoire_d, histoire_t, représentations_t, patrimoine_t;Datasets/all_labels_train_gensim_sparse_matrix.npz
inklusion.hypotheses.org/532;éducation_d, travail social et politique sociale_d, sociologie du travail_t, âges de la vie_t, information_t, sciences de l'éducation_t;Datasets/all_labels_train_gensim_sparse_matrix.npz
histbav.hypotheses.org/2998;humanités pluridisciplinaires_d, histoire_d, pluridisciplinarité_d, histoire_t, monde germanique_t;Datasets/all_labels_train_gensim_sparse_matrix.npz
erinnern.hypotheses.org/103;éducation et sciences de l'éducation_d, histoire_d, histoire_t, éducation_t, 1918-1939_t, 1939-1945_t, 1945-1989_t;Datasets/all_labels_train_gensim_sparse_matrix.npz
archivalia.hypotheses.org/7275;histoire et archéologie_d, sciences sociales interdisciplinaires_d, histoire_t, approches de corpus_t, enquêtes_t, archives_t;Datasets/all_labels_train_gensim_sparse_matrix.npz
ordensgeschichte.hypotheses.org/945;arts et humanités_d, humanités pluridisciplinaires_d, histoire et archéologie_d, histoire et philosophie des sciences_d, histoire_t, haut moyen âge_t, bas moyen âge_t, xviie siècle_t, xviiie siècle_t;Datasets/all_labels_train_gensim_sparse_matrix.npz
archivewk1.hypotheses.org/14309;histoire_d, époque contemporaine_t, 1914-1918_t;Datasets/all_labels_train_gensim_sparse_matrix.npz
archivalia.hypotheses.org/1359;histoire et archéologie_d, sciences sociales interdisciplinaires_d, histoire_t, approches de corpus_t, enquêtes_t, archives_t;Datasets/all_labels_train_gensim_sparse_matrix.npz
archivewk1.hypotheses.org/16858;histoire_d, époque contemporaine_t, 1914-1918_t;Datasets/all_labels_train_gensim_sparse_matrix.npz
mittelalter.hypotheses.org/3535;humanités pluridisciplinaires_d, religions_d, histoire_d, sociologie_d, histoire_t, histoire sociale_t, histoire intellectuelle_t, moyen âge_t, haut moyen âge_t, bas moyen âge_t;Datasets/all_labels_train_gensim_sparse_matrix.npz
soziologieblog.hypotheses.org/2987;sciences sociales interdisciplinaires_d, sociologie et anthropologie_d, sociologie du travail_t, sociologie urbaine_t, sociologie de la culture_t, sociologie économique_t;Datasets/all_labels_train_gensim_sparse_matrix.npz
archivalia.hypotheses.org/8307;histoire et archéologie_d, sciences sociales interdisciplinaires_d, histoire_t, approches de corpus_t, enquêtes_t, archives_t;Datasets/all_labels_train_gensim_sparse_matrix.npz
archivalia.hypotheses.org/8734;histoire et archéologie_d, sciences sociales interdisciplinaires_d, histoire_t, approches de corpus_t, enquêtes_t, archives_t;Datasets/all_labels_train_gensim_sparse_matrix.npz
archivalia.hypotheses.org/5928;histoire et archéologie_d, sciences sociales interdisciplinaires_d, histoire_t, approches de corpus_t, enquêtes_t, archives_t;Datasets/all_labels_train_gensim_sparse_matrix.npz
zakunibonn.hypotheses.org/1162;histoire_d, psychologie_d, histoire_t, psychisme_t, psychologie_t, méthodes de traitement et de représentation_t, monde germanique_t;Datasets/all_labels_train_gensim_sparse_matrix.npz
archivewk1.hypotheses.org/14481;histoire_d, époque contemporaine_t, 1914-1918_t;Datasets/all_labels_train_gensim_sparse_matrix.npz
speyermemo.hypotheses.org/2688;histoire_d, pluridisciplinarité_d, sciences sociales interdisciplinaires_d, sociologie de la culture_t, histoire_t, 1939-1945_t, europe_t;Datasets/all_labels_train_gensim_sparse_matrix.npz
dfmfa.hypotheses.org/1453;humanités pluridisciplinaires_d, sciences sociales interdisciplinaires_d, histoire_t, moyen âge_t, haut moyen âge_t, bas moyen âge_t;Datasets/all_labels_train_gensim_sparse_matrix.npz
archivalia.hypotheses.org/2927;histoire et archéologie_d, sciences sociales interdisciplinaires_d, histoire_t, approches de corpus_t, enquêtes_t, archives_t;Datasets/all_labels_train_gensim_sparse_matrix.npz
reichtum.hypotheses.org/199;économie_d, économie_d, histoire_d, histoire économique_t, histoire sociale_t;Datasets/all_labels_train_gensim_sparse_matrix.npz
archivalia.hypotheses.org/13663;histoire et archéologie_d, sciences sociales interdisciplinaires_d, histoire_t, approches de corpus_t, enquêtes_t, archives_t;Datasets/all_labels_train_gensim_sparse_matrix.npz
inklusion.hypotheses.org/1539;éducation_d, travail social et politique sociale_d, sociologie du travail_t, âges de la vie_t, information_t, sciences de l'éducation_t;Datasets/all_labels_train_gensim_sparse_matrix.npz
archivalia.hypotheses.org/13958;histoire et archéologie_d, sciences sociales interdisciplinaires_d, histoire_t, approches de corpus_t, enquêtes_t, archives_t;Datasets/all_labels_train_gensim_sparse_matrix.npz
dislab.hypotheses.org/2738;sciences sociales interdisciplinaires_d, langue et linguistique_d, sociologie des sciences_t, linguistique_t;Datasets/all_labels_train_gensim_sparse_matrix.npz
archivewk1.hypotheses.org/27580;histoire_d, époque contemporaine_t, 1914-1918_t;Datasets/all_labels_train_gensim_sparse_matrix.npz
archivalia.hypotheses.org/968;histoire et archéologie_d, sciences sociales interdisciplinaires_d, histoire_t, approches de corpus_t, enquêtes_t, archives_t;Datasets/all_labels_train_gensim_sparse_matrix.npz
archivalia.hypotheses.org/6055;histoire et archéologie_d, sciences sociales interdisciplinaires_d, histoire_t, approches de corpus_t, enquêtes_t, archives_t;Datasets/all_labels_train_gensim_sparse_matrix.npz
tagebuch.hypotheses.org/600;histoire et archéologie_d, histoire_d, histoire_t, époque contemporaine_t, 1914-1918_t;Datasets/all_labels_train_gensim_sparse_matrix.npz
frueheneuzeit.hypotheses.org/1340;histoire et archéologie_d, histoire_t, époque moderne_t, xviie siècle_t, xviiie siècle_t, révolution française_t;Datasets/all_labels_train_gensim_sparse_matrix.npz
archivalia.hypotheses.org/8420;histoire et archéologie_d, sciences sociales interdisciplinaires_d, histoire_t, approches de corpus_t, enquêtes_t, archives_t;Datasets/all_labels_train_gensim_sparse_matrix.npz
archivalia.hypotheses.org/3243;histoire et archéologie_d, sciences sociales interdisciplinaires_d, histoire_t, approches de corpus_t, enquêtes_t, archives_t;Datasets/all_labels_train_gensim_sparse_matrix.npz
kriegsfoto.hypotheses.org/139;arts_d, histoire_d, communication_d, guerres_t, conflits_t, violence_t, études visuelles_t, époque contemporaine_t, europe centrale et orientale_t;Datasets/all_labels_train_gensim_sparse_matrix.npz
archivalia.hypotheses.org/13127;histoire et archéologie_d, sciences sociales interdisciplinaires_d, histoire_t, approches de corpus_t, enquêtes_t, archives_t;Datasets/all_labels_train_gensim_sparse_matrix.npz
trafo.hypotheses.org/4394;pluridisciplinarité_d, sciences sociales interdisciplinaires_d, études régionales_d, sociologie_t, sociologie des religions_t, information_t, histoire culturelle_t;Datasets/all_labels_train_gensim_sparse_matrix.npz
histbav.hypotheses.org/4395;humanités pluridisciplinaires_d, histoire_d, pluridisciplinarité_d, histoire_t, monde germanique_t;Datasets/all_labels_train_gensim_sparse_matrix.npz
hofkultur.hypotheses.org/373;arts et humanités_d, histoire_d, histoire sociale_t, histoire culturelle_t, histoire de l'art_t;Datasets/all_labels_train_gensim_sparse_matrix.npz
archivewk1.hypotheses.org/10643;histoire_d, époque contemporaine_t, 1914-1918_t;Datasets/all_labels_train_gensim_sparse_matrix.npz
ordensgeschichte.hypotheses.org/9721;arts et humanités_d, humanités pluridisciplinaires_d, histoire et archéologie_d, histoire et philosophie des sciences_d, histoire_t, haut moyen âge_t, bas moyen âge_t, xviie siècle_t, xviiie siècle_t;Datasets/all_labels_train_gensim_sparse_matrix.npz
archivalia.hypotheses.org/12256;histoire et archéologie_d, sciences sociales interdisciplinaires_d, histoire_t, approches de corpus_t, enquêtes_t, archives_t;Datasets/all_labels_train_gensim_sparse_matrix.npz
archivalia.hypotheses.org/1179;histoire et archéologie_d, sciences sociales interdisciplinaires_d, histoire_t, approches de corpus_t, enquêtes_t, archives_t;Datasets/all_labels_train_gensim_sparse_matrix.npz
dighist.hypotheses.org/758;histoire_d, sciences sociales interdisciplinaires_d, études sur la famille_d, sociologie_d, histoire urbaine_t, histoire sociale_t, europe centrale et orientale_t;Datasets/all_labels_train_gensim_sparse_matrix.npz
archivalia.hypotheses.org/61027;histoire et archéologie_d, sciences sociales interdisciplinaires_d, histoire_t, approches de corpus_t, enquêtes_t, archives_t;Datasets/all_labels_train_gensim_sparse_matrix.npz
dokunstlmu.hypotheses.org/627;arts et humanités_d, histoire intellectuelle_t;Datasets/all_labels_train_gensim_sparse_matrix.npz
mittelalter.hypotheses.org/3721;humanités pluridisciplinaires_d, religions_d, histoire_d, sociologie_d, histoire_t, histoire sociale_t, histoire intellectuelle_t, moyen âge_t, haut moyen âge_t, bas moyen âge_t;Datasets/all_labels_train_gensim_sparse_matrix.npz
kinder.hypotheses.org/1354;éducation et sciences de l'éducation_d, études sur la famille_d, âges de la vie_t, sciences de l'éducation_t;Datasets/all_labels_train_gensim_sparse_matrix.npz
umstrittenesgedaechtnis.hypotheses.org/156;arts et humanités_d, histoire et archéologie_d, représentations_t, époque contemporaine_t;Datasets/all_labels_train_gensim_sparse_matrix.npz
archivewk1.hypotheses.org/7655;histoire_d, époque contemporaine_t, 1914-1918_t;Datasets/all_labels_train_gensim_sparse_matrix.npz
archivalia.hypotheses.org/9814;histoire et archéologie_d, sciences sociales interdisciplinaires_d, histoire_t, approches de corpus_t, enquêtes_t, archives_t;Datasets/all_labels_train_gensim_sparse_matrix.npz
dtforum.hypotheses.org/418;arts et humanités_d, histoire_t, représentations_t, histoire de l'art_t;Datasets/all_labels_train_gensim_sparse_matrix.npz
archivalia.hypotheses.org/62479;histoire et archéologie_d, sciences sociales interdisciplinaires_d, histoire_t, approches de corpus_t, enquêtes_t, archives_t;Datasets/all_labels_train_gensim_sparse_matrix.npz
archivamt.hypotheses.org/1690;communication_d, pluridisciplinarité_d, sciences sociales interdisciplinaires_d, information_t, sciences de l'information_t, représentations_t, patrimoine_t;Datasets/all_labels_train_gensim_sparse_matrix.npz
barblog.hypotheses.org/878;sciences sociales interdisciplinaires_d, sciences politiques_d, sociologie_d, anthropologie politique_t;Datasets/all_labels_train_gensim_sparse_matrix.npz
archive20.hypotheses.org/1296;pluridisciplinarité_d, sciences sociales interdisciplinaires_d, histoire_t, information_t, patrimoine_t, monde germanique_t;Datasets/all_labels_train_gensim_sparse_matrix.npz
trafo.hypotheses.org/3518;pluridisciplinarité_d, sciences sociales interdisciplinaires_d, études régionales_d, sociologie_t, sociologie des religions_t, information_t, histoire culturelle_t;Datasets/all_labels_train_gensim_sparse_matrix.npz
speyermemo.hypotheses.org/1483;histoire_d, pluridisciplinarité_d, sciences sociales interdisciplinaires_d, sociologie de la culture_t, histoire_t, 1939-1945_t, europe_t;Datasets/all_labels_train_gensim_sparse_matrix.npz
archivalia.hypotheses.org/53165;histoire et archéologie_d, sciences sociales interdisciplinaires_d, histoire_t, approches de corpus_t, enquêtes_t, archives_t;Datasets/all_labels_train_gensim_sparse_matrix.npz
archivalia.hypotheses.org/9818;histoire et archéologie_d, sciences sociales interdisciplinaires_d, histoire_t, approches de corpus_t, enquêtes_t, archives_t;Datasets/all_labels_train_gensim_sparse_matrix.npz
gewalt.hypotheses.org/607;sciences politiques_d, sociologie_d, sociologie_t, sociologie urbaine_t, anthropologie politique_t, histoire urbaine_t, guerres_t, conflits_t, violence_t;Datasets/all_labels_train_gensim_sparse_matrix.npz
medienbildung.hypotheses.org/676;éducation_d, éducation spécialisée_d, travail social_d, sociologie_t, édition électronique_t, histoire et sociologie des médias_t, éducation_t;Datasets/all_labels_train_gensim_sparse_matrix.npz
avantmusic.hypotheses.org/86;musique_d, europe_t, monde germanique_t, histoire culturelle_t, histoire de l'art_t;Datasets/all_labels_train_gensim_sparse_matrix.npz
philophiso.hypotheses.org/384;philosophie_d, éducation_d, éducation spécialisée_d, pensée_t, philosophie_t, représentations_t, patrimoine_t;Datasets/all_labels_train_gensim_sparse_matrix.npz
aes.hypotheses.org/240;histoire_t, religions_t;Datasets/all_labels_train_gensim_sparse_matrix.npz
archivalia.hypotheses.org/472;histoire et archéologie_d, sciences sociales interdisciplinaires_d, histoire_t, approches de corpus_t, enquêtes_t, archives_t;Datasets/all_labels_train_gensim_sparse_matrix.npz
archivalia.hypotheses.org/912;histoire et archéologie_d, sciences sociales interdisciplinaires_d, histoire_t, approches de corpus_t, enquêtes_t, archives_t;Datasets/all_labels_train_gensim_sparse_matrix.npz
archivewk1.hypotheses.org/34722;histoire_d, époque contemporaine_t, 1914-1918_t;Datasets/all_labels_train_gensim_sparse_matrix.npz
archivalia.hypotheses.org/565;histoire et archéologie_d, sciences sociales interdisciplinaires_d, histoire_t, approches de corpus_t, enquêtes_t, archives_t;Datasets/all_labels_train_gensim_sparse_matrix.npz
wwc.hypotheses.org/1459;humanités pluridisciplinaires_d, pluridisciplinarité_d, études régionales_d, relations internationales_t, information_t, représentations_t;Datasets/all_labels_train_gensim_sparse_matrix.npz
kinder.hypotheses.org/812;éducation et sciences de l'éducation_d, études sur la famille_d, âges de la vie_t, sciences de l'éducation_t;Datasets/all_labels_train_gensim_sparse_matrix.npz
frueheneuzeit.hypotheses.org/1716;histoire et archéologie_d, histoire_t, époque moderne_t, xviie siècle_t, xviiie siècle_t, révolution française_t;Datasets/all_labels_train_gensim_sparse_matrix.npz
tagebuch.hypotheses.org/742;histoire et archéologie_d, histoire_d, histoire_t, époque contemporaine_t, 1914-1918_t;Datasets/all_labels_train_gensim_sparse_matrix.npz
lvrafz.hypotheses.org/2071;pluridisciplinarité_d, information_t;Datasets/all_labels_train_gensim_sparse_matrix.npz
lvrafz.hypotheses.org/1515;pluridisciplinarité_d, information_t;Datasets/all_labels_train_gensim_sparse_matrix.npz
mittelalter.hypotheses.org/6130;humanités pluridisciplinaires_d, religions_d, histoire_d, sociologie_d, histoire_t, histoire sociale_t, histoire intellectuelle_t, moyen âge_t, haut moyen âge_t, bas moyen âge_t;Datasets/all_labels_train_gensim_sparse_matrix.npz
soziologieblog.hypotheses.org/1792;sciences sociales interdisciplinaires_d, sociologie et anthropologie_d, sociologie du travail_t, sociologie urbaine_t, sociologie de la culture_t, sociologie économique_t;Datasets/all_labels_train_gensim_sparse_matrix.npz
archivewk1.hypotheses.org/29239;histoire_d, époque contemporaine_t, 1914-1918_t;Datasets/all_labels_train_gensim_sparse_matrix.npz
reichwein.hypotheses.org/1043;histoire et archéologie_d, histoire des sciences_t, 1945-1989_t;Datasets/all_labels_train_gensim_sparse_matrix.npz
gab.hypotheses.org/2867;histoire et archéologie_d, pluridisciplinarité_d, sciences sociales interdisciplinaires_d, études des sciences_t, sociologie des sciences_t, histoire_t;Datasets/all_labels_train_gensim_sparse_matrix.npz
archive20.hypotheses.org/1555;pluridisciplinarité_d, sciences sociales interdisciplinaires_d, histoire_t, information_t, patrimoine_t, monde germanique_t;Datasets/all_labels_train_gensim_sparse_matrix.npz
schotten.hypotheses.org/753;religions_d, histoire et archéologie_d, sciences de l'information et de la communication_d, bibliothéconomie_d, histoire_t, histoire des religions_t, approches de corpus_t, enquêtes_t, archives_t, monde germanique_t;Datasets/all_labels_train_gensim_sparse_matrix.npz
archivewk1.hypotheses.org/23856;histoire_d, époque contemporaine_t, 1914-1918_t;Datasets/all_labels_train_gensim_sparse_matrix.npz
quadrivium.hypotheses.org/32;pluridisciplinarité_d, histoire des sciences_t, histoire_t, histoire et sociologie des médias_t, historiographie_t, moyen âge_t, haut moyen âge_t;Datasets/all_labels_train_gensim_sparse_matrix.npz
amuc.hypotheses.org/517;humanités pluridisciplinaires_d, histoire_d, histoire_t, représentations_t, patrimoine_t;Datasets/all_labels_train_gensim_sparse_matrix.npz
historischdenken.hypotheses.org/1653;histoire et archéologie_d, histoire_t;Datasets/all_labels_train_gensim_sparse_matrix.npz
bioeg.hypotheses.org/726;histoire et archéologie_d, histoire_d, histoire_t, sciences auxiliaires de l'histoire_t, europe centrale et orientale_t, monde germanique_t;Datasets/all_labels_train_gensim_sparse_matrix.npz
archivalia.hypotheses.org/4199;histoire et archéologie_d, sciences sociales interdisciplinaires_d, histoire_t, approches de corpus_t, enquêtes_t, archives_t;Datasets/all_labels_train_gensim_sparse_matrix.npz
ordensgeschichte.hypotheses.org/10509;arts et humanités_d, humanités pluridisciplinaires_d, histoire et archéologie_d, histoire et philosophie des sciences_d, histoire_t, haut moyen âge_t, bas moyen âge_t, xviie siècle_t, xviiie siècle_t;Datasets/all_labels_train_gensim_sparse_matrix.npz
archivekod.hypotheses.org/648;religions_d, histoire et archéologie_d, sciences de l'information et de la communication_d, bibliothéconomie_d, communication_d, histoire_t, histoire des religions_t, patrimoine_t;Datasets/all_labels_train_gensim_sparse_matrix.npz
archivalia.hypotheses.org/7546;histoire et archéologie_d, sciences sociales interdisciplinaires_d, histoire_t, approches de corpus_t, enquêtes_t, archives_t;Datasets/all_labels_train_gensim_sparse_matrix.npz
archivalia.hypotheses.org/62103;histoire et archéologie_d, sciences sociales interdisciplinaires_d, histoire_t, approches de corpus_t, enquêtes_t, archives_t;Datasets/all_labels_train_gensim_sparse_matrix.npz
archivewk1.hypotheses.org/26081;histoire_d, époque contemporaine_t, 1914-1918_t;Datasets/all_labels_train_gensim_sparse_matrix.npz
archivekod.hypotheses.org/523;religions_d, histoire et archéologie_d, sciences de l'information et de la communication_d, bibliothéconomie_d, communication_d, histoire_t, histoire des religions_t, patrimoine_t;Datasets/all_labels_train_gensim_sparse_matrix.npz
dgl.hypotheses.org/1;éducation spécialisée_d, histoire_d, histoire_t, histoire et sociologie des médias_t, éducation_t;Datasets/all_labels_train_gensim_sparse_matrix.npz
soziologieblog.hypotheses.org/7297;sciences sociales interdisciplinaires_d, sociologie et anthropologie_d, sociologie du travail_t, sociologie urbaine_t, sociologie de la culture_t, sociologie économique_t;Datasets/all_labels_train_gensim_sparse_matrix.npz
speyermemo.hypotheses.org/1532;histoire_d, pluridisciplinarité_d, sciences sociales interdisciplinaires_d, sociologie de la culture_t, histoire_t, 1939-1945_t, europe_t;Datasets/all_labels_train_gensim_sparse_matrix.npz
jeunegen.hypotheses.org/240;histoire_d, pluridisciplinarité_d, histoire_t, vie de la recherche_t, moyen âge_t, haut moyen âge_t, bas moyen âge_t;Datasets/all_labels_train_gensim_sparse_matrix.npz
tagebuch.hypotheses.org/1010;histoire et archéologie_d, histoire_d, histoire_t, époque contemporaine_t, 1914-1918_t;Datasets/all_labels_train_gensim_sparse_matrix.npz
archivalia.hypotheses.org/6373;histoire et archéologie_d, sciences sociales interdisciplinaires_d, histoire_t, approches de corpus_t, enquêtes_t, archives_t;Datasets/all_labels_train_gensim_sparse_matrix.npz
amuc.hypotheses.org/1361;humanités pluridisciplinaires_d, histoire_d, histoire_t, représentations_t, patrimoine_t;Datasets/all_labels_train_gensim_sparse_matrix.npz
mittelalter.hypotheses.org/4808;humanités pluridisciplinaires_d, religions_d, histoire_d, sociologie_d, histoire_t, histoire sociale_t, histoire intellectuelle_t, moyen âge_t, haut moyen âge_t, bas moyen âge_t;Datasets/all_labels_train_gensim_sparse_matrix.npz
archivalia.hypotheses.org/60329;histoire et archéologie_d, sciences sociales interdisciplinaires_d, histoire_t, approches de corpus_t, enquêtes_t, archives_t;Datasets/all_labels_train_gensim_sparse_matrix.npz
archivalia.hypotheses.org/10445;histoire et archéologie_d, sciences sociales interdisciplinaires_d, histoire_t, approches de corpus_t, enquêtes_t, archives_t;Datasets/all_labels_train_gensim_sparse_matrix.npz
archivalia.hypotheses.org/8713;histoire et archéologie_d, sciences sociales interdisciplinaires_d, histoire_t, approches de corpus_t, enquêtes_t, archives_t;Datasets/all_labels_train_gensim_sparse_matrix.npz
bioeg.hypotheses.org/1148;histoire et archéologie_d, histoire_d, histoire_t, sciences auxiliaires de l'histoire_t, europe centrale et orientale_t, monde germanique_t;Datasets/all_labels_train_gensim_sparse_matrix.npz
bereschitrabba.hypotheses.org/221;arts et humanités_d, religions_d, langue et linguistique_d, religions_t, histoire des religions_t;Datasets/all_labels_train_gensim_sparse_matrix.npz
archivamt.hypotheses.org/1987;communication_d, pluridisciplinarité_d, sciences sociales interdisciplinaires_d, information_t, sciences de l'information_t, représentations_t, patrimoine_t;Datasets/all_labels_train_gensim_sparse_matrix.npz
archivewk1.hypotheses.org/12020;histoire_d, époque contemporaine_t, 1914-1918_t;Datasets/all_labels_train_gensim_sparse_matrix.npz
trafo.hypotheses.org/3880;pluridisciplinarité_d, sciences sociales interdisciplinaires_d, études régionales_d, sociologie_t, sociologie des religions_t, information_t, histoire culturelle_t;Datasets/all_labels_train_gensim_sparse_matrix.npz
mittelalter.hypotheses.org/3309;humanités pluridisciplinaires_d, religions_d, histoire_d, sociologie_d, histoire_t, histoire sociale_t, histoire intellectuelle_t, moyen âge_t, haut moyen âge_t, bas moyen âge_t;Datasets/all_labels_train_gensim_sparse_matrix.npz
archivalia.hypotheses.org/4205;histoire et archéologie_d, sciences sociales interdisciplinaires_d, histoire_t, approches de corpus_t, enquêtes_t, archives_t;Datasets/all_labels_train_gensim_sparse_matrix.npz
archivalia.hypotheses.org/62915;histoire et archéologie_d, sciences sociales interdisciplinaires_d, histoire_t, approches de corpus_t, enquêtes_t, archives_t;Datasets/all_labels_train_gensim_sparse_matrix.npz
speyermemo.hypotheses.org/1968;histoire_d, pluridisciplinarité_d, sciences sociales interdisciplinaires_d, sociologie de la culture_t, histoire_t, 1939-1945_t, europe_t;Datasets/all_labels_train_gensim_sparse_matrix.npz
histbav.hypotheses.org/4578;humanités pluridisciplinaires_d, histoire_d, pluridisciplinarité_d, histoire_t, monde germanique_t;Datasets/all_labels_train_gensim_sparse_matrix.npz
histbav.hypotheses.org/3857;humanités pluridisciplinaires_d, histoire_d, pluridisciplinarité_d, histoire_t, monde germanique_t;Datasets/all_labels_train_gensim_sparse_matrix.npz
fnzinfo.hypotheses.org/1030;arts et humanités_d, musique_d, histoire et archéologie_d, histoire_t, xvie siècle_t, xviie siècle_t, xviiie siècle_t, révolution française_t;Datasets/all_labels_train_gensim_sparse_matrix.npz
archivalia.hypotheses.org/13799;histoire et archéologie_d, sciences sociales interdisciplinaires_d, histoire_t, approches de corpus_t, enquêtes_t, archives_t;Datasets/all_labels_train_gensim_sparse_matrix.npz
archivalia.hypotheses.org/2664;histoire et archéologie_d, sciences sociales interdisciplinaires_d, histoire_t, approches de corpus_t, enquêtes_t, archives_t;Datasets/all_labels_train_gensim_sparse_matrix.npz
archivalia.hypotheses.org/6264;histoire et archéologie_d, sciences sociales interdisciplinaires_d, histoire_t, approches de corpus_t, enquêtes_t, archives_t;Datasets/all_labels_train_gensim_sparse_matrix.npz
tagebuch.hypotheses.org/973;histoire et archéologie_d, histoire_d, histoire_t, époque contemporaine_t, 1914-1918_t;Datasets/all_labels_train_gensim_sparse_matrix.npz
archivalia.hypotheses.org/59298;histoire et archéologie_d, sciences sociales interdisciplinaires_d, histoire_t, approches de corpus_t, enquêtes_t, archives_t;Datasets/all_labels_train_gensim_sparse_matrix.npz
ordensgeschichte.hypotheses.org/3175;arts et humanités_d, humanités pluridisciplinaires_d, histoire et archéologie_d, histoire et philosophie des sciences_d, histoire_t, haut moyen âge_t, bas moyen âge_t, xviie siècle_t, xviiie siècle_t;Datasets/all_labels_train_gensim_sparse_matrix.npz
archivalia.hypotheses.org/12008;histoire et archéologie_d, sciences sociales interdisciplinaires_d, histoire_t, approches de corpus_t, enquêtes_t, archives_t;Datasets/all_labels_train_gensim_sparse_matrix.npz
nordichistoryblog.hypotheses.org/1364;arts et humanités_d, histoire et archéologie_d, histoire_t, édition électronique_t, vie de la recherche_t, approches de corpus_t, enquêtes_t, archives_t, europe_t, pays baltes et scandinaves_t;Datasets/all_labels_train_gensim_sparse_matrix.npz
medienbildung.hypotheses.org/8075;éducation_d, éducation spécialisée_d, travail social_d, sociologie_t, édition électronique_t, histoire et sociologie des médias_t, éducation_t;Datasets/all_labels_train_gensim_sparse_matrix.npz
medienbildung.hypotheses.org/6866;éducation_d, éducation spécialisée_d, travail social_d, sociologie_t, édition électronique_t, histoire et sociologie des médias_t, éducation_t;Datasets/all_labels_train_gensim_sparse_matrix.npz
histbav.hypotheses.org/2993;humanités pluridisciplinaires_d, histoire_d, pluridisciplinarité_d, histoire_t, monde germanique_t;Datasets/all_labels_train_gensim_sparse_matrix.npz
archivalia.hypotheses.org/12814;histoire et archéologie_d, sciences sociales interdisciplinaires_d, histoire_t, approches de corpus_t, enquêtes_t, archives_t;Datasets/all_labels_train_gensim_sparse_matrix.npz
intersex.hypotheses.org/2407;histoire_d, biomédecine_d, étude des genres_t, histoire des sciences_t, histoire_t, histoire du droit_t, moyen âge_t, xxie siècle_t;Datasets/all_labels_train_gensim_sparse_matrix.npz
ordensgeschichte.hypotheses.org/6959;arts et humanités_d, humanités pluridisciplinaires_d, histoire et archéologie_d, histoire et philosophie des sciences_d, histoire_t, haut moyen âge_t, bas moyen âge_t, xviie siècle_t, xviiie siècle_t;Datasets/all_labels_train_gensim_sparse_matrix.npz
archivalia.hypotheses.org/1945;histoire et archéologie_d, sciences sociales interdisciplinaires_d, histoire_t, approches de corpus_t, enquêtes_t, archives_t;Datasets/all_labels_train_gensim_sparse_matrix.npz
kristinoswald.hypotheses.org/1973;études anciennes_d, études des sciences_t, histoire_t, histoire et sociologie des médias_t, histoire culturelle_t, digital humanities_t;Datasets/all_labels_train_gensim_sparse_matrix.npz
musicaroma.hypotheses.org/704;musique_d, histoire_d, histoire_t, histoire culturelle_t, monde germanique_t;Datasets/all_labels_train_gensim_sparse_matrix.npz
gab.hypotheses.org/2751;histoire et archéologie_d, pluridisciplinarité_d, sciences sociales interdisciplinaires_d, études des sciences_t, sociologie des sciences_t, histoire_t;Datasets/all_labels_train_gensim_sparse_matrix.npz
geschichtsadmin.hypotheses.org/393;éducation_d, histoire_d, sociologie du travail_t, histoire_t;Datasets/all_labels_train_gensim_sparse_matrix.npz
1914lvr.hypotheses.org/290;sciences politiques_d, histoire_t, époque contemporaine_t, 1914-1918_t;Datasets/all_labels_train_gensim_sparse_matrix.npz
feldpost.hypotheses.org/177;histoire_d, histoire_t, guerres_t, conflits_t, violence_t, histoire culturelle_t, 1914-1918_t, monde germanique_t;Datasets/all_labels_train_gensim_sparse_matrix.npz
19jhdhip.hypotheses.org/1216;histoire_d, époque contemporaine_t, prospectives_t, france_t, monde germanique_t;Datasets/all_labels_train_gensim_sparse_matrix.npz
pophistory.hypotheses.org/2264;humanités pluridisciplinaires_d, histoire et archéologie_d, sociologie de la culture_t, histoire sociale_t, histoire culturelle_t, époque contemporaine_t;Datasets/all_labels_train_gensim_sparse_matrix.npz
archivalia.hypotheses.org/8729;histoire et archéologie_d, sciences sociales interdisciplinaires_d, histoire_t, approches de corpus_t, enquêtes_t, archives_t;Datasets/all_labels_train_gensim_sparse_matrix.npz
archivalia.hypotheses.org/12622;histoire et archéologie_d, sciences sociales interdisciplinaires_d, histoire_t, approches de corpus_t, enquêtes_t, archives_t;Datasets/all_labels_train_gensim_sparse_matrix.npz
archivalia.hypotheses.org/8712;histoire et archéologie_d, sciences sociales interdisciplinaires_d, histoire_t, approches de corpus_t, enquêtes_t, archives_t;Datasets/all_labels_train_gensim_sparse_matrix.npz
archivalia.hypotheses.org/4903;histoire et archéologie_d, sciences sociales interdisciplinaires_d, histoire_t, approches de corpus_t, enquêtes_t, archives_t;Datasets/all_labels_train_gensim_sparse_matrix.npz
archivalia.hypotheses.org/8893;histoire et archéologie_d, sciences sociales interdisciplinaires_d, histoire_t, approches de corpus_t, enquêtes_t, archives_t;Datasets/all_labels_train_gensim_sparse_matrix.npz
archivewk1.hypotheses.org/26185;histoire_d, époque contemporaine_t, 1914-1918_t;Datasets/all_labels_train_gensim_sparse_matrix.npz
achtundvierzig.hypotheses.org/556;sciences politiques_d, histoire_d, époque contemporaine_t, prospectives_t, histoire politique_t, monde germanique_t;Datasets/all_labels_train_gensim_sparse_matrix.npz
resilienz.hypotheses.org/520;pluridisciplinarité_d, sciences sociales interdisciplinaires_d, études des sciences_t, épistémologie et méthodes_t, vie de la recherche_t, prospectives_t;Datasets/all_labels_train_gensim_sparse_matrix.npz
archivalia.hypotheses.org/13434;histoire et archéologie_d, sciences sociales interdisciplinaires_d, histoire_t, approches de corpus_t, enquêtes_t, archives_t;Datasets/all_labels_train_gensim_sparse_matrix.npz
unibloggt.hypotheses.org/1121;histoire et archéologie_d, pluridisciplinarité_d, histoire_t, information_t;Datasets/all_labels_train_gensim_sparse_matrix.npz
lvrafz.hypotheses.org/1740;pluridisciplinarité_d, information_t;Datasets/all_labels_train_gensim_sparse_matrix.npz
gab.hypotheses.org/1028;histoire et archéologie_d, pluridisciplinarité_d, sciences sociales interdisciplinaires_d, études des sciences_t, sociologie des sciences_t, histoire_t;Datasets/all_labels_train_gensim_sparse_matrix.npz
archivalia.hypotheses.org/12638;histoire et archéologie_d, sciences sociales interdisciplinaires_d, histoire_t, approches de corpus_t, enquêtes_t, archives_t;Datasets/all_labels_train_gensim_sparse_matrix.npz
soziologieblog.hypotheses.org/5341;sciences sociales interdisciplinaires_d, sociologie et anthropologie_d, sociologie du travail_t, sociologie urbaine_t, sociologie de la culture_t, sociologie économique_t;Datasets/all_labels_train_gensim_sparse_matrix.npz
archivewk1.hypotheses.org/35202;histoire_d, époque contemporaine_t, 1914-1918_t;Datasets/all_labels_train_gensim_sparse_matrix.npz
archivewk1.hypotheses.org/29079;histoire_d, époque contemporaine_t, 1914-1918_t;Datasets/all_labels_train_gensim_sparse_matrix.npz
archivewk1.hypotheses.org/16261;histoire_d, époque contemporaine_t, 1914-1918_t;Datasets/all_labels_train_gensim_sparse_matrix.npz
digigw.hypotheses.org/1518;humanités pluridisciplinaires_d, histoire_t, édition électronique_t, sciences auxiliaires de l'histoire_t, digital humanities_t;Datasets/all_labels_train_gensim_sparse_matrix.npz
frueheneuzeit.hypotheses.org/634;histoire et archéologie_d, histoire_t, époque moderne_t, xviie siècle_t, xviiie siècle_t, révolution française_t;Datasets/all_labels_train_gensim_sparse_matrix.npz
archivewk1.hypotheses.org/26626;histoire_d, époque contemporaine_t, 1914-1918_t;Datasets/all_labels_train_gensim_sparse_matrix.npz
archivalia.hypotheses.org/11042;histoire et archéologie_d, sciences sociales interdisciplinaires_d, histoire_t, approches de corpus_t, enquêtes_t, archives_t;Datasets/all_labels_train_gensim_sparse_matrix.npz
archivalia.hypotheses.org/11797;histoire et archéologie_d, sciences sociales interdisciplinaires_d, histoire_t, approches de corpus_t, enquêtes_t, archives_t;Datasets/all_labels_train_gensim_sparse_matrix.npz
lvrafz.hypotheses.org/1890;pluridisciplinarité_d, information_t;Datasets/all_labels_train_gensim_sparse_matrix.npz
bioeg.hypotheses.org/593;histoire et archéologie_d, histoire_d, histoire_t, sciences auxiliaires de l'histoire_t, europe centrale et orientale_t, monde germanique_t;Datasets/all_labels_train_gensim_sparse_matrix.npz
djgd.hypotheses.org/1148;histoire_d, histoire_t, digital humanities_t, xxe siècle_t, prospectives_t;Datasets/all_labels_train_gensim_sparse_matrix.npz
archive20.hypotheses.org/2101;pluridisciplinarité_d, sciences sociales interdisciplinaires_d, histoire_t, information_t, patrimoine_t, monde germanique_t;Datasets/all_labels_train_gensim_sparse_matrix.npz
grammata.hypotheses.org/949;études anciennes_d, religions_d, littérature_d, religions_t, littératures_t;Datasets/all_labels_train_gensim_sparse_matrix.npz
historischdenken.hypotheses.org/2715;histoire et archéologie_d, histoire_t;Datasets/all_labels_train_gensim_sparse_matrix.npz
archivalia.hypotheses.org/12961;histoire et archéologie_d, sciences sociales interdisciplinaires_d, histoire_t, approches de corpus_t, enquêtes_t, archives_t;Datasets/all_labels_train_gensim_sparse_matrix.npz
gab.hypotheses.org/2754;histoire et archéologie_d, pluridisciplinarité_d, sciences sociales interdisciplinaires_d, études des sciences_t, sociologie des sciences_t, histoire_t;Datasets/all_labels_train_gensim_sparse_matrix.npz
archivewk1.hypotheses.org/6371;histoire_d, époque contemporaine_t, 1914-1918_t;Datasets/all_labels_train_gensim_sparse_matrix.npz
archivewk1.hypotheses.org/14377;histoire_d, époque contemporaine_t, 1914-1918_t;Datasets/all_labels_train_gensim_sparse_matrix.npz
archivalia.hypotheses.org/1079;histoire et archéologie_d, sciences sociales interdisciplinaires_d, histoire_t, approches de corpus_t, enquêtes_t, archives_t;Datasets/all_labels_train_gensim_sparse_matrix.npz
archivamt.hypotheses.org/3290;communication_d, pluridisciplinarité_d, sciences sociales interdisciplinaires_d, information_t, sciences de l'information_t, représentations_t, patrimoine_t;Datasets/all_labels_train_gensim_sparse_matrix.npz
trivium.hypotheses.org/529;arts et humanités_d, humanités pluridisciplinaires_d, pluridisciplinarité_d, sciences sociales interdisciplinaires_d, représentations_t, histoire culturelle_t, épistémologie et méthodes_t, vie de la recherche_t;Datasets/all_labels_train_gensim_sparse_matrix.npz
histbav.hypotheses.org/3974;humanités pluridisciplinaires_d, histoire_d, pluridisciplinarité_d, histoire_t, monde germanique_t;Datasets/all_labels_train_gensim_sparse_matrix.npz
archivalia.hypotheses.org/58746;histoire et archéologie_d, sciences sociales interdisciplinaires_d, histoire_t, approches de corpus_t, enquêtes_t, archives_t;Datasets/all_labels_train_gensim_sparse_matrix.npz
archivalia.hypotheses.org/54208;histoire et archéologie_d, sciences sociales interdisciplinaires_d, histoire_t, approches de corpus_t, enquêtes_t, archives_t;Datasets/all_labels_train_gensim_sparse_matrix.npz
archivewk1.hypotheses.org/23077;histoire_d, époque contemporaine_t, 1914-1918_t;Datasets/all_labels_train_gensim_sparse_matrix.npz
archivewk1.hypotheses.org/9466;histoire_d, époque contemporaine_t, 1914-1918_t;Datasets/all_labels_train_gensim_sparse_matrix.npz
texperimentales.hypotheses.org/1076;linguistique appliquée_d, langue et linguistique_d, langage_t, linguistique_t, information_t, sciences de l'information_t, digital humanities_t;Datasets/all_labels_train_gensim_sparse_matrix.npz
dhdhi.hypotheses.org/2324;histoire et archéologie_d, histoire_t, épistémologie et méthodes_t, digital humanities_t;Datasets/all_labels_train_gensim_sparse_matrix.npz
wwc.hypotheses.org/1506;humanités pluridisciplinaires_d, pluridisciplinarité_d, études régionales_d, relations internationales_t, information_t, représentations_t;Datasets/all_labels_train_gensim_sparse_matrix.npz
archivalia.hypotheses.org/11237;histoire et archéologie_d, sciences sociales interdisciplinaires_d, histoire_t, approches de corpus_t, enquêtes_t, archives_t;Datasets/all_labels_train_gensim_sparse_matrix.npz
grammata.hypotheses.org/218;études anciennes_d, religions_d, littérature_d, religions_t, littératures_t;Datasets/all_labels_train_gensim_sparse_matrix.npz
leibnizarc.hypotheses.org/794;éducation_d, histoire et archéologie_d, sciences de l'information et bibliothéconomie_d, études des sciences_t, histoire industrielle_t, histoire de l'art_t;Datasets/all_labels_train_gensim_sparse_matrix.npz
archivalia.hypotheses.org/8157;histoire et archéologie_d, sciences sociales interdisciplinaires_d, histoire_t, approches de corpus_t, enquêtes_t, archives_t;Datasets/all_labels_train_gensim_sparse_matrix.npz
archivewk1.hypotheses.org/3025;histoire_d, époque contemporaine_t, 1914-1918_t;Datasets/all_labels_train_gensim_sparse_matrix.npz
archivalia.hypotheses.org/10126;histoire et archéologie_d, sciences sociales interdisciplinaires_d, histoire_t, approches de corpus_t, enquêtes_t, archives_t;Datasets/all_labels_train_gensim_sparse_matrix.npz
archivalia.hypotheses.org/7185;histoire et archéologie_d, sciences sociales interdisciplinaires_d, histoire_t, approches de corpus_t, enquêtes_t, archives_t;Datasets/all_labels_train_gensim_sparse_matrix.npz
archivalia.hypotheses.org/7363;histoire et archéologie_d, sciences sociales interdisciplinaires_d, histoire_t, approches de corpus_t, enquêtes_t, archives_t;Datasets/all_labels_train_gensim_sparse_matrix.npz
speyermemo.hypotheses.org/2506;histoire_d, pluridisciplinarité_d, sciences sociales interdisciplinaires_d, sociologie de la culture_t, histoire_t, 1939-1945_t, europe_t;Datasets/all_labels_train_gensim_sparse_matrix.npz
archivalia.hypotheses.org/7306;histoire et archéologie_d, sciences sociales interdisciplinaires_d, histoire_t, approches de corpus_t, enquêtes_t, archives_t;Datasets/all_labels_train_gensim_sparse_matrix.npz
historischdenken.hypotheses.org/2430;histoire et archéologie_d, histoire_t;Datasets/all_labels_train_gensim_sparse_matrix.npz
archivalia.hypotheses.org/4791;histoire et archéologie_d, sciences sociales interdisciplinaires_d, histoire_t, approches de corpus_t, enquêtes_t, archives_t;Datasets/all_labels_train_gensim_sparse_matrix.npz
19jhdhip.hypotheses.org/494;histoire_d, époque contemporaine_t, prospectives_t, france_t, monde germanique_t;Datasets/all_labels_train_gensim_sparse_matrix.npz
soziologieblog.hypotheses.org/5404;sciences sociales interdisciplinaires_d, sociologie et anthropologie_d, sociologie du travail_t, sociologie urbaine_t, sociologie de la culture_t, sociologie économique_t;Datasets/all_labels_train_gensim_sparse_matrix.npz
archivalia.hypotheses.org/1171;histoire et archéologie_d, sciences sociales interdisciplinaires_d, histoire_t, approches de corpus_t, enquêtes_t, archives_t;Datasets/all_labels_train_gensim_sparse_matrix.npz
archivalia.hypotheses.org/13639;histoire et archéologie_d, sciences sociales interdisciplinaires_d, histoire_t, approches de corpus_t, enquêtes_t, archives_t;Datasets/all_labels_train_gensim_sparse_matrix.npz
histbav.hypotheses.org/4906;humanités pluridisciplinaires_d, histoire_d, pluridisciplinarité_d, histoire_t, monde germanique_t;Datasets/all_labels_train_gensim_sparse_matrix.npz
inklusion.hypotheses.org/510;éducation_d, travail social et politique sociale_d, sociologie du travail_t, âges de la vie_t, information_t, sciences de l'éducation_t;Datasets/all_labels_train_gensim_sparse_matrix.npz
2wkvisuell.hypotheses.org/738;arts et humanités_d, histoire et archéologie_d, histoire sociale_t, guerres_t, conflits_t, violence_t, histoire et sociologie des médias_t, études visuelles_t, époque contemporaine_t;Datasets/all_labels_train_gensim_sparse_matrix.npz
nummer.hypotheses.org/146;histoire_d, sciences de l'information et de la communication_d, bibliothéconomie_d, histoire_t, histoire intellectuelle_t, histoire et sociologie des médias_t, histoire culturelle_t;Datasets/all_labels_train_gensim_sparse_matrix.npz
archivewk1.hypotheses.org/31919;histoire_d, époque contemporaine_t, 1914-1918_t;Datasets/all_labels_train_gensim_sparse_matrix.npz
trafo.hypotheses.org/266;pluridisciplinarité_d, sciences sociales interdisciplinaires_d, études régionales_d, sociologie_t, sociologie des religions_t, information_t, histoire culturelle_t;Datasets/all_labels_train_gensim_sparse_matrix.npz
archivalia.hypotheses.org/10700;histoire et archéologie_d, sciences sociales interdisciplinaires_d, histoire_t, approches de corpus_t, enquêtes_t, archives_t;Datasets/all_labels_train_gensim_sparse_matrix.npz
mittelalter.hypotheses.org/139;humanités pluridisciplinaires_d, religions_d, histoire_d, sociologie_d, histoire_t, histoire sociale_t, histoire intellectuelle_t, moyen âge_t, haut moyen âge_t, bas moyen âge_t;Datasets/all_labels_train_gensim_sparse_matrix.npz
archivalia.hypotheses.org/59155;histoire et archéologie_d, sciences sociales interdisciplinaires_d, histoire_t, approches de corpus_t, enquêtes_t, archives_t;Datasets/all_labels_train_gensim_sparse_matrix.npz
resilienz.hypotheses.org/475;pluridisciplinarité_d, sciences sociales interdisciplinaires_d, études des sciences_t, épistémologie et méthodes_t, vie de la recherche_t, prospectives_t;Datasets/all_labels_train_gensim_sparse_matrix.npz
unibloggt.hypotheses.org/551;histoire et archéologie_d, pluridisciplinarité_d, histoire_t, information_t;Datasets/all_labels_train_gensim_sparse_matrix.npz
archivalia.hypotheses.org/10067;histoire et archéologie_d, sciences sociales interdisciplinaires_d, histoire_t, approches de corpus_t, enquêtes_t, archives_t;Datasets/all_labels_train_gensim_sparse_matrix.npz
mittelalter.hypotheses.org/7043;humanités pluridisciplinaires_d, religions_d, histoire_d, sociologie_d, histoire_t, histoire sociale_t, histoire intellectuelle_t, moyen âge_t, haut moyen âge_t, bas moyen âge_t;Datasets/all_labels_train_gensim_sparse_matrix.npz
blogweimar.hypotheses.org/50;histoire et archéologie_d, histoire_t, histoire politique_t, 1918-1939_t, monde germanique_t;Datasets/all_labels_train_gensim_sparse_matrix.npz
archivalia.hypotheses.org/6659;histoire et archéologie_d, sciences sociales interdisciplinaires_d, histoire_t, approches de corpus_t, enquêtes_t, archives_t;Datasets/all_labels_train_gensim_sparse_matrix.npz
archivalia.hypotheses.org/9671;histoire et archéologie_d, sciences sociales interdisciplinaires_d, histoire_t, approches de corpus_t, enquêtes_t, archives_t;Datasets/all_labels_train_gensim_sparse_matrix.npz
archivekod.hypotheses.org/243;religions_d, histoire et archéologie_d, sciences de l'information et de la communication_d, bibliothéconomie_d, communication_d, histoire_t, histoire des religions_t, patrimoine_t;Datasets/all_labels_train_gensim_sparse_matrix.npz
schotten.hypotheses.org/392;religions_d, histoire et archéologie_d, sciences de l'information et de la communication_d, bibliothéconomie_d, histoire_t, histoire des religions_t, approches de corpus_t, enquêtes_t, archives_t, monde germanique_t;Datasets/all_labels_train_gensim_sparse_matrix.npz
ordensgeschichte.hypotheses.org/10243;arts et humanités_d, humanités pluridisciplinaires_d, histoire et archéologie_d, histoire et philosophie des sciences_d, histoire_t, haut moyen âge_t, bas moyen âge_t, xviie siècle_t, xviiie siècle_t;Datasets/all_labels_train_gensim_sparse_matrix.npz
archivewk1.hypotheses.org/3638;histoire_d, époque contemporaine_t, 1914-1918_t;Datasets/all_labels_train_gensim_sparse_matrix.npz
fnzinfo.hypotheses.org/323;arts et humanités_d, musique_d, histoire et archéologie_d, histoire_t, xvie siècle_t, xviie siècle_t, xviiie siècle_t, révolution française_t;Datasets/all_labels_train_gensim_sparse_matrix.npz
archivewk1.hypotheses.org/1720;histoire_d, époque contemporaine_t, 1914-1918_t;Datasets/all_labels_train_gensim_sparse_matrix.npz
archivalia.hypotheses.org/59016;histoire et archéologie_d, sciences sociales interdisciplinaires_d, histoire_t, approches de corpus_t, enquêtes_t, archives_t;Datasets/all_labels_train_gensim_sparse_matrix.npz
soziologieblog.hypotheses.org/10166;sciences sociales interdisciplinaires_d, sociologie et anthropologie_d, sociologie du travail_t, sociologie urbaine_t, sociologie de la culture_t, sociologie économique_t;Datasets/all_labels_train_gensim_sparse_matrix.npz
medienbildung.hypotheses.org/2517;éducation_d, éducation spécialisée_d, travail social_d, sociologie_t, édition électronique_t, histoire et sociologie des médias_t, éducation_t;Datasets/all_labels_train_gensim_sparse_matrix.npz
soziologieblog.hypotheses.org/9419;sciences sociales interdisciplinaires_d, sociologie et anthropologie_d, sociologie du travail_t, sociologie urbaine_t, sociologie de la culture_t, sociologie économique_t;Datasets/all_labels_train_gensim_sparse_matrix.npz
ordensgeschichte.hypotheses.org/1542;arts et humanités_d, humanités pluridisciplinaires_d, histoire et archéologie_d, histoire et philosophie des sciences_d, histoire_t, haut moyen âge_t, bas moyen âge_t, xviie siècle_t, xviiie siècle_t;Datasets/all_labels_train_gensim_sparse_matrix.npz
archivalia.hypotheses.org/5060;histoire et archéologie_d, sciences sociales interdisciplinaires_d, histoire_t, approches de corpus_t, enquêtes_t, archives_t;Datasets/all_labels_train_gensim_sparse_matrix.npz
archivalia.hypotheses.org/10274;histoire et archéologie_d, sciences sociales interdisciplinaires_d, histoire_t, approches de corpus_t, enquêtes_t, archives_t;Datasets/all_labels_train_gensim_sparse_matrix.npz
ordensgeschichte.hypotheses.org/3081;arts et humanités_d, humanités pluridisciplinaires_d, histoire et archéologie_d, histoire et philosophie des sciences_d, histoire_t, haut moyen âge_t, bas moyen âge_t, xviie siècle_t, xviiie siècle_t;Datasets/all_labels_train_gensim_sparse_matrix.npz
games.hypotheses.org/1843;arts et humanités_d, humanités pluridisciplinaires_d, psychologie expérimentale_d, sciences cognitives_t, psychisme_t, psychologie_t, représentations_t, histoire de l'art_t, études visuelles_t;Datasets/all_labels_train_gensim_sparse_matrix.npz
irhis.hypotheses.org/4532;arts et humanités_d, histoire et archéologie_d, histoire économique_t, histoire sociale_t, études visuelles_t;Datasets/all_labels_train_gensim_sparse_matrix.npz
unibloggt.hypotheses.org/329;histoire et archéologie_d, pluridisciplinarité_d, histoire_t, information_t;Datasets/all_labels_train_gensim_sparse_matrix.npz
gra.hypotheses.org/552;arts et humanités_d, communication_d, sciences de l'information et bibliothéconomie_d, représentations_t, histoire culturelle_t, histoire de l'art_t, études visuelles_t;Datasets/all_labels_train_gensim_sparse_matrix.npz
archivalia.hypotheses.org/5032;histoire et archéologie_d, sciences sociales interdisciplinaires_d, histoire_t, approches de corpus_t, enquêtes_t, archives_t;Datasets/all_labels_train_gensim_sparse_matrix.npz
redaktionsblog.hypotheses.org/1792;arts et humanités_d, humanités pluridisciplinaires_d, épistémologie et méthodes_t, digital humanities_t;Datasets/all_labels_train_gensim_sparse_matrix.npz
mittelalter.hypotheses.org/8459;humanités pluridisciplinaires_d, religions_d, histoire_d, sociologie_d, histoire_t, histoire sociale_t, histoire intellectuelle_t, moyen âge_t, haut moyen âge_t, bas moyen âge_t;Datasets/all_labels_train_gensim_sparse_matrix.npz
dgl.hypotheses.org/617;éducation spécialisée_d, histoire_d, histoire_t, histoire et sociologie des médias_t, éducation_t;Datasets/all_labels_train_gensim_sparse_matrix.npz
archivalia.hypotheses.org/8451;histoire et archéologie_d, sciences sociales interdisciplinaires_d, histoire_t, approches de corpus_t, enquêtes_t, archives_t;Datasets/all_labels_train_gensim_sparse_matrix.npz
tagebuch.hypotheses.org/722;histoire et archéologie_d, histoire_d, histoire_t, époque contemporaine_t, 1914-1918_t;Datasets/all_labels_train_gensim_sparse_matrix.npz
gewalt.hypotheses.org/504;sciences politiques_d, sociologie_d, sociologie_t, sociologie urbaine_t, anthropologie politique_t, histoire urbaine_t, guerres_t, conflits_t, violence_t;Datasets/all_labels_train_gensim_sparse_matrix.npz
gab.hypotheses.org/3049;histoire et archéologie_d, pluridisciplinarité_d, sciences sociales interdisciplinaires_d, études des sciences_t, sociologie des sciences_t, histoire_t;Datasets/all_labels_train_gensim_sparse_matrix.npz
pophistory.hypotheses.org/1587;humanités pluridisciplinaires_d, histoire et archéologie_d, sociologie de la culture_t, histoire sociale_t, histoire culturelle_t, époque contemporaine_t;Datasets/all_labels_train_gensim_sparse_matrix.npz
archivalia.hypotheses.org/1045;histoire et archéologie_d, sciences sociales interdisciplinaires_d, histoire_t, approches de corpus_t, enquêtes_t, archives_t;Datasets/all_labels_train_gensim_sparse_matrix.npz
archivamt.hypotheses.org/3433;communication_d, pluridisciplinarité_d, sciences sociales interdisciplinaires_d, information_t, sciences de l'information_t, représentations_t, patrimoine_t;Datasets/all_labels_train_gensim_sparse_matrix.npz
resilienz.hypotheses.org/611;pluridisciplinarité_d, sciences sociales interdisciplinaires_d, études des sciences_t, épistémologie et méthodes_t, vie de la recherche_t, prospectives_t;Datasets/all_labels_train_gensim_sparse_matrix.npz
soziologieblog.hypotheses.org/9170;sciences sociales interdisciplinaires_d, sociologie et anthropologie_d, sociologie du travail_t, sociologie urbaine_t, sociologie de la culture_t, sociologie économique_t;Datasets/all_labels_train_gensim_sparse_matrix.npz
intersex.hypotheses.org/2745;histoire_d, biomédecine_d, étude des genres_t, histoire des sciences_t, histoire_t, histoire du droit_t, moyen âge_t, xxie siècle_t;Datasets/all_labels_train_gensim_sparse_matrix.npz
archivewk1.hypotheses.org/3824;histoire_d, époque contemporaine_t, 1914-1918_t;Datasets/all_labels_train_gensim_sparse_matrix.npz
archivalia.hypotheses.org/54433;histoire et archéologie_d, sciences sociales interdisciplinaires_d, histoire_t, approches de corpus_t, enquêtes_t, archives_t;Datasets/all_labels_train_gensim_sparse_matrix.npz
ordensgeschichte.hypotheses.org/7998;arts et humanités_d, humanités pluridisciplinaires_d, histoire et archéologie_d, histoire et philosophie des sciences_d, histoire_t, haut moyen âge_t, bas moyen âge_t, xviie siècle_t, xviiie siècle_t;Datasets/all_labels_train_gensim_sparse_matrix.npz
ordensgeschichte.hypotheses.org/9209;arts et humanités_d, humanités pluridisciplinaires_d, histoire et archéologie_d, histoire et philosophie des sciences_d, histoire_t, haut moyen âge_t, bas moyen âge_t, xviie siècle_t, xviiie siècle_t;Datasets/all_labels_train_gensim_sparse_matrix.npz
merzdadaco.hypotheses.org/145;humanités pluridisciplinaires_d, littérature_d, littératures_t, représentations_t, histoire culturelle_t, histoire de l'art_t;Datasets/all_labels_train_gensim_sparse_matrix.npz
gab.hypotheses.org/178;histoire et archéologie_d, pluridisciplinarité_d, sciences sociales interdisciplinaires_d, études des sciences_t, sociologie des sciences_t, histoire_t;Datasets/all_labels_train_gensim_sparse_matrix.npz
archivalia.hypotheses.org/52665;histoire et archéologie_d, sciences sociales interdisciplinaires_d, histoire_t, approches de corpus_t, enquêtes_t, archives_t;Datasets/all_labels_train_gensim_sparse_matrix.npz
bioeg.hypotheses.org/380;histoire et archéologie_d, histoire_d, histoire_t, sciences auxiliaires de l'histoire_t, europe centrale et orientale_t, monde germanique_t;Datasets/all_labels_train_gensim_sparse_matrix.npz
barblog.hypotheses.org/1348;sciences sociales interdisciplinaires_d, sciences politiques_d, sociologie_d, anthropologie politique_t;Datasets/all_labels_train_gensim_sparse_matrix.npz
archivalia.hypotheses.org/14169;histoire et archéologie_d, sciences sociales interdisciplinaires_d, histoire_t, approches de corpus_t, enquêtes_t, archives_t;Datasets/all_labels_train_gensim_sparse_matrix.npz
etatsocial.hypotheses.org/1192;histoire_d, histoire des sciences sociales_d, sociologie_d, économie_d, sociologie du travail_t, âges de la vie_t, xxe siècle_t;Datasets/all_labels_train_gensim_sparse_matrix.npz
heraldica.hypotheses.org/3082;histoire_d, histoire_t, historiographie_t, sciences auxiliaires de l'histoire_t, moyen âge_t, haut moyen âge_t;Datasets/all_labels_train_gensim_sparse_matrix.npz
archivamt.hypotheses.org/2022;communication_d, pluridisciplinarité_d, sciences sociales interdisciplinaires_d, information_t, sciences de l'information_t, représentations_t, patrimoine_t;Datasets/all_labels_train_gensim_sparse_matrix.npz
archivalia.hypotheses.org/6138;histoire et archéologie_d, sciences sociales interdisciplinaires_d, histoire_t, approches de corpus_t, enquêtes_t, archives_t;Datasets/all_labels_train_gensim_sparse_matrix.npz
games.hypotheses.org/303;arts et humanités_d, humanités pluridisciplinaires_d, psychologie expérimentale_d, sciences cognitives_t, psychisme_t, psychologie_t, représentations_t, histoire de l'art_t, études visuelles_t;Datasets/all_labels_train_gensim_sparse_matrix.npz
archivalia.hypotheses.org/8340;histoire et archéologie_d, sciences sociales interdisciplinaires_d, histoire_t, approches de corpus_t, enquêtes_t, archives_t;Datasets/all_labels_train_gensim_sparse_matrix.npz
archivewk1.hypotheses.org/21834;histoire_d, époque contemporaine_t, 1914-1918_t;Datasets/all_labels_train_gensim_sparse_matrix.npz
dhtg.hypotheses.org/263;histoire et archéologie_d, sciences de l'information et de la communication_d, bibliothéconomie_d, histoire_t, sciences de l'information_t, 1939-1945_t, 1945-1989_t;Datasets/all_labels_train_gensim_sparse_matrix.npz
archivewk1.hypotheses.org/28284;histoire_d, époque contemporaine_t, 1914-1918_t;Datasets/all_labels_train_gensim_sparse_matrix.npz
archivewk1.hypotheses.org/5779;histoire_d, époque contemporaine_t, 1914-1918_t;Datasets/all_labels_train_gensim_sparse_matrix.npz
moraleconomy.hypotheses.org/414;histoire et archéologie_d, histoire_d, histoire économique_t, histoire sociale_t, prospectives_t, france_t;Datasets/all_labels_train_gensim_sparse_matrix.npz
wppluslw.hypotheses.org/116;littérature_d, littératures_t, édition électronique_t, épistémologie et méthodes_t, approches de corpus_t, enquêtes_t, archives_t, monde germanique_t;Datasets/all_labels_train_gensim_sparse_matrix.npz
archivewk1.hypotheses.org/22995;histoire_d, époque contemporaine_t, 1914-1918_t;Datasets/all_labels_train_gensim_sparse_matrix.npz
archivalia.hypotheses.org/6707;histoire et archéologie_d, sciences sociales interdisciplinaires_d, histoire_t, approches de corpus_t, enquêtes_t, archives_t;Datasets/all_labels_train_gensim_sparse_matrix.npz
dfmfa.hypotheses.org/184;humanités pluridisciplinaires_d, sciences sociales interdisciplinaires_d, histoire_t, moyen âge_t, haut moyen âge_t, bas moyen âge_t;Datasets/all_labels_train_gensim_sparse_matrix.npz
bioeg.hypotheses.org/1873;histoire et archéologie_d, histoire_d, histoire_t, sciences auxiliaires de l'histoire_t, europe centrale et orientale_t, monde germanique_t;Datasets/all_labels_train_gensim_sparse_matrix.npz
ostblog.hypotheses.org/166;histoire_d, économie_d, histoire_t;Datasets/all_labels_train_gensim_sparse_matrix.npz
archivalia.hypotheses.org/13229;histoire et archéologie_d, sciences sociales interdisciplinaires_d, histoire_t, approches de corpus_t, enquêtes_t, archives_t;Datasets/all_labels_train_gensim_sparse_matrix.npz
rhad.hypotheses.org/103;histoire_d, histoire des sciences sociales_d, histoire_t, époque moderne_t, révolution française_t, xviie siècle_t, xviiie siècle_t, prospectives_t;Datasets/all_labels_train_gensim_sparse_matrix.npz
resilienz.hypotheses.org/970;pluridisciplinarité_d, sciences sociales interdisciplinaires_d, études des sciences_t, épistémologie et méthodes_t, vie de la recherche_t, prospectives_t;Datasets/all_labels_train_gensim_sparse_matrix.npz
archivalia.hypotheses.org/3137;histoire et archéologie_d, sciences sociales interdisciplinaires_d, histoire_t, approches de corpus_t, enquêtes_t, archives_t;Datasets/all_labels_train_gensim_sparse_matrix.npz
archive20.hypotheses.org/615;pluridisciplinarité_d, sciences sociales interdisciplinaires_d, histoire_t, information_t, patrimoine_t, monde germanique_t;Datasets/all_labels_train_gensim_sparse_matrix.npz
archivalia.hypotheses.org/759;histoire et archéologie_d, sciences sociales interdisciplinaires_d, histoire_t, approches de corpus_t, enquêtes_t, archives_t;Datasets/all_labels_train_gensim_sparse_matrix.npz
archivalia.hypotheses.org/10904;histoire et archéologie_d, sciences sociales interdisciplinaires_d, histoire_t, approches de corpus_t, enquêtes_t, archives_t;Datasets/all_labels_train_gensim_sparse_matrix.npz
archivalia.hypotheses.org/14427;histoire et archéologie_d, sciences sociales interdisciplinaires_d, histoire_t, approches de corpus_t, enquêtes_t, archives_t;Datasets/all_labels_train_gensim_sparse_matrix.npz
histbav.hypotheses.org/4650;humanités pluridisciplinaires_d, histoire_d, pluridisciplinarité_d, histoire_t, monde germanique_t;Datasets/all_labels_train_gensim_sparse_matrix.npz
wenhua.hypotheses.org/824;études asiatiques_d, humanités pluridisciplinaires_d, histoire_d, histoire culturelle_t, asie_t;Datasets/all_labels_train_gensim_sparse_matrix.npz
medienbildung.hypotheses.org/7484;éducation_d, éducation spécialisée_d, travail social_d, sociologie_t, édition électronique_t, histoire et sociologie des médias_t, éducation_t;Datasets/all_labels_train_gensim_sparse_matrix.npz
geschichtsadmin.hypotheses.org/54;éducation_d, histoire_d, sociologie du travail_t, histoire_t;Datasets/all_labels_train_gensim_sparse_matrix.npz
archivalia.hypotheses.org/3841;histoire et archéologie_d, sciences sociales interdisciplinaires_d, histoire_t, approches de corpus_t, enquêtes_t, archives_t;Datasets/all_labels_train_gensim_sparse_matrix.npz
intersex.hypotheses.org/1197;histoire_d, biomédecine_d, étude des genres_t, histoire des sciences_t, histoire_t, histoire du droit_t, moyen âge_t, xxie siècle_t;Datasets/all_labels_train_gensim_sparse_matrix.npz
ostblog.hypotheses.org/318;histoire_d, économie_d, histoire_t;Datasets/all_labels_train_gensim_sparse_matrix.npz
archivalia.hypotheses.org/3829;histoire et archéologie_d, sciences sociales interdisciplinaires_d, histoire_t, approches de corpus_t, enquêtes_t, archives_t;Datasets/all_labels_train_gensim_sparse_matrix.npz
ordensgeschichte.hypotheses.org/1336;arts et humanités_d, humanités pluridisciplinaires_d, histoire et archéologie_d, histoire et philosophie des sciences_d, histoire_t, haut moyen âge_t, bas moyen âge_t, xviie siècle_t, xviiie siècle_t;Datasets/all_labels_train_gensim_sparse_matrix.npz
archivalia.hypotheses.org/12652;histoire et archéologie_d, sciences sociales interdisciplinaires_d, histoire_t, approches de corpus_t, enquêtes_t, archives_t;Datasets/all_labels_train_gensim_sparse_matrix.npz
games.hypotheses.org/538;arts et humanités_d, humanités pluridisciplinaires_d, psychologie expérimentale_d, sciences cognitives_t, psychisme_t, psychologie_t, représentations_t, histoire de l'art_t, études visuelles_t;Datasets/all_labels_train_gensim_sparse_matrix.npz
tagebuch.hypotheses.org/1025;histoire et archéologie_d, histoire_d, histoire_t, époque contemporaine_t, 1914-1918_t;Datasets/all_labels_train_gensim_sparse_matrix.npz
hsc.hypotheses.org/241;arts et humanités_d, humanités pluridisciplinaires_d, histoire et archéologie_d, histoire_t, historiographie_t;Datasets/all_labels_train_gensim_sparse_matrix.npz
nofoblog.hypotheses.org/271;arts et humanités_d, sciences sociales interdisciplinaires_d, sciences politiques_d, administration publique et développement_d, relations internationales_t, histoire intellectuelle_t, information_t, histoire culturelle_t, pays baltes et scandinaves_t;Datasets/all_labels_train_gensim_sparse_matrix.npz
archivewk1.hypotheses.org/21497;histoire_d, époque contemporaine_t, 1914-1918_t;Datasets/all_labels_train_gensim_sparse_matrix.npz
archivalia.hypotheses.org/8849;histoire et archéologie_d, sciences sociales interdisciplinaires_d, histoire_t, approches de corpus_t, enquêtes_t, archives_t;Datasets/all_labels_train_gensim_sparse_matrix.npz
intersex.hypotheses.org/2472;histoire_d, biomédecine_d, étude des genres_t, histoire des sciences_t, histoire_t, histoire du droit_t, moyen âge_t, xxie siècle_t;Datasets/all_labels_train_gensim_sparse_matrix.npz
archivalia.hypotheses.org/10718;histoire et archéologie_d, sciences sociales interdisciplinaires_d, histoire_t, approches de corpus_t, enquêtes_t, archives_t;Datasets/all_labels_train_gensim_sparse_matrix.npz
dokunstlmu.hypotheses.org/63;arts et humanités_d, histoire intellectuelle_t;Datasets/all_labels_train_gensim_sparse_matrix.npz
dkblog.hypotheses.org/980;histoire_d, histoire_t, époque moderne_t, xviie siècle_t;Datasets/all_labels_train_gensim_sparse_matrix.npz
digigw.hypotheses.org/1279;humanités pluridisciplinaires_d, histoire_t, édition électronique_t, sciences auxiliaires de l'histoire_t, digital humanities_t;Datasets/all_labels_train_gensim_sparse_matrix.npz
amuc.hypotheses.org/2233;humanités pluridisciplinaires_d, histoire_d, histoire_t, représentations_t, patrimoine_t;Datasets/all_labels_train_gensim_sparse_matrix.npz
lvrafz.hypotheses.org/1049;pluridisciplinarité_d, information_t;Datasets/all_labels_train_gensim_sparse_matrix.npz
lvrafz.hypotheses.org/1820;pluridisciplinarité_d, information_t;Datasets/all_labels_train_gensim_sparse_matrix.npz
digitalintellectuals.hypotheses.org/2362;études anciennes_d, histoire et philosophie des sciences_d, pluridisciplinarité_d, littérature_d, histoire intellectuelle_t, approches de corpus_t, enquêtes_t, archives_t, époque moderne_t, prospectives_t, monde germanique_t;Datasets/all_labels_train_gensim_sparse_matrix.npz
archivewk1.hypotheses.org/25990;histoire_d, époque contemporaine_t, 1914-1918_t;Datasets/all_labels_train_gensim_sparse_matrix.npz
schotten.hypotheses.org/971;religions_d, histoire et archéologie_d, sciences de l'information et de la communication_d, bibliothéconomie_d, histoire_t, histoire des religions_t, approches de corpus_t, enquêtes_t, archives_t, monde germanique_t;Datasets/all_labels_train_gensim_sparse_matrix.npz
redaktionsblog.hypotheses.org/315;arts et humanités_d, humanités pluridisciplinaires_d, épistémologie et méthodes_t, digital humanities_t;Datasets/all_labels_train_gensim_sparse_matrix.npz
archivewk1.hypotheses.org/3073;histoire_d, époque contemporaine_t, 1914-1918_t;Datasets/all_labels_train_gensim_sparse_matrix.npz
merzdadaco.hypotheses.org/684;humanités pluridisciplinaires_d, littérature_d, littératures_t, représentations_t, histoire culturelle_t, histoire de l'art_t;Datasets/all_labels_train_gensim_sparse_matrix.npz
archivewk1.hypotheses.org/28671;histoire_d, époque contemporaine_t, 1914-1918_t;Datasets/all_labels_train_gensim_sparse_matrix.npz
digigw.hypotheses.org/834;humanités pluridisciplinaires_d, histoire_t, édition électronique_t, sciences auxiliaires de l'histoire_t, digital humanities_t;Datasets/all_labels_train_gensim_sparse_matrix.npz
dhmuc.hypotheses.org/241;humanités pluridisciplinaires_d, communication_d, pluridisciplinarité_d, sciences sociales interdisciplinaires_d, études des sciences_t, édition électronique_t, digital humanities_t;Datasets/all_labels_train_gensim_sparse_matrix.npz
archivalia.hypotheses.org/10014;histoire et archéologie_d, sciences sociales interdisciplinaires_d, histoire_t, approches de corpus_t, enquêtes_t, archives_t;Datasets/all_labels_train_gensim_sparse_matrix.npz
intersex.hypotheses.org/1082;histoire_d, biomédecine_d, étude des genres_t, histoire des sciences_t, histoire_t, histoire du droit_t, moyen âge_t, xxie siècle_t;Datasets/all_labels_train_gensim_sparse_matrix.npz
dtforum.hypotheses.org/61;arts et humanités_d, histoire_t, représentations_t, histoire de l'art_t;Datasets/all_labels_train_gensim_sparse_matrix.npz
archivalia.hypotheses.org/6680;histoire et archéologie_d, sciences sociales interdisciplinaires_d, histoire_t, approches de corpus_t, enquêtes_t, archives_t;Datasets/all_labels_train_gensim_sparse_matrix.npz
archivalia.hypotheses.org/9475;histoire et archéologie_d, sciences sociales interdisciplinaires_d, histoire_t, approches de corpus_t, enquêtes_t, archives_t;Datasets/all_labels_train_gensim_sparse_matrix.npz
archivamt.hypotheses.org/877;communication_d, pluridisciplinarité_d, sciences sociales interdisciplinaires_d, information_t, sciences de l'information_t, représentations_t, patrimoine_t;Datasets/all_labels_train_gensim_sparse_matrix.npz
archivalia.hypotheses.org/62108;histoire et archéologie_d, sciences sociales interdisciplinaires_d, histoire_t, approches de corpus_t, enquêtes_t, archives_t;Datasets/all_labels_train_gensim_sparse_matrix.npz
archivalia.hypotheses.org/6427;histoire et archéologie_d, sciences sociales interdisciplinaires_d, histoire_t, approches de corpus_t, enquêtes_t, archives_t;Datasets/all_labels_train_gensim_sparse_matrix.npz
dfmfa.hypotheses.org/2278;humanités pluridisciplinaires_d, sciences sociales interdisciplinaires_d, histoire_t, moyen âge_t, haut moyen âge_t, bas moyen âge_t;Datasets/all_labels_train_gensim_sparse_matrix.npz
soziologieblog.hypotheses.org/2719;sciences sociales interdisciplinaires_d, sociologie et anthropologie_d, sociologie du travail_t, sociologie urbaine_t, sociologie de la culture_t, sociologie économique_t;Datasets/all_labels_train_gensim_sparse_matrix.npz
speyermemo.hypotheses.org/2857;histoire_d, pluridisciplinarité_d, sciences sociales interdisciplinaires_d, sociologie de la culture_t, histoire_t, 1939-1945_t, europe_t;Datasets/all_labels_train_gensim_sparse_matrix.npz
archivalia.hypotheses.org/12902;histoire et archéologie_d, sciences sociales interdisciplinaires_d, histoire_t, approches de corpus_t, enquêtes_t, archives_t;Datasets/all_labels_train_gensim_sparse_matrix.npz
archivalia.hypotheses.org/13793;histoire et archéologie_d, sciences sociales interdisciplinaires_d, histoire_t, approches de corpus_t, enquêtes_t, archives_t;Datasets/all_labels_train_gensim_sparse_matrix.npz
bereschitrabba.hypotheses.org/973;arts et humanités_d, religions_d, langue et linguistique_d, religions_t, histoire des religions_t;Datasets/all_labels_train_gensim_sparse_matrix.npz
archivalia.hypotheses.org/57146;histoire et archéologie_d, sciences sociales interdisciplinaires_d, histoire_t, approches de corpus_t, enquêtes_t, archives_t;Datasets/all_labels_train_gensim_sparse_matrix.npz
archivalia.hypotheses.org/11462;histoire et archéologie_d, sciences sociales interdisciplinaires_d, histoire_t, approches de corpus_t, enquêtes_t, archives_t;Datasets/all_labels_train_gensim_sparse_matrix.npz
soziologieblog.hypotheses.org/5511;sciences sociales interdisciplinaires_d, sociologie et anthropologie_d, sociologie du travail_t, sociologie urbaine_t, sociologie de la culture_t, sociologie économique_t;Datasets/all_labels_train_gensim_sparse_matrix.npz
mgtud.hypotheses.org/298;humanités pluridisciplinaires_d, éducation_d, histoire et archéologie_d, histoire_d, histoire_t, histoire urbaine_t, édition électronique_t;Datasets/all_labels_train_gensim_sparse_matrix.npz
archivalia.hypotheses.org/53921;histoire et archéologie_d, sciences sociales interdisciplinaires_d, histoire_t, approches de corpus_t, enquêtes_t, archives_t;Datasets/all_labels_train_gensim_sparse_matrix.npz
archivalia.hypotheses.org/54767;histoire et archéologie_d, sciences sociales interdisciplinaires_d, histoire_t, approches de corpus_t, enquêtes_t, archives_t;Datasets/all_labels_train_gensim_sparse_matrix.npz
digigw.hypotheses.org/1109;humanités pluridisciplinaires_d, histoire_t, édition électronique_t, sciences auxiliaires de l'histoire_t, digital humanities_t;Datasets/all_labels_train_gensim_sparse_matrix.npz
soziologieblog.hypotheses.org/9614;sciences sociales interdisciplinaires_d, sociologie et anthropologie_d, sociologie du travail_t, sociologie urbaine_t, sociologie de la culture_t, sociologie économique_t;Datasets/all_labels_train_gensim_sparse_matrix.npz
archivalia.hypotheses.org/9606;histoire et archéologie_d, sciences sociales interdisciplinaires_d, histoire_t, approches de corpus_t, enquêtes_t, archives_t;Datasets/all_labels_train_gensim_sparse_matrix.npz
archivalia.hypotheses.org/7066;histoire et archéologie_d, sciences sociales interdisciplinaires_d, histoire_t, approches de corpus_t, enquêtes_t, archives_t;Datasets/all_labels_train_gensim_sparse_matrix.npz
archivalia.hypotheses.org/55191;histoire et archéologie_d, sciences sociales interdisciplinaires_d, histoire_t, approches de corpus_t, enquêtes_t, archives_t;Datasets/all_labels_train_gensim_sparse_matrix.npz
amuc.hypotheses.org/1199;humanités pluridisciplinaires_d, histoire_d, histoire_t, représentations_t, patrimoine_t;Datasets/all_labels_train_gensim_sparse_matrix.npz
archivalia.hypotheses.org/775;histoire et archéologie_d, sciences sociales interdisciplinaires_d, histoire_t, approches de corpus_t, enquêtes_t, archives_t;Datasets/all_labels_train_gensim_sparse_matrix.npz
dhdhi.hypotheses.org/1585;histoire et archéologie_d, histoire_t, épistémologie et méthodes_t, digital humanities_t;Datasets/all_labels_train_gensim_sparse_matrix.npz
archivalia.hypotheses.org/4443;histoire et archéologie_d, sciences sociales interdisciplinaires_d, histoire_t, approches de corpus_t, enquêtes_t, archives_t;Datasets/all_labels_train_gensim_sparse_matrix.npz
musermeku.hypotheses.org/1781;humanités pluridisciplinaires_d, pluridisciplinarité_d, sciences sociales interdisciplinaires_d, sociologie_t, sociologie de la culture_t, histoire_t, histoire politique_t;Datasets/all_labels_train_gensim_sparse_matrix.npz
feldpost.hypotheses.org/790;histoire_d, histoire_t, guerres_t, conflits_t, violence_t, histoire culturelle_t, 1914-1918_t, monde germanique_t;Datasets/all_labels_train_gensim_sparse_matrix.npz
jeunegen.hypotheses.org/232;histoire_d, pluridisciplinarité_d, histoire_t, vie de la recherche_t, moyen âge_t, haut moyen âge_t, bas moyen âge_t;Datasets/all_labels_train_gensim_sparse_matrix.npz
reichwein.hypotheses.org/1010;histoire et archéologie_d, histoire des sciences_t, 1945-1989_t;Datasets/all_labels_train_gensim_sparse_matrix.npz
archivewk1.hypotheses.org/17262;histoire_d, époque contemporaine_t, 1914-1918_t;Datasets/all_labels_train_gensim_sparse_matrix.npz
intersex.hypotheses.org/108;histoire_d, biomédecine_d, étude des genres_t, histoire des sciences_t, histoire_t, histoire du droit_t, moyen âge_t, xxie siècle_t;Datasets/all_labels_train_gensim_sparse_matrix.npz
soziologieblog.hypotheses.org/8101;sciences sociales interdisciplinaires_d, sociologie et anthropologie_d, sociologie du travail_t, sociologie urbaine_t, sociologie de la culture_t, sociologie économique_t;Datasets/all_labels_train_gensim_sparse_matrix.npz
archives.hypotheses.org/191;histoire_d, communication_d, patrimoine_t, digital humanities_t, moyen âge_t, époque moderne_t, france_t, monde germanique_t;Datasets/all_labels_train_gensim_sparse_matrix.npz
archivalia.hypotheses.org/57498;histoire et archéologie_d, sciences sociales interdisciplinaires_d, histoire_t, approches de corpus_t, enquêtes_t, archives_t;Datasets/all_labels_train_gensim_sparse_matrix.npz
histgymbib.hypotheses.org/2008;arts et humanités_d, humanités pluridisciplinaires_d, sciences de l'information et de la communication_d, bibliothéconomie_d, sciences sociales interdisciplinaires_d, éducation_t, xvie siècle_t, xviie siècle_t, xviiie siècle_t, prospectives_t;Datasets/all_labels_train_gensim_sparse_matrix.npz
ordensgeschichte.hypotheses.org/981;arts et humanités_d, humanités pluridisciplinaires_d, histoire et archéologie_d, histoire et philosophie des sciences_d, histoire_t, haut moyen âge_t, bas moyen âge_t, xviie siècle_t, xviiie siècle_t;Datasets/all_labels_train_gensim_sparse_matrix.npz
inklusion.hypotheses.org/152;éducation_d, travail social et politique sociale_d, sociologie du travail_t, âges de la vie_t, information_t, sciences de l'éducation_t;Datasets/all_labels_train_gensim_sparse_matrix.npz
archivalia.hypotheses.org/370;histoire et archéologie_d, sciences sociales interdisciplinaires_d, histoire_t, approches de corpus_t, enquêtes_t, archives_t;Datasets/all_labels_train_gensim_sparse_matrix.npz
archivewk1.hypotheses.org/7583;histoire_d, époque contemporaine_t, 1914-1918_t;Datasets/all_labels_train_gensim_sparse_matrix.npz
archivalia.hypotheses.org/2567;histoire et archéologie_d, sciences sociales interdisciplinaires_d, histoire_t, approches de corpus_t, enquêtes_t, archives_t;Datasets/all_labels_train_gensim_sparse_matrix.npz
francofil.hypotheses.org/598;pluridisciplinarité_d, sciences sociales interdisciplinaires_d, histoire_t, épistémologie et méthodes_t, approches de corpus_t, enquêtes_t, archives_t, france_t;Datasets/all_labels_train_gensim_sparse_matrix.npz
dislab.hypotheses.org/1376;sciences sociales interdisciplinaires_d, langue et linguistique_d, sociologie des sciences_t, linguistique_t;Datasets/all_labels_train_gensim_sparse_matrix.npz
archivalia.hypotheses.org/59861;histoire et archéologie_d, sciences sociales interdisciplinaires_d, histoire_t, approches de corpus_t, enquêtes_t, archives_t;Datasets/all_labels_train_gensim_sparse_matrix.npz
archivewk1.hypotheses.org/7086;histoire_d, époque contemporaine_t, 1914-1918_t;Datasets/all_labels_train_gensim_sparse_matrix.npz
ordensgeschichte.hypotheses.org/3524;arts et humanités_d, humanités pluridisciplinaires_d, histoire et archéologie_d, histoire et philosophie des sciences_d, histoire_t, haut moyen âge_t, bas moyen âge_t, xviie siècle_t, xviiie siècle_t;Datasets/all_labels_train_gensim_sparse_matrix.npz
histbav.hypotheses.org/5033;humanités pluridisciplinaires_d, histoire_d, pluridisciplinarité_d, histoire_t, monde germanique_t;Datasets/all_labels_train_gensim_sparse_matrix.npz
dss.hypotheses.org/1458;arts et humanités_d, communication_d, sciences de l'information et bibliothéconomie_d, information_t, édition électronique_t, représentations_t, histoire de l'art_t, patrimoine_t, prospectives_t;Datasets/all_labels_train_gensim_sparse_matrix.npz
archivalia.hypotheses.org/9308;histoire et archéologie_d, sciences sociales interdisciplinaires_d, histoire_t, approches de corpus_t, enquêtes_t, archives_t;Datasets/all_labels_train_gensim_sparse_matrix.npz
rhad.hypotheses.org/355;histoire_d, histoire des sciences sociales_d, histoire_t, époque moderne_t, révolution française_t, xviie siècle_t, xviiie siècle_t, prospectives_t;Datasets/all_labels_train_gensim_sparse_matrix.npz
archivalia.hypotheses.org/418;histoire et archéologie_d, sciences sociales interdisciplinaires_d, histoire_t, approches de corpus_t, enquêtes_t, archives_t;Datasets/all_labels_train_gensim_sparse_matrix.npz
soziologieblog.hypotheses.org/5085;sciences sociales interdisciplinaires_d, sociologie et anthropologie_d, sociologie du travail_t, sociologie urbaine_t, sociologie de la culture_t, sociologie économique_t;Datasets/all_labels_train_gensim_sparse_matrix.npz
mittelalter.hypotheses.org/1108;humanités pluridisciplinaires_d, religions_d, histoire_d, sociologie_d, histoire_t, histoire sociale_t, histoire intellectuelle_t, moyen âge_t, haut moyen âge_t, bas moyen âge_t;Datasets/all_labels_train_gensim_sparse_matrix.npz
archivewk1.hypotheses.org/7768;histoire_d, époque contemporaine_t, 1914-1918_t;Datasets/all_labels_train_gensim_sparse_matrix.npz
archivalia.hypotheses.org/8434;histoire et archéologie_d, sciences sociales interdisciplinaires_d, histoire_t, approches de corpus_t, enquêtes_t, archives_t;Datasets/all_labels_train_gensim_sparse_matrix.npz
jameel.hypotheses.org/233;pluridisciplinarité_d, études régionales_d, archéologie_d, arts_d, humanités pluridisciplinaires_d, représentations_t, asie_t, digital humanities_t, histoire de l'art_t;Datasets/all_labels_train_gensim_sparse_matrix.npz
1914lvr.hypotheses.org/422;sciences politiques_d, histoire_t, époque contemporaine_t, 1914-1918_t;Datasets/all_labels_train_gensim_sparse_matrix.npz
archivewk1.hypotheses.org/3907;histoire_d, époque contemporaine_t, 1914-1918_t;Datasets/all_labels_train_gensim_sparse_matrix.npz
archivalia.hypotheses.org/14127;histoire et archéologie_d, sciences sociales interdisciplinaires_d, histoire_t, approches de corpus_t, enquêtes_t, archives_t;Datasets/all_labels_train_gensim_sparse_matrix.npz
soziologieblog.hypotheses.org/9725;sciences sociales interdisciplinaires_d, sociologie et anthropologie_d, sociologie du travail_t, sociologie urbaine_t, sociologie de la culture_t, sociologie économique_t;Datasets/all_labels_train_gensim_sparse_matrix.npz
gab.hypotheses.org/1122;histoire et archéologie_d, pluridisciplinarité_d, sciences sociales interdisciplinaires_d, études des sciences_t, sociologie des sciences_t, histoire_t;Datasets/all_labels_train_gensim_sparse_matrix.npz
kristinoswald.hypotheses.org/1194;études anciennes_d, études des sciences_t, histoire_t, histoire et sociologie des médias_t, histoire culturelle_t, digital humanities_t;Datasets/all_labels_train_gensim_sparse_matrix.npz
archivalia.hypotheses.org/10251;histoire et archéologie_d, sciences sociales interdisciplinaires_d, histoire_t, approches de corpus_t, enquêtes_t, archives_t;Datasets/all_labels_train_gensim_sparse_matrix.npz
grandeguerre.hypotheses.org/1860;histoire et archéologie_d, histoire_t, 1914-1918_t, prospectives_t, france_t, monde germanique_t;Datasets/all_labels_train_gensim_sparse_matrix.npz
tagebuch.hypotheses.org/1317;histoire et archéologie_d, histoire_d, histoire_t, époque contemporaine_t, 1914-1918_t;Datasets/all_labels_train_gensim_sparse_matrix.npz
archivalia.hypotheses.org/6569;histoire et archéologie_d, sciences sociales interdisciplinaires_d, histoire_t, approches de corpus_t, enquêtes_t, archives_t;Datasets/all_labels_train_gensim_sparse_matrix.npz
catholiccultures.hypotheses.org/711;histoire et archéologie_d, histoire des sciences sociales_d, sciences sociales interdisciplinaires_d, sociologie et anthropologie_d, histoire_t, histoire sociale_t, histoire des religions_t, époque moderne_t;Datasets/all_labels_train_gensim_sparse_matrix.npz
jeunegen.hypotheses.org/1626;histoire_d, pluridisciplinarité_d, histoire_t, vie de la recherche_t, moyen âge_t, haut moyen âge_t, bas moyen âge_t;Datasets/all_labels_train_gensim_sparse_matrix.npz
archivalia.hypotheses.org/10938;histoire et archéologie_d, sciences sociales interdisciplinaires_d, histoire_t, approches de corpus_t, enquêtes_t, archives_t;Datasets/all_labels_train_gensim_sparse_matrix.npz
oberrhein.hypotheses.org/499;religions_d, archéologie_d, histoire_d, histoire_t, moyen âge_t, france_t, monde germanique_t;Datasets/all_labels_train_gensim_sparse_matrix.npz
archivalia.hypotheses.org/60265;histoire et archéologie_d, sciences sociales interdisciplinaires_d, histoire_t, approches de corpus_t, enquêtes_t, archives_t;Datasets/all_labels_train_gensim_sparse_matrix.npz
archive20.hypotheses.org/2368;pluridisciplinarité_d, sciences sociales interdisciplinaires_d, histoire_t, information_t, patrimoine_t, monde germanique_t;Datasets/all_labels_train_gensim_sparse_matrix.npz
archivalia.hypotheses.org/8879;histoire et archéologie_d, sciences sociales interdisciplinaires_d, histoire_t, approches de corpus_t, enquêtes_t, archives_t;Datasets/all_labels_train_gensim_sparse_matrix.npz
archivalia.hypotheses.org/8362;histoire et archéologie_d, sciences sociales interdisciplinaires_d, histoire_t, approches de corpus_t, enquêtes_t, archives_t;Datasets/all_labels_train_gensim_sparse_matrix.npz
archivewk1.hypotheses.org/19529;histoire_d, époque contemporaine_t, 1914-1918_t;Datasets/all_labels_train_gensim_sparse_matrix.npz
archivalia.hypotheses.org/56253;histoire et archéologie_d, sciences sociales interdisciplinaires_d, histoire_t, approches de corpus_t, enquêtes_t, archives_t;Datasets/all_labels_train_gensim_sparse_matrix.npz
nordichistoryblog.hypotheses.org/1492;arts et humanités_d, histoire et archéologie_d, histoire_t, édition électronique_t, vie de la recherche_t, approches de corpus_t, enquêtes_t, archives_t, europe_t, pays baltes et scandinaves_t;Datasets/all_labels_train_gensim_sparse_matrix.npz
archivalia.hypotheses.org/11911;histoire et archéologie_d, sciences sociales interdisciplinaires_d, histoire_t, approches de corpus_t, enquêtes_t, archives_t;Datasets/all_labels_train_gensim_sparse_matrix.npz
archivewk1.hypotheses.org/20565;histoire_d, époque contemporaine_t, 1914-1918_t;Datasets/all_labels_train_gensim_sparse_matrix.npz
19jhdhip.hypotheses.org/1325;histoire_d, époque contemporaine_t, prospectives_t, france_t, monde germanique_t;Datasets/all_labels_train_gensim_sparse_matrix.npz
redaktionsblog.hypotheses.org/720;arts et humanités_d, humanités pluridisciplinaires_d, épistémologie et méthodes_t, digital humanities_t;Datasets/all_labels_train_gensim_sparse_matrix.npz
archivalia.hypotheses.org/1461;histoire et archéologie_d, sciences sociales interdisciplinaires_d, histoire_t, approches de corpus_t, enquêtes_t, archives_t;Datasets/all_labels_train_gensim_sparse_matrix.npz
soziologieblog.hypotheses.org/1078;sciences sociales interdisciplinaires_d, sociologie et anthropologie_d, sociologie du travail_t, sociologie urbaine_t, sociologie de la culture_t, sociologie économique_t;Datasets/all_labels_train_gensim_sparse_matrix.npz
philophiso.hypotheses.org/21;philosophie_d, éducation_d, éducation spécialisée_d, pensée_t, philosophie_t, représentations_t, patrimoine_t;Datasets/all_labels_train_gensim_sparse_matrix.npz
archivalia.hypotheses.org/5224;histoire et archéologie_d, sciences sociales interdisciplinaires_d, histoire_t, approches de corpus_t, enquêtes_t, archives_t;Datasets/all_labels_train_gensim_sparse_matrix.npz
artincrisis.hypotheses.org/530;arts et humanités_d, représentations_t, histoire de l'art_t, époque contemporaine_t, 1939-1945_t, monde germanique_t;Datasets/all_labels_train_gensim_sparse_matrix.npz
lvrafz.hypotheses.org/1567;pluridisciplinarité_d, information_t;Datasets/all_labels_train_gensim_sparse_matrix.npz
jeunegen.hypotheses.org/1340;histoire_d, pluridisciplinarité_d, histoire_t, vie de la recherche_t, moyen âge_t, haut moyen âge_t, bas moyen âge_t;Datasets/all_labels_train_gensim_sparse_matrix.npz
archivalia.hypotheses.org/280;histoire et archéologie_d, sciences sociales interdisciplinaires_d, histoire_t, approches de corpus_t, enquêtes_t, archives_t;Datasets/all_labels_train_gensim_sparse_matrix.npz
etatsocial.hypotheses.org/1087;histoire_d, histoire des sciences sociales_d, sociologie_d, économie_d, sociologie du travail_t, âges de la vie_t, xxe siècle_t;Datasets/all_labels_train_gensim_sparse_matrix.npz
unibloggt.hypotheses.org/228;histoire et archéologie_d, pluridisciplinarité_d, histoire_t, information_t;Datasets/all_labels_train_gensim_sparse_matrix.npz
archivalia.hypotheses.org/56478;histoire et archéologie_d, sciences sociales interdisciplinaires_d, histoire_t, approches de corpus_t, enquêtes_t, archives_t;Datasets/all_labels_train_gensim_sparse_matrix.npz
erinnerung.hypotheses.org/495;histoire et archéologie_d, histoire_t, xxe siècle_t, prospectives_t, europe_t;Datasets/all_labels_train_gensim_sparse_matrix.npz
gid.hypotheses.org/846;pluridisciplinarité_d, sciences sociales interdisciplinaires_d, études des sciences_t, histoire des sciences_t, pensée_t, histoire intellectuelle_t, histoire culturelle_t, prospectives_t;Datasets/all_labels_train_gensim_sparse_matrix.npz
archivalia.hypotheses.org/8303;histoire et archéologie_d, sciences sociales interdisciplinaires_d, histoire_t, approches de corpus_t, enquêtes_t, archives_t;Datasets/all_labels_train_gensim_sparse_matrix.npz
archivewk1.hypotheses.org/4315;histoire_d, époque contemporaine_t, 1914-1918_t;Datasets/all_labels_train_gensim_sparse_matrix.npz
archivalia.hypotheses.org/59201;histoire et archéologie_d, sciences sociales interdisciplinaires_d, histoire_t, approches de corpus_t, enquêtes_t, archives_t;Datasets/all_labels_train_gensim_sparse_matrix.npz
histbav.hypotheses.org/2982;humanités pluridisciplinaires_d, histoire_d, pluridisciplinarité_d, histoire_t, monde germanique_t;Datasets/all_labels_train_gensim_sparse_matrix.npz
archivalia.hypotheses.org/8925;histoire et archéologie_d, sciences sociales interdisciplinaires_d, histoire_t, approches de corpus_t, enquêtes_t, archives_t;Datasets/all_labels_train_gensim_sparse_matrix.npz
reichwein.hypotheses.org/767;histoire et archéologie_d, histoire des sciences_t, 1945-1989_t;Datasets/all_labels_train_gensim_sparse_matrix.npz
scriptorium.hypotheses.org/409;humanités pluridisciplinaires_d, pluridisciplinarité_d, digital humanities_t, moyen âge_t;Datasets/all_labels_train_gensim_sparse_matrix.npz
games.hypotheses.org/51;arts et humanités_d, humanités pluridisciplinaires_d, psychologie expérimentale_d, sciences cognitives_t, psychisme_t, psychologie_t, représentations_t, histoire de l'art_t, études visuelles_t;Datasets/all_labels_train_gensim_sparse_matrix.npz
hsc.hypotheses.org/16;arts et humanités_d, humanités pluridisciplinaires_d, histoire et archéologie_d, histoire_t, historiographie_t;Datasets/all_labels_train_gensim_sparse_matrix.npz
mittelalter.hypotheses.org/3118;humanités pluridisciplinaires_d, religions_d, histoire_d, sociologie_d, histoire_t, histoire sociale_t, histoire intellectuelle_t, moyen âge_t, haut moyen âge_t, bas moyen âge_t;Datasets/all_labels_train_gensim_sparse_matrix.npz
frueheneuzeit.hypotheses.org/1832;histoire et archéologie_d, histoire_t, époque moderne_t, xviie siècle_t, xviiie siècle_t, révolution française_t;Datasets/all_labels_train_gensim_sparse_matrix.npz
archivlinz.hypotheses.org/365;histoire et archéologie_d, histoire_d, histoire urbaine_t, 1914-1918_t, monde germanique_t;Datasets/all_labels_train_gensim_sparse_matrix.npz
archivewk1.hypotheses.org/17154;histoire_d, époque contemporaine_t, 1914-1918_t;Datasets/all_labels_train_gensim_sparse_matrix.npz
jameel.hypotheses.org/528;pluridisciplinarité_d, études régionales_d, archéologie_d, arts_d, humanités pluridisciplinaires_d, représentations_t, asie_t, digital humanities_t, histoire de l'art_t;Datasets/all_labels_train_gensim_sparse_matrix.npz
fotoarchiv.hypotheses.org/105;sciences sociales interdisciplinaires_d, histoire_t, information_t;Datasets/all_labels_train_gensim_sparse_matrix.npz
archivalia.hypotheses.org/8534;histoire et archéologie_d, sciences sociales interdisciplinaires_d, histoire_t, approches de corpus_t, enquêtes_t, archives_t;Datasets/all_labels_train_gensim_sparse_matrix.npz
nachhaltig.hypotheses.org/553;pluridisciplinarité_d, philosophie_d, sciences sociales interdisciplinaires_d, france_t, monde germanique_t;Datasets/all_labels_train_gensim_sparse_matrix.npz
archivamt.hypotheses.org/217;communication_d, pluridisciplinarité_d, sciences sociales interdisciplinaires_d, information_t, sciences de l'information_t, représentations_t, patrimoine_t;Datasets/all_labels_train_gensim_sparse_matrix.npz
dkblog.hypotheses.org/1045;histoire_d, histoire_t, époque moderne_t, xviie siècle_t;Datasets/all_labels_train_gensim_sparse_matrix.npz
archivewk1.hypotheses.org/27942;histoire_d, époque contemporaine_t, 1914-1918_t;Datasets/all_labels_train_gensim_sparse_matrix.npz
archivalia.hypotheses.org/53039;histoire et archéologie_d, sciences sociales interdisciplinaires_d, histoire_t, approches de corpus_t, enquêtes_t, archives_t;Datasets/all_labels_train_gensim_sparse_matrix.npz
schotten.hypotheses.org/1072;religions_d, histoire et archéologie_d, sciences de l'information et de la communication_d, bibliothéconomie_d, histoire_t, histoire des religions_t, approches de corpus_t, enquêtes_t, archives_t, monde germanique_t;Datasets/all_labels_train_gensim_sparse_matrix.npz
majerus.hypotheses.org/594;histoire et archéologie_d, histoire des sciences sociales_d, histoire sociale_t, digital humanities_t, époque contemporaine_t, xxe siècle_t;Datasets/all_labels_train_gensim_sparse_matrix.npz
archivewk1.hypotheses.org/3522;histoire_d, époque contemporaine_t, 1914-1918_t;Datasets/all_labels_train_gensim_sparse_matrix.npz
nordichistoryblog.hypotheses.org/3336;arts et humanités_d, histoire et archéologie_d, histoire_t, édition électronique_t, vie de la recherche_t, approches de corpus_t, enquêtes_t, archives_t, europe_t, pays baltes et scandinaves_t;Datasets/all_labels_train_gensim_sparse_matrix.npz
bereschitrabba.hypotheses.org/1313;arts et humanités_d, religions_d, langue et linguistique_d, religions_t, histoire des religions_t;Datasets/all_labels_train_gensim_sparse_matrix.npz
grk1678.hypotheses.org/277;arts et humanités_d, humanités pluridisciplinaires_d, histoire et philosophie des sciences_d, pluridisciplinarité_d, philosophie_t, littératures_t, histoire culturelle_t, histoire de l'art_t;Datasets/all_labels_train_gensim_sparse_matrix.npz
wenhua.hypotheses.org/741;études asiatiques_d, humanités pluridisciplinaires_d, histoire_d, histoire culturelle_t, asie_t;Datasets/all_labels_train_gensim_sparse_matrix.npz
studpro.hypotheses.org/1019;histoire_d, histoire_t, époque moderne_t, xviie siècle_t, xviiie siècle_t;Datasets/all_labels_train_gensim_sparse_matrix.npz
trafo.hypotheses.org/5270;pluridisciplinarité_d, sciences sociales interdisciplinaires_d, études régionales_d, sociologie_t, sociologie des religions_t, information_t, histoire culturelle_t;Datasets/all_labels_train_gensim_sparse_matrix.npz
amuc.hypotheses.org/1883;humanités pluridisciplinaires_d, histoire_d, histoire_t, représentations_t, patrimoine_t;Datasets/all_labels_train_gensim_sparse_matrix.npz
mindthegaps.hypotheses.org/455;études asiatiques_d, histoire_d, histoire_t, histoire culturelle_t, asie_t, chine_t;Datasets/all_labels_train_gensim_sparse_matrix.npz
1914lvr.hypotheses.org/1293;sciences politiques_d, histoire_t, époque contemporaine_t, 1914-1918_t;Datasets/all_labels_train_gensim_sparse_matrix.npz
tagebuch.hypotheses.org/680;histoire et archéologie_d, histoire_d, histoire_t, époque contemporaine_t, 1914-1918_t;Datasets/all_labels_train_gensim_sparse_matrix.npz
intersex.hypotheses.org/1773;histoire_d, biomédecine_d, étude des genres_t, histoire des sciences_t, histoire_t, histoire du droit_t, moyen âge_t, xxie siècle_t;Datasets/all_labels_train_gensim_sparse_matrix.npz
histbav.hypotheses.org/4659;humanités pluridisciplinaires_d, histoire_d, pluridisciplinarité_d, histoire_t, monde germanique_t;Datasets/all_labels_train_gensim_sparse_matrix.npz
erinnerung.hypotheses.org/873;histoire et archéologie_d, histoire_t, xxe siècle_t, prospectives_t, europe_t;Datasets/all_labels_train_gensim_sparse_matrix.npz
redaktionsblog.hypotheses.org/2044;arts et humanités_d, humanités pluridisciplinaires_d, épistémologie et méthodes_t, digital humanities_t;Datasets/all_labels_train_gensim_sparse_matrix.npz
archivalia.hypotheses.org/57520;histoire et archéologie_d, sciences sociales interdisciplinaires_d, histoire_t, approches de corpus_t, enquêtes_t, archives_t;Datasets/all_labels_train_gensim_sparse_matrix.npz
gab.hypotheses.org/904;histoire et archéologie_d, pluridisciplinarité_d, sciences sociales interdisciplinaires_d, études des sciences_t, sociologie des sciences_t, histoire_t;Datasets/all_labels_train_gensim_sparse_matrix.npz
futurecity.hypotheses.org/81;sciences politiques_d, administration publique et développement_d, sociologie urbaine_t;Datasets/all_labels_train_gensim_sparse_matrix.npz
archivalia.hypotheses.org/8646;histoire et archéologie_d, sciences sociales interdisciplinaires_d, histoire_t, approches de corpus_t, enquêtes_t, archives_t;Datasets/all_labels_train_gensim_sparse_matrix.npz
archivalia.hypotheses.org/7473;histoire et archéologie_d, sciences sociales interdisciplinaires_d, histoire_t, approches de corpus_t, enquêtes_t, archives_t;Datasets/all_labels_train_gensim_sparse_matrix.npz
archivalia.hypotheses.org/11010;histoire et archéologie_d, sciences sociales interdisciplinaires_d, histoire_t, approches de corpus_t, enquêtes_t, archives_t;Datasets/all_labels_train_gensim_sparse_matrix.npz
soziologieblog.hypotheses.org/4421;sciences sociales interdisciplinaires_d, sociologie et anthropologie_d, sociologie du travail_t, sociologie urbaine_t, sociologie de la culture_t, sociologie économique_t;Datasets/all_labels_train_gensim_sparse_matrix.npz
unibloggt.hypotheses.org/416;histoire et archéologie_d, pluridisciplinarité_d, histoire_t, information_t;Datasets/all_labels_train_gensim_sparse_matrix.npz
archivewk1.hypotheses.org/18545;histoire_d, époque contemporaine_t, 1914-1918_t;Datasets/all_labels_train_gensim_sparse_matrix.npz
1914lvr.hypotheses.org/1194;sciences politiques_d, histoire_t, époque contemporaine_t, 1914-1918_t;Datasets/all_labels_train_gensim_sparse_matrix.npz
games.hypotheses.org/1564;arts et humanités_d, humanités pluridisciplinaires_d, psychologie expérimentale_d, sciences cognitives_t, psychisme_t, psychologie_t, représentations_t, histoire de l'art_t, études visuelles_t;Datasets/all_labels_train_gensim_sparse_matrix.npz
nordichistoryblog.hypotheses.org/1733;arts et humanités_d, histoire et archéologie_d, histoire_t, édition électronique_t, vie de la recherche_t, approches de corpus_t, enquêtes_t, archives_t, europe_t, pays baltes et scandinaves_t;Datasets/all_labels_train_gensim_sparse_matrix.npz
archivewk1.hypotheses.org/1646;histoire_d, époque contemporaine_t, 1914-1918_t;Datasets/all_labels_train_gensim_sparse_matrix.npz
francofil.hypotheses.org/1247;pluridisciplinarité_d, sciences sociales interdisciplinaires_d, histoire_t, épistémologie et méthodes_t, approches de corpus_t, enquêtes_t, archives_t, france_t;Datasets/all_labels_train_gensim_sparse_matrix.npz
archive20.hypotheses.org/3007;pluridisciplinarité_d, sciences sociales interdisciplinaires_d, histoire_t, information_t, patrimoine_t, monde germanique_t;Datasets/all_labels_train_gensim_sparse_matrix.npz
archivalia.hypotheses.org/10520;histoire et archéologie_d, sciences sociales interdisciplinaires_d, histoire_t, approches de corpus_t, enquêtes_t, archives_t;Datasets/all_labels_train_gensim_sparse_matrix.npz
frobeniusforster.hypotheses.org/396;histoire et archéologie_d, histoire_t, époque moderne_t, xviiie siècle_t;Datasets/all_labels_train_gensim_sparse_matrix.npz
kulturgut.hypotheses.org/286;humanités pluridisciplinaires_d, études des sciences_t, histoire_t, approches de corpus_t, enquêtes_t, archives_t;Datasets/all_labels_train_gensim_sparse_matrix.npz
minuseinsebene.hypotheses.org/23;archéologie_d, histoire urbaine_t, histoire des religions_t, moyen âge_t, haut moyen âge_t, monde germanique_t;Datasets/all_labels_train_gensim_sparse_matrix.npz
histbav.hypotheses.org/4479;humanités pluridisciplinaires_d, histoire_d, pluridisciplinarité_d, histoire_t, monde germanique_t;Datasets/all_labels_train_gensim_sparse_matrix.npz
archivalia.hypotheses.org/13620;histoire et archéologie_d, sciences sociales interdisciplinaires_d, histoire_t, approches de corpus_t, enquêtes_t, archives_t;Datasets/all_labels_train_gensim_sparse_matrix.npz
archivamt.hypotheses.org/3725;communication_d, pluridisciplinarité_d, sciences sociales interdisciplinaires_d, information_t, sciences de l'information_t, représentations_t, patrimoine_t;Datasets/all_labels_train_gensim_sparse_matrix.npz
liparchiv.hypotheses.org/680;histoire et archéologie_d, sciences politiques_d, administration publique et développement_d, histoire urbaine_t, patrimoine_t, sciences auxiliaires de l'histoire_t, approches de corpus_t, enquêtes_t, archives_t, europe_t;Datasets/all_labels_train_gensim_sparse_matrix.npz
gra.hypotheses.org/466;arts et humanités_d, communication_d, sciences de l'information et bibliothéconomie_d, représentations_t, histoire culturelle_t, histoire de l'art_t, études visuelles_t;Datasets/all_labels_train_gensim_sparse_matrix.npz
archivalia.hypotheses.org/10207;histoire et archéologie_d, sciences sociales interdisciplinaires_d, histoire_t, approches de corpus_t, enquêtes_t, archives_t;Datasets/all_labels_train_gensim_sparse_matrix.npz
minuseinsebene.hypotheses.org/1;archéologie_d, histoire urbaine_t, histoire des religions_t, moyen âge_t, haut moyen âge_t, monde germanique_t;Datasets/all_labels_train_gensim_sparse_matrix.npz
mittelalter.hypotheses.org/6293;humanités pluridisciplinaires_d, religions_d, histoire_d, sociologie_d, histoire_t, histoire sociale_t, histoire intellectuelle_t, moyen âge_t, haut moyen âge_t, bas moyen âge_t;Datasets/all_labels_train_gensim_sparse_matrix.npz
archivalia.hypotheses.org/10731;histoire et archéologie_d, sciences sociales interdisciplinaires_d, histoire_t, approches de corpus_t, enquêtes_t, archives_t;Datasets/all_labels_train_gensim_sparse_matrix.npz
ludite.hypotheses.org/156;arts et humanités_d, histoire et archéologie_d, histoire sociale_t, histoire culturelle_t, haut moyen âge_t, bas moyen âge_t;Datasets/all_labels_train_gensim_sparse_matrix.npz
sammeln.hypotheses.org/351;sciences sociales interdisciplinaires_d, histoire des sciences_t, patrimoine_t, sciences auxiliaires de l'histoire_t, approches de corpus_t, enquêtes_t, archives_t;Datasets/all_labels_train_gensim_sparse_matrix.npz
soziologieblog.hypotheses.org/9087;sciences sociales interdisciplinaires_d, sociologie et anthropologie_d, sociologie du travail_t, sociologie urbaine_t, sociologie de la culture_t, sociologie économique_t;Datasets/all_labels_train_gensim_sparse_matrix.npz
archivalia.hypotheses.org/9752;histoire et archéologie_d, sciences sociales interdisciplinaires_d, histoire_t, approches de corpus_t, enquêtes_t, archives_t;Datasets/all_labels_train_gensim_sparse_matrix.npz
archivalia.hypotheses.org/10786;histoire et archéologie_d, sciences sociales interdisciplinaires_d, histoire_t, approches de corpus_t, enquêtes_t, archives_t;Datasets/all_labels_train_gensim_sparse_matrix.npz
archivalia.hypotheses.org/12504;histoire et archéologie_d, sciences sociales interdisciplinaires_d, histoire_t, approches de corpus_t, enquêtes_t, archives_t;Datasets/all_labels_train_gensim_sparse_matrix.npz
archivewk1.hypotheses.org/12050;histoire_d, époque contemporaine_t, 1914-1918_t;Datasets/all_labels_train_gensim_sparse_matrix.npz
geschichtsadmin.hypotheses.org/162;éducation_d, histoire_d, sociologie du travail_t, histoire_t;Datasets/all_labels_train_gensim_sparse_matrix.npz
1914lvr.hypotheses.org/893;sciences politiques_d, histoire_t, époque contemporaine_t, 1914-1918_t;Datasets/all_labels_train_gensim_sparse_matrix.npz
texperimentales.hypotheses.org/968;linguistique appliquée_d, langue et linguistique_d, langage_t, linguistique_t, information_t, sciences de l'information_t, digital humanities_t;Datasets/all_labels_train_gensim_sparse_matrix.npz
archivalia.hypotheses.org/7531;histoire et archéologie_d, sciences sociales interdisciplinaires_d, histoire_t, approches de corpus_t, enquêtes_t, archives_t;Datasets/all_labels_train_gensim_sparse_matrix.npz
archivalia.hypotheses.org/8369;histoire et archéologie_d, sciences sociales interdisciplinaires_d, histoire_t, approches de corpus_t, enquêtes_t, archives_t;Datasets/all_labels_train_gensim_sparse_matrix.npz
histbav.hypotheses.org/3823;humanités pluridisciplinaires_d, histoire_d, pluridisciplinarité_d, histoire_t, monde germanique_t;Datasets/all_labels_train_gensim_sparse_matrix.npz
histbav.hypotheses.org/2724;humanités pluridisciplinaires_d, histoire_d, pluridisciplinarité_d, histoire_t, monde germanique_t;Datasets/all_labels_train_gensim_sparse_matrix.npz
archivalia.hypotheses.org/13702;histoire et archéologie_d, sciences sociales interdisciplinaires_d, histoire_t, approches de corpus_t, enquêtes_t, archives_t;Datasets/all_labels_train_gensim_sparse_matrix.npz
lvrafz.hypotheses.org/2090;pluridisciplinarité_d, information_t;Datasets/all_labels_train_gensim_sparse_matrix.npz
merzdadaco.hypotheses.org/206;humanités pluridisciplinaires_d, littérature_d, littératures_t, représentations_t, histoire culturelle_t, histoire de l'art_t;Datasets/all_labels_train_gensim_sparse_matrix.npz
archivewk1.hypotheses.org/8696;histoire_d, époque contemporaine_t, 1914-1918_t;Datasets/all_labels_train_gensim_sparse_matrix.npz
archivalia.hypotheses.org/7852;histoire et archéologie_d, sciences sociales interdisciplinaires_d, histoire_t, approches de corpus_t, enquêtes_t, archives_t;Datasets/all_labels_train_gensim_sparse_matrix.npz
francofil.hypotheses.org/3431;pluridisciplinarité_d, sciences sociales interdisciplinaires_d, histoire_t, épistémologie et méthodes_t, approches de corpus_t, enquêtes_t, archives_t, france_t;Datasets/all_labels_train_gensim_sparse_matrix.npz
archive20.hypotheses.org/3488;pluridisciplinarité_d, sciences sociales interdisciplinaires_d, histoire_t, information_t, patrimoine_t, monde germanique_t;Datasets/all_labels_train_gensim_sparse_matrix.npz
speyermemo.hypotheses.org/2611;histoire_d, pluridisciplinarité_d, sciences sociales interdisciplinaires_d, sociologie de la culture_t, histoire_t, 1939-1945_t, europe_t;Datasets/all_labels_train_gensim_sparse_matrix.npz
archivalia.hypotheses.org/10381;histoire et archéologie_d, sciences sociales interdisciplinaires_d, histoire_t, approches de corpus_t, enquêtes_t, archives_t;Datasets/all_labels_train_gensim_sparse_matrix.npz
grk1678.hypotheses.org/473;arts et humanités_d, humanités pluridisciplinaires_d, histoire et philosophie des sciences_d, pluridisciplinarité_d, philosophie_t, littératures_t, histoire culturelle_t, histoire de l'art_t;Datasets/all_labels_train_gensim_sparse_matrix.npz
histbav.hypotheses.org/3713;humanités pluridisciplinaires_d, histoire_d, pluridisciplinarité_d, histoire_t, monde germanique_t;Datasets/all_labels_train_gensim_sparse_matrix.npz
archivalia.hypotheses.org/13803;histoire et archéologie_d, sciences sociales interdisciplinaires_d, histoire_t, approches de corpus_t, enquêtes_t, archives_t;Datasets/all_labels_train_gensim_sparse_matrix.npz
archivewk1.hypotheses.org/843;histoire_d, époque contemporaine_t, 1914-1918_t;Datasets/all_labels_train_gensim_sparse_matrix.npz
redaktionsblog.hypotheses.org/527;arts et humanités_d, humanités pluridisciplinaires_d, épistémologie et méthodes_t, digital humanities_t;Datasets/all_labels_train_gensim_sparse_matrix.npz
archivalia.hypotheses.org/9157;histoire et archéologie_d, sciences sociales interdisciplinaires_d, histoire_t, approches de corpus_t, enquêtes_t, archives_t;Datasets/all_labels_train_gensim_sparse_matrix.npz
ordensgeschichte.hypotheses.org/10665;arts et humanités_d, humanités pluridisciplinaires_d, histoire et archéologie_d, histoire et philosophie des sciences_d, histoire_t, haut moyen âge_t, bas moyen âge_t, xviie siècle_t, xviiie siècle_t;Datasets/all_labels_train_gensim_sparse_matrix.npz
maxweber.hypotheses.org/601;humanités pluridisciplinaires_d, histoire et archéologie_d, histoire et philosophie des sciences_d, sociologie et anthropologie_d, histoire sociale_t, histoire intellectuelle_t, sociologie des religions_t, vie de la recherche_t;Datasets/all_labels_train_gensim_sparse_matrix.npz
redaktionsblog.hypotheses.org/1657;arts et humanités_d, humanités pluridisciplinaires_d, épistémologie et méthodes_t, digital humanities_t;Datasets/all_labels_train_gensim_sparse_matrix.npz
archivewk1.hypotheses.org/21633;histoire_d, époque contemporaine_t, 1914-1918_t;Datasets/all_labels_train_gensim_sparse_matrix.npz
archivalia.hypotheses.org/11588;histoire et archéologie_d, sciences sociales interdisciplinaires_d, histoire_t, approches de corpus_t, enquêtes_t, archives_t;Datasets/all_labels_train_gensim_sparse_matrix.npz
archivalia.hypotheses.org/12576;histoire et archéologie_d, sciences sociales interdisciplinaires_d, histoire_t, approches de corpus_t, enquêtes_t, archives_t;Datasets/all_labels_train_gensim_sparse_matrix.npz
histbav.hypotheses.org/2541;humanités pluridisciplinaires_d, histoire_d, pluridisciplinarité_d, histoire_t, monde germanique_t;Datasets/all_labels_train_gensim_sparse_matrix.npz
archivalia.hypotheses.org/7599;histoire et archéologie_d, sciences sociales interdisciplinaires_d, histoire_t, approches de corpus_t, enquêtes_t, archives_t;Datasets/all_labels_train_gensim_sparse_matrix.npz
medialogic.hypotheses.org/778;arts et humanités_d, sciences de l'information et de la communication_d, bibliothéconomie_d, sociologie_t;Datasets/all_labels_train_gensim_sparse_matrix.npz
archivamt.hypotheses.org/3286;communication_d, pluridisciplinarité_d, sciences sociales interdisciplinaires_d, information_t, sciences de l'information_t, représentations_t, patrimoine_t;Datasets/all_labels_train_gensim_sparse_matrix.npz
mittelalter.hypotheses.org/2917;humanités pluridisciplinaires_d, religions_d, histoire_d, sociologie_d, histoire_t, histoire sociale_t, histoire intellectuelle_t, moyen âge_t, haut moyen âge_t, bas moyen âge_t;Datasets/all_labels_train_gensim_sparse_matrix.npz
archivalia.hypotheses.org/13595;histoire et archéologie_d, sciences sociales interdisciplinaires_d, histoire_t, approches de corpus_t, enquêtes_t, archives_t;Datasets/all_labels_train_gensim_sparse_matrix.npz
archivamt.hypotheses.org/4648;communication_d, pluridisciplinarité_d, sciences sociales interdisciplinaires_d, information_t, sciences de l'information_t, représentations_t, patrimoine_t;Datasets/all_labels_train_gensim_sparse_matrix.npz
lvrafz.hypotheses.org/1021;pluridisciplinarité_d, information_t;Datasets/all_labels_train_gensim_sparse_matrix.npz
soziologieblog.hypotheses.org/4903;sciences sociales interdisciplinaires_d, sociologie et anthropologie_d, sociologie du travail_t, sociologie urbaine_t, sociologie de la culture_t, sociologie économique_t;Datasets/all_labels_train_gensim_sparse_matrix.npz
mindthegaps.hypotheses.org/2054;études asiatiques_d, histoire_d, histoire_t, histoire culturelle_t, asie_t, chine_t;Datasets/all_labels_train_gensim_sparse_matrix.npz
archivalia.hypotheses.org/57180;histoire et archéologie_d, sciences sociales interdisciplinaires_d, histoire_t, approches de corpus_t, enquêtes_t, archives_t;Datasets/all_labels_train_gensim_sparse_matrix.npz
mittelalter.hypotheses.org/7964;humanités pluridisciplinaires_d, religions_d, histoire_d, sociologie_d, histoire_t, histoire sociale_t, histoire intellectuelle_t, moyen âge_t, haut moyen âge_t, bas moyen âge_t;Datasets/all_labels_train_gensim_sparse_matrix.npz
histbav.hypotheses.org/5074;humanités pluridisciplinaires_d, histoire_d, pluridisciplinarité_d, histoire_t, monde germanique_t;Datasets/all_labels_train_gensim_sparse_matrix.npz
archivewk1.hypotheses.org/1506;histoire_d, époque contemporaine_t, 1914-1918_t;Datasets/all_labels_train_gensim_sparse_matrix.npz
dhdhi.hypotheses.org/1995;histoire et archéologie_d, histoire_t, épistémologie et méthodes_t, digital humanities_t;Datasets/all_labels_train_gensim_sparse_matrix.npz
archivalia.hypotheses.org/8171;histoire et archéologie_d, sciences sociales interdisciplinaires_d, histoire_t, approches de corpus_t, enquêtes_t, archives_t;Datasets/all_labels_train_gensim_sparse_matrix.npz
wenhua.hypotheses.org/874;études asiatiques_d, humanités pluridisciplinaires_d, histoire_d, histoire culturelle_t, asie_t;Datasets/all_labels_train_gensim_sparse_matrix.npz
archivalia.hypotheses.org/10773;histoire et archéologie_d, sciences sociales interdisciplinaires_d, histoire_t, approches de corpus_t, enquêtes_t, archives_t;Datasets/all_labels_train_gensim_sparse_matrix.npz
intersex.hypotheses.org/3982;histoire_d, biomédecine_d, étude des genres_t, histoire des sciences_t, histoire_t, histoire du droit_t, moyen âge_t, xxie siècle_t;Datasets/all_labels_train_gensim_sparse_matrix.npz
histbav.hypotheses.org/4626;humanités pluridisciplinaires_d, histoire_d, pluridisciplinarité_d, histoire_t, monde germanique_t;Datasets/all_labels_train_gensim_sparse_matrix.npz
archivewk1.hypotheses.org/1292;histoire_d, époque contemporaine_t, 1914-1918_t;Datasets/all_labels_train_gensim_sparse_matrix.npz
archivalia.hypotheses.org/12617;histoire et archéologie_d, sciences sociales interdisciplinaires_d, histoire_t, approches de corpus_t, enquêtes_t, archives_t;Datasets/all_labels_train_gensim_sparse_matrix.npz
archivalia.hypotheses.org/12073;histoire et archéologie_d, sciences sociales interdisciplinaires_d, histoire_t, approches de corpus_t, enquêtes_t, archives_t;Datasets/all_labels_train_gensim_sparse_matrix.npz
oberrhein.hypotheses.org/1888;religions_d, archéologie_d, histoire_d, histoire_t, moyen âge_t, france_t, monde germanique_t;Datasets/all_labels_train_gensim_sparse_matrix.npz
archivalia.hypotheses.org/4559;histoire et archéologie_d, sciences sociales interdisciplinaires_d, histoire_t, approches de corpus_t, enquêtes_t, archives_t;Datasets/all_labels_train_gensim_sparse_matrix.npz
dokunstlmu.hypotheses.org/52;arts et humanités_d, histoire intellectuelle_t;Datasets/all_labels_train_gensim_sparse_matrix.npz
archivewk1.hypotheses.org/12427;histoire_d, époque contemporaine_t, 1914-1918_t;Datasets/all_labels_train_gensim_sparse_matrix.npz
archivalia.hypotheses.org/13125;histoire et archéologie_d, sciences sociales interdisciplinaires_d, histoire_t, approches de corpus_t, enquêtes_t, archives_t;Datasets/all_labels_train_gensim_sparse_matrix.npz
archivewk1.hypotheses.org/4967;histoire_d, époque contemporaine_t, 1914-1918_t;Datasets/all_labels_train_gensim_sparse_matrix.npz
archivamt.hypotheses.org/1777;communication_d, pluridisciplinarité_d, sciences sociales interdisciplinaires_d, information_t, sciences de l'information_t, représentations_t, patrimoine_t;Datasets/all_labels_train_gensim_sparse_matrix.npz
archivalia.hypotheses.org/3770;histoire et archéologie_d, sciences sociales interdisciplinaires_d, histoire_t, approches de corpus_t, enquêtes_t, archives_t;Datasets/all_labels_train_gensim_sparse_matrix.npz
frueheneuzeit.hypotheses.org/1289;histoire et archéologie_d, histoire_t, époque moderne_t, xviie siècle_t, xviiie siècle_t, révolution française_t;Datasets/all_labels_train_gensim_sparse_matrix.npz
archivamt.hypotheses.org/1072;communication_d, pluridisciplinarité_d, sciences sociales interdisciplinaires_d, information_t, sciences de l'information_t, représentations_t, patrimoine_t;Datasets/all_labels_train_gensim_sparse_matrix.npz
archivalia.hypotheses.org/2502;histoire et archéologie_d, sciences sociales interdisciplinaires_d, histoire_t, approches de corpus_t, enquêtes_t, archives_t;Datasets/all_labels_train_gensim_sparse_matrix.npz
archivalia.hypotheses.org/10340;histoire et archéologie_d, sciences sociales interdisciplinaires_d, histoire_t, approches de corpus_t, enquêtes_t, archives_t;Datasets/all_labels_train_gensim_sparse_matrix.npz
archivewk1.hypotheses.org/12159;histoire_d, époque contemporaine_t, 1914-1918_t;Datasets/all_labels_train_gensim_sparse_matrix.npz
wenhua.hypotheses.org/149;études asiatiques_d, humanités pluridisciplinaires_d, histoire_d, histoire culturelle_t, asie_t;Datasets/all_labels_train_gensim_sparse_matrix.npz
gab.hypotheses.org/1478;histoire et archéologie_d, pluridisciplinarité_d, sciences sociales interdisciplinaires_d, études des sciences_t, sociologie des sciences_t, histoire_t;Datasets/all_labels_train_gensim_sparse_matrix.npz
archivewk1.hypotheses.org/22949;histoire_d, époque contemporaine_t, 1914-1918_t;Datasets/all_labels_train_gensim_sparse_matrix.npz
archivalia.hypotheses.org/10536;histoire et archéologie_d, sciences sociales interdisciplinaires_d, histoire_t, approches de corpus_t, enquêtes_t, archives_t;Datasets/all_labels_train_gensim_sparse_matrix.npz
barblog.hypotheses.org/905;sciences sociales interdisciplinaires_d, sciences politiques_d, sociologie_d, anthropologie politique_t;Datasets/all_labels_train_gensim_sparse_matrix.npz
mindthegaps.hypotheses.org/1483;études asiatiques_d, histoire_d, histoire_t, histoire culturelle_t, asie_t, chine_t;Datasets/all_labels_train_gensim_sparse_matrix.npz
archivalia.hypotheses.org/3661;histoire et archéologie_d, sciences sociales interdisciplinaires_d, histoire_t, approches de corpus_t, enquêtes_t, archives_t;Datasets/all_labels_train_gensim_sparse_matrix.npz
pophistory.hypotheses.org/1778;humanités pluridisciplinaires_d, histoire et archéologie_d, sociologie de la culture_t, histoire sociale_t, histoire culturelle_t, époque contemporaine_t;Datasets/all_labels_train_gensim_sparse_matrix.npz
dhmuc.hypotheses.org/647;humanités pluridisciplinaires_d, communication_d, pluridisciplinarité_d, sciences sociales interdisciplinaires_d, études des sciences_t, édition électronique_t, digital humanities_t;Datasets/all_labels_train_gensim_sparse_matrix.npz
archivalia.hypotheses.org/3447;histoire et archéologie_d, sciences sociales interdisciplinaires_d, histoire_t, approches de corpus_t, enquêtes_t, archives_t;Datasets/all_labels_train_gensim_sparse_matrix.npz
archivalia.hypotheses.org/11334;histoire et archéologie_d, sciences sociales interdisciplinaires_d, histoire_t, approches de corpus_t, enquêtes_t, archives_t;Datasets/all_labels_train_gensim_sparse_matrix.npz
medialogic.hypotheses.org/747;arts et humanités_d, sciences de l'information et de la communication_d, bibliothéconomie_d, sociologie_t;Datasets/all_labels_train_gensim_sparse_matrix.npz
gewalt.hypotheses.org/412;sciences politiques_d, sociologie_d, sociologie_t, sociologie urbaine_t, anthropologie politique_t, histoire urbaine_t, guerres_t, conflits_t, violence_t;Datasets/all_labels_train_gensim_sparse_matrix.npz
archivalia.hypotheses.org/9975;histoire et archéologie_d, sciences sociales interdisciplinaires_d, histoire_t, approches de corpus_t, enquêtes_t, archives_t;Datasets/all_labels_train_gensim_sparse_matrix.npz
mindthegaps.hypotheses.org/923;études asiatiques_d, histoire_d, histoire_t, histoire culturelle_t, asie_t, chine_t;Datasets/all_labels_train_gensim_sparse_matrix.npz
musicaroma.hypotheses.org/587;musique_d, histoire_d, histoire_t, histoire culturelle_t, monde germanique_t;Datasets/all_labels_train_gensim_sparse_matrix.npz
archivalia.hypotheses.org/10845;histoire et archéologie_d, sciences sociales interdisciplinaires_d, histoire_t, approches de corpus_t, enquêtes_t, archives_t;Datasets/all_labels_train_gensim_sparse_matrix.npz
archivamt.hypotheses.org/3107;communication_d, pluridisciplinarité_d, sciences sociales interdisciplinaires_d, information_t, sciences de l'information_t, représentations_t, patrimoine_t;Datasets/all_labels_train_gensim_sparse_matrix.npz
archivalia.hypotheses.org/3682;histoire et archéologie_d, sciences sociales interdisciplinaires_d, histoire_t, approches de corpus_t, enquêtes_t, archives_t;Datasets/all_labels_train_gensim_sparse_matrix.npz
reichwein.hypotheses.org/1231;histoire et archéologie_d, histoire des sciences_t, 1945-1989_t;Datasets/all_labels_train_gensim_sparse_matrix.npz
dss.hypotheses.org/982;arts et humanités_d, communication_d, sciences de l'information et bibliothéconomie_d, information_t, édition électronique_t, représentations_t, histoire de l'art_t, patrimoine_t, prospectives_t;Datasets/all_labels_train_gensim_sparse_matrix.npz
blogweimar.hypotheses.org/91;histoire et archéologie_d, histoire_t, histoire politique_t, 1918-1939_t, monde germanique_t;Datasets/all_labels_train_gensim_sparse_matrix.npz
soziologieblog.hypotheses.org/7405;sciences sociales interdisciplinaires_d, sociologie et anthropologie_d, sociologie du travail_t, sociologie urbaine_t, sociologie de la culture_t, sociologie économique_t;Datasets/all_labels_train_gensim_sparse_matrix.npz
archivalia.hypotheses.org/1194;histoire et archéologie_d, sciences sociales interdisciplinaires_d, histoire_t, approches de corpus_t, enquêtes_t, archives_t;Datasets/all_labels_train_gensim_sparse_matrix.npz
medialogic.hypotheses.org/372;arts et humanités_d, sciences de l'information et de la communication_d, bibliothéconomie_d, sociologie_t;Datasets/all_labels_train_gensim_sparse_matrix.npz
archivalia.hypotheses.org/1344;histoire et archéologie_d, sciences sociales interdisciplinaires_d, histoire_t, approches de corpus_t, enquêtes_t, archives_t;Datasets/all_labels_train_gensim_sparse_matrix.npz
pophistory.hypotheses.org/991;humanités pluridisciplinaires_d, histoire et archéologie_d, sociologie de la culture_t, histoire sociale_t, histoire culturelle_t, époque contemporaine_t;Datasets/all_labels_train_gensim_sparse_matrix.npz
digigw.hypotheses.org/584;humanités pluridisciplinaires_d, histoire_t, édition électronique_t, sciences auxiliaires de l'histoire_t, digital humanities_t;Datasets/all_labels_train_gensim_sparse_matrix.npz
archive20.hypotheses.org/2633;pluridisciplinarité_d, sciences sociales interdisciplinaires_d, histoire_t, information_t, patrimoine_t, monde germanique_t;Datasets/all_labels_train_gensim_sparse_matrix.npz
archivalia.hypotheses.org/2798;histoire et archéologie_d, sciences sociales interdisciplinaires_d, histoire_t, approches de corpus_t, enquêtes_t, archives_t;Datasets/all_labels_train_gensim_sparse_matrix.npz
archivalia.hypotheses.org/5759;histoire et archéologie_d, sciences sociales interdisciplinaires_d, histoire_t, approches de corpus_t, enquêtes_t, archives_t;Datasets/all_labels_train_gensim_sparse_matrix.npz
dfmfa.hypotheses.org/2175;humanités pluridisciplinaires_d, sciences sociales interdisciplinaires_d, histoire_t, moyen âge_t, haut moyen âge_t, bas moyen âge_t;Datasets/all_labels_train_gensim_sparse_matrix.npz
catholiccultures.hypotheses.org/861;histoire et archéologie_d, histoire des sciences sociales_d, sciences sociales interdisciplinaires_d, sociologie et anthropologie_d, histoire_t, histoire sociale_t, histoire des religions_t, époque moderne_t;Datasets/all_labels_train_gensim_sparse_matrix.npz
archivalia.hypotheses.org/11115;histoire et archéologie_d, sciences sociales interdisciplinaires_d, histoire_t, approches de corpus_t, enquêtes_t, archives_t;Datasets/all_labels_train_gensim_sparse_matrix.npz
archivewk1.hypotheses.org/14801;histoire_d, époque contemporaine_t, 1914-1918_t;Datasets/all_labels_train_gensim_sparse_matrix.npz
amuc.hypotheses.org/1025;humanités pluridisciplinaires_d, histoire_d, histoire_t, représentations_t, patrimoine_t;Datasets/all_labels_train_gensim_sparse_matrix.npz
1914lvr.hypotheses.org/30;sciences politiques_d, histoire_t, époque contemporaine_t, 1914-1918_t;Datasets/all_labels_train_gensim_sparse_matrix.npz
frueheneuzeit.hypotheses.org/1379;histoire et archéologie_d, histoire_t, époque moderne_t, xviie siècle_t, xviiie siècle_t, révolution française_t;Datasets/all_labels_train_gensim_sparse_matrix.npz
speyermemo.hypotheses.org/2387;histoire_d, pluridisciplinarité_d, sciences sociales interdisciplinaires_d, sociologie de la culture_t, histoire_t, 1939-1945_t, europe_t;Datasets/all_labels_train_gensim_sparse_matrix.npz
resilienz.hypotheses.org/1093;pluridisciplinarité_d, sciences sociales interdisciplinaires_d, études des sciences_t, épistémologie et méthodes_t, vie de la recherche_t, prospectives_t;Datasets/all_labels_train_gensim_sparse_matrix.npz
archivalia.hypotheses.org/3896;histoire et archéologie_d, sciences sociales interdisciplinaires_d, histoire_t, approches de corpus_t, enquêtes_t, archives_t;Datasets/all_labels_train_gensim_sparse_matrix.npz
reichwein.hypotheses.org/2010;histoire et archéologie_d, histoire des sciences_t, 1945-1989_t;Datasets/all_labels_train_gensim_sparse_matrix.npz
archivalia.hypotheses.org/4324;histoire et archéologie_d, sciences sociales interdisciplinaires_d, histoire_t, approches de corpus_t, enquêtes_t, archives_t;Datasets/all_labels_train_gensim_sparse_matrix.npz
archivewk1.hypotheses.org/22636;histoire_d, époque contemporaine_t, 1914-1918_t;Datasets/all_labels_train_gensim_sparse_matrix.npz
histbav.hypotheses.org/3322;humanités pluridisciplinaires_d, histoire_d, pluridisciplinarité_d, histoire_t, monde germanique_t;Datasets/all_labels_train_gensim_sparse_matrix.npz
amuc.hypotheses.org/1127;humanités pluridisciplinaires_d, histoire_d, histoire_t, représentations_t, patrimoine_t;Datasets/all_labels_train_gensim_sparse_matrix.npz
oberrhein.hypotheses.org/549;religions_d, archéologie_d, histoire_d, histoire_t, moyen âge_t, france_t, monde germanique_t;Datasets/all_labels_train_gensim_sparse_matrix.npz
histgymbib.hypotheses.org/1869;arts et humanités_d, humanités pluridisciplinaires_d, sciences de l'information et de la communication_d, bibliothéconomie_d, sciences sociales interdisciplinaires_d, éducation_t, xvie siècle_t, xviie siècle_t, xviiie siècle_t, prospectives_t;Datasets/all_labels_train_gensim_sparse_matrix.npz
lvrafz.hypotheses.org/83;pluridisciplinarité_d, information_t;Datasets/all_labels_train_gensim_sparse_matrix.npz
histbav.hypotheses.org/697;humanités pluridisciplinaires_d, histoire_d, pluridisciplinarité_d, histoire_t, monde germanique_t;Datasets/all_labels_train_gensim_sparse_matrix.npz
kriegsfoto.hypotheses.org/638;arts_d, histoire_d, communication_d, guerres_t, conflits_t, violence_t, études visuelles_t, époque contemporaine_t, europe centrale et orientale_t;Datasets/all_labels_train_gensim_sparse_matrix.npz
soziologieblog.hypotheses.org/6718;sciences sociales interdisciplinaires_d, sociologie et anthropologie_d, sociologie du travail_t, sociologie urbaine_t, sociologie de la culture_t, sociologie économique_t;Datasets/all_labels_train_gensim_sparse_matrix.npz
archivekod.hypotheses.org/820;religions_d, histoire et archéologie_d, sciences de l'information et de la communication_d, bibliothéconomie_d, communication_d, histoire_t, histoire des religions_t, patrimoine_t;Datasets/all_labels_train_gensim_sparse_matrix.npz
dislab.hypotheses.org/2690;sciences sociales interdisciplinaires_d, langue et linguistique_d, sociologie des sciences_t, linguistique_t;Datasets/all_labels_train_gensim_sparse_matrix.npz
archivalia.hypotheses.org/60643;histoire et archéologie_d, sciences sociales interdisciplinaires_d, histoire_t, approches de corpus_t, enquêtes_t, archives_t;Datasets/all_labels_train_gensim_sparse_matrix.npz
jeunegen.hypotheses.org/1586;histoire_d, pluridisciplinarité_d, histoire_t, vie de la recherche_t, moyen âge_t, haut moyen âge_t, bas moyen âge_t;Datasets/all_labels_train_gensim_sparse_matrix.npz
archivalia.hypotheses.org/3458;histoire et archéologie_d, sciences sociales interdisciplinaires_d, histoire_t, approches de corpus_t, enquêtes_t, archives_t;Datasets/all_labels_train_gensim_sparse_matrix.npz
archivalia.hypotheses.org/7198;histoire et archéologie_d, sciences sociales interdisciplinaires_d, histoire_t, approches de corpus_t, enquêtes_t, archives_t;Datasets/all_labels_train_gensim_sparse_matrix.npz
achtundvierzig.hypotheses.org/249;sciences politiques_d, histoire_d, époque contemporaine_t, prospectives_t, histoire politique_t, monde germanique_t;Datasets/all_labels_train_gensim_sparse_matrix.npz
archivewk1.hypotheses.org/17061;histoire_d, époque contemporaine_t, 1914-1918_t;Datasets/all_labels_train_gensim_sparse_matrix.npz
dokunstlmu.hypotheses.org/1122;arts et humanités_d, histoire intellectuelle_t;Datasets/all_labels_train_gensim_sparse_matrix.npz
19jhdhip.hypotheses.org/2434;histoire_d, époque contemporaine_t, prospectives_t, france_t, monde germanique_t;Datasets/all_labels_train_gensim_sparse_matrix.npz
archivewk1.hypotheses.org/914;histoire_d, époque contemporaine_t, 1914-1918_t;Datasets/all_labels_train_gensim_sparse_matrix.npz
archivewk1.hypotheses.org/27311;histoire_d, époque contemporaine_t, 1914-1918_t;Datasets/all_labels_train_gensim_sparse_matrix.npz
bloghaus.hypotheses.org/1247;pluridisciplinarité_d, sciences sociales interdisciplinaires_d, information_t, digital humanities_t;Datasets/all_labels_train_gensim_sparse_matrix.npz
archivewk1.hypotheses.org/199;histoire_d, époque contemporaine_t, 1914-1918_t;Datasets/all_labels_train_gensim_sparse_matrix.npz
archivalia.hypotheses.org/11623;histoire et archéologie_d, sciences sociales interdisciplinaires_d, histoire_t, approches de corpus_t, enquêtes_t, archives_t;Datasets/all_labels_train_gensim_sparse_matrix.npz
redaktionsblog.hypotheses.org/1713;arts et humanités_d, humanités pluridisciplinaires_d, épistémologie et méthodes_t, digital humanities_t;Datasets/all_labels_train_gensim_sparse_matrix.npz
dislab.hypotheses.org/862;sciences sociales interdisciplinaires_d, langue et linguistique_d, sociologie des sciences_t, linguistique_t;Datasets/all_labels_train_gensim_sparse_matrix.npz
beruf.hypotheses.org/18;histoire et archéologie_d, histoire_d, histoire_t;Datasets/all_labels_train_gensim_sparse_matrix.npz
archivalia.hypotheses.org/7426;histoire et archéologie_d, sciences sociales interdisciplinaires_d, histoire_t, approches de corpus_t, enquêtes_t, archives_t;Datasets/all_labels_train_gensim_sparse_matrix.npz
grammata.hypotheses.org/574;études anciennes_d, religions_d, littérature_d, religions_t, littératures_t;Datasets/all_labels_train_gensim_sparse_matrix.npz
archivalia.hypotheses.org/608;histoire et archéologie_d, sciences sociales interdisciplinaires_d, histoire_t, approches de corpus_t, enquêtes_t, archives_t;Datasets/all_labels_train_gensim_sparse_matrix.npz
archivalia.hypotheses.org/11945;histoire et archéologie_d, sciences sociales interdisciplinaires_d, histoire_t, approches de corpus_t, enquêtes_t, archives_t;Datasets/all_labels_train_gensim_sparse_matrix.npz
archivewk1.hypotheses.org/1676;histoire_d, époque contemporaine_t, 1914-1918_t;Datasets/all_labels_train_gensim_sparse_matrix.npz
histbav.hypotheses.org/317;humanités pluridisciplinaires_d, histoire_d, pluridisciplinarité_d, histoire_t, monde germanique_t;Datasets/all_labels_train_gensim_sparse_matrix.npz
archivewk1.hypotheses.org/14886;histoire_d, époque contemporaine_t, 1914-1918_t;Datasets/all_labels_train_gensim_sparse_matrix.npz
soziologieblog.hypotheses.org/2795;sciences sociales interdisciplinaires_d, sociologie et anthropologie_d, sociologie du travail_t, sociologie urbaine_t, sociologie de la culture_t, sociologie économique_t;Datasets/all_labels_train_gensim_sparse_matrix.npz
archivewk1.hypotheses.org/20871;histoire_d, époque contemporaine_t, 1914-1918_t;Datasets/all_labels_train_gensim_sparse_matrix.npz
grk1678.hypotheses.org/303;arts et humanités_d, humanités pluridisciplinaires_d, histoire et philosophie des sciences_d, pluridisciplinarité_d, philosophie_t, littératures_t, histoire culturelle_t, histoire de l'art_t;Datasets/all_labels_train_gensim_sparse_matrix.npz
histbav.hypotheses.org/4506;humanités pluridisciplinaires_d, histoire_d, pluridisciplinarité_d, histoire_t, monde germanique_t;Datasets/all_labels_train_gensim_sparse_matrix.npz
archivalia.hypotheses.org/12356;histoire et archéologie_d, sciences sociales interdisciplinaires_d, histoire_t, approches de corpus_t, enquêtes_t, archives_t;Datasets/all_labels_train_gensim_sparse_matrix.npz
redaktionsblog.hypotheses.org/793;arts et humanités_d, humanités pluridisciplinaires_d, épistémologie et méthodes_t, digital humanities_t;Datasets/all_labels_train_gensim_sparse_matrix.npz
mgtud.hypotheses.org/294;humanités pluridisciplinaires_d, éducation_d, histoire et archéologie_d, histoire_d, histoire_t, histoire urbaine_t, édition électronique_t;Datasets/all_labels_train_gensim_sparse_matrix.npz
gab.hypotheses.org/2283;histoire et archéologie_d, pluridisciplinarité_d, sciences sociales interdisciplinaires_d, études des sciences_t, sociologie des sciences_t, histoire_t;Datasets/all_labels_train_gensim_sparse_matrix.npz
archivewk1.hypotheses.org/6130;histoire_d, époque contemporaine_t, 1914-1918_t;Datasets/all_labels_train_gensim_sparse_matrix.npz
ordensgeschichte.hypotheses.org/3289;arts et humanités_d, humanités pluridisciplinaires_d, histoire et archéologie_d, histoire et philosophie des sciences_d, histoire_t, haut moyen âge_t, bas moyen âge_t, xviie siècle_t, xviiie siècle_t;Datasets/all_labels_train_gensim_sparse_matrix.npz
archivewk1.hypotheses.org/22899;histoire_d, époque contemporaine_t, 1914-1918_t;Datasets/all_labels_train_gensim_sparse_matrix.npz
archivalia.hypotheses.org/5099;histoire et archéologie_d, sciences sociales interdisciplinaires_d, histoire_t, approches de corpus_t, enquêtes_t, archives_t;Datasets/all_labels_train_gensim_sparse_matrix.npz
archivekod.hypotheses.org/847;religions_d, histoire et archéologie_d, sciences de l'information et de la communication_d, bibliothéconomie_d, communication_d, histoire_t, histoire des religions_t, patrimoine_t;Datasets/all_labels_train_gensim_sparse_matrix.npz
archivalia.hypotheses.org/7702;histoire et archéologie_d, sciences sociales interdisciplinaires_d, histoire_t, approches de corpus_t, enquêtes_t, archives_t;Datasets/all_labels_train_gensim_sparse_matrix.npz
ordensgeschichte.hypotheses.org/6368;arts et humanités_d, humanités pluridisciplinaires_d, histoire et archéologie_d, histoire et philosophie des sciences_d, histoire_t, haut moyen âge_t, bas moyen âge_t, xviie siècle_t, xviiie siècle_t;Datasets/all_labels_train_gensim_sparse_matrix.npz
barblog.hypotheses.org/880;sciences sociales interdisciplinaires_d, sciences politiques_d, sociologie_d, anthropologie politique_t;Datasets/all_labels_train_gensim_sparse_matrix.npz
zeitraeume.hypotheses.org/391;histoire_d, histoire industrielle_t, histoire sociale_t, édition électronique_t, digital humanities_t, époque contemporaine_t;Datasets/all_labels_train_gensim_sparse_matrix.npz
archivalia.hypotheses.org/54235;histoire et archéologie_d, sciences sociales interdisciplinaires_d, histoire_t, approches de corpus_t, enquêtes_t, archives_t;Datasets/all_labels_train_gensim_sparse_matrix.npz
archivalia.hypotheses.org/13407;histoire et archéologie_d, sciences sociales interdisciplinaires_d, histoire_t, approches de corpus_t, enquêtes_t, archives_t;Datasets/all_labels_train_gensim_sparse_matrix.npz
archivalia.hypotheses.org/2665;histoire et archéologie_d, sciences sociales interdisciplinaires_d, histoire_t, approches de corpus_t, enquêtes_t, archives_t;Datasets/all_labels_train_gensim_sparse_matrix.npz
archivalia.hypotheses.org/1027;histoire et archéologie_d, sciences sociales interdisciplinaires_d, histoire_t, approches de corpus_t, enquêtes_t, archives_t;Datasets/all_labels_train_gensim_sparse_matrix.npz
soziologieblog.hypotheses.org/1158;sciences sociales interdisciplinaires_d, sociologie et anthropologie_d, sociologie du travail_t, sociologie urbaine_t, sociologie de la culture_t, sociologie économique_t;Datasets/all_labels_train_gensim_sparse_matrix.npz
archivalia.hypotheses.org/12351;histoire et archéologie_d, sciences sociales interdisciplinaires_d, histoire_t, approches de corpus_t, enquêtes_t, archives_t;Datasets/all_labels_train_gensim_sparse_matrix.npz
archives.hypotheses.org/1146;histoire_d, communication_d, patrimoine_t, digital humanities_t, moyen âge_t, époque moderne_t, france_t, monde germanique_t;Datasets/all_labels_train_gensim_sparse_matrix.npz
archivewk1.hypotheses.org/17444;histoire_d, époque contemporaine_t, 1914-1918_t;Datasets/all_labels_train_gensim_sparse_matrix.npz
archivalia.hypotheses.org/13539;histoire et archéologie_d, sciences sociales interdisciplinaires_d, histoire_t, approches de corpus_t, enquêtes_t, archives_t;Datasets/all_labels_train_gensim_sparse_matrix.npz
schotten.hypotheses.org/145;religions_d, histoire et archéologie_d, sciences de l'information et de la communication_d, bibliothéconomie_d, histoire_t, histoire des religions_t, approches de corpus_t, enquêtes_t, archives_t, monde germanique_t;Datasets/all_labels_train_gensim_sparse_matrix.npz
archivewk1.hypotheses.org/14877;histoire_d, époque contemporaine_t, 1914-1918_t;Datasets/all_labels_train_gensim_sparse_matrix.npz
archivalia.hypotheses.org/7326;histoire et archéologie_d, sciences sociales interdisciplinaires_d, histoire_t, approches de corpus_t, enquêtes_t, archives_t;Datasets/all_labels_train_gensim_sparse_matrix.npz
archivamt.hypotheses.org/1556;communication_d, pluridisciplinarité_d, sciences sociales interdisciplinaires_d, information_t, sciences de l'information_t, représentations_t, patrimoine_t;Datasets/all_labels_train_gensim_sparse_matrix.npz
histbav.hypotheses.org/2132;humanités pluridisciplinaires_d, histoire_d, pluridisciplinarité_d, histoire_t, monde germanique_t;Datasets/all_labels_train_gensim_sparse_matrix.npz
heraldica.hypotheses.org/5136;histoire_d, histoire_t, historiographie_t, sciences auxiliaires de l'histoire_t, moyen âge_t, haut moyen âge_t;Datasets/all_labels_train_gensim_sparse_matrix.npz
archivamt.hypotheses.org/3297;communication_d, pluridisciplinarité_d, sciences sociales interdisciplinaires_d, information_t, sciences de l'information_t, représentations_t, patrimoine_t;Datasets/all_labels_train_gensim_sparse_matrix.npz
cereg.hypotheses.org/447;arts et humanités_d, histoire_d, littérature_d, monde germanique_t;Datasets/all_labels_train_gensim_sparse_matrix.npz
tagebuch.hypotheses.org/115;histoire et archéologie_d, histoire_d, histoire_t, époque contemporaine_t, 1914-1918_t;Datasets/all_labels_train_gensim_sparse_matrix.npz
archivalia.hypotheses.org/5418;histoire et archéologie_d, sciences sociales interdisciplinaires_d, histoire_t, approches de corpus_t, enquêtes_t, archives_t;Datasets/all_labels_train_gensim_sparse_matrix.npz
soziologieblog.hypotheses.org/9370;sciences sociales interdisciplinaires_d, sociologie et anthropologie_d, sociologie du travail_t, sociologie urbaine_t, sociologie de la culture_t, sociologie économique_t;Datasets/all_labels_train_gensim_sparse_matrix.npz
archivewk1.hypotheses.org/16774;histoire_d, époque contemporaine_t, 1914-1918_t;Datasets/all_labels_train_gensim_sparse_matrix.npz
intersex.hypotheses.org/839;histoire_d, biomédecine_d, étude des genres_t, histoire des sciences_t, histoire_t, histoire du droit_t, moyen âge_t, xxie siècle_t;Datasets/all_labels_train_gensim_sparse_matrix.npz
ordensgeschichte.hypotheses.org/7213;arts et humanités_d, humanités pluridisciplinaires_d, histoire et archéologie_d, histoire et philosophie des sciences_d, histoire_t, haut moyen âge_t, bas moyen âge_t, xviie siècle_t, xviiie siècle_t;Datasets/all_labels_train_gensim_sparse_matrix.npz
fnzinfo.hypotheses.org/227;arts et humanités_d, musique_d, histoire et archéologie_d, histoire_t, xvie siècle_t, xviie siècle_t, xviiie siècle_t, révolution française_t;Datasets/all_labels_train_gensim_sparse_matrix.npz
geschichtsadmin.hypotheses.org/349;éducation_d, histoire_d, sociologie du travail_t, histoire_t;Datasets/all_labels_train_gensim_sparse_matrix.npz
archivalia.hypotheses.org/13557;histoire et archéologie_d, sciences sociales interdisciplinaires_d, histoire_t, approches de corpus_t, enquêtes_t, archives_t;Datasets/all_labels_train_gensim_sparse_matrix.npz
archivalia.hypotheses.org/5023;histoire et archéologie_d, sciences sociales interdisciplinaires_d, histoire_t, approches de corpus_t, enquêtes_t, archives_t;Datasets/all_labels_train_gensim_sparse_matrix.npz
bereschitrabba.hypotheses.org/1030;arts et humanités_d, religions_d, langue et linguistique_d, religions_t, histoire des religions_t;Datasets/all_labels_train_gensim_sparse_matrix.npz
archivalia.hypotheses.org/56631;histoire et archéologie_d, sciences sociales interdisciplinaires_d, histoire_t, approches de corpus_t, enquêtes_t, archives_t;Datasets/all_labels_train_gensim_sparse_matrix.npz
umstrittenesgedaechtnis.hypotheses.org/30;arts et humanités_d, histoire et archéologie_d, représentations_t, époque contemporaine_t;Datasets/all_labels_train_gensim_sparse_matrix.npz
archivalia.hypotheses.org/5419;histoire et archéologie_d, sciences sociales interdisciplinaires_d, histoire_t, approches de corpus_t, enquêtes_t, archives_t;Datasets/all_labels_train_gensim_sparse_matrix.npz
dokunstlmu.hypotheses.org/641;arts et humanités_d, histoire intellectuelle_t;Datasets/all_labels_train_gensim_sparse_matrix.npz
archivalia.hypotheses.org/8437;histoire et archéologie_d, sciences sociales interdisciplinaires_d, histoire_t, approches de corpus_t, enquêtes_t, archives_t;Datasets/all_labels_train_gensim_sparse_matrix.npz
archivalia.hypotheses.org/7833;histoire et archéologie_d, sciences sociales interdisciplinaires_d, histoire_t, approches de corpus_t, enquêtes_t, archives_t;Datasets/all_labels_train_gensim_sparse_matrix.npz
kindzeit.hypotheses.org/48;éducation_d, histoire_d, histoire_t, sciences de l'éducation_t, xxie siècle_t;Datasets/all_labels_train_gensim_sparse_matrix.npz
pophistory.hypotheses.org/1575;humanités pluridisciplinaires_d, histoire et archéologie_d, sociologie de la culture_t, histoire sociale_t, histoire culturelle_t, époque contemporaine_t;Datasets/all_labels_train_gensim_sparse_matrix.npz
speyermemo.hypotheses.org/2650;histoire_d, pluridisciplinarité_d, sciences sociales interdisciplinaires_d, sociologie de la culture_t, histoire_t, 1939-1945_t, europe_t;Datasets/all_labels_train_gensim_sparse_matrix.npz
histbav.hypotheses.org/4094;humanités pluridisciplinaires_d, histoire_d, pluridisciplinarité_d, histoire_t, monde germanique_t;Datasets/all_labels_train_gensim_sparse_matrix.npz
archivewk1.hypotheses.org/326;histoire_d, époque contemporaine_t, 1914-1918_t;Datasets/all_labels_train_gensim_sparse_matrix.npz
archivalia.hypotheses.org/6205;histoire et archéologie_d, sciences sociales interdisciplinaires_d, histoire_t, approches de corpus_t, enquêtes_t, archives_t;Datasets/all_labels_train_gensim_sparse_matrix.npz
medienbildung.hypotheses.org/7381;éducation_d, éducation spécialisée_d, travail social_d, sociologie_t, édition électronique_t, histoire et sociologie des médias_t, éducation_t;Datasets/all_labels_train_gensim_sparse_matrix.npz
archivamt.hypotheses.org/366;communication_d, pluridisciplinarité_d, sciences sociales interdisciplinaires_d, information_t, sciences de l'information_t, représentations_t, patrimoine_t;Datasets/all_labels_train_gensim_sparse_matrix.npz
ordensgeschichte.hypotheses.org/9633;arts et humanités_d, humanités pluridisciplinaires_d, histoire et archéologie_d, histoire et philosophie des sciences_d, histoire_t, haut moyen âge_t, bas moyen âge_t, xviie siècle_t, xviiie siècle_t;Datasets/all_labels_train_gensim_sparse_matrix.npz
intersex.hypotheses.org/1392;histoire_d, biomédecine_d, étude des genres_t, histoire des sciences_t, histoire_t, histoire du droit_t, moyen âge_t, xxie siècle_t;Datasets/all_labels_train_gensim_sparse_matrix.npz
archivalia.hypotheses.org/56183;histoire et archéologie_d, sciences sociales interdisciplinaires_d, histoire_t, approches de corpus_t, enquêtes_t, archives_t;Datasets/all_labels_train_gensim_sparse_matrix.npz
archivalia.hypotheses.org/58916;histoire et archéologie_d, sciences sociales interdisciplinaires_d, histoire_t, approches de corpus_t, enquêtes_t, archives_t;Datasets/all_labels_train_gensim_sparse_matrix.npz
archivalia.hypotheses.org/10809;histoire et archéologie_d, sciences sociales interdisciplinaires_d, histoire_t, approches de corpus_t, enquêtes_t, archives_t;Datasets/all_labels_train_gensim_sparse_matrix.npz
lvrafz.hypotheses.org/1724;pluridisciplinarité_d, information_t;Datasets/all_labels_train_gensim_sparse_matrix.npz
archivalia.hypotheses.org/14529;histoire et archéologie_d, sciences sociales interdisciplinaires_d, histoire_t, approches de corpus_t, enquêtes_t, archives_t;Datasets/all_labels_train_gensim_sparse_matrix.npz
gab.hypotheses.org/2971;histoire et archéologie_d, pluridisciplinarité_d, sciences sociales interdisciplinaires_d, études des sciences_t, sociologie des sciences_t, histoire_t;Datasets/all_labels_train_gensim_sparse_matrix.npz
pgfw.hypotheses.org/658;histoire et archéologie_d, histoire des sciences_t, histoire_t;Datasets/all_labels_train_gensim_sparse_matrix.npz
archivalia.hypotheses.org/10164;histoire et archéologie_d, sciences sociales interdisciplinaires_d, histoire_t, approches de corpus_t, enquêtes_t, archives_t;Datasets/all_labels_train_gensim_sparse_matrix.npz
geschichtsadmin.hypotheses.org/412;éducation_d, histoire_d, sociologie du travail_t, histoire_t;Datasets/all_labels_train_gensim_sparse_matrix.npz
archivewk1.hypotheses.org/17984;histoire_d, époque contemporaine_t, 1914-1918_t;Datasets/all_labels_train_gensim_sparse_matrix.npz
histbav.hypotheses.org/4180;humanités pluridisciplinaires_d, histoire_d, pluridisciplinarité_d, histoire_t, monde germanique_t;Datasets/all_labels_train_gensim_sparse_matrix.npz
archivalia.hypotheses.org/8556;histoire et archéologie_d, sciences sociales interdisciplinaires_d, histoire_t, approches de corpus_t, enquêtes_t, archives_t;Datasets/all_labels_train_gensim_sparse_matrix.npz
archivewk1.hypotheses.org/30323;histoire_d, époque contemporaine_t, 1914-1918_t;Datasets/all_labels_train_gensim_sparse_matrix.npz
rkb.hypotheses.org/273;arts et humanités_d, communication_d, sciences de l'information et bibliothéconomie_d, sociologie des sciences_t, édition électronique_t, histoire et sociologie des médias_t;Datasets/all_labels_train_gensim_sparse_matrix.npz
nomoi.hypotheses.org/349;arts et humanités_d, anthropologie politique_t, histoire du droit_t, histoire intellectuelle_t, histoire de l'art_t;Datasets/all_labels_train_gensim_sparse_matrix.npz
archivalia.hypotheses.org/4514;histoire et archéologie_d, sciences sociales interdisciplinaires_d, histoire_t, approches de corpus_t, enquêtes_t, archives_t;Datasets/all_labels_train_gensim_sparse_matrix.npz
nordichistoryblog.hypotheses.org/100;arts et humanités_d, histoire et archéologie_d, histoire_t, édition électronique_t, vie de la recherche_t, approches de corpus_t, enquêtes_t, archives_t, europe_t, pays baltes et scandinaves_t;Datasets/all_labels_train_gensim_sparse_matrix.npz
jameel.hypotheses.org/1;pluridisciplinarité_d, études régionales_d, archéologie_d, arts_d, humanités pluridisciplinaires_d, représentations_t, asie_t, digital humanities_t, histoire de l'art_t;Datasets/all_labels_train_gensim_sparse_matrix.npz
vgdrp.hypotheses.org/336;éducation_d, histoire des sciences sociales_d, histoire_t, histoire économique_t, histoire industrielle_t, histoire urbaine_t, histoire sociale_t;Datasets/all_labels_train_gensim_sparse_matrix.npz
archivewk1.hypotheses.org/30411;histoire_d, époque contemporaine_t, 1914-1918_t;Datasets/all_labels_train_gensim_sparse_matrix.npz
archivewk1.hypotheses.org/12053;histoire_d, époque contemporaine_t, 1914-1918_t;Datasets/all_labels_train_gensim_sparse_matrix.npz
archivalia.hypotheses.org/1512;histoire et archéologie_d, sciences sociales interdisciplinaires_d, histoire_t, approches de corpus_t, enquêtes_t, archives_t;Datasets/all_labels_train_gensim_sparse_matrix.npz
achtundvierzig.hypotheses.org/334;sciences politiques_d, histoire_d, époque contemporaine_t, prospectives_t, histoire politique_t, monde germanique_t;Datasets/all_labels_train_gensim_sparse_matrix.npz
archivewk1.hypotheses.org/14298;histoire_d, époque contemporaine_t, 1914-1918_t;Datasets/all_labels_train_gensim_sparse_matrix.npz
histbav.hypotheses.org/2006;humanités pluridisciplinaires_d, histoire_d, pluridisciplinarité_d, histoire_t, monde germanique_t;Datasets/all_labels_train_gensim_sparse_matrix.npz
wenhua.hypotheses.org/894;études asiatiques_d, humanités pluridisciplinaires_d, histoire_d, histoire culturelle_t, asie_t;Datasets/all_labels_train_gensim_sparse_matrix.npz
medialogic.hypotheses.org/714;arts et humanités_d, sciences de l'information et de la communication_d, bibliothéconomie_d, sociologie_t;Datasets/all_labels_train_gensim_sparse_matrix.npz
zakunibonn.hypotheses.org/203;histoire_d, psychologie_d, histoire_t, psychisme_t, psychologie_t, méthodes de traitement et de représentation_t, monde germanique_t;Datasets/all_labels_train_gensim_sparse_matrix.npz
gab.hypotheses.org/2724;histoire et archéologie_d, pluridisciplinarité_d, sciences sociales interdisciplinaires_d, études des sciences_t, sociologie des sciences_t, histoire_t;Datasets/all_labels_train_gensim_sparse_matrix.npz
archivalia.hypotheses.org/55950;histoire et archéologie_d, sciences sociales interdisciplinaires_d, histoire_t, approches de corpus_t, enquêtes_t, archives_t;Datasets/all_labels_train_gensim_sparse_matrix.npz
archivalia.hypotheses.org/51975;histoire et archéologie_d, sciences sociales interdisciplinaires_d, histoire_t, approches de corpus_t, enquêtes_t, archives_t;Datasets/all_labels_train_gensim_sparse_matrix.npz
archivalia.hypotheses.org/9132;histoire et archéologie_d, sciences sociales interdisciplinaires_d, histoire_t, approches de corpus_t, enquêtes_t, archives_t;Datasets/all_labels_train_gensim_sparse_matrix.npz
tagebuch.hypotheses.org/607;histoire et archéologie_d, histoire_d, histoire_t, époque contemporaine_t, 1914-1918_t;Datasets/all_labels_train_gensim_sparse_matrix.npz
archivalia.hypotheses.org/1231;histoire et archéologie_d, sciences sociales interdisciplinaires_d, histoire_t, approches de corpus_t, enquêtes_t, archives_t;Datasets/all_labels_train_gensim_sparse_matrix.npz
heraldica.hypotheses.org/2691;histoire_d, histoire_t, historiographie_t, sciences auxiliaires de l'histoire_t, moyen âge_t, haut moyen âge_t;Datasets/all_labels_train_gensim_sparse_matrix.npz
archivalia.hypotheses.org/13209;histoire et archéologie_d, sciences sociales interdisciplinaires_d, histoire_t, approches de corpus_t, enquêtes_t, archives_t;Datasets/all_labels_train_gensim_sparse_matrix.npz
archivewk1.hypotheses.org/19927;histoire_d, époque contemporaine_t, 1914-1918_t;Datasets/all_labels_train_gensim_sparse_matrix.npz
musermeku.hypotheses.org/1037;humanités pluridisciplinaires_d, pluridisciplinarité_d, sciences sociales interdisciplinaires_d, sociologie_t, sociologie de la culture_t, histoire_t, histoire politique_t;Datasets/all_labels_train_gensim_sparse_matrix.npz
dokunstlmu.hypotheses.org/182;arts et humanités_d, histoire intellectuelle_t;Datasets/all_labels_train_gensim_sparse_matrix.npz
histbav.hypotheses.org/2373;humanités pluridisciplinaires_d, histoire_d, pluridisciplinarité_d, histoire_t, monde germanique_t;Datasets/all_labels_train_gensim_sparse_matrix.npz
digitalintellectuals.hypotheses.org/2344;études anciennes_d, histoire et philosophie des sciences_d, pluridisciplinarité_d, littérature_d, histoire intellectuelle_t, approches de corpus_t, enquêtes_t, archives_t, époque moderne_t, prospectives_t, monde germanique_t;Datasets/all_labels_train_gensim_sparse_matrix.npz
antisem19c.hypotheses.org/593;histoire et archéologie_d, histoire sociale_t, prospectives_t;Datasets/all_labels_train_gensim_sparse_matrix.npz
siegelblog.hypotheses.org/1;histoire_d, histoire et sociologie des médias_t, histoire de l'art_t, haut moyen âge_t;Datasets/all_labels_train_gensim_sparse_matrix.npz
archivalia.hypotheses.org/9735;histoire et archéologie_d, sciences sociales interdisciplinaires_d, histoire_t, approches de corpus_t, enquêtes_t, archives_t;Datasets/all_labels_train_gensim_sparse_matrix.npz
reichwein.hypotheses.org/1126;histoire et archéologie_d, histoire des sciences_t, 1945-1989_t;Datasets/all_labels_train_gensim_sparse_matrix.npz
wenhua.hypotheses.org/21;études asiatiques_d, humanités pluridisciplinaires_d, histoire_d, histoire culturelle_t, asie_t;Datasets/all_labels_train_gensim_sparse_matrix.npz
ordensgeschichte.hypotheses.org/6964;arts et humanités_d, humanités pluridisciplinaires_d, histoire et archéologie_d, histoire et philosophie des sciences_d, histoire_t, haut moyen âge_t, bas moyen âge_t, xviie siècle_t, xviiie siècle_t;Datasets/all_labels_train_gensim_sparse_matrix.npz
francofil.hypotheses.org/351;pluridisciplinarité_d, sciences sociales interdisciplinaires_d, histoire_t, épistémologie et méthodes_t, approches de corpus_t, enquêtes_t, archives_t, france_t;Datasets/all_labels_train_gensim_sparse_matrix.npz
aktenkunde.hypotheses.org/114;histoire_d, histoire_t, sciences auxiliaires de l'histoire_t;Datasets/all_labels_train_gensim_sparse_matrix.npz
archivalia.hypotheses.org/5964;histoire et archéologie_d, sciences sociales interdisciplinaires_d, histoire_t, approches de corpus_t, enquêtes_t, archives_t;Datasets/all_labels_train_gensim_sparse_matrix.npz
mittelalter.hypotheses.org/1290;humanités pluridisciplinaires_d, religions_d, histoire_d, sociologie_d, histoire_t, histoire sociale_t, histoire intellectuelle_t, moyen âge_t, haut moyen âge_t, bas moyen âge_t;Datasets/all_labels_train_gensim_sparse_matrix.npz
archivalia.hypotheses.org/60453;histoire et archéologie_d, sciences sociales interdisciplinaires_d, histoire_t, approches de corpus_t, enquêtes_t, archives_t;Datasets/all_labels_train_gensim_sparse_matrix.npz
ordensgeschichte.hypotheses.org/9394;arts et humanités_d, humanités pluridisciplinaires_d, histoire et archéologie_d, histoire et philosophie des sciences_d, histoire_t, haut moyen âge_t, bas moyen âge_t, xviie siècle_t, xviiie siècle_t;Datasets/all_labels_train_gensim_sparse_matrix.npz
archivalia.hypotheses.org/380;histoire et archéologie_d, sciences sociales interdisciplinaires_d, histoire_t, approches de corpus_t, enquêtes_t, archives_t;Datasets/all_labels_train_gensim_sparse_matrix.npz
geschichtsadmin.hypotheses.org/421;éducation_d, histoire_d, sociologie du travail_t, histoire_t;Datasets/all_labels_train_gensim_sparse_matrix.npz
archivalia.hypotheses.org/11048;histoire et archéologie_d, sciences sociales interdisciplinaires_d, histoire_t, approches de corpus_t, enquêtes_t, archives_t;Datasets/all_labels_train_gensim_sparse_matrix.npz
kristinoswald.hypotheses.org/1066;études anciennes_d, études des sciences_t, histoire_t, histoire et sociologie des médias_t, histoire culturelle_t, digital humanities_t;Datasets/all_labels_train_gensim_sparse_matrix.npz
archivewk1.hypotheses.org/26447;histoire_d, époque contemporaine_t, 1914-1918_t;Datasets/all_labels_train_gensim_sparse_matrix.npz
bioeg.hypotheses.org/1157;histoire et archéologie_d, histoire_d, histoire_t, sciences auxiliaires de l'histoire_t, europe centrale et orientale_t, monde germanique_t;Datasets/all_labels_train_gensim_sparse_matrix.npz
mindthegaps.hypotheses.org/1198;études asiatiques_d, histoire_d, histoire_t, histoire culturelle_t, asie_t, chine_t;Datasets/all_labels_train_gensim_sparse_matrix.npz
tagebuch.hypotheses.org/654;histoire et archéologie_d, histoire_d, histoire_t, époque contemporaine_t, 1914-1918_t;Datasets/all_labels_train_gensim_sparse_matrix.npz
texperimentales.hypotheses.org/620;linguistique appliquée_d, langue et linguistique_d, langage_t, linguistique_t, information_t, sciences de l'information_t, digital humanities_t;Datasets/all_labels_train_gensim_sparse_matrix.npz
ordensgeschichte.hypotheses.org/10399;arts et humanités_d, humanités pluridisciplinaires_d, histoire et archéologie_d, histoire et philosophie des sciences_d, histoire_t, haut moyen âge_t, bas moyen âge_t, xviie siècle_t, xviiie siècle_t;Datasets/all_labels_train_gensim_sparse_matrix.npz
archivalia.hypotheses.org/6090;histoire et archéologie_d, sciences sociales interdisciplinaires_d, histoire_t, approches de corpus_t, enquêtes_t, archives_t;Datasets/all_labels_train_gensim_sparse_matrix.npz
barblog.hypotheses.org/954;sciences sociales interdisciplinaires_d, sciences politiques_d, sociologie_d, anthropologie politique_t;Datasets/all_labels_train_gensim_sparse_matrix.npz
babyvision.hypotheses.org/194;psychologie_d, études des sciences_t, psychisme_t;Datasets/all_labels_train_gensim_sparse_matrix.npz
jeunegen.hypotheses.org/1609;histoire_d, pluridisciplinarité_d, histoire_t, vie de la recherche_t, moyen âge_t, haut moyen âge_t, bas moyen âge_t;Datasets/all_labels_train_gensim_sparse_matrix.npz
amuc.hypotheses.org/1413;humanités pluridisciplinaires_d, histoire_d, histoire_t, représentations_t, patrimoine_t;Datasets/all_labels_train_gensim_sparse_matrix.npz
redaktionsblog.hypotheses.org/1579;arts et humanités_d, humanités pluridisciplinaires_d, épistémologie et méthodes_t, digital humanities_t;Datasets/all_labels_train_gensim_sparse_matrix.npz
ordensgeschichte.hypotheses.org/10221;arts et humanités_d, humanités pluridisciplinaires_d, histoire et archéologie_d, histoire et philosophie des sciences_d, histoire_t, haut moyen âge_t, bas moyen âge_t, xviie siècle_t, xviiie siècle_t;Datasets/all_labels_train_gensim_sparse_matrix.npz
astrologiefnz.hypotheses.org/286;arts et humanités_d, humanités pluridisciplinaires_d, histoire et archéologie_d, histoire et philosophie des sciences_d, études des sciences_t, histoire intellectuelle_t, époque moderne_t, xviie siècle_t;Datasets/all_labels_train_gensim_sparse_matrix.npz
zakunibonn.hypotheses.org/1561;histoire_d, psychologie_d, histoire_t, psychisme_t, psychologie_t, méthodes de traitement et de représentation_t, monde germanique_t;Datasets/all_labels_train_gensim_sparse_matrix.npz
dss.hypotheses.org/745;arts et humanités_d, communication_d, sciences de l'information et bibliothéconomie_d, information_t, édition électronique_t, représentations_t, histoire de l'art_t, patrimoine_t, prospectives_t;Datasets/all_labels_train_gensim_sparse_matrix.npz
archivalia.hypotheses.org/13479;histoire et archéologie_d, sciences sociales interdisciplinaires_d, histoire_t, approches de corpus_t, enquêtes_t, archives_t;Datasets/all_labels_train_gensim_sparse_matrix.npz
grk1678.hypotheses.org/336;arts et humanités_d, humanités pluridisciplinaires_d, histoire et philosophie des sciences_d, pluridisciplinarité_d, philosophie_t, littératures_t, histoire culturelle_t, histoire de l'art_t;Datasets/all_labels_train_gensim_sparse_matrix.npz
achtundvierzig.hypotheses.org/356;sciences politiques_d, histoire_d, époque contemporaine_t, prospectives_t, histoire politique_t, monde germanique_t;Datasets/all_labels_train_gensim_sparse_matrix.npz
archivewk1.hypotheses.org/13238;histoire_d, époque contemporaine_t, 1914-1918_t;Datasets/all_labels_train_gensim_sparse_matrix.npz
ordensgeschichte.hypotheses.org/6299;arts et humanités_d, humanités pluridisciplinaires_d, histoire et archéologie_d, histoire et philosophie des sciences_d, histoire_t, haut moyen âge_t, bas moyen âge_t, xviie siècle_t, xviiie siècle_t;Datasets/all_labels_train_gensim_sparse_matrix.npz
archivalia.hypotheses.org/7661;histoire et archéologie_d, sciences sociales interdisciplinaires_d, histoire_t, approches de corpus_t, enquêtes_t, archives_t;Datasets/all_labels_train_gensim_sparse_matrix.npz
unibloggt.hypotheses.org/714;histoire et archéologie_d, pluridisciplinarité_d, histoire_t, information_t;Datasets/all_labels_train_gensim_sparse_matrix.npz
archivewk1.hypotheses.org/20044;histoire_d, époque contemporaine_t, 1914-1918_t;Datasets/all_labels_train_gensim_sparse_matrix.npz
archivalia.hypotheses.org/11618;histoire et archéologie_d, sciences sociales interdisciplinaires_d, histoire_t, approches de corpus_t, enquêtes_t, archives_t;Datasets/all_labels_train_gensim_sparse_matrix.npz
1914lvr.hypotheses.org/83;sciences politiques_d, histoire_t, époque contemporaine_t, 1914-1918_t;Datasets/all_labels_train_gensim_sparse_matrix.npz
archivalia.hypotheses.org/6758;histoire et archéologie_d, sciences sociales interdisciplinaires_d, histoire_t, approches de corpus_t, enquêtes_t, archives_t;Datasets/all_labels_train_gensim_sparse_matrix.npz
oberrhein.hypotheses.org/1996;religions_d, archéologie_d, histoire_d, histoire_t, moyen âge_t, france_t, monde germanique_t;Datasets/all_labels_train_gensim_sparse_matrix.npz
texperimentales.hypotheses.org/1251;linguistique appliquée_d, langue et linguistique_d, langage_t, linguistique_t, information_t, sciences de l'information_t, digital humanities_t;Datasets/all_labels_train_gensim_sparse_matrix.npz
jeunegen.hypotheses.org/1271;histoire_d, pluridisciplinarité_d, histoire_t, vie de la recherche_t, moyen âge_t, haut moyen âge_t, bas moyen âge_t;Datasets/all_labels_train_gensim_sparse_matrix.npz
historischdenken.hypotheses.org/2916;histoire et archéologie_d, histoire_t;Datasets/all_labels_train_gensim_sparse_matrix.npz
archives.hypotheses.org/148;histoire_d, communication_d, patrimoine_t, digital humanities_t, moyen âge_t, époque moderne_t, france_t, monde germanique_t;Datasets/all_labels_train_gensim_sparse_matrix.npz
speyermemo.hypotheses.org/2652;histoire_d, pluridisciplinarité_d, sciences sociales interdisciplinaires_d, sociologie de la culture_t, histoire_t, 1939-1945_t, europe_t;Datasets/all_labels_train_gensim_sparse_matrix.npz
archivalia.hypotheses.org/10526;histoire et archéologie_d, sciences sociales interdisciplinaires_d, histoire_t, approches de corpus_t, enquêtes_t, archives_t;Datasets/all_labels_train_gensim_sparse_matrix.npz
1914lvr.hypotheses.org/638;sciences politiques_d, histoire_t, époque contemporaine_t, 1914-1918_t;Datasets/all_labels_train_gensim_sparse_matrix.npz
soziologieblog.hypotheses.org/3252;sciences sociales interdisciplinaires_d, sociologie et anthropologie_d, sociologie du travail_t, sociologie urbaine_t, sociologie de la culture_t, sociologie économique_t;Datasets/all_labels_train_gensim_sparse_matrix.npz
archivewk1.hypotheses.org/11753;histoire_d, époque contemporaine_t, 1914-1918_t;Datasets/all_labels_train_gensim_sparse_matrix.npz
archivewk1.hypotheses.org/16073;histoire_d, époque contemporaine_t, 1914-1918_t;Datasets/all_labels_train_gensim_sparse_matrix.npz
zwopktnull.hypotheses.org/73;éducation_d, histoire_t, représentations_t;Datasets/all_labels_train_gensim_sparse_matrix.npz
archivalia.hypotheses.org/6393;histoire et archéologie_d, sciences sociales interdisciplinaires_d, histoire_t, approches de corpus_t, enquêtes_t, archives_t;Datasets/all_labels_train_gensim_sparse_matrix.npz
archivalia.hypotheses.org/58090;histoire et archéologie_d, sciences sociales interdisciplinaires_d, histoire_t, approches de corpus_t, enquêtes_t, archives_t;Datasets/all_labels_train_gensim_sparse_matrix.npz
moraleconomy.hypotheses.org/97;histoire et archéologie_d, histoire_d, histoire économique_t, histoire sociale_t, prospectives_t, france_t;Datasets/all_labels_train_gensim_sparse_matrix.npz
liparchiv.hypotheses.org/504;histoire et archéologie_d, sciences politiques_d, administration publique et développement_d, histoire urbaine_t, patrimoine_t, sciences auxiliaires de l'histoire_t, approches de corpus_t, enquêtes_t, archives_t, europe_t;Datasets/all_labels_train_gensim_sparse_matrix.npz
archivewk1.hypotheses.org/9551;histoire_d, époque contemporaine_t, 1914-1918_t;Datasets/all_labels_train_gensim_sparse_matrix.npz
archivalia.hypotheses.org/3686;histoire et archéologie_d, sciences sociales interdisciplinaires_d, histoire_t, approches de corpus_t, enquêtes_t, archives_t;Datasets/all_labels_train_gensim_sparse_matrix.npz
grammata.hypotheses.org/964;études anciennes_d, religions_d, littérature_d, religions_t, littératures_t;Datasets/all_labels_train_gensim_sparse_matrix.npz
resilienz.hypotheses.org/785;pluridisciplinarité_d, sciences sociales interdisciplinaires_d, études des sciences_t, épistémologie et méthodes_t, vie de la recherche_t, prospectives_t;Datasets/all_labels_train_gensim_sparse_matrix.npz
winzen.hypotheses.org/507;histoire_d, histoire_t, études visuelles_t, 1918-1939_t, 1939-1945_t, monde germanique_t;Datasets/all_labels_train_gensim_sparse_matrix.npz
archivalia.hypotheses.org/53710;histoire et archéologie_d, sciences sociales interdisciplinaires_d, histoire_t, approches de corpus_t, enquêtes_t, archives_t;Datasets/all_labels_train_gensim_sparse_matrix.npz
archivewk1.hypotheses.org/16286;histoire_d, époque contemporaine_t, 1914-1918_t;Datasets/all_labels_train_gensim_sparse_matrix.npz
archivalia.hypotheses.org/9617;histoire et archéologie_d, sciences sociales interdisciplinaires_d, histoire_t, approches de corpus_t, enquêtes_t, archives_t;Datasets/all_labels_train_gensim_sparse_matrix.npz
archivalia.hypotheses.org/1404;histoire et archéologie_d, sciences sociales interdisciplinaires_d, histoire_t, approches de corpus_t, enquêtes_t, archives_t;Datasets/all_labels_train_gensim_sparse_matrix.npz
dislab.hypotheses.org/1695;sciences sociales interdisciplinaires_d, langue et linguistique_d, sociologie des sciences_t, linguistique_t;Datasets/all_labels_train_gensim_sparse_matrix.npz
archivalia.hypotheses.org/1786;histoire et archéologie_d, sciences sociales interdisciplinaires_d, histoire_t, approches de corpus_t, enquêtes_t, archives_t;Datasets/all_labels_train_gensim_sparse_matrix.npz
archivalia.hypotheses.org/6137;histoire et archéologie_d, sciences sociales interdisciplinaires_d, histoire_t, approches de corpus_t, enquêtes_t, archives_t;Datasets/all_labels_train_gensim_sparse_matrix.npz
medienbildung.hypotheses.org/6632;éducation_d, éducation spécialisée_d, travail social_d, sociologie_t, édition électronique_t, histoire et sociologie des médias_t, éducation_t;Datasets/all_labels_train_gensim_sparse_matrix.npz
archivalia.hypotheses.org/12101;histoire et archéologie_d, sciences sociales interdisciplinaires_d, histoire_t, approches de corpus_t, enquêtes_t, archives_t;Datasets/all_labels_train_gensim_sparse_matrix.npz
histbav.hypotheses.org/4100;humanités pluridisciplinaires_d, histoire_d, pluridisciplinarité_d, histoire_t, monde germanique_t;Datasets/all_labels_train_gensim_sparse_matrix.npz
archivalia.hypotheses.org/62461;histoire et archéologie_d, sciences sociales interdisciplinaires_d, histoire_t, approches de corpus_t, enquêtes_t, archives_t;Datasets/all_labels_train_gensim_sparse_matrix.npz
grammata.hypotheses.org/944;études anciennes_d, religions_d, littérature_d, religions_t, littératures_t;Datasets/all_labels_train_gensim_sparse_matrix.npz
histbav.hypotheses.org/4188;humanités pluridisciplinaires_d, histoire_d, pluridisciplinarité_d, histoire_t, monde germanique_t;Datasets/all_labels_train_gensim_sparse_matrix.npz
nordichistoryblog.hypotheses.org/1731;arts et humanités_d, histoire et archéologie_d, histoire_t, édition électronique_t, vie de la recherche_t, approches de corpus_t, enquêtes_t, archives_t, europe_t, pays baltes et scandinaves_t;Datasets/all_labels_train_gensim_sparse_matrix.npz
archivalia.hypotheses.org/10636;histoire et archéologie_d, sciences sociales interdisciplinaires_d, histoire_t, approches de corpus_t, enquêtes_t, archives_t;Datasets/all_labels_train_gensim_sparse_matrix.npz
philophiso.hypotheses.org/562;philosophie_d, éducation_d, éducation spécialisée_d, pensée_t, philosophie_t, représentations_t, patrimoine_t;Datasets/all_labels_train_gensim_sparse_matrix.npz
ostbib.hypotheses.org/1155;humanités pluridisciplinaires_d, histoire et archéologie_d, sciences de l'information et de la communication_d, bibliothéconomie_d, sciences sociales interdisciplinaires_d, sciences de l'information_t, édition électronique_t;Datasets/all_labels_train_gensim_sparse_matrix.npz
sdvigpress.hypotheses.org/702;langue et linguistique_d, philosophie_d, humanités pluridisciplinaires_d, épistémologie et méthodes_t, digital humanities_t, europe centrale et orientale_t, édition électronique_t, linguistique_t;Datasets/all_labels_train_gensim_sparse_matrix.npz
archivalia.hypotheses.org/13790;histoire et archéologie_d, sciences sociales interdisciplinaires_d, histoire_t, approches de corpus_t, enquêtes_t, archives_t;Datasets/all_labels_train_gensim_sparse_matrix.npz
intersex.hypotheses.org/2404;histoire_d, biomédecine_d, étude des genres_t, histoire des sciences_t, histoire_t, histoire du droit_t, moyen âge_t, xxie siècle_t;Datasets/all_labels_train_gensim_sparse_matrix.npz
edit.hypotheses.org/227;sciences de l'information et bibliothéconomie_d, édition électronique_t, vie de la recherche_t, méthodes de traitement et de représentation_t, digital humanities_t;Datasets/all_labels_train_gensim_sparse_matrix.npz
merzdadaco.hypotheses.org/245;humanités pluridisciplinaires_d, littérature_d, littératures_t, représentations_t, histoire culturelle_t, histoire de l'art_t;Datasets/all_labels_train_gensim_sparse_matrix.npz
archivewk1.hypotheses.org/13574;histoire_d, époque contemporaine_t, 1914-1918_t;Datasets/all_labels_train_gensim_sparse_matrix.npz
reichwein.hypotheses.org/2015;histoire et archéologie_d, histoire des sciences_t, 1945-1989_t;Datasets/all_labels_train_gensim_sparse_matrix.npz
archive20.hypotheses.org/3334;pluridisciplinarité_d, sciences sociales interdisciplinaires_d, histoire_t, information_t, patrimoine_t, monde germanique_t;Datasets/all_labels_train_gensim_sparse_matrix.npz
tagebuch.hypotheses.org/992;histoire et archéologie_d, histoire_d, histoire_t, époque contemporaine_t, 1914-1918_t;Datasets/all_labels_train_gensim_sparse_matrix.npz
kristinoswald.hypotheses.org/55;études anciennes_d, études des sciences_t, histoire_t, histoire et sociologie des médias_t, histoire culturelle_t, digital humanities_t;Datasets/all_labels_train_gensim_sparse_matrix.npz
medienbildung.hypotheses.org/3083;éducation_d, éducation spécialisée_d, travail social_d, sociologie_t, édition électronique_t, histoire et sociologie des médias_t, éducation_t;Datasets/all_labels_train_gensim_sparse_matrix.npz
histbav.hypotheses.org/3011;humanités pluridisciplinaires_d, histoire_d, pluridisciplinarité_d, histoire_t, monde germanique_t;Datasets/all_labels_train_gensim_sparse_matrix.npz
amuc.hypotheses.org/425;humanités pluridisciplinaires_d, histoire_d, histoire_t, représentations_t, patrimoine_t;Datasets/all_labels_train_gensim_sparse_matrix.npz
ordensgeschichte.hypotheses.org/9740;arts et humanités_d, humanités pluridisciplinaires_d, histoire et archéologie_d, histoire et philosophie des sciences_d, histoire_t, haut moyen âge_t, bas moyen âge_t, xviie siècle_t, xviiie siècle_t;Datasets/all_labels_train_gensim_sparse_matrix.npz
tagebuch.hypotheses.org/1176;histoire et archéologie_d, histoire_d, histoire_t, époque contemporaine_t, 1914-1918_t;Datasets/all_labels_train_gensim_sparse_matrix.npz
archivalia.hypotheses.org/9529;histoire et archéologie_d, sciences sociales interdisciplinaires_d, histoire_t, approches de corpus_t, enquêtes_t, archives_t;Datasets/all_labels_train_gensim_sparse_matrix.npz
dhmuc.hypotheses.org/607;humanités pluridisciplinaires_d, communication_d, pluridisciplinarité_d, sciences sociales interdisciplinaires_d, études des sciences_t, édition électronique_t, digital humanities_t;Datasets/all_labels_train_gensim_sparse_matrix.npz
archivalia.hypotheses.org/55911;histoire et archéologie_d, sciences sociales interdisciplinaires_d, histoire_t, approches de corpus_t, enquêtes_t, archives_t;Datasets/all_labels_train_gensim_sparse_matrix.npz
achtundvierzig.hypotheses.org/432;sciences politiques_d, histoire_d, époque contemporaine_t, prospectives_t, histoire politique_t, monde germanique_t;Datasets/all_labels_train_gensim_sparse_matrix.npz
unibloggt.hypotheses.org/531;histoire et archéologie_d, pluridisciplinarité_d, histoire_t, information_t;Datasets/all_labels_train_gensim_sparse_matrix.npz
archivalia.hypotheses.org/5526;histoire et archéologie_d, sciences sociales interdisciplinaires_d, histoire_t, approches de corpus_t, enquêtes_t, archives_t;Datasets/all_labels_train_gensim_sparse_matrix.npz
heraldica.hypotheses.org/3184;histoire_d, histoire_t, historiographie_t, sciences auxiliaires de l'histoire_t, moyen âge_t, haut moyen âge_t;Datasets/all_labels_train_gensim_sparse_matrix.npz
soziologieblog.hypotheses.org/881;sciences sociales interdisciplinaires_d, sociologie et anthropologie_d, sociologie du travail_t, sociologie urbaine_t, sociologie de la culture_t, sociologie économique_t;Datasets/all_labels_train_gensim_sparse_matrix.npz
hoyerswerda.hypotheses.org/182;arts et humanités_d, histoire_d, histoire urbaine_t, monde germanique_t;Datasets/all_labels_train_gensim_sparse_matrix.npz
archivalia.hypotheses.org/8251;histoire et archéologie_d, sciences sociales interdisciplinaires_d, histoire_t, approches de corpus_t, enquêtes_t, archives_t;Datasets/all_labels_train_gensim_sparse_matrix.npz
bioeg.hypotheses.org/1168;histoire et archéologie_d, histoire_d, histoire_t, sciences auxiliaires de l'histoire_t, europe centrale et orientale_t, monde germanique_t;Datasets/all_labels_train_gensim_sparse_matrix.npz
archivalia.hypotheses.org/8323;histoire et archéologie_d, sciences sociales interdisciplinaires_d, histoire_t, approches de corpus_t, enquêtes_t, archives_t;Datasets/all_labels_train_gensim_sparse_matrix.npz
jameel.hypotheses.org/648;pluridisciplinarité_d, études régionales_d, archéologie_d, arts_d, humanités pluridisciplinaires_d, représentations_t, asie_t, digital humanities_t, histoire de l'art_t;Datasets/all_labels_train_gensim_sparse_matrix.npz
kriegsfoto.hypotheses.org/860;arts_d, histoire_d, communication_d, guerres_t, conflits_t, violence_t, études visuelles_t, époque contemporaine_t, europe centrale et orientale_t;Datasets/all_labels_train_gensim_sparse_matrix.npz
archivewk1.hypotheses.org/4286;histoire_d, époque contemporaine_t, 1914-1918_t;Datasets/all_labels_train_gensim_sparse_matrix.npz
archivalia.hypotheses.org/7560;histoire et archéologie_d, sciences sociales interdisciplinaires_d, histoire_t, approches de corpus_t, enquêtes_t, archives_t;Datasets/all_labels_train_gensim_sparse_matrix.npz
archivalia.hypotheses.org/8265;histoire et archéologie_d, sciences sociales interdisciplinaires_d, histoire_t, approches de corpus_t, enquêtes_t, archives_t;Datasets/all_labels_train_gensim_sparse_matrix.npz
archivalia.hypotheses.org/7249;histoire et archéologie_d, sciences sociales interdisciplinaires_d, histoire_t, approches de corpus_t, enquêtes_t, archives_t;Datasets/all_labels_train_gensim_sparse_matrix.npz
nordichistoryblog.hypotheses.org/407;arts et humanités_d, histoire et archéologie_d, histoire_t, édition électronique_t, vie de la recherche_t, approches de corpus_t, enquêtes_t, archives_t, europe_t, pays baltes et scandinaves_t;Datasets/all_labels_train_gensim_sparse_matrix.npz
archivalia.hypotheses.org/2737;histoire et archéologie_d, sciences sociales interdisciplinaires_d, histoire_t, approches de corpus_t, enquêtes_t, archives_t;Datasets/all_labels_train_gensim_sparse_matrix.npz
vgdrp.hypotheses.org/253;éducation_d, histoire des sciences sociales_d, histoire_t, histoire économique_t, histoire industrielle_t, histoire urbaine_t, histoire sociale_t;Datasets/all_labels_train_gensim_sparse_matrix.npz
histbav.hypotheses.org/2482;humanités pluridisciplinaires_d, histoire_d, pluridisciplinarité_d, histoire_t, monde germanique_t;Datasets/all_labels_train_gensim_sparse_matrix.npz
archivalia.hypotheses.org/10734;histoire et archéologie_d, sciences sociales interdisciplinaires_d, histoire_t, approches de corpus_t, enquêtes_t, archives_t;Datasets/all_labels_train_gensim_sparse_matrix.npz
philophiso.hypotheses.org/151;philosophie_d, éducation_d, éducation spécialisée_d, pensée_t, philosophie_t, représentations_t, patrimoine_t;Datasets/all_labels_train_gensim_sparse_matrix.npz
archivewk1.hypotheses.org/29270;histoire_d, époque contemporaine_t, 1914-1918_t;Datasets/all_labels_train_gensim_sparse_matrix.npz
archivalia.hypotheses.org/12332;histoire et archéologie_d, sciences sociales interdisciplinaires_d, histoire_t, approches de corpus_t, enquêtes_t, archives_t;Datasets/all_labels_train_gensim_sparse_matrix.npz
tagebuch.hypotheses.org/81;histoire et archéologie_d, histoire_d, histoire_t, époque contemporaine_t, 1914-1918_t;Datasets/all_labels_train_gensim_sparse_matrix.npz
ordensgeschichte.hypotheses.org/10735;arts et humanités_d, humanités pluridisciplinaires_d, histoire et archéologie_d, histoire et philosophie des sciences_d, histoire_t, haut moyen âge_t, bas moyen âge_t, xviie siècle_t, xviiie siècle_t;Datasets/all_labels_train_gensim_sparse_matrix.npz
histbav.hypotheses.org/4282;humanités pluridisciplinaires_d, histoire_d, pluridisciplinarité_d, histoire_t, monde germanique_t;Datasets/all_labels_train_gensim_sparse_matrix.npz
archivewk1.hypotheses.org/2034;histoire_d, époque contemporaine_t, 1914-1918_t;Datasets/all_labels_train_gensim_sparse_matrix.npz
historischdenken.hypotheses.org/1426;histoire et archéologie_d, histoire_t;Datasets/all_labels_train_gensim_sparse_matrix.npz
archivewk1.hypotheses.org/21206;histoire_d, époque contemporaine_t, 1914-1918_t;Datasets/all_labels_train_gensim_sparse_matrix.npz
mittelalter.hypotheses.org/7304;humanités pluridisciplinaires_d, religions_d, histoire_d, sociologie_d, histoire_t, histoire sociale_t, histoire intellectuelle_t, moyen âge_t, haut moyen âge_t, bas moyen âge_t;Datasets/all_labels_train_gensim_sparse_matrix.npz
histbav.hypotheses.org/2720;humanités pluridisciplinaires_d, histoire_d, pluridisciplinarité_d, histoire_t, monde germanique_t;Datasets/all_labels_train_gensim_sparse_matrix.npz
archivalia.hypotheses.org/5587;histoire et archéologie_d, sciences sociales interdisciplinaires_d, histoire_t, approches de corpus_t, enquêtes_t, archives_t;Datasets/all_labels_train_gensim_sparse_matrix.npz
trafo.hypotheses.org/4794;pluridisciplinarité_d, sciences sociales interdisciplinaires_d, études régionales_d, sociologie_t, sociologie des religions_t, information_t, histoire culturelle_t;Datasets/all_labels_train_gensim_sparse_matrix.npz
maxweber.hypotheses.org/466;humanités pluridisciplinaires_d, histoire et archéologie_d, histoire et philosophie des sciences_d, sociologie et anthropologie_d, histoire sociale_t, histoire intellectuelle_t, sociologie des religions_t, vie de la recherche_t;Datasets/all_labels_train_gensim_sparse_matrix.npz
francofil.hypotheses.org/2174;pluridisciplinarité_d, sciences sociales interdisciplinaires_d, histoire_t, épistémologie et méthodes_t, approches de corpus_t, enquêtes_t, archives_t, france_t;Datasets/all_labels_train_gensim_sparse_matrix.npz
archivalia.hypotheses.org/8727;histoire et archéologie_d, sciences sociales interdisciplinaires_d, histoire_t, approches de corpus_t, enquêtes_t, archives_t;Datasets/all_labels_train_gensim_sparse_matrix.npz
archivalia.hypotheses.org/11114;histoire et archéologie_d, sciences sociales interdisciplinaires_d, histoire_t, approches de corpus_t, enquêtes_t, archives_t;Datasets/all_labels_train_gensim_sparse_matrix.npz
neuburg.hypotheses.org/82;histoire_d, histoire urbaine_t, époque contemporaine_t;Datasets/all_labels_train_gensim_sparse_matrix.npz
geschichtsadmin.hypotheses.org/309;éducation_d, histoire_d, sociologie du travail_t, histoire_t;Datasets/all_labels_train_gensim_sparse_matrix.npz
sdvigpress.hypotheses.org/558;langue et linguistique_d, philosophie_d, humanités pluridisciplinaires_d, épistémologie et méthodes_t, digital humanities_t, europe centrale et orientale_t, édition électronique_t, linguistique_t;Datasets/all_labels_train_gensim_sparse_matrix.npz
archivewk1.hypotheses.org/13020;histoire_d, époque contemporaine_t, 1914-1918_t;Datasets/all_labels_train_gensim_sparse_matrix.npz
archivekod.hypotheses.org/784;religions_d, histoire et archéologie_d, sciences de l'information et de la communication_d, bibliothéconomie_d, communication_d, histoire_t, histoire des religions_t, patrimoine_t;Datasets/all_labels_train_gensim_sparse_matrix.npz
archivewk1.hypotheses.org/8824;histoire_d, époque contemporaine_t, 1914-1918_t;Datasets/all_labels_train_gensim_sparse_matrix.npz
archivewk1.hypotheses.org/21240;histoire_d, époque contemporaine_t, 1914-1918_t;Datasets/all_labels_train_gensim_sparse_matrix.npz
gab.hypotheses.org/1531;histoire et archéologie_d, pluridisciplinarité_d, sciences sociales interdisciplinaires_d, études des sciences_t, sociologie des sciences_t, histoire_t;Datasets/all_labels_train_gensim_sparse_matrix.npz
archivalia.hypotheses.org/3209;histoire et archéologie_d, sciences sociales interdisciplinaires_d, histoire_t, approches de corpus_t, enquêtes_t, archives_t;Datasets/all_labels_train_gensim_sparse_matrix.npz
dguw.hypotheses.org/286;histoire et archéologie_d, histoire_t, historiographie_t, digital humanities_t;Datasets/all_labels_train_gensim_sparse_matrix.npz
mgtud.hypotheses.org/414;humanités pluridisciplinaires_d, éducation_d, histoire et archéologie_d, histoire_d, histoire_t, histoire urbaine_t, édition électronique_t;Datasets/all_labels_train_gensim_sparse_matrix.npz
archivewk1.hypotheses.org/11520;histoire_d, époque contemporaine_t, 1914-1918_t;Datasets/all_labels_train_gensim_sparse_matrix.npz
ockenheim.hypotheses.org/787;histoire et archéologie_d, archéologie_d, histoire_t, histoire urbaine_t, édition électronique_t, monde germanique_t;Datasets/all_labels_train_gensim_sparse_matrix.npz
archivalia.hypotheses.org/6553;histoire et archéologie_d, sciences sociales interdisciplinaires_d, histoire_t, approches de corpus_t, enquêtes_t, archives_t;Datasets/all_labels_train_gensim_sparse_matrix.npz
archivewk1.hypotheses.org/35141;histoire_d, époque contemporaine_t, 1914-1918_t;Datasets/all_labels_train_gensim_sparse_matrix.npz
babyvision.hypotheses.org/75;psychologie_d, études des sciences_t, psychisme_t;Datasets/all_labels_train_gensim_sparse_matrix.npz
smdr.hypotheses.org/152;histoire_d, histoire_t, xviie siècle_t, xviiie siècle_t, monde germanique_t, pays baltes et scandinaves_t;Datasets/all_labels_train_gensim_sparse_matrix.npz
archivalia.hypotheses.org/5517;histoire et archéologie_d, sciences sociales interdisciplinaires_d, histoire_t, approches de corpus_t, enquêtes_t, archives_t;Datasets/all_labels_train_gensim_sparse_matrix.npz
archivalia.hypotheses.org/14451;histoire et archéologie_d, sciences sociales interdisciplinaires_d, histoire_t, approches de corpus_t, enquêtes_t, archives_t;Datasets/all_labels_train_gensim_sparse_matrix.npz
archivewk1.hypotheses.org/14624;histoire_d, époque contemporaine_t, 1914-1918_t;Datasets/all_labels_train_gensim_sparse_matrix.npz
archivewk1.hypotheses.org/16004;histoire_d, époque contemporaine_t, 1914-1918_t;Datasets/all_labels_train_gensim_sparse_matrix.npz
histbav.hypotheses.org/2665;humanités pluridisciplinaires_d, histoire_d, pluridisciplinarité_d, histoire_t, monde germanique_t;Datasets/all_labels_train_gensim_sparse_matrix.npz
gra.hypotheses.org/1567;arts et humanités_d, communication_d, sciences de l'information et bibliothéconomie_d, représentations_t, histoire culturelle_t, histoire de l'art_t, études visuelles_t;Datasets/all_labels_train_gensim_sparse_matrix.npz
bereschitrabba.hypotheses.org/41;arts et humanités_d, religions_d, langue et linguistique_d, religions_t, histoire des religions_t;Datasets/all_labels_train_gensim_sparse_matrix.npz
archivalia.hypotheses.org/13615;histoire et archéologie_d, sciences sociales interdisciplinaires_d, histoire_t, approches de corpus_t, enquêtes_t, archives_t;Datasets/all_labels_train_gensim_sparse_matrix.npz
archivalia.hypotheses.org/62622;histoire et archéologie_d, sciences sociales interdisciplinaires_d, histoire_t, approches de corpus_t, enquêtes_t, archives_t;Datasets/all_labels_train_gensim_sparse_matrix.npz
19jhdhip.hypotheses.org/1881;histoire_d, époque contemporaine_t, prospectives_t, france_t, monde germanique_t;Datasets/all_labels_train_gensim_sparse_matrix.npz
sdvigpress.hypotheses.org/564;langue et linguistique_d, philosophie_d, humanités pluridisciplinaires_d, épistémologie et méthodes_t, digital humanities_t, europe centrale et orientale_t, édition électronique_t, linguistique_t;Datasets/all_labels_train_gensim_sparse_matrix.npz
archivewk1.hypotheses.org/818;histoire_d, époque contemporaine_t, 1914-1918_t;Datasets/all_labels_train_gensim_sparse_matrix.npz
archivalia.hypotheses.org/8365;histoire et archéologie_d, sciences sociales interdisciplinaires_d, histoire_t, approches de corpus_t, enquêtes_t, archives_t;Datasets/all_labels_train_gensim_sparse_matrix.npz
bereschitrabba.hypotheses.org/517;arts et humanités_d, religions_d, langue et linguistique_d, religions_t, histoire des religions_t;Datasets/all_labels_train_gensim_sparse_matrix.npz
archivamt.hypotheses.org/3223;communication_d, pluridisciplinarité_d, sciences sociales interdisciplinaires_d, information_t, sciences de l'information_t, représentations_t, patrimoine_t;Datasets/all_labels_train_gensim_sparse_matrix.npz
redaktionsblog.hypotheses.org/774;arts et humanités_d, humanités pluridisciplinaires_d, épistémologie et méthodes_t, digital humanities_t;Datasets/all_labels_train_gensim_sparse_matrix.npz
archivewk1.hypotheses.org/32401;histoire_d, époque contemporaine_t, 1914-1918_t;Datasets/all_labels_train_gensim_sparse_matrix.npz
artincrisis.hypotheses.org/804;arts et humanités_d, représentations_t, histoire de l'art_t, époque contemporaine_t, 1939-1945_t, monde germanique_t;Datasets/all_labels_train_gensim_sparse_matrix.npz
archivalia.hypotheses.org/13339;histoire et archéologie_d, sciences sociales interdisciplinaires_d, histoire_t, approches de corpus_t, enquêtes_t, archives_t;Datasets/all_labels_train_gensim_sparse_matrix.npz
archivalia.hypotheses.org/10252;histoire et archéologie_d, sciences sociales interdisciplinaires_d, histoire_t, approches de corpus_t, enquêtes_t, archives_t;Datasets/all_labels_train_gensim_sparse_matrix.npz
ordensgeschichte.hypotheses.org/6232;arts et humanités_d, humanités pluridisciplinaires_d, histoire et archéologie_d, histoire et philosophie des sciences_d, histoire_t, haut moyen âge_t, bas moyen âge_t, xviie siècle_t, xviiie siècle_t;Datasets/all_labels_train_gensim_sparse_matrix.npz
futurecity.hypotheses.org/250;sciences politiques_d, administration publique et développement_d, sociologie urbaine_t;Datasets/all_labels_train_gensim_sparse_matrix.npz
archivewk1.hypotheses.org/15411;histoire_d, époque contemporaine_t, 1914-1918_t;Datasets/all_labels_train_gensim_sparse_matrix.npz
medienbildung.hypotheses.org/5327;éducation_d, éducation spécialisée_d, travail social_d, sociologie_t, édition électronique_t, histoire et sociologie des médias_t, éducation_t;Datasets/all_labels_train_gensim_sparse_matrix.npz
archivalia.hypotheses.org/55380;histoire et archéologie_d, sciences sociales interdisciplinaires_d, histoire_t, approches de corpus_t, enquêtes_t, archives_t;Datasets/all_labels_train_gensim_sparse_matrix.npz
rhad.hypotheses.org/397;histoire_d, histoire des sciences sociales_d, histoire_t, époque moderne_t, révolution française_t, xviie siècle_t, xviiie siècle_t, prospectives_t;Datasets/all_labels_train_gensim_sparse_matrix.npz
dislab.hypotheses.org/2444;sciences sociales interdisciplinaires_d, langue et linguistique_d, sociologie des sciences_t, linguistique_t;Datasets/all_labels_train_gensim_sparse_matrix.npz
archivalia.hypotheses.org/4892;histoire et archéologie_d, sciences sociales interdisciplinaires_d, histoire_t, approches de corpus_t, enquêtes_t, archives_t;Datasets/all_labels_train_gensim_sparse_matrix.npz
archivamt.hypotheses.org/4350;communication_d, pluridisciplinarité_d, sciences sociales interdisciplinaires_d, information_t, sciences de l'information_t, représentations_t, patrimoine_t;Datasets/all_labels_train_gensim_sparse_matrix.npz
fnzinfo.hypotheses.org/859;arts et humanités_d, musique_d, histoire et archéologie_d, histoire_t, xvie siècle_t, xviie siècle_t, xviiie siècle_t, révolution française_t;Datasets/all_labels_train_gensim_sparse_matrix.npz
coop.hypotheses.org/246;histoire et archéologie_d, sciences sociales interdisciplinaires_d, histoire urbaine_t, information_t;Datasets/all_labels_train_gensim_sparse_matrix.npz
1914lvr.hypotheses.org/604;sciences politiques_d, histoire_t, époque contemporaine_t, 1914-1918_t;Datasets/all_labels_train_gensim_sparse_matrix.npz
archivewk1.hypotheses.org/7667;histoire_d, époque contemporaine_t, 1914-1918_t;Datasets/all_labels_train_gensim_sparse_matrix.npz
archivalia.hypotheses.org/5205;histoire et archéologie_d, sciences sociales interdisciplinaires_d, histoire_t, approches de corpus_t, enquêtes_t, archives_t;Datasets/all_labels_train_gensim_sparse_matrix.npz
archivamt.hypotheses.org/888;communication_d, pluridisciplinarité_d, sciences sociales interdisciplinaires_d, information_t, sciences de l'information_t, représentations_t, patrimoine_t;Datasets/all_labels_train_gensim_sparse_matrix.npz
games.hypotheses.org/526;arts et humanités_d, humanités pluridisciplinaires_d, psychologie expérimentale_d, sciences cognitives_t, psychisme_t, psychologie_t, représentations_t, histoire de l'art_t, études visuelles_t;Datasets/all_labels_train_gensim_sparse_matrix.npz
amuc.hypotheses.org/1960;humanités pluridisciplinaires_d, histoire_d, histoire_t, représentations_t, patrimoine_t;Datasets/all_labels_train_gensim_sparse_matrix.npz
archivalia.hypotheses.org/11167;histoire et archéologie_d, sciences sociales interdisciplinaires_d, histoire_t, approches de corpus_t, enquêtes_t, archives_t;Datasets/all_labels_train_gensim_sparse_matrix.npz
rhad.hypotheses.org/238;histoire_d, histoire des sciences sociales_d, histoire_t, époque moderne_t, révolution française_t, xviie siècle_t, xviiie siècle_t, prospectives_t;Datasets/all_labels_train_gensim_sparse_matrix.npz
archivalia.hypotheses.org/9797;histoire et archéologie_d, sciences sociales interdisciplinaires_d, histoire_t, approches de corpus_t, enquêtes_t, archives_t;Datasets/all_labels_train_gensim_sparse_matrix.npz
siegelblog.hypotheses.org/113;histoire_d, histoire et sociologie des médias_t, histoire de l'art_t, haut moyen âge_t;Datasets/all_labels_train_gensim_sparse_matrix.npz
archivalia.hypotheses.org/5640;histoire et archéologie_d, sciences sociales interdisciplinaires_d, histoire_t, approches de corpus_t, enquêtes_t, archives_t;Datasets/all_labels_train_gensim_sparse_matrix.npz
dgl.hypotheses.org/511;éducation spécialisée_d, histoire_d, histoire_t, histoire et sociologie des médias_t, éducation_t;Datasets/all_labels_train_gensim_sparse_matrix.npz
ostblog.hypotheses.org/574;histoire_d, économie_d, histoire_t;Datasets/all_labels_train_gensim_sparse_matrix.npz
etatsocial.hypotheses.org/1155;histoire_d, histoire des sciences sociales_d, sociologie_d, économie_d, sociologie du travail_t, âges de la vie_t, xxe siècle_t;Datasets/all_labels_train_gensim_sparse_matrix.npz
archivalia.hypotheses.org/54227;histoire et archéologie_d, sciences sociales interdisciplinaires_d, histoire_t, approches de corpus_t, enquêtes_t, archives_t;Datasets/all_labels_train_gensim_sparse_matrix.npz
archivewk1.hypotheses.org/5756;histoire_d, époque contemporaine_t, 1914-1918_t;Datasets/all_labels_train_gensim_sparse_matrix.npz
archivalia.hypotheses.org/8153;histoire et archéologie_d, sciences sociales interdisciplinaires_d, histoire_t, approches de corpus_t, enquêtes_t, archives_t;Datasets/all_labels_train_gensim_sparse_matrix.npz
bioeg.hypotheses.org/1621;histoire et archéologie_d, histoire_d, histoire_t, sciences auxiliaires de l'histoire_t, europe centrale et orientale_t, monde germanique_t;Datasets/all_labels_train_gensim_sparse_matrix.npz
archivewk1.hypotheses.org/27519;histoire_d, époque contemporaine_t, 1914-1918_t;Datasets/all_labels_train_gensim_sparse_matrix.npz
archivamt.hypotheses.org/1418;communication_d, pluridisciplinarité_d, sciences sociales interdisciplinaires_d, information_t, sciences de l'information_t, représentations_t, patrimoine_t;Datasets/all_labels_train_gensim_sparse_matrix.npz
gab.hypotheses.org/1645;histoire et archéologie_d, pluridisciplinarité_d, sciences sociales interdisciplinaires_d, études des sciences_t, sociologie des sciences_t, histoire_t;Datasets/all_labels_train_gensim_sparse_matrix.npz
inklusion.hypotheses.org/1913;éducation_d, travail social et politique sociale_d, sociologie du travail_t, âges de la vie_t, information_t, sciences de l'éducation_t;Datasets/all_labels_train_gensim_sparse_matrix.npz
dgl.hypotheses.org/118;éducation spécialisée_d, histoire_d, histoire_t, histoire et sociologie des médias_t, éducation_t;Datasets/all_labels_train_gensim_sparse_matrix.npz
archivalia.hypotheses.org/61048;histoire et archéologie_d, sciences sociales interdisciplinaires_d, histoire_t, approches de corpus_t, enquêtes_t, archives_t;Datasets/all_labels_train_gensim_sparse_matrix.npz
archivalia.hypotheses.org/10047;histoire et archéologie_d, sciences sociales interdisciplinaires_d, histoire_t, approches de corpus_t, enquêtes_t, archives_t;Datasets/all_labels_train_gensim_sparse_matrix.npz
archivalia.hypotheses.org/5511;histoire et archéologie_d, sciences sociales interdisciplinaires_d, histoire_t, approches de corpus_t, enquêtes_t, archives_t;Datasets/all_labels_train_gensim_sparse_matrix.npz
archivalia.hypotheses.org/12772;histoire et archéologie_d, sciences sociales interdisciplinaires_d, histoire_t, approches de corpus_t, enquêtes_t, archives_t;Datasets/all_labels_train_gensim_sparse_matrix.npz
archivalia.hypotheses.org/4723;histoire et archéologie_d, sciences sociales interdisciplinaires_d, histoire_t, approches de corpus_t, enquêtes_t, archives_t;Datasets/all_labels_train_gensim_sparse_matrix.npz
archivewk1.hypotheses.org/13606;histoire_d, époque contemporaine_t, 1914-1918_t;Datasets/all_labels_train_gensim_sparse_matrix.npz
tagebuch.hypotheses.org/1128;histoire et archéologie_d, histoire_d, histoire_t, époque contemporaine_t, 1914-1918_t;Datasets/all_labels_train_gensim_sparse_matrix.npz
gab.hypotheses.org/834;histoire et archéologie_d, pluridisciplinarité_d, sciences sociales interdisciplinaires_d, études des sciences_t, sociologie des sciences_t, histoire_t;Datasets/all_labels_train_gensim_sparse_matrix.npz
soziologieblog.hypotheses.org/6391;sciences sociales interdisciplinaires_d, sociologie et anthropologie_d, sociologie du travail_t, sociologie urbaine_t, sociologie de la culture_t, sociologie économique_t;Datasets/all_labels_train_gensim_sparse_matrix.npz
nachhaltig.hypotheses.org/226;pluridisciplinarité_d, philosophie_d, sciences sociales interdisciplinaires_d, france_t, monde germanique_t;Datasets/all_labels_train_gensim_sparse_matrix.npz
archivalia.hypotheses.org/9595;histoire et archéologie_d, sciences sociales interdisciplinaires_d, histoire_t, approches de corpus_t, enquêtes_t, archives_t;Datasets/all_labels_train_gensim_sparse_matrix.npz
archivalia.hypotheses.org/12506;histoire et archéologie_d, sciences sociales interdisciplinaires_d, histoire_t, approches de corpus_t, enquêtes_t, archives_t;Datasets/all_labels_train_gensim_sparse_matrix.npz
archivalia.hypotheses.org/6095;histoire et archéologie_d, sciences sociales interdisciplinaires_d, histoire_t, approches de corpus_t, enquêtes_t, archives_t;Datasets/all_labels_train_gensim_sparse_matrix.npz
unibloggt.hypotheses.org/1172;histoire et archéologie_d, pluridisciplinarité_d, histoire_t, information_t;Datasets/all_labels_train_gensim_sparse_matrix.npz
archivalia.hypotheses.org/6395;histoire et archéologie_d, sciences sociales interdisciplinaires_d, histoire_t, approches de corpus_t, enquêtes_t, archives_t;Datasets/all_labels_train_gensim_sparse_matrix.npz
dkblog.hypotheses.org/263;histoire_d, histoire_t, époque moderne_t, xviie siècle_t;Datasets/all_labels_train_gensim_sparse_matrix.npz
texperimentales.hypotheses.org/1490;linguistique appliquée_d, langue et linguistique_d, langage_t, linguistique_t, information_t, sciences de l'information_t, digital humanities_t;Datasets/all_labels_train_gensim_sparse_matrix.npz
archivewk1.hypotheses.org/28863;histoire_d, époque contemporaine_t, 1914-1918_t;Datasets/all_labels_train_gensim_sparse_matrix.npz
archivalia.hypotheses.org/14593;histoire et archéologie_d, sciences sociales interdisciplinaires_d, histoire_t, approches de corpus_t, enquêtes_t, archives_t;Datasets/all_labels_train_gensim_sparse_matrix.npz
archivalia.hypotheses.org/14005;histoire et archéologie_d, sciences sociales interdisciplinaires_d, histoire_t, approches de corpus_t, enquêtes_t, archives_t;Datasets/all_labels_train_gensim_sparse_matrix.npz
unibloggt.hypotheses.org/286;histoire et archéologie_d, pluridisciplinarité_d, histoire_t, information_t;Datasets/all_labels_train_gensim_sparse_matrix.npz
archivamt.hypotheses.org/3354;communication_d, pluridisciplinarité_d, sciences sociales interdisciplinaires_d, information_t, sciences de l'information_t, représentations_t, patrimoine_t;Datasets/all_labels_train_gensim_sparse_matrix.npz
archivalia.hypotheses.org/14553;histoire et archéologie_d, sciences sociales interdisciplinaires_d, histoire_t, approches de corpus_t, enquêtes_t, archives_t;Datasets/all_labels_train_gensim_sparse_matrix.npz
pophistory.hypotheses.org/2189;humanités pluridisciplinaires_d, histoire et archéologie_d, sociologie de la culture_t, histoire sociale_t, histoire culturelle_t, époque contemporaine_t;Datasets/all_labels_train_gensim_sparse_matrix.npz
soziologieblog.hypotheses.org/4439;sciences sociales interdisciplinaires_d, sociologie et anthropologie_d, sociologie du travail_t, sociologie urbaine_t, sociologie de la culture_t, sociologie économique_t;Datasets/all_labels_train_gensim_sparse_matrix.npz
archivalia.hypotheses.org/8554;histoire et archéologie_d, sciences sociales interdisciplinaires_d, histoire_t, approches de corpus_t, enquêtes_t, archives_t;Datasets/all_labels_train_gensim_sparse_matrix.npz
1914lvr.hypotheses.org/230;sciences politiques_d, histoire_t, époque contemporaine_t, 1914-1918_t;Datasets/all_labels_train_gensim_sparse_matrix.npz
archivalia.hypotheses.org/14094;histoire et archéologie_d, sciences sociales interdisciplinaires_d, histoire_t, approches de corpus_t, enquêtes_t, archives_t;Datasets/all_labels_train_gensim_sparse_matrix.npz
dkblog.hypotheses.org/100;histoire_d, histoire_t, époque moderne_t, xviie siècle_t;Datasets/all_labels_train_gensim_sparse_matrix.npz
archivalia.hypotheses.org/12924;histoire et archéologie_d, sciences sociales interdisciplinaires_d, histoire_t, approches de corpus_t, enquêtes_t, archives_t;Datasets/all_labels_train_gensim_sparse_matrix.npz
ordensgeschichte.hypotheses.org/10179;arts et humanités_d, humanités pluridisciplinaires_d, histoire et archéologie_d, histoire et philosophie des sciences_d, histoire_t, haut moyen âge_t, bas moyen âge_t, xviie siècle_t, xviiie siècle_t;Datasets/all_labels_train_gensim_sparse_matrix.npz
archivalia.hypotheses.org/8101;histoire et archéologie_d, sciences sociales interdisciplinaires_d, histoire_t, approches de corpus_t, enquêtes_t, archives_t;Datasets/all_labels_train_gensim_sparse_matrix.npz
aktenkunde.hypotheses.org/282;histoire_d, histoire_t, sciences auxiliaires de l'histoire_t;Datasets/all_labels_train_gensim_sparse_matrix.npz
archivewk1.hypotheses.org/2353;histoire_d, époque contemporaine_t, 1914-1918_t;Datasets/all_labels_train_gensim_sparse_matrix.npz
soziologieblog.hypotheses.org/6813;sciences sociales interdisciplinaires_d, sociologie et anthropologie_d, sociologie du travail_t, sociologie urbaine_t, sociologie de la culture_t, sociologie économique_t;Datasets/all_labels_train_gensim_sparse_matrix.npz
nordichistoryblog.hypotheses.org/3181;arts et humanités_d, histoire et archéologie_d, histoire_t, édition électronique_t, vie de la recherche_t, approches de corpus_t, enquêtes_t, archives_t, europe_t, pays baltes et scandinaves_t;Datasets/all_labels_train_gensim_sparse_matrix.npz
gab.hypotheses.org/3149;histoire et archéologie_d, pluridisciplinarité_d, sciences sociales interdisciplinaires_d, études des sciences_t, sociologie des sciences_t, histoire_t;Datasets/all_labels_train_gensim_sparse_matrix.npz
inklusion.hypotheses.org/1228;éducation_d, travail social et politique sociale_d, sociologie du travail_t, âges de la vie_t, information_t, sciences de l'éducation_t;Datasets/all_labels_train_gensim_sparse_matrix.npz
siegelblog.hypotheses.org/185;histoire_d, histoire et sociologie des médias_t, histoire de l'art_t, haut moyen âge_t;Datasets/all_labels_train_gensim_sparse_matrix.npz
archivalia.hypotheses.org/520;histoire et archéologie_d, sciences sociales interdisciplinaires_d, histoire_t, approches de corpus_t, enquêtes_t, archives_t;Datasets/all_labels_train_gensim_sparse_matrix.npz
archivamt.hypotheses.org/927;communication_d, pluridisciplinarité_d, sciences sociales interdisciplinaires_d, information_t, sciences de l'information_t, représentations_t, patrimoine_t;Datasets/all_labels_train_gensim_sparse_matrix.npz
archivalia.hypotheses.org/3591;histoire et archéologie_d, sciences sociales interdisciplinaires_d, histoire_t, approches de corpus_t, enquêtes_t, archives_t;Datasets/all_labels_train_gensim_sparse_matrix.npz
histbav.hypotheses.org/4106;humanités pluridisciplinaires_d, histoire_d, pluridisciplinarité_d, histoire_t, monde germanique_t;Datasets/all_labels_train_gensim_sparse_matrix.npz
archivalia.hypotheses.org/10369;histoire et archéologie_d, sciences sociales interdisciplinaires_d, histoire_t, approches de corpus_t, enquêtes_t, archives_t;Datasets/all_labels_train_gensim_sparse_matrix.npz
dislab.hypotheses.org/1999;sciences sociales interdisciplinaires_d, langue et linguistique_d, sociologie des sciences_t, linguistique_t;Datasets/all_labels_train_gensim_sparse_matrix.npz
archivalia.hypotheses.org/9224;histoire et archéologie_d, sciences sociales interdisciplinaires_d, histoire_t, approches de corpus_t, enquêtes_t, archives_t;Datasets/all_labels_train_gensim_sparse_matrix.npz
amuc.hypotheses.org/778;humanités pluridisciplinaires_d, histoire_d, histoire_t, représentations_t, patrimoine_t;Datasets/all_labels_train_gensim_sparse_matrix.npz
archivewk1.hypotheses.org/12406;histoire_d, époque contemporaine_t, 1914-1918_t;Datasets/all_labels_train_gensim_sparse_matrix.npz
archivalia.hypotheses.org/5072;histoire et archéologie_d, sciences sociales interdisciplinaires_d, histoire_t, approches de corpus_t, enquêtes_t, archives_t;Datasets/all_labels_train_gensim_sparse_matrix.npz
archivamt.hypotheses.org/1997;communication_d, pluridisciplinarité_d, sciences sociales interdisciplinaires_d, information_t, sciences de l'information_t, représentations_t, patrimoine_t;Datasets/all_labels_train_gensim_sparse_matrix.npz
archivalia.hypotheses.org/61984;histoire et archéologie_d, sciences sociales interdisciplinaires_d, histoire_t, approches de corpus_t, enquêtes_t, archives_t;Datasets/all_labels_train_gensim_sparse_matrix.npz
europhilomem.hypotheses.org/1131;philosophie_d, philosophie_t, histoire intellectuelle_t, xxe siècle_t, prospectives_t;Datasets/all_labels_train_gensim_sparse_matrix.npz
archive20.hypotheses.org/1531;pluridisciplinarité_d, sciences sociales interdisciplinaires_d, histoire_t, information_t, patrimoine_t, monde germanique_t;Datasets/all_labels_train_gensim_sparse_matrix.npz
jameel.hypotheses.org/519;pluridisciplinarité_d, études régionales_d, archéologie_d, arts_d, humanités pluridisciplinaires_d, représentations_t, asie_t, digital humanities_t, histoire de l'art_t;Datasets/all_labels_train_gensim_sparse_matrix.npz
archivalia.hypotheses.org/62284;histoire et archéologie_d, sciences sociales interdisciplinaires_d, histoire_t, approches de corpus_t, enquêtes_t, archives_t;Datasets/all_labels_train_gensim_sparse_matrix.npz
archivewk1.hypotheses.org/11419;histoire_d, époque contemporaine_t, 1914-1918_t;Datasets/all_labels_train_gensim_sparse_matrix.npz
gab.hypotheses.org/2178;histoire et archéologie_d, pluridisciplinarité_d, sciences sociales interdisciplinaires_d, études des sciences_t, sociologie des sciences_t, histoire_t;Datasets/all_labels_train_gensim_sparse_matrix.npz
dguw.hypotheses.org/392;histoire et archéologie_d, histoire_t, historiographie_t, digital humanities_t;Datasets/all_labels_train_gensim_sparse_matrix.npz
archivalia.hypotheses.org/13375;histoire et archéologie_d, sciences sociales interdisciplinaires_d, histoire_t, approches de corpus_t, enquêtes_t, archives_t;Datasets/all_labels_train_gensim_sparse_matrix.npz
liparchiv.hypotheses.org/1146;histoire et archéologie_d, sciences politiques_d, administration publique et développement_d, histoire urbaine_t, patrimoine_t, sciences auxiliaires de l'histoire_t, approches de corpus_t, enquêtes_t, archives_t, europe_t;Datasets/all_labels_train_gensim_sparse_matrix.npz
archivalia.hypotheses.org/57465;histoire et archéologie_d, sciences sociales interdisciplinaires_d, histoire_t, approches de corpus_t, enquêtes_t, archives_t;Datasets/all_labels_train_gensim_sparse_matrix.npz
fnzinfo.hypotheses.org/645;arts et humanités_d, musique_d, histoire et archéologie_d, histoire_t, xvie siècle_t, xviie siècle_t, xviiie siècle_t, révolution française_t;Datasets/all_labels_train_gensim_sparse_matrix.npz
speyermemo.hypotheses.org/2532;histoire_d, pluridisciplinarité_d, sciences sociales interdisciplinaires_d, sociologie de la culture_t, histoire_t, 1939-1945_t, europe_t;Datasets/all_labels_train_gensim_sparse_matrix.npz
archivalia.hypotheses.org/13661;histoire et archéologie_d, sciences sociales interdisciplinaires_d, histoire_t, approches de corpus_t, enquêtes_t, archives_t;Datasets/all_labels_train_gensim_sparse_matrix.npz
archivalia.hypotheses.org/6854;histoire et archéologie_d, sciences sociales interdisciplinaires_d, histoire_t, approches de corpus_t, enquêtes_t, archives_t;Datasets/all_labels_train_gensim_sparse_matrix.npz
dkblog.hypotheses.org/227;histoire_d, histoire_t, époque moderne_t, xviie siècle_t;Datasets/all_labels_train_gensim_sparse_matrix.npz
catholiccultures.hypotheses.org/348;histoire et archéologie_d, histoire des sciences sociales_d, sciences sociales interdisciplinaires_d, sociologie et anthropologie_d, histoire_t, histoire sociale_t, histoire des religions_t, époque moderne_t;Datasets/all_labels_train_gensim_sparse_matrix.npz
dhtg.hypotheses.org/248;histoire et archéologie_d, sciences de l'information et de la communication_d, bibliothéconomie_d, histoire_t, sciences de l'information_t, 1939-1945_t, 1945-1989_t;Datasets/all_labels_train_gensim_sparse_matrix.npz
archivalia.hypotheses.org/8350;histoire et archéologie_d, sciences sociales interdisciplinaires_d, histoire_t, approches de corpus_t, enquêtes_t, archives_t;Datasets/all_labels_train_gensim_sparse_matrix.npz
archivalia.hypotheses.org/13747;histoire et archéologie_d, sciences sociales interdisciplinaires_d, histoire_t, approches de corpus_t, enquêtes_t, archives_t;Datasets/all_labels_train_gensim_sparse_matrix.npz
archivalia.hypotheses.org/60439;histoire et archéologie_d, sciences sociales interdisciplinaires_d, histoire_t, approches de corpus_t, enquêtes_t, archives_t;Datasets/all_labels_train_gensim_sparse_matrix.npz
archivamt.hypotheses.org/3997;communication_d, pluridisciplinarité_d, sciences sociales interdisciplinaires_d, information_t, sciences de l'information_t, représentations_t, patrimoine_t;Datasets/all_labels_train_gensim_sparse_matrix.npz
historischdenken.hypotheses.org/3010;histoire et archéologie_d, histoire_t;Datasets/all_labels_train_gensim_sparse_matrix.npz
redaktionsblog.hypotheses.org/2875;arts et humanités_d, humanités pluridisciplinaires_d, épistémologie et méthodes_t, digital humanities_t;Datasets/all_labels_train_gensim_sparse_matrix.npz
archivalia.hypotheses.org/10094;histoire et archéologie_d, sciences sociales interdisciplinaires_d, histoire_t, approches de corpus_t, enquêtes_t, archives_t;Datasets/all_labels_train_gensim_sparse_matrix.npz
fnzinfo.hypotheses.org/27;arts et humanités_d, musique_d, histoire et archéologie_d, histoire_t, xvie siècle_t, xviie siècle_t, xviiie siècle_t, révolution française_t;Datasets/all_labels_train_gensim_sparse_matrix.npz
ordensgeschichte.hypotheses.org/10729;arts et humanités_d, humanités pluridisciplinaires_d, histoire et archéologie_d, histoire et philosophie des sciences_d, histoire_t, haut moyen âge_t, bas moyen âge_t, xviie siècle_t, xviiie siècle_t;Datasets/all_labels_train_gensim_sparse_matrix.npz
ockenheim.hypotheses.org/343;histoire et archéologie_d, archéologie_d, histoire_t, histoire urbaine_t, édition électronique_t, monde germanique_t;Datasets/all_labels_train_gensim_sparse_matrix.npz
archivalia.hypotheses.org/4872;histoire et archéologie_d, sciences sociales interdisciplinaires_d, histoire_t, approches de corpus_t, enquêtes_t, archives_t;Datasets/all_labels_train_gensim_sparse_matrix.npz
archivalia.hypotheses.org/9109;histoire et archéologie_d, sciences sociales interdisciplinaires_d, histoire_t, approches de corpus_t, enquêtes_t, archives_t;Datasets/all_labels_train_gensim_sparse_matrix.npz
archivalia.hypotheses.org/10787;histoire et archéologie_d, sciences sociales interdisciplinaires_d, histoire_t, approches de corpus_t, enquêtes_t, archives_t;Datasets/all_labels_train_gensim_sparse_matrix.npz
wenhua.hypotheses.org/570;études asiatiques_d, humanités pluridisciplinaires_d, histoire_d, histoire culturelle_t, asie_t;Datasets/all_labels_train_gensim_sparse_matrix.npz
archivalia.hypotheses.org/9659;histoire et archéologie_d, sciences sociales interdisciplinaires_d, histoire_t, approches de corpus_t, enquêtes_t, archives_t;Datasets/all_labels_train_gensim_sparse_matrix.npz
erinnern.hypotheses.org/481;éducation et sciences de l'éducation_d, histoire_d, histoire_t, éducation_t, 1918-1939_t, 1939-1945_t, 1945-1989_t;Datasets/all_labels_train_gensim_sparse_matrix.npz
archivalia.hypotheses.org/13312;histoire et archéologie_d, sciences sociales interdisciplinaires_d, histoire_t, approches de corpus_t, enquêtes_t, archives_t;Datasets/all_labels_train_gensim_sparse_matrix.npz
merzdadaco.hypotheses.org/430;humanités pluridisciplinaires_d, littérature_d, littératures_t, représentations_t, histoire culturelle_t, histoire de l'art_t;Datasets/all_labels_train_gensim_sparse_matrix.npz
archivalia.hypotheses.org/321;histoire et archéologie_d, sciences sociales interdisciplinaires_d, histoire_t, approches de corpus_t, enquêtes_t, archives_t;Datasets/all_labels_train_gensim_sparse_matrix.npz
leibnizarc.hypotheses.org/380;éducation_d, histoire et archéologie_d, sciences de l'information et bibliothéconomie_d, études des sciences_t, histoire industrielle_t, histoire de l'art_t;Datasets/all_labels_train_gensim_sparse_matrix.npz
archivalia.hypotheses.org/2739;histoire et archéologie_d, sciences sociales interdisciplinaires_d, histoire_t, approches de corpus_t, enquêtes_t, archives_t;Datasets/all_labels_train_gensim_sparse_matrix.npz
histbav.hypotheses.org/3087;humanités pluridisciplinaires_d, histoire_d, pluridisciplinarité_d, histoire_t, monde germanique_t;Datasets/all_labels_train_gensim_sparse_matrix.npz
archivalia.hypotheses.org/60991;histoire et archéologie_d, sciences sociales interdisciplinaires_d, histoire_t, approches de corpus_t, enquêtes_t, archives_t;Datasets/all_labels_train_gensim_sparse_matrix.npz
rhad.hypotheses.org/47;histoire_d, histoire des sciences sociales_d, histoire_t, époque moderne_t, révolution française_t, xviie siècle_t, xviiie siècle_t, prospectives_t;Datasets/all_labels_train_gensim_sparse_matrix.npz
archivalia.hypotheses.org/59192;histoire et archéologie_d, sciences sociales interdisciplinaires_d, histoire_t, approches de corpus_t, enquêtes_t, archives_t;Datasets/all_labels_train_gensim_sparse_matrix.npz
tagebuch.hypotheses.org/965;histoire et archéologie_d, histoire_d, histoire_t, époque contemporaine_t, 1914-1918_t;Datasets/all_labels_train_gensim_sparse_matrix.npz
schotten.hypotheses.org/1127;religions_d, histoire et archéologie_d, sciences de l'information et de la communication_d, bibliothéconomie_d, histoire_t, histoire des religions_t, approches de corpus_t, enquêtes_t, archives_t, monde germanique_t;Datasets/all_labels_train_gensim_sparse_matrix.npz
soziologieblog.hypotheses.org/5840;sciences sociales interdisciplinaires_d, sociologie et anthropologie_d, sociologie du travail_t, sociologie urbaine_t, sociologie de la culture_t, sociologie économique_t;Datasets/all_labels_train_gensim_sparse_matrix.npz
archivewk1.hypotheses.org/13995;histoire_d, époque contemporaine_t, 1914-1918_t;Datasets/all_labels_train_gensim_sparse_matrix.npz
archivalia.hypotheses.org/12459;histoire et archéologie_d, sciences sociales interdisciplinaires_d, histoire_t, approches de corpus_t, enquêtes_t, archives_t;Datasets/all_labels_train_gensim_sparse_matrix.npz
soziologieblog.hypotheses.org/6614;sciences sociales interdisciplinaires_d, sociologie et anthropologie_d, sociologie du travail_t, sociologie urbaine_t, sociologie de la culture_t, sociologie économique_t;Datasets/all_labels_train_gensim_sparse_matrix.npz
winzen.hypotheses.org/63;histoire_d, histoire_t, études visuelles_t, 1918-1939_t, 1939-1945_t, monde germanique_t;Datasets/all_labels_train_gensim_sparse_matrix.npz
histbav.hypotheses.org/3893;humanités pluridisciplinaires_d, histoire_d, pluridisciplinarité_d, histoire_t, monde germanique_t;Datasets/all_labels_train_gensim_sparse_matrix.npz
archives.hypotheses.org/516;histoire_d, communication_d, patrimoine_t, digital humanities_t, moyen âge_t, époque moderne_t, france_t, monde germanique_t;Datasets/all_labels_train_gensim_sparse_matrix.npz
merzdadaco.hypotheses.org/535;humanités pluridisciplinaires_d, littérature_d, littératures_t, représentations_t, histoire culturelle_t, histoire de l'art_t;Datasets/all_labels_train_gensim_sparse_matrix.npz
soziologieblog.hypotheses.org/1027;sciences sociales interdisciplinaires_d, sociologie et anthropologie_d, sociologie du travail_t, sociologie urbaine_t, sociologie de la culture_t, sociologie économique_t;Datasets/all_labels_train_gensim_sparse_matrix.npz
archivewk1.hypotheses.org/3818;histoire_d, époque contemporaine_t, 1914-1918_t;Datasets/all_labels_train_gensim_sparse_matrix.npz
hofkultur.hypotheses.org/422;arts et humanités_d, histoire_d, histoire sociale_t, histoire culturelle_t, histoire de l'art_t;Datasets/all_labels_train_gensim_sparse_matrix.npz
archivalia.hypotheses.org/11516;histoire et archéologie_d, sciences sociales interdisciplinaires_d, histoire_t, approches de corpus_t, enquêtes_t, archives_t;Datasets/all_labels_train_gensim_sparse_matrix.npz
mittelalter.hypotheses.org/6466;humanités pluridisciplinaires_d, religions_d, histoire_d, sociologie_d, histoire_t, histoire sociale_t, histoire intellectuelle_t, moyen âge_t, haut moyen âge_t, bas moyen âge_t;Datasets/all_labels_train_gensim_sparse_matrix.npz
archivalia.hypotheses.org/8181;histoire et archéologie_d, sciences sociales interdisciplinaires_d, histoire_t, approches de corpus_t, enquêtes_t, archives_t;Datasets/all_labels_train_gensim_sparse_matrix.npz
archivalia.hypotheses.org/4332;histoire et archéologie_d, sciences sociales interdisciplinaires_d, histoire_t, approches de corpus_t, enquêtes_t, archives_t;Datasets/all_labels_train_gensim_sparse_matrix.npz
ockenheim.hypotheses.org/74;histoire et archéologie_d, archéologie_d, histoire_t, histoire urbaine_t, édition électronique_t, monde germanique_t;Datasets/all_labels_train_gensim_sparse_matrix.npz
unibloggt.hypotheses.org/854;histoire et archéologie_d, pluridisciplinarité_d, histoire_t, information_t;Datasets/all_labels_train_gensim_sparse_matrix.npz
archivalia.hypotheses.org/4915;histoire et archéologie_d, sciences sociales interdisciplinaires_d, histoire_t, approches de corpus_t, enquêtes_t, archives_t;Datasets/all_labels_train_gensim_sparse_matrix.npz
hsc.hypotheses.org/382;arts et humanités_d, humanités pluridisciplinaires_d, histoire et archéologie_d, histoire_t, historiographie_t;Datasets/all_labels_train_gensim_sparse_matrix.npz
lvrafz.hypotheses.org/1431;pluridisciplinarité_d, information_t;Datasets/all_labels_train_gensim_sparse_matrix.npz
studpro.hypotheses.org/1157;histoire_d, histoire_t, époque moderne_t, xviie siècle_t, xviiie siècle_t;Datasets/all_labels_train_gensim_sparse_matrix.npz
archivalia.hypotheses.org/5479;histoire et archéologie_d, sciences sociales interdisciplinaires_d, histoire_t, approches de corpus_t, enquêtes_t, archives_t;Datasets/all_labels_train_gensim_sparse_matrix.npz
archivalia.hypotheses.org/6460;histoire et archéologie_d, sciences sociales interdisciplinaires_d, histoire_t, approches de corpus_t, enquêtes_t, archives_t;Datasets/all_labels_train_gensim_sparse_matrix.npz
archivalia.hypotheses.org/55298;histoire et archéologie_d, sciences sociales interdisciplinaires_d, histoire_t, approches de corpus_t, enquêtes_t, archives_t;Datasets/all_labels_train_gensim_sparse_matrix.npz
soziologieblog.hypotheses.org/9784;sciences sociales interdisciplinaires_d, sociologie et anthropologie_d, sociologie du travail_t, sociologie urbaine_t, sociologie de la culture_t, sociologie économique_t;Datasets/all_labels_train_gensim_sparse_matrix.npz
archivewk1.hypotheses.org/13928;histoire_d, époque contemporaine_t, 1914-1918_t;Datasets/all_labels_train_gensim_sparse_matrix.npz
mittelalter.hypotheses.org/1756;humanités pluridisciplinaires_d, religions_d, histoire_d, sociologie_d, histoire_t, histoire sociale_t, histoire intellectuelle_t, moyen âge_t, haut moyen âge_t, bas moyen âge_t;Datasets/all_labels_train_gensim_sparse_matrix.npz
histbav.hypotheses.org/2946;humanités pluridisciplinaires_d, histoire_d, pluridisciplinarité_d, histoire_t, monde germanique_t;Datasets/all_labels_train_gensim_sparse_matrix.npz
archivalia.hypotheses.org/11627;histoire et archéologie_d, sciences sociales interdisciplinaires_d, histoire_t, approches de corpus_t, enquêtes_t, archives_t;Datasets/all_labels_train_gensim_sparse_matrix.npz
archivalia.hypotheses.org/9408;histoire et archéologie_d, sciences sociales interdisciplinaires_d, histoire_t, approches de corpus_t, enquêtes_t, archives_t;Datasets/all_labels_train_gensim_sparse_matrix.npz
archivalia.hypotheses.org/62869;histoire et archéologie_d, sciences sociales interdisciplinaires_d, histoire_t, approches de corpus_t, enquêtes_t, archives_t;Datasets/all_labels_train_gensim_sparse_matrix.npz
gid.hypotheses.org/866;pluridisciplinarité_d, sciences sociales interdisciplinaires_d, études des sciences_t, histoire des sciences_t, pensée_t, histoire intellectuelle_t, histoire culturelle_t, prospectives_t;Datasets/all_labels_train_gensim_sparse_matrix.npz
archivalia.hypotheses.org/11242;histoire et archéologie_d, sciences sociales interdisciplinaires_d, histoire_t, approches de corpus_t, enquêtes_t, archives_t;Datasets/all_labels_train_gensim_sparse_matrix.npz
histbav.hypotheses.org/2783;humanités pluridisciplinaires_d, histoire_d, pluridisciplinarité_d, histoire_t, monde germanique_t;Datasets/all_labels_train_gensim_sparse_matrix.npz
bloghaus.hypotheses.org/1598;pluridisciplinarité_d, sciences sociales interdisciplinaires_d, information_t, digital humanities_t;Datasets/all_labels_train_gensim_sparse_matrix.npz
archive20.hypotheses.org/2066;pluridisciplinarité_d, sciences sociales interdisciplinaires_d, histoire_t, information_t, patrimoine_t, monde germanique_t;Datasets/all_labels_train_gensim_sparse_matrix.npz
archivalia.hypotheses.org/55954;histoire et archéologie_d, sciences sociales interdisciplinaires_d, histoire_t, approches de corpus_t, enquêtes_t, archives_t;Datasets/all_labels_train_gensim_sparse_matrix.npz
19jhdhip.hypotheses.org/1698;histoire_d, époque contemporaine_t, prospectives_t, france_t, monde germanique_t;Datasets/all_labels_train_gensim_sparse_matrix.npz
mgtud.hypotheses.org/90;humanités pluridisciplinaires_d, éducation_d, histoire et archéologie_d, histoire_d, histoire_t, histoire urbaine_t, édition électronique_t;Datasets/all_labels_train_gensim_sparse_matrix.npz
dss.hypotheses.org/729;arts et humanités_d, communication_d, sciences de l'information et bibliothéconomie_d, information_t, édition électronique_t, représentations_t, histoire de l'art_t, patrimoine_t, prospectives_t;Datasets/all_labels_train_gensim_sparse_matrix.npz
tagebuch.hypotheses.org/43;histoire et archéologie_d, histoire_d, histoire_t, époque contemporaine_t, 1914-1918_t;Datasets/all_labels_train_gensim_sparse_matrix.npz
uegg.hypotheses.org/138;histoire_d, histoire_t, histoire politique_t, époque contemporaine_t, xxe siècle_t, prospectives_t;Datasets/all_labels_train_gensim_sparse_matrix.npz
archivalia.hypotheses.org/658;histoire et archéologie_d, sciences sociales interdisciplinaires_d, histoire_t, approches de corpus_t, enquêtes_t, archives_t;Datasets/all_labels_train_gensim_sparse_matrix.npz
1914lvr.hypotheses.org/402;sciences politiques_d, histoire_t, époque contemporaine_t, 1914-1918_t;Datasets/all_labels_train_gensim_sparse_matrix.npz
catholiccultures.hypotheses.org/1309;histoire et archéologie_d, histoire des sciences sociales_d, sciences sociales interdisciplinaires_d, sociologie et anthropologie_d, histoire_t, histoire sociale_t, histoire des religions_t, époque moderne_t;Datasets/all_labels_train_gensim_sparse_matrix.npz
amuc.hypotheses.org/1615;humanités pluridisciplinaires_d, histoire_d, histoire_t, représentations_t, patrimoine_t;Datasets/all_labels_train_gensim_sparse_matrix.npz
archivalia.hypotheses.org/13948;histoire et archéologie_d, sciences sociales interdisciplinaires_d, histoire_t, approches de corpus_t, enquêtes_t, archives_t;Datasets/all_labels_train_gensim_sparse_matrix.npz
kristinoswald.hypotheses.org/439;études anciennes_d, études des sciences_t, histoire_t, histoire et sociologie des médias_t, histoire culturelle_t, digital humanities_t;Datasets/all_labels_train_gensim_sparse_matrix.npz
archivewk1.hypotheses.org/4154;histoire_d, époque contemporaine_t, 1914-1918_t;Datasets/all_labels_train_gensim_sparse_matrix.npz
archivewk1.hypotheses.org/1713;histoire_d, époque contemporaine_t, 1914-1918_t;Datasets/all_labels_train_gensim_sparse_matrix.npz
archivalia.hypotheses.org/7441;histoire et archéologie_d, sciences sociales interdisciplinaires_d, histoire_t, approches de corpus_t, enquêtes_t, archives_t;Datasets/all_labels_train_gensim_sparse_matrix.npz
catholiccultures.hypotheses.org/1314;histoire et archéologie_d, histoire des sciences sociales_d, sciences sociales interdisciplinaires_d, sociologie et anthropologie_d, histoire_t, histoire sociale_t, histoire des religions_t, époque moderne_t;Datasets/all_labels_train_gensim_sparse_matrix.npz
bioeg.hypotheses.org/335;histoire et archéologie_d, histoire_d, histoire_t, sciences auxiliaires de l'histoire_t, europe centrale et orientale_t, monde germanique_t;Datasets/all_labels_train_gensim_sparse_matrix.npz
trafo.hypotheses.org/2152;pluridisciplinarité_d, sciences sociales interdisciplinaires_d, études régionales_d, sociologie_t, sociologie des religions_t, information_t, histoire culturelle_t;Datasets/all_labels_train_gensim_sparse_matrix.npz
histbav.hypotheses.org/2440;humanités pluridisciplinaires_d, histoire_d, pluridisciplinarité_d, histoire_t, monde germanique_t;Datasets/all_labels_train_gensim_sparse_matrix.npz
grk1919.hypotheses.org/192;histoire et archéologie_d, histoire et philosophie des sciences_d, histoire_t;Datasets/all_labels_train_gensim_sparse_matrix.npz
leibnizarc.hypotheses.org/799;éducation_d, histoire et archéologie_d, sciences de l'information et bibliothéconomie_d, études des sciences_t, histoire industrielle_t, histoire de l'art_t;Datasets/all_labels_train_gensim_sparse_matrix.npz
liparchiv.hypotheses.org/254;histoire et archéologie_d, sciences politiques_d, administration publique et développement_d, histoire urbaine_t, patrimoine_t, sciences auxiliaires de l'histoire_t, approches de corpus_t, enquêtes_t, archives_t, europe_t;Datasets/all_labels_train_gensim_sparse_matrix.npz
archivalia.hypotheses.org/14014;histoire et archéologie_d, sciences sociales interdisciplinaires_d, histoire_t, approches de corpus_t, enquêtes_t, archives_t;Datasets/all_labels_train_gensim_sparse_matrix.npz
archivalia.hypotheses.org/10616;histoire et archéologie_d, sciences sociales interdisciplinaires_d, histoire_t, approches de corpus_t, enquêtes_t, archives_t;Datasets/all_labels_train_gensim_sparse_matrix.npz
archivalia.hypotheses.org/14607;histoire et archéologie_d, sciences sociales interdisciplinaires_d, histoire_t, approches de corpus_t, enquêtes_t, archives_t;Datasets/all_labels_train_gensim_sparse_matrix.npz
archivalia.hypotheses.org/7741;histoire et archéologie_d, sciences sociales interdisciplinaires_d, histoire_t, approches de corpus_t, enquêtes_t, archives_t;Datasets/all_labels_train_gensim_sparse_matrix.npz
wppluslw.hypotheses.org/1;littérature_d, littératures_t, édition électronique_t, épistémologie et méthodes_t, approches de corpus_t, enquêtes_t, archives_t, monde germanique_t;Datasets/all_labels_train_gensim_sparse_matrix.npz
jameel.hypotheses.org/289;pluridisciplinarité_d, études régionales_d, archéologie_d, arts_d, humanités pluridisciplinaires_d, représentations_t, asie_t, digital humanities_t, histoire de l'art_t;Datasets/all_labels_train_gensim_sparse_matrix.npz
archivalia.hypotheses.org/7133;histoire et archéologie_d, sciences sociales interdisciplinaires_d, histoire_t, approches de corpus_t, enquêtes_t, archives_t;Datasets/all_labels_train_gensim_sparse_matrix.npz
archivalia.hypotheses.org/1962;histoire et archéologie_d, sciences sociales interdisciplinaires_d, histoire_t, approches de corpus_t, enquêtes_t, archives_t;Datasets/all_labels_train_gensim_sparse_matrix.npz
games.hypotheses.org/254;arts et humanités_d, humanités pluridisciplinaires_d, psychologie expérimentale_d, sciences cognitives_t, psychisme_t, psychologie_t, représentations_t, histoire de l'art_t, études visuelles_t;Datasets/all_labels_train_gensim_sparse_matrix.npz
histbav.hypotheses.org/3152;humanités pluridisciplinaires_d, histoire_d, pluridisciplinarité_d, histoire_t, monde germanique_t;Datasets/all_labels_train_gensim_sparse_matrix.npz
archivalia.hypotheses.org/1763;histoire et archéologie_d, sciences sociales interdisciplinaires_d, histoire_t, approches de corpus_t, enquêtes_t, archives_t;Datasets/all_labels_train_gensim_sparse_matrix.npz
siegelblog.hypotheses.org/47;histoire_d, histoire et sociologie des médias_t, histoire de l'art_t, haut moyen âge_t;Datasets/all_labels_train_gensim_sparse_matrix.npz
archivewk1.hypotheses.org/10730;histoire_d, époque contemporaine_t, 1914-1918_t;Datasets/all_labels_train_gensim_sparse_matrix.npz
archivalia.hypotheses.org/9662;histoire et archéologie_d, sciences sociales interdisciplinaires_d, histoire_t, approches de corpus_t, enquêtes_t, archives_t;Datasets/all_labels_train_gensim_sparse_matrix.npz
archivewk1.hypotheses.org/15764;histoire_d, époque contemporaine_t, 1914-1918_t;Datasets/all_labels_train_gensim_sparse_matrix.npz
archivalia.hypotheses.org/7582;histoire et archéologie_d, sciences sociales interdisciplinaires_d, histoire_t, approches de corpus_t, enquêtes_t, archives_t;Datasets/all_labels_train_gensim_sparse_matrix.npz
archivalia.hypotheses.org/14482;histoire et archéologie_d, sciences sociales interdisciplinaires_d, histoire_t, approches de corpus_t, enquêtes_t, archives_t;Datasets/all_labels_train_gensim_sparse_matrix.npz
speyermemo.hypotheses.org/2882;histoire_d, pluridisciplinarité_d, sciences sociales interdisciplinaires_d, sociologie de la culture_t, histoire_t, 1939-1945_t, europe_t;Datasets/all_labels_train_gensim_sparse_matrix.npz
mindthegaps.hypotheses.org/2114;études asiatiques_d, histoire_d, histoire_t, histoire culturelle_t, asie_t, chine_t;Datasets/all_labels_train_gensim_sparse_matrix.npz
archivewk1.hypotheses.org/14818;histoire_d, époque contemporaine_t, 1914-1918_t;Datasets/all_labels_train_gensim_sparse_matrix.npz
archivewk1.hypotheses.org/27166;histoire_d, époque contemporaine_t, 1914-1918_t;Datasets/all_labels_train_gensim_sparse_matrix.npz
gewalt.hypotheses.org/146;sciences politiques_d, sociologie_d, sociologie_t, sociologie urbaine_t, anthropologie politique_t, histoire urbaine_t, guerres_t, conflits_t, violence_t;Datasets/all_labels_train_gensim_sparse_matrix.npz
fortifica.hypotheses.org/1475;histoire et archéologie_d, histoire_d, histoire urbaine_t, xvie siècle_t, xviie siècle_t, xviiie siècle_t;Datasets/all_labels_train_gensim_sparse_matrix.npz
archivalia.hypotheses.org/4009;histoire et archéologie_d, sciences sociales interdisciplinaires_d, histoire_t, approches de corpus_t, enquêtes_t, archives_t;Datasets/all_labels_train_gensim_sparse_matrix.npz
archivewk1.hypotheses.org/2262;histoire_d, époque contemporaine_t, 1914-1918_t;Datasets/all_labels_train_gensim_sparse_matrix.npz
archivewk1.hypotheses.org/14672;histoire_d, époque contemporaine_t, 1914-1918_t;Datasets/all_labels_train_gensim_sparse_matrix.npz
histbav.hypotheses.org/4766;humanités pluridisciplinaires_d, histoire_d, pluridisciplinarité_d, histoire_t, monde germanique_t;Datasets/all_labels_train_gensim_sparse_matrix.npz
archivalia.hypotheses.org/11119;histoire et archéologie_d, sciences sociales interdisciplinaires_d, histoire_t, approches de corpus_t, enquêtes_t, archives_t;Datasets/all_labels_train_gensim_sparse_matrix.npz
archivalia.hypotheses.org/6816;histoire et archéologie_d, sciences sociales interdisciplinaires_d, histoire_t, approches de corpus_t, enquêtes_t, archives_t;Datasets/all_labels_train_gensim_sparse_matrix.npz
archivalia.hypotheses.org/5002;histoire et archéologie_d, sciences sociales interdisciplinaires_d, histoire_t, approches de corpus_t, enquêtes_t, archives_t;Datasets/all_labels_train_gensim_sparse_matrix.npz
archivewk1.hypotheses.org/14871;histoire_d, époque contemporaine_t, 1914-1918_t;Datasets/all_labels_train_gensim_sparse_matrix.npz
archivewk1.hypotheses.org/14026;histoire_d, époque contemporaine_t, 1914-1918_t;Datasets/all_labels_train_gensim_sparse_matrix.npz
soziologieblog.hypotheses.org/4449;sciences sociales interdisciplinaires_d, sociologie et anthropologie_d, sociologie du travail_t, sociologie urbaine_t, sociologie de la culture_t, sociologie économique_t;Datasets/all_labels_train_gensim_sparse_matrix.npz
medienbildung.hypotheses.org/7918;éducation_d, éducation spécialisée_d, travail social_d, sociologie_t, édition électronique_t, histoire et sociologie des médias_t, éducation_t;Datasets/all_labels_train_gensim_sparse_matrix.npz
reichwein.hypotheses.org/1891;histoire et archéologie_d, histoire des sciences_t, 1945-1989_t;Datasets/all_labels_train_gensim_sparse_matrix.npz
1914lvr.hypotheses.org/1389;sciences politiques_d, histoire_t, époque contemporaine_t, 1914-1918_t;Datasets/all_labels_train_gensim_sparse_matrix.npz
archivalia.hypotheses.org/5212;histoire et archéologie_d, sciences sociales interdisciplinaires_d, histoire_t, approches de corpus_t, enquêtes_t, archives_t;Datasets/all_labels_train_gensim_sparse_matrix.npz
archivalia.hypotheses.org/14554;histoire et archéologie_d, sciences sociales interdisciplinaires_d, histoire_t, approches de corpus_t, enquêtes_t, archives_t;Datasets/all_labels_train_gensim_sparse_matrix.npz
tagebuch.hypotheses.org/963;histoire et archéologie_d, histoire_d, histoire_t, époque contemporaine_t, 1914-1918_t;Datasets/all_labels_train_gensim_sparse_matrix.npz
archivalia.hypotheses.org/2758;histoire et archéologie_d, sciences sociales interdisciplinaires_d, histoire_t, approches de corpus_t, enquêtes_t, archives_t;Datasets/all_labels_train_gensim_sparse_matrix.npz
archivalia.hypotheses.org/9748;histoire et archéologie_d, sciences sociales interdisciplinaires_d, histoire_t, approches de corpus_t, enquêtes_t, archives_t;Datasets/all_labels_train_gensim_sparse_matrix.npz
dss.hypotheses.org/623;arts et humanités_d, communication_d, sciences de l'information et bibliothéconomie_d, information_t, édition électronique_t, représentations_t, histoire de l'art_t, patrimoine_t, prospectives_t;Datasets/all_labels_train_gensim_sparse_matrix.npz
archivalia.hypotheses.org/60844;histoire et archéologie_d, sciences sociales interdisciplinaires_d, histoire_t, approches de corpus_t, enquêtes_t, archives_t;Datasets/all_labels_train_gensim_sparse_matrix.npz
schotten.hypotheses.org/447;religions_d, histoire et archéologie_d, sciences de l'information et de la communication_d, bibliothéconomie_d, histoire_t, histoire des religions_t, approches de corpus_t, enquêtes_t, archives_t, monde germanique_t;Datasets/all_labels_train_gensim_sparse_matrix.npz
archivewk1.hypotheses.org/18649;histoire_d, époque contemporaine_t, 1914-1918_t;Datasets/all_labels_train_gensim_sparse_matrix.npz
archivalia.hypotheses.org/9438;histoire et archéologie_d, sciences sociales interdisciplinaires_d, histoire_t, approches de corpus_t, enquêtes_t, archives_t;Datasets/all_labels_train_gensim_sparse_matrix.npz
gab.hypotheses.org/684;histoire et archéologie_d, pluridisciplinarité_d, sciences sociales interdisciplinaires_d, études des sciences_t, sociologie des sciences_t, histoire_t;Datasets/all_labels_train_gensim_sparse_matrix.npz
unibloggt.hypotheses.org/763;histoire et archéologie_d, pluridisciplinarité_d, histoire_t, information_t;Datasets/all_labels_train_gensim_sparse_matrix.npz
tagebuch.hypotheses.org/957;histoire et archéologie_d, histoire_d, histoire_t, époque contemporaine_t, 1914-1918_t;Datasets/all_labels_train_gensim_sparse_matrix.npz
archivalia.hypotheses.org/9073;histoire et archéologie_d, sciences sociales interdisciplinaires_d, histoire_t, approches de corpus_t, enquêtes_t, archives_t;Datasets/all_labels_train_gensim_sparse_matrix.npz
archivalia.hypotheses.org/60924;histoire et archéologie_d, sciences sociales interdisciplinaires_d, histoire_t, approches de corpus_t, enquêtes_t, archives_t;Datasets/all_labels_train_gensim_sparse_matrix.npz
archivewk1.hypotheses.org/9208;histoire_d, époque contemporaine_t, 1914-1918_t;Datasets/all_labels_train_gensim_sparse_matrix.npz
archivalia.hypotheses.org/1573;histoire et archéologie_d, sciences sociales interdisciplinaires_d, histoire_t, approches de corpus_t, enquêtes_t, archives_t;Datasets/all_labels_train_gensim_sparse_matrix.npz
archivalia.hypotheses.org/9103;histoire et archéologie_d, sciences sociales interdisciplinaires_d, histoire_t, approches de corpus_t, enquêtes_t, archives_t;Datasets/all_labels_train_gensim_sparse_matrix.npz
games.hypotheses.org/718;arts et humanités_d, humanités pluridisciplinaires_d, psychologie expérimentale_d, sciences cognitives_t, psychisme_t, psychologie_t, représentations_t, histoire de l'art_t, études visuelles_t;Datasets/all_labels_train_gensim_sparse_matrix.npz
tagebuch.hypotheses.org/1218;histoire et archéologie_d, histoire_d, histoire_t, époque contemporaine_t, 1914-1918_t;Datasets/all_labels_train_gensim_sparse_matrix.npz
histbav.hypotheses.org/5062;humanités pluridisciplinaires_d, histoire_d, pluridisciplinarité_d, histoire_t, monde germanique_t;Datasets/all_labels_train_gensim_sparse_matrix.npz
archivalia.hypotheses.org/3517;histoire et archéologie_d, sciences sociales interdisciplinaires_d, histoire_t, approches de corpus_t, enquêtes_t, archives_t;Datasets/all_labels_train_gensim_sparse_matrix.npz
archivewk1.hypotheses.org/8107;histoire_d, époque contemporaine_t, 1914-1918_t;Datasets/all_labels_train_gensim_sparse_matrix.npz
archivewk1.hypotheses.org/14191;histoire_d, époque contemporaine_t, 1914-1918_t;Datasets/all_labels_train_gensim_sparse_matrix.npz
archivalia.hypotheses.org/53810;histoire et archéologie_d, sciences sociales interdisciplinaires_d, histoire_t, approches de corpus_t, enquêtes_t, archives_t;Datasets/all_labels_train_gensim_sparse_matrix.npz
ordensgeschichte.hypotheses.org/1291;arts et humanités_d, humanités pluridisciplinaires_d, histoire et archéologie_d, histoire et philosophie des sciences_d, histoire_t, haut moyen âge_t, bas moyen âge_t, xviie siècle_t, xviiie siècle_t;Datasets/all_labels_train_gensim_sparse_matrix.npz
archivewk1.hypotheses.org/18042;histoire_d, époque contemporaine_t, 1914-1918_t;Datasets/all_labels_train_gensim_sparse_matrix.npz
vgdrp.hypotheses.org/128;éducation_d, histoire des sciences sociales_d, histoire_t, histoire économique_t, histoire industrielle_t, histoire urbaine_t, histoire sociale_t;Datasets/all_labels_train_gensim_sparse_matrix.npz
archivewk1.hypotheses.org/36737;histoire_d, époque contemporaine_t, 1914-1918_t;Datasets/all_labels_train_gensim_sparse_matrix.npz
archivamt.hypotheses.org/389;communication_d, pluridisciplinarité_d, sciences sociales interdisciplinaires_d, information_t, sciences de l'information_t, représentations_t, patrimoine_t;Datasets/all_labels_train_gensim_sparse_matrix.npz
gab.hypotheses.org/392;histoire et archéologie_d, pluridisciplinarité_d, sciences sociales interdisciplinaires_d, études des sciences_t, sociologie des sciences_t, histoire_t;Datasets/all_labels_train_gensim_sparse_matrix.npz
etatsocial.hypotheses.org/847;histoire_d, histoire des sciences sociales_d, sociologie_d, économie_d, sociologie du travail_t, âges de la vie_t, xxe siècle_t;Datasets/all_labels_train_gensim_sparse_matrix.npz
dguw.hypotheses.org/400;histoire et archéologie_d, histoire_t, historiographie_t, digital humanities_t;Datasets/all_labels_train_gensim_sparse_matrix.npz
intersex.hypotheses.org/636;histoire_d, biomédecine_d, étude des genres_t, histoire des sciences_t, histoire_t, histoire du droit_t, moyen âge_t, xxie siècle_t;Datasets/all_labels_train_gensim_sparse_matrix.npz
archivewk1.hypotheses.org/10089;histoire_d, époque contemporaine_t, 1914-1918_t;Datasets/all_labels_train_gensim_sparse_matrix.npz
mgtud.hypotheses.org/97;humanités pluridisciplinaires_d, éducation_d, histoire et archéologie_d, histoire_d, histoire_t, histoire urbaine_t, édition électronique_t;Datasets/all_labels_train_gensim_sparse_matrix.npz
archivewk1.hypotheses.org/15111;histoire_d, époque contemporaine_t, 1914-1918_t;Datasets/all_labels_train_gensim_sparse_matrix.npz
archivalia.hypotheses.org/59404;histoire et archéologie_d, sciences sociales interdisciplinaires_d, histoire_t, approches de corpus_t, enquêtes_t, archives_t;Datasets/all_labels_train_gensim_sparse_matrix.npz
archivalia.hypotheses.org/5373;histoire et archéologie_d, sciences sociales interdisciplinaires_d, histoire_t, approches de corpus_t, enquêtes_t, archives_t;Datasets/all_labels_train_gensim_sparse_matrix.npz
studpro.hypotheses.org/140;histoire_d, histoire_t, époque moderne_t, xviie siècle_t, xviiie siècle_t;Datasets/all_labels_train_gensim_sparse_matrix.npz
wenhua.hypotheses.org/1458;études asiatiques_d, humanités pluridisciplinaires_d, histoire_d, histoire culturelle_t, asie_t;Datasets/all_labels_train_gensim_sparse_matrix.npz
archivalia.hypotheses.org/12224;histoire et archéologie_d, sciences sociales interdisciplinaires_d, histoire_t, approches de corpus_t, enquêtes_t, archives_t;Datasets/all_labels_train_gensim_sparse_matrix.npz
archivewk1.hypotheses.org/14603;histoire_d, époque contemporaine_t, 1914-1918_t;Datasets/all_labels_train_gensim_sparse_matrix.npz
beruf.hypotheses.org/257;histoire et archéologie_d, histoire_d, histoire_t;Datasets/all_labels_train_gensim_sparse_matrix.npz
archivewk1.hypotheses.org/6776;histoire_d, époque contemporaine_t, 1914-1918_t;Datasets/all_labels_train_gensim_sparse_matrix.npz
archivalia.hypotheses.org/9781;histoire et archéologie_d, sciences sociales interdisciplinaires_d, histoire_t, approches de corpus_t, enquêtes_t, archives_t;Datasets/all_labels_train_gensim_sparse_matrix.npz
gab.hypotheses.org/822;histoire et archéologie_d, pluridisciplinarité_d, sciences sociales interdisciplinaires_d, études des sciences_t, sociologie des sciences_t, histoire_t;Datasets/all_labels_train_gensim_sparse_matrix.npz
mittelalter.hypotheses.org/4977;humanités pluridisciplinaires_d, religions_d, histoire_d, sociologie_d, histoire_t, histoire sociale_t, histoire intellectuelle_t, moyen âge_t, haut moyen âge_t, bas moyen âge_t;Datasets/all_labels_train_gensim_sparse_matrix.npz
bereschitrabba.hypotheses.org/596;arts et humanités_d, religions_d, langue et linguistique_d, religions_t, histoire des religions_t;Datasets/all_labels_train_gensim_sparse_matrix.npz
games.hypotheses.org/746;arts et humanités_d, humanités pluridisciplinaires_d, psychologie expérimentale_d, sciences cognitives_t, psychisme_t, psychologie_t, représentations_t, histoire de l'art_t, études visuelles_t;Datasets/all_labels_train_gensim_sparse_matrix.npz
medialogic.hypotheses.org/774;arts et humanités_d, sciences de l'information et de la communication_d, bibliothéconomie_d, sociologie_t;Datasets/all_labels_train_gensim_sparse_matrix.npz
soziologieblog.hypotheses.org/8232;sciences sociales interdisciplinaires_d, sociologie et anthropologie_d, sociologie du travail_t, sociologie urbaine_t, sociologie de la culture_t, sociologie économique_t;Datasets/all_labels_train_gensim_sparse_matrix.npz
ludite.hypotheses.org/44;arts et humanités_d, histoire et archéologie_d, histoire sociale_t, histoire culturelle_t, haut moyen âge_t, bas moyen âge_t;Datasets/all_labels_train_gensim_sparse_matrix.npz
archivalia.hypotheses.org/53873;histoire et archéologie_d, sciences sociales interdisciplinaires_d, histoire_t, approches de corpus_t, enquêtes_t, archives_t;Datasets/all_labels_train_gensim_sparse_matrix.npz
archivalia.hypotheses.org/57666;histoire et archéologie_d, sciences sociales interdisciplinaires_d, histoire_t, approches de corpus_t, enquêtes_t, archives_t;Datasets/all_labels_train_gensim_sparse_matrix.npz
nordichistoryblog.hypotheses.org/1685;arts et humanités_d, histoire et archéologie_d, histoire_t, édition électronique_t, vie de la recherche_t, approches de corpus_t, enquêtes_t, archives_t, europe_t, pays baltes et scandinaves_t;Datasets/all_labels_train_gensim_sparse_matrix.npz
archivalia.hypotheses.org/6589;histoire et archéologie_d, sciences sociales interdisciplinaires_d, histoire_t, approches de corpus_t, enquêtes_t, archives_t;Datasets/all_labels_train_gensim_sparse_matrix.npz
tagebuch.hypotheses.org/134;histoire et archéologie_d, histoire_d, histoire_t, époque contemporaine_t, 1914-1918_t;Datasets/all_labels_train_gensim_sparse_matrix.npz
soziologieblog.hypotheses.org/3227;sciences sociales interdisciplinaires_d, sociologie et anthropologie_d, sociologie du travail_t, sociologie urbaine_t, sociologie de la culture_t, sociologie économique_t;Datasets/all_labels_train_gensim_sparse_matrix.npz
heraldica.hypotheses.org/1538;histoire_d, histoire_t, historiographie_t, sciences auxiliaires de l'histoire_t, moyen âge_t, haut moyen âge_t;Datasets/all_labels_train_gensim_sparse_matrix.npz
archivewk1.hypotheses.org/601;histoire_d, époque contemporaine_t, 1914-1918_t;Datasets/all_labels_train_gensim_sparse_matrix.npz
archivewk1.hypotheses.org/20242;histoire_d, époque contemporaine_t, 1914-1918_t;Datasets/all_labels_train_gensim_sparse_matrix.npz
archivalia.hypotheses.org/61551;histoire et archéologie_d, sciences sociales interdisciplinaires_d, histoire_t, approches de corpus_t, enquêtes_t, archives_t;Datasets/all_labels_train_gensim_sparse_matrix.npz
archivalia.hypotheses.org/10919;histoire et archéologie_d, sciences sociales interdisciplinaires_d, histoire_t, approches de corpus_t, enquêtes_t, archives_t;Datasets/all_labels_train_gensim_sparse_matrix.npz
archivalia.hypotheses.org/57714;histoire et archéologie_d, sciences sociales interdisciplinaires_d, histoire_t, approches de corpus_t, enquêtes_t, archives_t;Datasets/all_labels_train_gensim_sparse_matrix.npz
archivalia.hypotheses.org/3191;histoire et archéologie_d, sciences sociales interdisciplinaires_d, histoire_t, approches de corpus_t, enquêtes_t, archives_t;Datasets/all_labels_train_gensim_sparse_matrix.npz
archivalia.hypotheses.org/10319;histoire et archéologie_d, sciences sociales interdisciplinaires_d, histoire_t, approches de corpus_t, enquêtes_t, archives_t;Datasets/all_labels_train_gensim_sparse_matrix.npz
beruf.hypotheses.org/116;histoire et archéologie_d, histoire_d, histoire_t;Datasets/all_labels_train_gensim_sparse_matrix.npz
1914lvr.hypotheses.org/92;sciences politiques_d, histoire_t, époque contemporaine_t, 1914-1918_t;Datasets/all_labels_train_gensim_sparse_matrix.npz
archivalia.hypotheses.org/8579;histoire et archéologie_d, sciences sociales interdisciplinaires_d, histoire_t, approches de corpus_t, enquêtes_t, archives_t;Datasets/all_labels_train_gensim_sparse_matrix.npz
wenhua.hypotheses.org/212;études asiatiques_d, humanités pluridisciplinaires_d, histoire_d, histoire culturelle_t, asie_t;Datasets/all_labels_train_gensim_sparse_matrix.npz
kulturgut.hypotheses.org/261;humanités pluridisciplinaires_d, études des sciences_t, histoire_t, approches de corpus_t, enquêtes_t, archives_t;Datasets/all_labels_train_gensim_sparse_matrix.npz
archivalia.hypotheses.org/5702;histoire et archéologie_d, sciences sociales interdisciplinaires_d, histoire_t, approches de corpus_t, enquêtes_t, archives_t;Datasets/all_labels_train_gensim_sparse_matrix.npz
archivalia.hypotheses.org/10870;histoire et archéologie_d, sciences sociales interdisciplinaires_d, histoire_t, approches de corpus_t, enquêtes_t, archives_t;Datasets/all_labels_train_gensim_sparse_matrix.npz
archivamt.hypotheses.org/2781;communication_d, pluridisciplinarité_d, sciences sociales interdisciplinaires_d, information_t, sciences de l'information_t, représentations_t, patrimoine_t;Datasets/all_labels_train_gensim_sparse_matrix.npz
archivalia.hypotheses.org/60936;histoire et archéologie_d, sciences sociales interdisciplinaires_d, histoire_t, approches de corpus_t, enquêtes_t, archives_t;Datasets/all_labels_train_gensim_sparse_matrix.npz
archivalia.hypotheses.org/12853;histoire et archéologie_d, sciences sociales interdisciplinaires_d, histoire_t, approches de corpus_t, enquêtes_t, archives_t;Datasets/all_labels_train_gensim_sparse_matrix.npz
archivalia.hypotheses.org/12930;histoire et archéologie_d, sciences sociales interdisciplinaires_d, histoire_t, approches de corpus_t, enquêtes_t, archives_t;Datasets/all_labels_train_gensim_sparse_matrix.npz
wppluslw.hypotheses.org/448;littérature_d, littératures_t, édition électronique_t, épistémologie et méthodes_t, approches de corpus_t, enquêtes_t, archives_t, monde germanique_t;Datasets/all_labels_train_gensim_sparse_matrix.npz
games.hypotheses.org/1883;arts et humanités_d, humanités pluridisciplinaires_d, psychologie expérimentale_d, sciences cognitives_t, psychisme_t, psychologie_t, représentations_t, histoire de l'art_t, études visuelles_t;Datasets/all_labels_train_gensim_sparse_matrix.npz
fnzinfo.hypotheses.org/117;arts et humanités_d, musique_d, histoire et archéologie_d, histoire_t, xvie siècle_t, xviie siècle_t, xviiie siècle_t, révolution française_t;Datasets/all_labels_train_gensim_sparse_matrix.npz
archivewk1.hypotheses.org/25392;histoire_d, époque contemporaine_t, 1914-1918_t;Datasets/all_labels_train_gensim_sparse_matrix.npz
archivalia.hypotheses.org/12851;histoire et archéologie_d, sciences sociales interdisciplinaires_d, histoire_t, approches de corpus_t, enquêtes_t, archives_t;Datasets/all_labels_train_gensim_sparse_matrix.npz
soziologieblog.hypotheses.org/1189;sciences sociales interdisciplinaires_d, sociologie et anthropologie_d, sociologie du travail_t, sociologie urbaine_t, sociologie de la culture_t, sociologie économique_t;Datasets/all_labels_train_gensim_sparse_matrix.npz
archivalia.hypotheses.org/6693;histoire et archéologie_d, sciences sociales interdisciplinaires_d, histoire_t, approches de corpus_t, enquêtes_t, archives_t;Datasets/all_labels_train_gensim_sparse_matrix.npz
histbav.hypotheses.org/3014;humanités pluridisciplinaires_d, histoire_d, pluridisciplinarité_d, histoire_t, monde germanique_t;Datasets/all_labels_train_gensim_sparse_matrix.npz
archivalia.hypotheses.org/53483;histoire et archéologie_d, sciences sociales interdisciplinaires_d, histoire_t, approches de corpus_t, enquêtes_t, archives_t;Datasets/all_labels_train_gensim_sparse_matrix.npz
schotten.hypotheses.org/597;religions_d, histoire et archéologie_d, sciences de l'information et de la communication_d, bibliothéconomie_d, histoire_t, histoire des religions_t, approches de corpus_t, enquêtes_t, archives_t, monde germanique_t;Datasets/all_labels_train_gensim_sparse_matrix.npz
archivalia.hypotheses.org/9310;histoire et archéologie_d, sciences sociales interdisciplinaires_d, histoire_t, approches de corpus_t, enquêtes_t, archives_t;Datasets/all_labels_train_gensim_sparse_matrix.npz
archivalia.hypotheses.org/12909;histoire et archéologie_d, sciences sociales interdisciplinaires_d, histoire_t, approches de corpus_t, enquêtes_t, archives_t;Datasets/all_labels_train_gensim_sparse_matrix.npz
barblog.hypotheses.org/1000;sciences sociales interdisciplinaires_d, sciences politiques_d, sociologie_d, anthropologie politique_t;Datasets/all_labels_train_gensim_sparse_matrix.npz
histbav.hypotheses.org/3289;humanités pluridisciplinaires_d, histoire_d, pluridisciplinarité_d, histoire_t, monde germanique_t;Datasets/all_labels_train_gensim_sparse_matrix.npz
archivalia.hypotheses.org/9389;histoire et archéologie_d, sciences sociales interdisciplinaires_d, histoire_t, approches de corpus_t, enquêtes_t, archives_t;Datasets/all_labels_train_gensim_sparse_matrix.npz
archivalia.hypotheses.org/7751;histoire et archéologie_d, sciences sociales interdisciplinaires_d, histoire_t, approches de corpus_t, enquêtes_t, archives_t;Datasets/all_labels_train_gensim_sparse_matrix.npz
archivalia.hypotheses.org/13603;histoire et archéologie_d, sciences sociales interdisciplinaires_d, histoire_t, approches de corpus_t, enquêtes_t, archives_t;Datasets/all_labels_train_gensim_sparse_matrix.npz
archivekod.hypotheses.org/70;religions_d, histoire et archéologie_d, sciences de l'information et de la communication_d, bibliothéconomie_d, communication_d, histoire_t, histoire des religions_t, patrimoine_t;Datasets/all_labels_train_gensim_sparse_matrix.npz
archivalia.hypotheses.org/62410;histoire et archéologie_d, sciences sociales interdisciplinaires_d, histoire_t, approches de corpus_t, enquêtes_t, archives_t;Datasets/all_labels_train_gensim_sparse_matrix.npz
archivewk1.hypotheses.org/1048;histoire_d, époque contemporaine_t, 1914-1918_t;Datasets/all_labels_train_gensim_sparse_matrix.npz
archivalia.hypotheses.org/61401;histoire et archéologie_d, sciences sociales interdisciplinaires_d, histoire_t, approches de corpus_t, enquêtes_t, archives_t;Datasets/all_labels_train_gensim_sparse_matrix.npz
schotten.hypotheses.org/605;religions_d, histoire et archéologie_d, sciences de l'information et de la communication_d, bibliothéconomie_d, histoire_t, histoire des religions_t, approches de corpus_t, enquêtes_t, archives_t, monde germanique_t;Datasets/all_labels_train_gensim_sparse_matrix.npz
1914lvr.hypotheses.org/269;sciences politiques_d, histoire_t, époque contemporaine_t, 1914-1918_t;Datasets/all_labels_train_gensim_sparse_matrix.npz
archivalia.hypotheses.org/57361;histoire et archéologie_d, sciences sociales interdisciplinaires_d, histoire_t, approches de corpus_t, enquêtes_t, archives_t;Datasets/all_labels_train_gensim_sparse_matrix.npz
schotten.hypotheses.org/468;religions_d, histoire et archéologie_d, sciences de l'information et de la communication_d, bibliothéconomie_d, histoire_t, histoire des religions_t, approches de corpus_t, enquêtes_t, archives_t, monde germanique_t;Datasets/all_labels_train_gensim_sparse_matrix.npz
achtundvierzig.hypotheses.org/363;sciences politiques_d, histoire_d, époque contemporaine_t, prospectives_t, histoire politique_t, monde germanique_t;Datasets/all_labels_train_gensim_sparse_matrix.npz
archivamt.hypotheses.org/1435;communication_d, pluridisciplinarité_d, sciences sociales interdisciplinaires_d, information_t, sciences de l'information_t, représentations_t, patrimoine_t;Datasets/all_labels_train_gensim_sparse_matrix.npz
dhc.hypotheses.org/21;sciences sociales interdisciplinaires_d, études des sciences_t, information_t, vie de la recherche_t;Datasets/all_labels_train_gensim_sparse_matrix.npz
histbav.hypotheses.org/4623;humanités pluridisciplinaires_d, histoire_d, pluridisciplinarité_d, histoire_t, monde germanique_t;Datasets/all_labels_train_gensim_sparse_matrix.npz
archivekod.hypotheses.org/413;religions_d, histoire et archéologie_d, sciences de l'information et de la communication_d, bibliothéconomie_d, communication_d, histoire_t, histoire des religions_t, patrimoine_t;Datasets/all_labels_train_gensim_sparse_matrix.npz
unibloggt.hypotheses.org/382;histoire et archéologie_d, pluridisciplinarité_d, histoire_t, information_t;Datasets/all_labels_train_gensim_sparse_matrix.npz
francofil.hypotheses.org/2245;pluridisciplinarité_d, sciences sociales interdisciplinaires_d, histoire_t, épistémologie et méthodes_t, approches de corpus_t, enquêtes_t, archives_t, france_t;Datasets/all_labels_train_gensim_sparse_matrix.npz
histbav.hypotheses.org/3920;humanités pluridisciplinaires_d, histoire_d, pluridisciplinarité_d, histoire_t, monde germanique_t;Datasets/all_labels_train_gensim_sparse_matrix.npz
archivalia.hypotheses.org/13216;histoire et archéologie_d, sciences sociales interdisciplinaires_d, histoire_t, approches de corpus_t, enquêtes_t, archives_t;Datasets/all_labels_train_gensim_sparse_matrix.npz
archivalia.hypotheses.org/62325;histoire et archéologie_d, sciences sociales interdisciplinaires_d, histoire_t, approches de corpus_t, enquêtes_t, archives_t;Datasets/all_labels_train_gensim_sparse_matrix.npz
archivalia.hypotheses.org/13630;histoire et archéologie_d, sciences sociales interdisciplinaires_d, histoire_t, approches de corpus_t, enquêtes_t, archives_t;Datasets/all_labels_train_gensim_sparse_matrix.npz
archivewk1.hypotheses.org/3536;histoire_d, époque contemporaine_t, 1914-1918_t;Datasets/all_labels_train_gensim_sparse_matrix.npz
archivalia.hypotheses.org/9886;histoire et archéologie_d, sciences sociales interdisciplinaires_d, histoire_t, approches de corpus_t, enquêtes_t, archives_t;Datasets/all_labels_train_gensim_sparse_matrix.npz
achtundvierzig.hypotheses.org/62;sciences politiques_d, histoire_d, époque contemporaine_t, prospectives_t, histoire politique_t, monde germanique_t;Datasets/all_labels_train_gensim_sparse_matrix.npz
jameel.hypotheses.org/856;pluridisciplinarité_d, études régionales_d, archéologie_d, arts_d, humanités pluridisciplinaires_d, représentations_t, asie_t, digital humanities_t, histoire de l'art_t;Datasets/all_labels_train_gensim_sparse_matrix.npz
frueheneuzeit.hypotheses.org/1250;histoire et archéologie_d, histoire_t, époque moderne_t, xviie siècle_t, xviiie siècle_t, révolution française_t;Datasets/all_labels_train_gensim_sparse_matrix.npz
archive20.hypotheses.org/552;pluridisciplinarité_d, sciences sociales interdisciplinaires_d, histoire_t, information_t, patrimoine_t, monde germanique_t;Datasets/all_labels_train_gensim_sparse_matrix.npz
archivalia.hypotheses.org/53589;histoire et archéologie_d, sciences sociales interdisciplinaires_d, histoire_t, approches de corpus_t, enquêtes_t, archives_t;Datasets/all_labels_train_gensim_sparse_matrix.npz
archivewk1.hypotheses.org/8827;histoire_d, époque contemporaine_t, 1914-1918_t;Datasets/all_labels_train_gensim_sparse_matrix.npz
dhdhi.hypotheses.org/102;histoire et archéologie_d, histoire_t, épistémologie et méthodes_t, digital humanities_t;Datasets/all_labels_train_gensim_sparse_matrix.npz
gab.hypotheses.org/967;histoire et archéologie_d, pluridisciplinarité_d, sciences sociales interdisciplinaires_d, études des sciences_t, sociologie des sciences_t, histoire_t;Datasets/all_labels_train_gensim_sparse_matrix.npz
histbav.hypotheses.org/3324;humanités pluridisciplinaires_d, histoire_d, pluridisciplinarité_d, histoire_t, monde germanique_t;Datasets/all_labels_train_gensim_sparse_matrix.npz
resilienz.hypotheses.org/1031;pluridisciplinarité_d, sciences sociales interdisciplinaires_d, études des sciences_t, épistémologie et méthodes_t, vie de la recherche_t, prospectives_t;Datasets/all_labels_train_gensim_sparse_matrix.npz
archivewk1.hypotheses.org/33325;histoire_d, époque contemporaine_t, 1914-1918_t;Datasets/all_labels_train_gensim_sparse_matrix.npz
intersex.hypotheses.org/676;histoire_d, biomédecine_d, étude des genres_t, histoire des sciences_t, histoire_t, histoire du droit_t, moyen âge_t, xxie siècle_t;Datasets/all_labels_train_gensim_sparse_matrix.npz
guerre-froide.hypotheses.org/1299;histoire_d, relations internationales_t, histoire culturelle_t, 1945-1989_t;Datasets/all_labels_train_gensim_sparse_matrix.npz
soziologieblog.hypotheses.org/5830;sciences sociales interdisciplinaires_d, sociologie et anthropologie_d, sociologie du travail_t, sociologie urbaine_t, sociologie de la culture_t, sociologie économique_t;Datasets/all_labels_train_gensim_sparse_matrix.npz
grham.hypotheses.org/3493;arts_d, humanités pluridisciplinaires_d, histoire_d, histoire_t, histoire culturelle_t, histoire de l'art_t, xviie siècle_t, xviiie siècle_t;Datasets/all_labels_train_gensim_sparse_matrix.npz
archivewk1.hypotheses.org/8541;histoire_d, époque contemporaine_t, 1914-1918_t;Datasets/all_labels_train_gensim_sparse_matrix.npz
dss.hypotheses.org/758;arts et humanités_d, communication_d, sciences de l'information et bibliothéconomie_d, information_t, édition électronique_t, représentations_t, histoire de l'art_t, patrimoine_t, prospectives_t;Datasets/all_labels_train_gensim_sparse_matrix.npz
archivalia.hypotheses.org/10803;histoire et archéologie_d, sciences sociales interdisciplinaires_d, histoire_t, approches de corpus_t, enquêtes_t, archives_t;Datasets/all_labels_train_gensim_sparse_matrix.npz
archivalia.hypotheses.org/10270;histoire et archéologie_d, sciences sociales interdisciplinaires_d, histoire_t, approches de corpus_t, enquêtes_t, archives_t;Datasets/all_labels_train_gensim_sparse_matrix.npz
archivalia.hypotheses.org/3216;histoire et archéologie_d, sciences sociales interdisciplinaires_d, histoire_t, approches de corpus_t, enquêtes_t, archives_t;Datasets/all_labels_train_gensim_sparse_matrix.npz
archivalia.hypotheses.org/553;histoire et archéologie_d, sciences sociales interdisciplinaires_d, histoire_t, approches de corpus_t, enquêtes_t, archives_t;Datasets/all_labels_train_gensim_sparse_matrix.npz
archivalia.hypotheses.org/60052;histoire et archéologie_d, sciences sociales interdisciplinaires_d, histoire_t, approches de corpus_t, enquêtes_t, archives_t;Datasets/all_labels_train_gensim_sparse_matrix.npz
1914lvr.hypotheses.org/918;sciences politiques_d, histoire_t, époque contemporaine_t, 1914-1918_t;Datasets/all_labels_train_gensim_sparse_matrix.npz
archivalia.hypotheses.org/8497;histoire et archéologie_d, sciences sociales interdisciplinaires_d, histoire_t, approches de corpus_t, enquêtes_t, archives_t;Datasets/all_labels_train_gensim_sparse_matrix.npz
mittelalter.hypotheses.org/1081;humanités pluridisciplinaires_d, religions_d, histoire_d, sociologie_d, histoire_t, histoire sociale_t, histoire intellectuelle_t, moyen âge_t, haut moyen âge_t, bas moyen âge_t;Datasets/all_labels_train_gensim_sparse_matrix.npz
archivewk1.hypotheses.org/22915;histoire_d, époque contemporaine_t, 1914-1918_t;Datasets/all_labels_train_gensim_sparse_matrix.npz
archivalia.hypotheses.org/2720;histoire et archéologie_d, sciences sociales interdisciplinaires_d, histoire_t, approches de corpus_t, enquêtes_t, archives_t;Datasets/all_labels_train_gensim_sparse_matrix.npz
archivalia.hypotheses.org/3360;histoire et archéologie_d, sciences sociales interdisciplinaires_d, histoire_t, approches de corpus_t, enquêtes_t, archives_t;Datasets/all_labels_train_gensim_sparse_matrix.npz
archivalia.hypotheses.org/5163;histoire et archéologie_d, sciences sociales interdisciplinaires_d, histoire_t, approches de corpus_t, enquêtes_t, archives_t;Datasets/all_labels_train_gensim_sparse_matrix.npz
zakunibonn.hypotheses.org/1195;histoire_d, psychologie_d, histoire_t, psychisme_t, psychologie_t, méthodes de traitement et de représentation_t, monde germanique_t;Datasets/all_labels_train_gensim_sparse_matrix.npz
schotten.hypotheses.org/252;religions_d, histoire et archéologie_d, sciences de l'information et de la communication_d, bibliothéconomie_d, histoire_t, histoire des religions_t, approches de corpus_t, enquêtes_t, archives_t, monde germanique_t;Datasets/all_labels_train_gensim_sparse_matrix.npz
mittelalter.hypotheses.org/6634;humanités pluridisciplinaires_d, religions_d, histoire_d, sociologie_d, histoire_t, histoire sociale_t, histoire intellectuelle_t, moyen âge_t, haut moyen âge_t, bas moyen âge_t;Datasets/all_labels_train_gensim_sparse_matrix.npz
bioeg.hypotheses.org/1232;histoire et archéologie_d, histoire_d, histoire_t, sciences auxiliaires de l'histoire_t, europe centrale et orientale_t, monde germanique_t;Datasets/all_labels_train_gensim_sparse_matrix.npz
nummer.hypotheses.org/220;histoire_d, sciences de l'information et de la communication_d, bibliothéconomie_d, histoire_t, histoire intellectuelle_t, histoire et sociologie des médias_t, histoire culturelle_t;Datasets/all_labels_train_gensim_sparse_matrix.npz
histbav.hypotheses.org/3840;humanités pluridisciplinaires_d, histoire_d, pluridisciplinarité_d, histoire_t, monde germanique_t;Datasets/all_labels_train_gensim_sparse_matrix.npz
archivalia.hypotheses.org/52409;histoire et archéologie_d, sciences sociales interdisciplinaires_d, histoire_t, approches de corpus_t, enquêtes_t, archives_t;Datasets/all_labels_train_gensim_sparse_matrix.npz
neuburg.hypotheses.org/53;histoire_d, histoire urbaine_t, époque contemporaine_t;Datasets/all_labels_train_gensim_sparse_matrix.npz
archivalia.hypotheses.org/9099;histoire et archéologie_d, sciences sociales interdisciplinaires_d, histoire_t, approches de corpus_t, enquêtes_t, archives_t;Datasets/all_labels_train_gensim_sparse_matrix.npz
frueheneuzeit.hypotheses.org/884;histoire et archéologie_d, histoire_t, époque moderne_t, xviie siècle_t, xviiie siècle_t, révolution française_t;Datasets/all_labels_train_gensim_sparse_matrix.npz
archivalia.hypotheses.org/8517;histoire et archéologie_d, sciences sociales interdisciplinaires_d, histoire_t, approches de corpus_t, enquêtes_t, archives_t;Datasets/all_labels_train_gensim_sparse_matrix.npz
barblog.hypotheses.org/1040;sciences sociales interdisciplinaires_d, sciences politiques_d, sociologie_d, anthropologie politique_t;Datasets/all_labels_train_gensim_sparse_matrix.npz
medienbildung.hypotheses.org/8412;éducation_d, éducation spécialisée_d, travail social_d, sociologie_t, édition électronique_t, histoire et sociologie des médias_t, éducation_t;Datasets/all_labels_train_gensim_sparse_matrix.npz
dhdhi.hypotheses.org/223;histoire et archéologie_d, histoire_t, épistémologie et méthodes_t, digital humanities_t;Datasets/all_labels_train_gensim_sparse_matrix.npz
histbav.hypotheses.org/4963;humanités pluridisciplinaires_d, histoire_d, pluridisciplinarité_d, histoire_t, monde germanique_t;Datasets/all_labels_train_gensim_sparse_matrix.npz
gid.hypotheses.org/957;pluridisciplinarité_d, sciences sociales interdisciplinaires_d, études des sciences_t, histoire des sciences_t, pensée_t, histoire intellectuelle_t, histoire culturelle_t, prospectives_t;Datasets/all_labels_train_gensim_sparse_matrix.npz
archivalia.hypotheses.org/2040;histoire et archéologie_d, sciences sociales interdisciplinaires_d, histoire_t, approches de corpus_t, enquêtes_t, archives_t;Datasets/all_labels_train_gensim_sparse_matrix.npz
dokunstlmu.hypotheses.org/1238;arts et humanités_d, histoire intellectuelle_t;Datasets/all_labels_train_gensim_sparse_matrix.npz
archivalia.hypotheses.org/54091;histoire et archéologie_d, sciences sociales interdisciplinaires_d, histoire_t, approches de corpus_t, enquêtes_t, archives_t;Datasets/all_labels_train_gensim_sparse_matrix.npz
barblog.hypotheses.org/1240;sciences sociales interdisciplinaires_d, sciences politiques_d, sociologie_d, anthropologie politique_t;Datasets/all_labels_train_gensim_sparse_matrix.npz
gid.hypotheses.org/1146;pluridisciplinarité_d, sciences sociales interdisciplinaires_d, études des sciences_t, histoire des sciences_t, pensée_t, histoire intellectuelle_t, histoire culturelle_t, prospectives_t;Datasets/all_labels_train_gensim_sparse_matrix.npz
rkb.hypotheses.org/157;arts et humanités_d, communication_d, sciences de l'information et bibliothéconomie_d, sociologie des sciences_t, édition électronique_t, histoire et sociologie des médias_t;Datasets/all_labels_train_gensim_sparse_matrix.npz
histbav.hypotheses.org/4552;humanités pluridisciplinaires_d, histoire_d, pluridisciplinarité_d, histoire_t, monde germanique_t;Datasets/all_labels_train_gensim_sparse_matrix.npz
archdigi.hypotheses.org/424;archéologie_d, monde germanique_t;Datasets/all_labels_train_gensim_sparse_matrix.npz
frueheneuzeit.hypotheses.org/2052;histoire et archéologie_d, histoire_t, époque moderne_t, xviie siècle_t, xviiie siècle_t, révolution française_t;Datasets/all_labels_train_gensim_sparse_matrix.npz
germanjews.hypotheses.org/75;histoire_d, histoire des sciences sociales_d, histoire économique_t, histoire urbaine_t, histoire sociale_t, époque moderne_t;Datasets/all_labels_train_gensim_sparse_matrix.npz
philophiso.hypotheses.org/927;philosophie_d, éducation_d, éducation spécialisée_d, pensée_t, philosophie_t, représentations_t, patrimoine_t;Datasets/all_labels_train_gensim_sparse_matrix.npz
revolt.hypotheses.org/890;histoire_d, pluridisciplinarité_d, littérature_d, histoire et sociologie des médias_t, époque moderne_t, europe_t;Datasets/all_labels_train_gensim_sparse_matrix.npz
catholiccultures.hypotheses.org/518;histoire et archéologie_d, histoire des sciences sociales_d, sciences sociales interdisciplinaires_d, sociologie et anthropologie_d, histoire_t, histoire sociale_t, histoire des religions_t, époque moderne_t;Datasets/all_labels_train_gensim_sparse_matrix.npz
ordensgeschichte.hypotheses.org/8143;arts et humanités_d, humanités pluridisciplinaires_d, histoire et archéologie_d, histoire et philosophie des sciences_d, histoire_t, haut moyen âge_t, bas moyen âge_t, xviie siècle_t, xviiie siècle_t;Datasets/all_labels_train_gensim_sparse_matrix.npz
archivalia.hypotheses.org/11095;histoire et archéologie_d, sciences sociales interdisciplinaires_d, histoire_t, approches de corpus_t, enquêtes_t, archives_t;Datasets/all_labels_train_gensim_sparse_matrix.npz
archivalia.hypotheses.org/4766;histoire et archéologie_d, sciences sociales interdisciplinaires_d, histoire_t, approches de corpus_t, enquêtes_t, archives_t;Datasets/all_labels_train_gensim_sparse_matrix.npz
liparchiv.hypotheses.org/371;histoire et archéologie_d, sciences politiques_d, administration publique et développement_d, histoire urbaine_t, patrimoine_t, sciences auxiliaires de l'histoire_t, approches de corpus_t, enquêtes_t, archives_t, europe_t;Datasets/all_labels_train_gensim_sparse_matrix.npz
archivewk1.hypotheses.org/11468;histoire_d, époque contemporaine_t, 1914-1918_t;Datasets/all_labels_train_gensim_sparse_matrix.npz
archivalia.hypotheses.org/11054;histoire et archéologie_d, sciences sociales interdisciplinaires_d, histoire_t, approches de corpus_t, enquêtes_t, archives_t;Datasets/all_labels_train_gensim_sparse_matrix.npz
archivalia.hypotheses.org/11749;histoire et archéologie_d, sciences sociales interdisciplinaires_d, histoire_t, approches de corpus_t, enquêtes_t, archives_t;Datasets/all_labels_train_gensim_sparse_matrix.npz
gewalt.hypotheses.org/27;sciences politiques_d, sociologie_d, sociologie_t, sociologie urbaine_t, anthropologie politique_t, histoire urbaine_t, guerres_t, conflits_t, violence_t;Datasets/all_labels_train_gensim_sparse_matrix.npz
irhis.hypotheses.org/3241;arts et humanités_d, histoire et archéologie_d, histoire économique_t, histoire sociale_t, études visuelles_t;Datasets/all_labels_train_gensim_sparse_matrix.npz
archivalia.hypotheses.org/11653;histoire et archéologie_d, sciences sociales interdisciplinaires_d, histoire_t, approches de corpus_t, enquêtes_t, archives_t;Datasets/all_labels_train_gensim_sparse_matrix.npz
archivewk1.hypotheses.org/35010;histoire_d, époque contemporaine_t, 1914-1918_t;Datasets/all_labels_train_gensim_sparse_matrix.npz
schotten.hypotheses.org/186;religions_d, histoire et archéologie_d, sciences de l'information et de la communication_d, bibliothéconomie_d, histoire_t, histoire des religions_t, approches de corpus_t, enquêtes_t, archives_t, monde germanique_t;Datasets/all_labels_train_gensim_sparse_matrix.npz
redaktionsblog.hypotheses.org/2959;arts et humanités_d, humanités pluridisciplinaires_d, épistémologie et méthodes_t, digital humanities_t;Datasets/all_labels_train_gensim_sparse_matrix.npz
archivalia.hypotheses.org/14468;histoire et archéologie_d, sciences sociales interdisciplinaires_d, histoire_t, approches de corpus_t, enquêtes_t, archives_t;Datasets/all_labels_train_gensim_sparse_matrix.npz
archivalia.hypotheses.org/5945;histoire et archéologie_d, sciences sociales interdisciplinaires_d, histoire_t, approches de corpus_t, enquêtes_t, archives_t;Datasets/all_labels_train_gensim_sparse_matrix.npz
medienbildung.hypotheses.org/7412;éducation_d, éducation spécialisée_d, travail social_d, sociologie_t, édition électronique_t, histoire et sociologie des médias_t, éducation_t;Datasets/all_labels_train_gensim_sparse_matrix.npz
histbav.hypotheses.org/3191;humanités pluridisciplinaires_d, histoire_d, pluridisciplinarité_d, histoire_t, monde germanique_t;Datasets/all_labels_train_gensim_sparse_matrix.npz
tagebuch.hypotheses.org/1120;histoire et archéologie_d, histoire_d, histoire_t, époque contemporaine_t, 1914-1918_t;Datasets/all_labels_train_gensim_sparse_matrix.npz
tagebuch.hypotheses.org/981;histoire et archéologie_d, histoire_d, histoire_t, époque contemporaine_t, 1914-1918_t;Datasets/all_labels_train_gensim_sparse_matrix.npz
archivalia.hypotheses.org/1470;histoire et archéologie_d, sciences sociales interdisciplinaires_d, histoire_t, approches de corpus_t, enquêtes_t, archives_t;Datasets/all_labels_train_gensim_sparse_matrix.npz
archivalia.hypotheses.org/3063;histoire et archéologie_d, sciences sociales interdisciplinaires_d, histoire_t, approches de corpus_t, enquêtes_t, archives_t;Datasets/all_labels_train_gensim_sparse_matrix.npz
gab.hypotheses.org/332;histoire et archéologie_d, pluridisciplinarité_d, sciences sociales interdisciplinaires_d, études des sciences_t, sociologie des sciences_t, histoire_t;Datasets/all_labels_train_gensim_sparse_matrix.npz
archivalia.hypotheses.org/5465;histoire et archéologie_d, sciences sociales interdisciplinaires_d, histoire_t, approches de corpus_t, enquêtes_t, archives_t;Datasets/all_labels_train_gensim_sparse_matrix.npz
archivalia.hypotheses.org/4007;histoire et archéologie_d, sciences sociales interdisciplinaires_d, histoire_t, approches de corpus_t, enquêtes_t, archives_t;Datasets/all_labels_train_gensim_sparse_matrix.npz
dhdhi.hypotheses.org/273;histoire et archéologie_d, histoire_t, épistémologie et méthodes_t, digital humanities_t;Datasets/all_labels_train_gensim_sparse_matrix.npz
archivalia.hypotheses.org/14442;histoire et archéologie_d, sciences sociales interdisciplinaires_d, histoire_t, approches de corpus_t, enquêtes_t, archives_t;Datasets/all_labels_train_gensim_sparse_matrix.npz
inklusion.hypotheses.org/897;éducation_d, travail social et politique sociale_d, sociologie du travail_t, âges de la vie_t, information_t, sciences de l'éducation_t;Datasets/all_labels_train_gensim_sparse_matrix.npz
archivalia.hypotheses.org/1582;histoire et archéologie_d, sciences sociales interdisciplinaires_d, histoire_t, approches de corpus_t, enquêtes_t, archives_t;Datasets/all_labels_train_gensim_sparse_matrix.npz
jeunegen.hypotheses.org/840;histoire_d, pluridisciplinarité_d, histoire_t, vie de la recherche_t, moyen âge_t, haut moyen âge_t, bas moyen âge_t;Datasets/all_labels_train_gensim_sparse_matrix.npz
archivalia.hypotheses.org/10389;histoire et archéologie_d, sciences sociales interdisciplinaires_d, histoire_t, approches de corpus_t, enquêtes_t, archives_t;Datasets/all_labels_train_gensim_sparse_matrix.npz
archivalia.hypotheses.org/52963;histoire et archéologie_d, sciences sociales interdisciplinaires_d, histoire_t, approches de corpus_t, enquêtes_t, archives_t;Datasets/all_labels_train_gensim_sparse_matrix.npz
archivewk1.hypotheses.org/35111;histoire_d, époque contemporaine_t, 1914-1918_t;Datasets/all_labels_train_gensim_sparse_matrix.npz
merzdadaco.hypotheses.org/458;humanités pluridisciplinaires_d, littérature_d, littératures_t, représentations_t, histoire culturelle_t, histoire de l'art_t;Datasets/all_labels_train_gensim_sparse_matrix.npz
dguw.hypotheses.org/161;histoire et archéologie_d, histoire_t, historiographie_t, digital humanities_t;Datasets/all_labels_train_gensim_sparse_matrix.npz
dhdhi.hypotheses.org/2599;histoire et archéologie_d, histoire_t, épistémologie et méthodes_t, digital humanities_t;Datasets/all_labels_train_gensim_sparse_matrix.npz
ordensgeschichte.hypotheses.org/3719;arts et humanités_d, humanités pluridisciplinaires_d, histoire et archéologie_d, histoire et philosophie des sciences_d, histoire_t, haut moyen âge_t, bas moyen âge_t, xviie siècle_t, xviiie siècle_t;Datasets/all_labels_train_gensim_sparse_matrix.npz
aktenkunde.hypotheses.org/379;histoire_d, histoire_t, sciences auxiliaires de l'histoire_t;Datasets/all_labels_train_gensim_sparse_matrix.npz
archivalia.hypotheses.org/10638;histoire et archéologie_d, sciences sociales interdisciplinaires_d, histoire_t, approches de corpus_t, enquêtes_t, archives_t;Datasets/all_labels_train_gensim_sparse_matrix.npz
archivalia.hypotheses.org/61630;histoire et archéologie_d, sciences sociales interdisciplinaires_d, histoire_t, approches de corpus_t, enquêtes_t, archives_t;Datasets/all_labels_train_gensim_sparse_matrix.npz
archivewk1.hypotheses.org/11914;histoire_d, époque contemporaine_t, 1914-1918_t;Datasets/all_labels_train_gensim_sparse_matrix.npz
archivewk1.hypotheses.org/29446;histoire_d, époque contemporaine_t, 1914-1918_t;Datasets/all_labels_train_gensim_sparse_matrix.npz
wwc.hypotheses.org/2156;humanités pluridisciplinaires_d, pluridisciplinarité_d, études régionales_d, relations internationales_t, information_t, représentations_t;Datasets/all_labels_train_gensim_sparse_matrix.npz
archivalia.hypotheses.org/59353;histoire et archéologie_d, sciences sociales interdisciplinaires_d, histoire_t, approches de corpus_t, enquêtes_t, archives_t;Datasets/all_labels_train_gensim_sparse_matrix.npz
schlehen.hypotheses.org/826;éducation_d, langage_t, éducation_t, sciences de l'éducation_t, linguistique_t;Datasets/all_labels_train_gensim_sparse_matrix.npz
intersex.hypotheses.org/439;histoire_d, biomédecine_d, étude des genres_t, histoire des sciences_t, histoire_t, histoire du droit_t, moyen âge_t, xxie siècle_t;Datasets/all_labels_train_gensim_sparse_matrix.npz
archivalia.hypotheses.org/11580;histoire et archéologie_d, sciences sociales interdisciplinaires_d, histoire_t, approches de corpus_t, enquêtes_t, archives_t;Datasets/all_labels_train_gensim_sparse_matrix.npz
archivalia.hypotheses.org/13897;histoire et archéologie_d, sciences sociales interdisciplinaires_d, histoire_t, approches de corpus_t, enquêtes_t, archives_t;Datasets/all_labels_train_gensim_sparse_matrix.npz
archivalia.hypotheses.org/9357;histoire et archéologie_d, sciences sociales interdisciplinaires_d, histoire_t, approches de corpus_t, enquêtes_t, archives_t;Datasets/all_labels_train_gensim_sparse_matrix.npz
archivalia.hypotheses.org/13406;histoire et archéologie_d, sciences sociales interdisciplinaires_d, histoire_t, approches de corpus_t, enquêtes_t, archives_t;Datasets/all_labels_train_gensim_sparse_matrix.npz
archivalia.hypotheses.org/62027;histoire et archéologie_d, sciences sociales interdisciplinaires_d, histoire_t, approches de corpus_t, enquêtes_t, archives_t;Datasets/all_labels_train_gensim_sparse_matrix.npz
archivalia.hypotheses.org/9261;histoire et archéologie_d, sciences sociales interdisciplinaires_d, histoire_t, approches de corpus_t, enquêtes_t, archives_t;Datasets/all_labels_train_gensim_sparse_matrix.npz
irhis.hypotheses.org/13404;arts et humanités_d, histoire et archéologie_d, histoire économique_t, histoire sociale_t, études visuelles_t;Datasets/all_labels_train_gensim_sparse_matrix.npz
archivewk1.hypotheses.org/21246;histoire_d, époque contemporaine_t, 1914-1918_t;Datasets/all_labels_train_gensim_sparse_matrix.npz
bioeg.hypotheses.org/1890;histoire et archéologie_d, histoire_d, histoire_t, sciences auxiliaires de l'histoire_t, europe centrale et orientale_t, monde germanique_t;Datasets/all_labels_train_gensim_sparse_matrix.npz
medienbildung.hypotheses.org/5846;éducation_d, éducation spécialisée_d, travail social_d, sociologie_t, édition électronique_t, histoire et sociologie des médias_t, éducation_t;Datasets/all_labels_train_gensim_sparse_matrix.npz
zakunibonn.hypotheses.org/360;histoire_d, psychologie_d, histoire_t, psychisme_t, psychologie_t, méthodes de traitement et de représentation_t, monde germanique_t;Datasets/all_labels_train_gensim_sparse_matrix.npz
ordensgeschichte.hypotheses.org/2283;arts et humanités_d, humanités pluridisciplinaires_d, histoire et archéologie_d, histoire et philosophie des sciences_d, histoire_t, haut moyen âge_t, bas moyen âge_t, xviie siècle_t, xviiie siècle_t;Datasets/all_labels_train_gensim_sparse_matrix.npz
dkblog.hypotheses.org/799;histoire_d, histoire_t, époque moderne_t, xviie siècle_t;Datasets/all_labels_train_gensim_sparse_matrix.npz
lvrafz.hypotheses.org/2165;pluridisciplinarité_d, information_t;Datasets/all_labels_train_gensim_sparse_matrix.npz
archivewk1.hypotheses.org/14032;histoire_d, époque contemporaine_t, 1914-1918_t;Datasets/all_labels_train_gensim_sparse_matrix.npz
mindthegaps.hypotheses.org/1060;études asiatiques_d, histoire_d, histoire_t, histoire culturelle_t, asie_t, chine_t;Datasets/all_labels_train_gensim_sparse_matrix.npz
archivalia.hypotheses.org/6260;histoire et archéologie_d, sciences sociales interdisciplinaires_d, histoire_t, approches de corpus_t, enquêtes_t, archives_t;Datasets/all_labels_train_gensim_sparse_matrix.npz
archivalia.hypotheses.org/7092;histoire et archéologie_d, sciences sociales interdisciplinaires_d, histoire_t, approches de corpus_t, enquêtes_t, archives_t;Datasets/all_labels_train_gensim_sparse_matrix.npz
mittelalter.hypotheses.org/9774;humanités pluridisciplinaires_d, religions_d, histoire_d, sociologie_d, histoire_t, histoire sociale_t, histoire intellectuelle_t, moyen âge_t, haut moyen âge_t, bas moyen âge_t;Datasets/all_labels_train_gensim_sparse_matrix.npz
dokunstlmu.hypotheses.org/1497;arts et humanités_d, histoire intellectuelle_t;Datasets/all_labels_train_gensim_sparse_matrix.npz
archivalia.hypotheses.org/1542;histoire et archéologie_d, sciences sociales interdisciplinaires_d, histoire_t, approches de corpus_t, enquêtes_t, archives_t;Datasets/all_labels_train_gensim_sparse_matrix.npz
archivewk1.hypotheses.org/6137;histoire_d, époque contemporaine_t, 1914-1918_t;Datasets/all_labels_train_gensim_sparse_matrix.npz
archivalia.hypotheses.org/2198;histoire et archéologie_d, sciences sociales interdisciplinaires_d, histoire_t, approches de corpus_t, enquêtes_t, archives_t;Datasets/all_labels_train_gensim_sparse_matrix.npz
erinnerung.hypotheses.org/517;histoire et archéologie_d, histoire_t, xxe siècle_t, prospectives_t, europe_t;Datasets/all_labels_train_gensim_sparse_matrix.npz
ordensgeschichte.hypotheses.org/4655;arts et humanités_d, humanités pluridisciplinaires_d, histoire et archéologie_d, histoire et philosophie des sciences_d, histoire_t, haut moyen âge_t, bas moyen âge_t, xviie siècle_t, xviiie siècle_t;Datasets/all_labels_train_gensim_sparse_matrix.npz
19jhdhip.hypotheses.org/1;histoire_d, époque contemporaine_t, prospectives_t, france_t, monde germanique_t;Datasets/all_labels_train_gensim_sparse_matrix.npz
bioeg.hypotheses.org/839;histoire et archéologie_d, histoire_d, histoire_t, sciences auxiliaires de l'histoire_t, europe centrale et orientale_t, monde germanique_t;Datasets/all_labels_train_gensim_sparse_matrix.npz
grandeguerre.hypotheses.org/359;histoire et archéologie_d, histoire_t, 1914-1918_t, prospectives_t, france_t, monde germanique_t;Datasets/all_labels_train_gensim_sparse_matrix.npz
archivewk1.hypotheses.org/8601;histoire_d, époque contemporaine_t, 1914-1918_t;Datasets/all_labels_train_gensim_sparse_matrix.npz
mgtud.hypotheses.org/81;humanités pluridisciplinaires_d, éducation_d, histoire et archéologie_d, histoire_d, histoire_t, histoire urbaine_t, édition électronique_t;Datasets/all_labels_train_gensim_sparse_matrix.npz
mindthegaps.hypotheses.org/2333;études asiatiques_d, histoire_d, histoire_t, histoire culturelle_t, asie_t, chine_t;Datasets/all_labels_train_gensim_sparse_matrix.npz
archivalia.hypotheses.org/8494;histoire et archéologie_d, sciences sociales interdisciplinaires_d, histoire_t, approches de corpus_t, enquêtes_t, archives_t;Datasets/all_labels_train_gensim_sparse_matrix.npz
mgtud.hypotheses.org/411;humanités pluridisciplinaires_d, éducation_d, histoire et archéologie_d, histoire_d, histoire_t, histoire urbaine_t, édition électronique_t;Datasets/all_labels_train_gensim_sparse_matrix.npz
dtforum.hypotheses.org/641;arts et humanités_d, histoire_t, représentations_t, histoire de l'art_t;Datasets/all_labels_train_gensim_sparse_matrix.npz
archivewk1.hypotheses.org/331;histoire_d, époque contemporaine_t, 1914-1918_t;Datasets/all_labels_train_gensim_sparse_matrix.npz
archivlinz.hypotheses.org/798;histoire et archéologie_d, histoire_d, histoire urbaine_t, 1914-1918_t, monde germanique_t;Datasets/all_labels_train_gensim_sparse_matrix.npz
archivalia.hypotheses.org/13654;histoire et archéologie_d, sciences sociales interdisciplinaires_d, histoire_t, approches de corpus_t, enquêtes_t, archives_t;Datasets/all_labels_train_gensim_sparse_matrix.npz
naps.hypotheses.org/388;histoire_d, histoire_t, épistémologie et méthodes_t, approches de corpus_t, enquêtes_t, archives_t, prospectives_t, france_t, monde germanique_t;Datasets/all_labels_train_gensim_sparse_matrix.npz
archivewk1.hypotheses.org/36921;histoire_d, époque contemporaine_t, 1914-1918_t;Datasets/all_labels_train_gensim_sparse_matrix.npz
tagebuch.hypotheses.org/1279;histoire et archéologie_d, histoire_d, histoire_t, époque contemporaine_t, 1914-1918_t;Datasets/all_labels_train_gensim_sparse_matrix.npz
reichwein.hypotheses.org/1877;histoire et archéologie_d, histoire des sciences_t, 1945-1989_t;Datasets/all_labels_train_gensim_sparse_matrix.npz
histbav.hypotheses.org/3539;humanités pluridisciplinaires_d, histoire_d, pluridisciplinarité_d, histoire_t, monde germanique_t;Datasets/all_labels_train_gensim_sparse_matrix.npz
archivamt.hypotheses.org/89;communication_d, pluridisciplinarité_d, sciences sociales interdisciplinaires_d, information_t, sciences de l'information_t, représentations_t, patrimoine_t;Datasets/all_labels_train_gensim_sparse_matrix.npz
archivewk1.hypotheses.org/2445;histoire_d, époque contemporaine_t, 1914-1918_t;Datasets/all_labels_train_gensim_sparse_matrix.npz
archivewk1.hypotheses.org/32955;histoire_d, époque contemporaine_t, 1914-1918_t;Datasets/all_labels_train_gensim_sparse_matrix.npz
archivamt.hypotheses.org/4017;communication_d, pluridisciplinarité_d, sciences sociales interdisciplinaires_d, information_t, sciences de l'information_t, représentations_t, patrimoine_t;Datasets/all_labels_train_gensim_sparse_matrix.npz
resilienz.hypotheses.org/638;pluridisciplinarité_d, sciences sociales interdisciplinaires_d, études des sciences_t, épistémologie et méthodes_t, vie de la recherche_t, prospectives_t;Datasets/all_labels_train_gensim_sparse_matrix.npz
archivewk1.hypotheses.org/27114;histoire_d, époque contemporaine_t, 1914-1918_t;Datasets/all_labels_train_gensim_sparse_matrix.npz
lacriee.hypotheses.org/61245;sciences sociales interdisciplinaires_d, édition électronique_t;Datasets/all_labels_train_gensim_sparse_matrix.npz
bereschitrabba.hypotheses.org/816;arts et humanités_d, religions_d, langue et linguistique_d, religions_t, histoire des religions_t;Datasets/all_labels_train_gensim_sparse_matrix.npz
oberrhein.hypotheses.org/757;religions_d, archéologie_d, histoire_d, histoire_t, moyen âge_t, france_t, monde germanique_t;Datasets/all_labels_train_gensim_sparse_matrix.npz
archivalia.hypotheses.org/5763;histoire et archéologie_d, sciences sociales interdisciplinaires_d, histoire_t, approches de corpus_t, enquêtes_t, archives_t;Datasets/all_labels_train_gensim_sparse_matrix.npz
games.hypotheses.org/969;arts et humanités_d, humanités pluridisciplinaires_d, psychologie expérimentale_d, sciences cognitives_t, psychisme_t, psychologie_t, représentations_t, histoire de l'art_t, études visuelles_t;Datasets/all_labels_train_gensim_sparse_matrix.npz
musermeku.hypotheses.org/1985;humanités pluridisciplinaires_d, pluridisciplinarité_d, sciences sociales interdisciplinaires_d, sociologie_t, sociologie de la culture_t, histoire_t, histoire politique_t;Datasets/all_labels_train_gensim_sparse_matrix.npz
mittelalter.hypotheses.org/4941;humanités pluridisciplinaires_d, religions_d, histoire_d, sociologie_d, histoire_t, histoire sociale_t, histoire intellectuelle_t, moyen âge_t, haut moyen âge_t, bas moyen âge_t;Datasets/all_labels_train_gensim_sparse_matrix.npz
archivewk1.hypotheses.org/27278;histoire_d, époque contemporaine_t, 1914-1918_t;Datasets/all_labels_train_gensim_sparse_matrix.npz
bioeg.hypotheses.org/1337;histoire et archéologie_d, histoire_d, histoire_t, sciences auxiliaires de l'histoire_t, europe centrale et orientale_t, monde germanique_t;Datasets/all_labels_train_gensim_sparse_matrix.npz
gab.hypotheses.org/926;histoire et archéologie_d, pluridisciplinarité_d, sciences sociales interdisciplinaires_d, études des sciences_t, sociologie des sciences_t, histoire_t;Datasets/all_labels_train_gensim_sparse_matrix.npz
archivewk1.hypotheses.org/2967;histoire_d, époque contemporaine_t, 1914-1918_t;Datasets/all_labels_train_gensim_sparse_matrix.npz
archivalia.hypotheses.org/888;histoire et archéologie_d, sciences sociales interdisciplinaires_d, histoire_t, approches de corpus_t, enquêtes_t, archives_t;Datasets/all_labels_train_gensim_sparse_matrix.npz
archivalia.hypotheses.org/6926;histoire et archéologie_d, sciences sociales interdisciplinaires_d, histoire_t, approches de corpus_t, enquêtes_t, archives_t;Datasets/all_labels_train_gensim_sparse_matrix.npz
ordensgeschichte.hypotheses.org/264;arts et humanités_d, humanités pluridisciplinaires_d, histoire et archéologie_d, histoire et philosophie des sciences_d, histoire_t, haut moyen âge_t, bas moyen âge_t, xviie siècle_t, xviiie siècle_t;Datasets/all_labels_train_gensim_sparse_matrix.npz
archivalia.hypotheses.org/55675;histoire et archéologie_d, sciences sociales interdisciplinaires_d, histoire_t, approches de corpus_t, enquêtes_t, archives_t;Datasets/all_labels_train_gensim_sparse_matrix.npz
grammata.hypotheses.org/2305;études anciennes_d, religions_d, littérature_d, religions_t, littératures_t;Datasets/all_labels_train_gensim_sparse_matrix.npz
coop.hypotheses.org/668;histoire et archéologie_d, sciences sociales interdisciplinaires_d, histoire urbaine_t, information_t;Datasets/all_labels_train_gensim_sparse_matrix.npz
archivalia.hypotheses.org/53170;histoire et archéologie_d, sciences sociales interdisciplinaires_d, histoire_t, approches de corpus_t, enquêtes_t, archives_t;Datasets/all_labels_train_gensim_sparse_matrix.npz
histbav.hypotheses.org/4750;humanités pluridisciplinaires_d, histoire_d, pluridisciplinarité_d, histoire_t, monde germanique_t;Datasets/all_labels_train_gensim_sparse_matrix.npz
archivalia.hypotheses.org/2154;histoire et archéologie_d, sciences sociales interdisciplinaires_d, histoire_t, approches de corpus_t, enquêtes_t, archives_t;Datasets/all_labels_train_gensim_sparse_matrix.npz
19jhdhip.hypotheses.org/749;histoire_d, époque contemporaine_t, prospectives_t, france_t, monde germanique_t;Datasets/all_labels_train_gensim_sparse_matrix.npz
archivalia.hypotheses.org/6125;histoire et archéologie_d, sciences sociales interdisciplinaires_d, histoire_t, approches de corpus_t, enquêtes_t, archives_t;Datasets/all_labels_train_gensim_sparse_matrix.npz
greflinger.hypotheses.org/142;littérature_d, littératures_t, xviie siècle_t;Datasets/all_labels_train_gensim_sparse_matrix.npz
ordensgeschichte.hypotheses.org/567;arts et humanités_d, humanités pluridisciplinaires_d, histoire et archéologie_d, histoire et philosophie des sciences_d, histoire_t, haut moyen âge_t, bas moyen âge_t, xviie siècle_t, xviiie siècle_t;Datasets/all_labels_train_gensim_sparse_matrix.npz
archivalia.hypotheses.org/58216;histoire et archéologie_d, sciences sociales interdisciplinaires_d, histoire_t, approches de corpus_t, enquêtes_t, archives_t;Datasets/all_labels_train_gensim_sparse_matrix.npz
nachhaltig.hypotheses.org/401;pluridisciplinarité_d, philosophie_d, sciences sociales interdisciplinaires_d, france_t, monde germanique_t;Datasets/all_labels_train_gensim_sparse_matrix.npz
ordensgeschichte.hypotheses.org/4211;arts et humanités_d, humanités pluridisciplinaires_d, histoire et archéologie_d, histoire et philosophie des sciences_d, histoire_t, haut moyen âge_t, bas moyen âge_t, xviie siècle_t, xviiie siècle_t;Datasets/all_labels_train_gensim_sparse_matrix.npz
speyermemo.hypotheses.org/2644;histoire_d, pluridisciplinarité_d, sciences sociales interdisciplinaires_d, sociologie de la culture_t, histoire_t, 1939-1945_t, europe_t;Datasets/all_labels_train_gensim_sparse_matrix.npz
archivewk1.hypotheses.org/11456;histoire_d, époque contemporaine_t, 1914-1918_t;Datasets/all_labels_train_gensim_sparse_matrix.npz
nordichistoryblog.hypotheses.org/1385;arts et humanités_d, histoire et archéologie_d, histoire_t, édition électronique_t, vie de la recherche_t, approches de corpus_t, enquêtes_t, archives_t, europe_t, pays baltes et scandinaves_t;Datasets/all_labels_train_gensim_sparse_matrix.npz
rkb.hypotheses.org/194;arts et humanités_d, communication_d, sciences de l'information et bibliothéconomie_d, sociologie des sciences_t, édition électronique_t, histoire et sociologie des médias_t;Datasets/all_labels_train_gensim_sparse_matrix.npz
archivtag.hypotheses.org/44;pluridisciplinarité_d, sciences sociales interdisciplinaires_d, histoire_t, information_t, monde germanique_t;Datasets/all_labels_train_gensim_sparse_matrix.npz
dss.hypotheses.org/1590;arts et humanités_d, communication_d, sciences de l'information et bibliothéconomie_d, information_t, édition électronique_t, représentations_t, histoire de l'art_t, patrimoine_t, prospectives_t;Datasets/all_labels_train_gensim_sparse_matrix.npz
zakunibonn.hypotheses.org/314;histoire_d, psychologie_d, histoire_t, psychisme_t, psychologie_t, méthodes de traitement et de représentation_t, monde germanique_t;Datasets/all_labels_train_gensim_sparse_matrix.npz
archivalia.hypotheses.org/60871;histoire et archéologie_d, sciences sociales interdisciplinaires_d, histoire_t, approches de corpus_t, enquêtes_t, archives_t;Datasets/all_labels_train_gensim_sparse_matrix.npz
archivewk1.hypotheses.org/3836;histoire_d, époque contemporaine_t, 1914-1918_t;Datasets/all_labels_train_gensim_sparse_matrix.npz
mittelalter.hypotheses.org/4626;humanités pluridisciplinaires_d, religions_d, histoire_d, sociologie_d, histoire_t, histoire sociale_t, histoire intellectuelle_t, moyen âge_t, haut moyen âge_t, bas moyen âge_t;Datasets/all_labels_train_gensim_sparse_matrix.npz
grammata.hypotheses.org/728;études anciennes_d, religions_d, littérature_d, religions_t, littératures_t;Datasets/all_labels_train_gensim_sparse_matrix.npz
trafo.hypotheses.org/2657;pluridisciplinarité_d, sciences sociales interdisciplinaires_d, études régionales_d, sociologie_t, sociologie des religions_t, information_t, histoire culturelle_t;Datasets/all_labels_train_gensim_sparse_matrix.npz
archives.hypotheses.org/169;histoire_d, communication_d, patrimoine_t, digital humanities_t, moyen âge_t, époque moderne_t, france_t, monde germanique_t;Datasets/all_labels_train_gensim_sparse_matrix.npz
uegg.hypotheses.org/306;histoire_d, histoire_t, histoire politique_t, époque contemporaine_t, xxe siècle_t, prospectives_t;Datasets/all_labels_train_gensim_sparse_matrix.npz
unibloggt.hypotheses.org/642;histoire et archéologie_d, pluridisciplinarité_d, histoire_t, information_t;Datasets/all_labels_train_gensim_sparse_matrix.npz
archivalia.hypotheses.org/61236;histoire et archéologie_d, sciences sociales interdisciplinaires_d, histoire_t, approches de corpus_t, enquêtes_t, archives_t;Datasets/all_labels_train_gensim_sparse_matrix.npz
archivalia.hypotheses.org/5395;histoire et archéologie_d, sciences sociales interdisciplinaires_d, histoire_t, approches de corpus_t, enquêtes_t, archives_t;Datasets/all_labels_train_gensim_sparse_matrix.npz
dwgd.hypotheses.org/393;éducation_d, histoire_d, histoire des sciences sociales_d, histoire_t, éducation_t, sciences de l'éducation_t;Datasets/all_labels_train_gensim_sparse_matrix.npz
liparchiv.hypotheses.org/489;histoire et archéologie_d, sciences politiques_d, administration publique et développement_d, histoire urbaine_t, patrimoine_t, sciences auxiliaires de l'histoire_t, approches de corpus_t, enquêtes_t, archives_t, europe_t;Datasets/all_labels_train_gensim_sparse_matrix.npz
soziologieblog.hypotheses.org/9164;sciences sociales interdisciplinaires_d, sociologie et anthropologie_d, sociologie du travail_t, sociologie urbaine_t, sociologie de la culture_t, sociologie économique_t;Datasets/all_labels_train_gensim_sparse_matrix.npz
archivalia.hypotheses.org/8597;histoire et archéologie_d, sciences sociales interdisciplinaires_d, histoire_t, approches de corpus_t, enquêtes_t, archives_t;Datasets/all_labels_train_gensim_sparse_matrix.npz
archivewk1.hypotheses.org/20308;histoire_d, époque contemporaine_t, 1914-1918_t;Datasets/all_labels_train_gensim_sparse_matrix.npz
archivalia.hypotheses.org/10032;histoire et archéologie_d, sciences sociales interdisciplinaires_d, histoire_t, approches de corpus_t, enquêtes_t, archives_t;Datasets/all_labels_train_gensim_sparse_matrix.npz
archivewk1.hypotheses.org/23293;histoire_d, époque contemporaine_t, 1914-1918_t;Datasets/all_labels_train_gensim_sparse_matrix.npz
soziologieblog.hypotheses.org/2594;sciences sociales interdisciplinaires_d, sociologie et anthropologie_d, sociologie du travail_t, sociologie urbaine_t, sociologie de la culture_t, sociologie économique_t;Datasets/all_labels_train_gensim_sparse_matrix.npz
histbav.hypotheses.org/1703;humanités pluridisciplinaires_d, histoire_d, pluridisciplinarité_d, histoire_t, monde germanique_t;Datasets/all_labels_train_gensim_sparse_matrix.npz
digigw.hypotheses.org/1567;humanités pluridisciplinaires_d, histoire_t, édition électronique_t, sciences auxiliaires de l'histoire_t, digital humanities_t;Datasets/all_labels_train_gensim_sparse_matrix.npz
gab.hypotheses.org/1146;histoire et archéologie_d, pluridisciplinarité_d, sciences sociales interdisciplinaires_d, études des sciences_t, sociologie des sciences_t, histoire_t;Datasets/all_labels_train_gensim_sparse_matrix.npz
tagebuch.hypotheses.org/1182;histoire et archéologie_d, histoire_d, histoire_t, époque contemporaine_t, 1914-1918_t;Datasets/all_labels_train_gensim_sparse_matrix.npz
archivalia.hypotheses.org/9518;histoire et archéologie_d, sciences sociales interdisciplinaires_d, histoire_t, approches de corpus_t, enquêtes_t, archives_t;Datasets/all_labels_train_gensim_sparse_matrix.npz
dss.hypotheses.org/1405;arts et humanités_d, communication_d, sciences de l'information et bibliothéconomie_d, information_t, édition électronique_t, représentations_t, histoire de l'art_t, patrimoine_t, prospectives_t;Datasets/all_labels_train_gensim_sparse_matrix.npz
archivalia.hypotheses.org/3699;histoire et archéologie_d, sciences sociales interdisciplinaires_d, histoire_t, approches de corpus_t, enquêtes_t, archives_t;Datasets/all_labels_train_gensim_sparse_matrix.npz
wilma.hypotheses.org/96;éducation_d, travail social et politique sociale_d, sciences de l'éducation_t;Datasets/all_labels_train_gensim_sparse_matrix.npz
archivalia.hypotheses.org/12299;histoire et archéologie_d, sciences sociales interdisciplinaires_d, histoire_t, approches de corpus_t, enquêtes_t, archives_t;Datasets/all_labels_train_gensim_sparse_matrix.npz
archivalia.hypotheses.org/12782;histoire et archéologie_d, sciences sociales interdisciplinaires_d, histoire_t, approches de corpus_t, enquêtes_t, archives_t;Datasets/all_labels_train_gensim_sparse_matrix.npz
schotten.hypotheses.org/711;religions_d, histoire et archéologie_d, sciences de l'information et de la communication_d, bibliothéconomie_d, histoire_t, histoire des religions_t, approches de corpus_t, enquêtes_t, archives_t, monde germanique_t;Datasets/all_labels_train_gensim_sparse_matrix.npz
tagebuch.hypotheses.org/750;histoire et archéologie_d, histoire_d, histoire_t, époque contemporaine_t, 1914-1918_t;Datasets/all_labels_train_gensim_sparse_matrix.npz
archivewk1.hypotheses.org/13262;histoire_d, époque contemporaine_t, 1914-1918_t;Datasets/all_labels_train_gensim_sparse_matrix.npz
archivalia.hypotheses.org/3079;histoire et archéologie_d, sciences sociales interdisciplinaires_d, histoire_t, approches de corpus_t, enquêtes_t, archives_t;Datasets/all_labels_train_gensim_sparse_matrix.npz
archivalia.hypotheses.org/14052;histoire et archéologie_d, sciences sociales interdisciplinaires_d, histoire_t, approches de corpus_t, enquêtes_t, archives_t;Datasets/all_labels_train_gensim_sparse_matrix.npz
archivalia.hypotheses.org/3620;histoire et archéologie_d, sciences sociales interdisciplinaires_d, histoire_t, approches de corpus_t, enquêtes_t, archives_t;Datasets/all_labels_train_gensim_sparse_matrix.npz
grandeguerre.hypotheses.org/332;histoire et archéologie_d, histoire_t, 1914-1918_t, prospectives_t, france_t, monde germanique_t;Datasets/all_labels_train_gensim_sparse_matrix.npz
europhilomem.hypotheses.org/161;philosophie_d, philosophie_t, histoire intellectuelle_t, xxe siècle_t, prospectives_t;Datasets/all_labels_train_gensim_sparse_matrix.npz
historischdenken.hypotheses.org/3323;histoire et archéologie_d, histoire_t;Datasets/all_labels_train_gensim_sparse_matrix.npz
gid.hypotheses.org/304;pluridisciplinarité_d, sciences sociales interdisciplinaires_d, études des sciences_t, histoire des sciences_t, pensée_t, histoire intellectuelle_t, histoire culturelle_t, prospectives_t;Datasets/all_labels_train_gensim_sparse_matrix.npz
archivewk1.hypotheses.org/16239;histoire_d, époque contemporaine_t, 1914-1918_t;Datasets/all_labels_train_gensim_sparse_matrix.npz
archivalia.hypotheses.org/53533;histoire et archéologie_d, sciences sociales interdisciplinaires_d, histoire_t, approches de corpus_t, enquêtes_t, archives_t;Datasets/all_labels_train_gensim_sparse_matrix.npz
archivalia.hypotheses.org/2465;histoire et archéologie_d, sciences sociales interdisciplinaires_d, histoire_t, approches de corpus_t, enquêtes_t, archives_t;Datasets/all_labels_train_gensim_sparse_matrix.npz
archivamt.hypotheses.org/3153;communication_d, pluridisciplinarité_d, sciences sociales interdisciplinaires_d, information_t, sciences de l'information_t, représentations_t, patrimoine_t;Datasets/all_labels_train_gensim_sparse_matrix.npz
archive20.hypotheses.org/3669;pluridisciplinarité_d, sciences sociales interdisciplinaires_d, histoire_t, information_t, patrimoine_t, monde germanique_t;Datasets/all_labels_train_gensim_sparse_matrix.npz
barblog.hypotheses.org/855;sciences sociales interdisciplinaires_d, sciences politiques_d, sociologie_d, anthropologie politique_t;Datasets/all_labels_train_gensim_sparse_matrix.npz
texperimentales.hypotheses.org/1943;linguistique appliquée_d, langue et linguistique_d, langage_t, linguistique_t, information_t, sciences de l'information_t, digital humanities_t;Datasets/all_labels_train_gensim_sparse_matrix.npz
archivalia.hypotheses.org/4648;histoire et archéologie_d, sciences sociales interdisciplinaires_d, histoire_t, approches de corpus_t, enquêtes_t, archives_t;Datasets/all_labels_train_gensim_sparse_matrix.npz
dss.hypotheses.org/536;arts et humanités_d, communication_d, sciences de l'information et bibliothéconomie_d, information_t, édition électronique_t, représentations_t, histoire de l'art_t, patrimoine_t, prospectives_t;Datasets/all_labels_train_gensim_sparse_matrix.npz
dokunstlmu.hypotheses.org/1757;arts et humanités_d, histoire intellectuelle_t;Datasets/all_labels_train_gensim_sparse_matrix.npz
archivalia.hypotheses.org/12127;histoire et archéologie_d, sciences sociales interdisciplinaires_d, histoire_t, approches de corpus_t, enquêtes_t, archives_t;Datasets/all_labels_train_gensim_sparse_matrix.npz
inklusion.hypotheses.org/1381;éducation_d, travail social et politique sociale_d, sociologie du travail_t, âges de la vie_t, information_t, sciences de l'éducation_t;Datasets/all_labels_train_gensim_sparse_matrix.npz
archivalia.hypotheses.org/8406;histoire et archéologie_d, sciences sociales interdisciplinaires_d, histoire_t, approches de corpus_t, enquêtes_t, archives_t;Datasets/all_labels_train_gensim_sparse_matrix.npz
archivalia.hypotheses.org/9996;histoire et archéologie_d, sciences sociales interdisciplinaires_d, histoire_t, approches de corpus_t, enquêtes_t, archives_t;Datasets/all_labels_train_gensim_sparse_matrix.npz
histbav.hypotheses.org/488;humanités pluridisciplinaires_d, histoire_d, pluridisciplinarité_d, histoire_t, monde germanique_t;Datasets/all_labels_train_gensim_sparse_matrix.npz
archivewk1.hypotheses.org/27367;histoire_d, époque contemporaine_t, 1914-1918_t;Datasets/all_labels_train_gensim_sparse_matrix.npz
histbav.hypotheses.org/3772;humanités pluridisciplinaires_d, histoire_d, pluridisciplinarité_d, histoire_t, monde germanique_t;Datasets/all_labels_train_gensim_sparse_matrix.npz
archivalia.hypotheses.org/8588;histoire et archéologie_d, sciences sociales interdisciplinaires_d, histoire_t, approches de corpus_t, enquêtes_t, archives_t;Datasets/all_labels_train_gensim_sparse_matrix.npz
archivalia.hypotheses.org/55973;histoire et archéologie_d, sciences sociales interdisciplinaires_d, histoire_t, approches de corpus_t, enquêtes_t, archives_t;Datasets/all_labels_train_gensim_sparse_matrix.npz
archivalia.hypotheses.org/10359;histoire et archéologie_d, sciences sociales interdisciplinaires_d, histoire_t, approches de corpus_t, enquêtes_t, archives_t;Datasets/all_labels_train_gensim_sparse_matrix.npz
irhis.hypotheses.org/6715;arts et humanités_d, histoire et archéologie_d, histoire économique_t, histoire sociale_t, études visuelles_t;Datasets/all_labels_train_gensim_sparse_matrix.npz
dkblog.hypotheses.org/967;histoire_d, histoire_t, époque moderne_t, xviie siècle_t;Datasets/all_labels_train_gensim_sparse_matrix.npz
achtundvierzig.hypotheses.org/457;sciences politiques_d, histoire_d, époque contemporaine_t, prospectives_t, histoire politique_t, monde germanique_t;Datasets/all_labels_train_gensim_sparse_matrix.npz
gra.hypotheses.org/2211;arts et humanités_d, communication_d, sciences de l'information et bibliothéconomie_d, représentations_t, histoire culturelle_t, histoire de l'art_t, études visuelles_t;Datasets/all_labels_train_gensim_sparse_matrix.npz
archivalia.hypotheses.org/7948;histoire et archéologie_d, sciences sociales interdisciplinaires_d, histoire_t, approches de corpus_t, enquêtes_t, archives_t;Datasets/all_labels_train_gensim_sparse_matrix.npz
dhdhi.hypotheses.org/1889;histoire et archéologie_d, histoire_t, épistémologie et méthodes_t, digital humanities_t;Datasets/all_labels_train_gensim_sparse_matrix.npz
astrologiefnz.hypotheses.org/71;arts et humanités_d, humanités pluridisciplinaires_d, histoire et archéologie_d, histoire et philosophie des sciences_d, études des sciences_t, histoire intellectuelle_t, époque moderne_t, xviie siècle_t;Datasets/all_labels_train_gensim_sparse_matrix.npz
leibnizarc.hypotheses.org/839;éducation_d, histoire et archéologie_d, sciences de l'information et bibliothéconomie_d, études des sciences_t, histoire industrielle_t, histoire de l'art_t;Datasets/all_labels_train_gensim_sparse_matrix.npz
dokunstlmu.hypotheses.org/1552;arts et humanités_d, histoire intellectuelle_t;Datasets/all_labels_train_gensim_sparse_matrix.npz
archivewk1.hypotheses.org/11759;histoire_d, époque contemporaine_t, 1914-1918_t;Datasets/all_labels_train_gensim_sparse_matrix.npz
tagebuch.hypotheses.org/1136;histoire et archéologie_d, histoire_d, histoire_t, époque contemporaine_t, 1914-1918_t;Datasets/all_labels_train_gensim_sparse_matrix.npz
archivalia.hypotheses.org/9602;histoire et archéologie_d, sciences sociales interdisciplinaires_d, histoire_t, approches de corpus_t, enquêtes_t, archives_t;Datasets/all_labels_train_gensim_sparse_matrix.npz
archivalia.hypotheses.org/3678;histoire et archéologie_d, sciences sociales interdisciplinaires_d, histoire_t, approches de corpus_t, enquêtes_t, archives_t;Datasets/all_labels_train_gensim_sparse_matrix.npz
inklusion.hypotheses.org/1205;éducation_d, travail social et politique sociale_d, sociologie du travail_t, âges de la vie_t, information_t, sciences de l'éducation_t;Datasets/all_labels_train_gensim_sparse_matrix.npz
archivewk1.hypotheses.org/29653;histoire_d, époque contemporaine_t, 1914-1918_t;Datasets/all_labels_train_gensim_sparse_matrix.npz
archivewk1.hypotheses.org/29495;histoire_d, époque contemporaine_t, 1914-1918_t;Datasets/all_labels_train_gensim_sparse_matrix.npz
archivewk1.hypotheses.org/22935;histoire_d, époque contemporaine_t, 1914-1918_t;Datasets/all_labels_train_gensim_sparse_matrix.npz
dfmfa.hypotheses.org/1211;humanités pluridisciplinaires_d, sciences sociales interdisciplinaires_d, histoire_t, moyen âge_t, haut moyen âge_t, bas moyen âge_t;Datasets/all_labels_train_gensim_sparse_matrix.npz
ordensgeschichte.hypotheses.org/2360;arts et humanités_d, humanités pluridisciplinaires_d, histoire et archéologie_d, histoire et philosophie des sciences_d, histoire_t, haut moyen âge_t, bas moyen âge_t, xviie siècle_t, xviiie siècle_t;Datasets/all_labels_train_gensim_sparse_matrix.npz
dhmuc.hypotheses.org/248;humanités pluridisciplinaires_d, communication_d, pluridisciplinarité_d, sciences sociales interdisciplinaires_d, études des sciences_t, édition électronique_t, digital humanities_t;Datasets/all_labels_train_gensim_sparse_matrix.npz
wenhua.hypotheses.org/1256;études asiatiques_d, humanités pluridisciplinaires_d, histoire_d, histoire culturelle_t, asie_t;Datasets/all_labels_train_gensim_sparse_matrix.npz
dkblog.hypotheses.org/120;histoire_d, histoire_t, époque moderne_t, xviie siècle_t;Datasets/all_labels_train_gensim_sparse_matrix.npz
archivalia.hypotheses.org/3859;histoire et archéologie_d, sciences sociales interdisciplinaires_d, histoire_t, approches de corpus_t, enquêtes_t, archives_t;Datasets/all_labels_train_gensim_sparse_matrix.npz
games.hypotheses.org/914;arts et humanités_d, humanités pluridisciplinaires_d, psychologie expérimentale_d, sciences cognitives_t, psychisme_t, psychologie_t, représentations_t, histoire de l'art_t, études visuelles_t;Datasets/all_labels_train_gensim_sparse_matrix.npz
quadrivium.hypotheses.org/111;pluridisciplinarité_d, histoire des sciences_t, histoire_t, histoire et sociologie des médias_t, historiographie_t, moyen âge_t, haut moyen âge_t;Datasets/all_labels_train_gensim_sparse_matrix.npz
archivewk1.hypotheses.org/10418;histoire_d, époque contemporaine_t, 1914-1918_t;Datasets/all_labels_train_gensim_sparse_matrix.npz
medienbildung.hypotheses.org/7220;éducation_d, éducation spécialisée_d, travail social_d, sociologie_t, édition électronique_t, histoire et sociologie des médias_t, éducation_t;Datasets/all_labels_train_gensim_sparse_matrix.npz
smdr.hypotheses.org/140;histoire_d, histoire_t, xviie siècle_t, xviiie siècle_t, monde germanique_t, pays baltes et scandinaves_t;Datasets/all_labels_train_gensim_sparse_matrix.npz
beruf.hypotheses.org/189;histoire et archéologie_d, histoire_d, histoire_t;Datasets/all_labels_train_gensim_sparse_matrix.npz
geschichtsadmin.hypotheses.org/244;éducation_d, histoire_d, sociologie du travail_t, histoire_t;Datasets/all_labels_train_gensim_sparse_matrix.npz
archivalia.hypotheses.org/59166;histoire et archéologie_d, sciences sociales interdisciplinaires_d, histoire_t, approches de corpus_t, enquêtes_t, archives_t;Datasets/all_labels_train_gensim_sparse_matrix.npz
archivewk1.hypotheses.org/3794;histoire_d, époque contemporaine_t, 1914-1918_t;Datasets/all_labels_train_gensim_sparse_matrix.npz
bloghaus.hypotheses.org/1232;pluridisciplinarité_d, sciences sociales interdisciplinaires_d, information_t, digital humanities_t;Datasets/all_labels_train_gensim_sparse_matrix.npz
aes.hypotheses.org/37;histoire_t, religions_t;Datasets/all_labels_train_gensim_sparse_matrix.npz
oberrhein.hypotheses.org/1516;religions_d, archéologie_d, histoire_d, histoire_t, moyen âge_t, france_t, monde germanique_t;Datasets/all_labels_train_gensim_sparse_matrix.npz
archivalia.hypotheses.org/2304;histoire et archéologie_d, sciences sociales interdisciplinaires_d, histoire_t, approches de corpus_t, enquêtes_t, archives_t;Datasets/all_labels_train_gensim_sparse_matrix.npz
trafo.hypotheses.org/907;pluridisciplinarité_d, sciences sociales interdisciplinaires_d, études régionales_d, sociologie_t, sociologie des religions_t, information_t, histoire culturelle_t;Datasets/all_labels_train_gensim_sparse_matrix.npz
histbav.hypotheses.org/3150;humanités pluridisciplinaires_d, histoire_d, pluridisciplinarité_d, histoire_t, monde germanique_t;Datasets/all_labels_train_gensim_sparse_matrix.npz
futurecity.hypotheses.org/253;sciences politiques_d, administration publique et développement_d, sociologie urbaine_t;Datasets/all_labels_train_gensim_sparse_matrix.npz
dhc.hypotheses.org/44;sciences sociales interdisciplinaires_d, études des sciences_t, information_t, vie de la recherche_t;Datasets/all_labels_train_gensim_sparse_matrix.npz
archivalia.hypotheses.org/6622;histoire et archéologie_d, sciences sociales interdisciplinaires_d, histoire_t, approches de corpus_t, enquêtes_t, archives_t;Datasets/all_labels_train_gensim_sparse_matrix.npz
archivalia.hypotheses.org/9649;histoire et archéologie_d, sciences sociales interdisciplinaires_d, histoire_t, approches de corpus_t, enquêtes_t, archives_t;Datasets/all_labels_train_gensim_sparse_matrix.npz
archivalia.hypotheses.org/13540;histoire et archéologie_d, sciences sociales interdisciplinaires_d, histoire_t, approches de corpus_t, enquêtes_t, archives_t;Datasets/all_labels_train_gensim_sparse_matrix.npz
bioeg.hypotheses.org/1689;histoire et archéologie_d, histoire_d, histoire_t, sciences auxiliaires de l'histoire_t, europe centrale et orientale_t, monde germanique_t;Datasets/all_labels_train_gensim_sparse_matrix.npz
archivewk1.hypotheses.org/1410;histoire_d, époque contemporaine_t, 1914-1918_t;Datasets/all_labels_train_gensim_sparse_matrix.npz
archivalia.hypotheses.org/9780;histoire et archéologie_d, sciences sociales interdisciplinaires_d, histoire_t, approches de corpus_t, enquêtes_t, archives_t;Datasets/all_labels_train_gensim_sparse_matrix.npz
lacriee.hypotheses.org/60664;sciences sociales interdisciplinaires_d, édition électronique_t;Datasets/all_labels_train_gensim_sparse_matrix.npz
mobilvideo.hypotheses.org/305;humanités pluridisciplinaires_d, éducation_d, sciences sociales interdisciplinaires_d, histoire et sociologie des médias_t, études visuelles_t, éducation_t, sciences de l'éducation_t;Datasets/all_labels_train_gensim_sparse_matrix.npz
archivewk1.hypotheses.org/11119;histoire_d, époque contemporaine_t, 1914-1918_t;Datasets/all_labels_train_gensim_sparse_matrix.npz
archivalia.hypotheses.org/4217;histoire et archéologie_d, sciences sociales interdisciplinaires_d, histoire_t, approches de corpus_t, enquêtes_t, archives_t;Datasets/all_labels_train_gensim_sparse_matrix.npz
jeunegen.hypotheses.org/728;histoire_d, pluridisciplinarité_d, histoire_t, vie de la recherche_t, moyen âge_t, haut moyen âge_t, bas moyen âge_t;Datasets/all_labels_train_gensim_sparse_matrix.npz
archivalia.hypotheses.org/2325;histoire et archéologie_d, sciences sociales interdisciplinaires_d, histoire_t, approches de corpus_t, enquêtes_t, archives_t;Datasets/all_labels_train_gensim_sparse_matrix.npz
archivalia.hypotheses.org/7457;histoire et archéologie_d, sciences sociales interdisciplinaires_d, histoire_t, approches de corpus_t, enquêtes_t, archives_t;Datasets/all_labels_train_gensim_sparse_matrix.npz
archivewk1.hypotheses.org/26255;histoire_d, époque contemporaine_t, 1914-1918_t;Datasets/all_labels_train_gensim_sparse_matrix.npz
ordensgeschichte.hypotheses.org/8150;arts et humanités_d, humanités pluridisciplinaires_d, histoire et archéologie_d, histoire et philosophie des sciences_d, histoire_t, haut moyen âge_t, bas moyen âge_t, xviie siècle_t, xviiie siècle_t;Datasets/all_labels_train_gensim_sparse_matrix.npz
dokunstlmu.hypotheses.org/1725;arts et humanités_d, histoire intellectuelle_t;Datasets/all_labels_train_gensim_sparse_matrix.npz
cereg.hypotheses.org/275;arts et humanités_d, histoire_d, littérature_d, monde germanique_t;Datasets/all_labels_train_gensim_sparse_matrix.npz
lvrafz.hypotheses.org/1768;pluridisciplinarité_d, information_t;Datasets/all_labels_train_gensim_sparse_matrix.npz
inklusion.hypotheses.org/626;éducation_d, travail social et politique sociale_d, sociologie du travail_t, âges de la vie_t, information_t, sciences de l'éducation_t;Datasets/all_labels_train_gensim_sparse_matrix.npz
dislab.hypotheses.org/1888;sciences sociales interdisciplinaires_d, langue et linguistique_d, sociologie des sciences_t, linguistique_t;Datasets/all_labels_train_gensim_sparse_matrix.npz
archivewk1.hypotheses.org/12807;histoire_d, époque contemporaine_t, 1914-1918_t;Datasets/all_labels_train_gensim_sparse_matrix.npz
archivamt.hypotheses.org/2317;communication_d, pluridisciplinarité_d, sciences sociales interdisciplinaires_d, information_t, sciences de l'information_t, représentations_t, patrimoine_t;Datasets/all_labels_train_gensim_sparse_matrix.npz
minuseinsebene.hypotheses.org/1069;archéologie_d, histoire urbaine_t, histoire des religions_t, moyen âge_t, haut moyen âge_t, monde germanique_t;Datasets/all_labels_train_gensim_sparse_matrix.npz
archivewk1.hypotheses.org/3851;histoire_d, époque contemporaine_t, 1914-1918_t;Datasets/all_labels_train_gensim_sparse_matrix.npz
archivalia.hypotheses.org/8255;histoire et archéologie_d, sciences sociales interdisciplinaires_d, histoire_t, approches de corpus_t, enquêtes_t, archives_t;Datasets/all_labels_train_gensim_sparse_matrix.npz
archivewk1.hypotheses.org/11485;histoire_d, époque contemporaine_t, 1914-1918_t;Datasets/all_labels_train_gensim_sparse_matrix.npz
philophiso.hypotheses.org/662;philosophie_d, éducation_d, éducation spécialisée_d, pensée_t, philosophie_t, représentations_t, patrimoine_t;Datasets/all_labels_train_gensim_sparse_matrix.npz
histbav.hypotheses.org/3684;humanités pluridisciplinaires_d, histoire_d, pluridisciplinarité_d, histoire_t, monde germanique_t;Datasets/all_labels_train_gensim_sparse_matrix.npz
musicaroma.hypotheses.org/110;musique_d, histoire_d, histoire_t, histoire culturelle_t, monde germanique_t;Datasets/all_labels_train_gensim_sparse_matrix.npz
charlemagne.hypotheses.org/335;histoire_d, histoire_t, moyen âge_t, europe centrale et orientale_t, monde germanique_t;Datasets/all_labels_train_gensim_sparse_matrix.npz
mittelalter.hypotheses.org/36;humanités pluridisciplinaires_d, religions_d, histoire_d, sociologie_d, histoire_t, histoire sociale_t, histoire intellectuelle_t, moyen âge_t, haut moyen âge_t, bas moyen âge_t;Datasets/all_labels_train_gensim_sparse_matrix.npz
bioeg.hypotheses.org/1444;histoire et archéologie_d, histoire_d, histoire_t, sciences auxiliaires de l'histoire_t, europe centrale et orientale_t, monde germanique_t;Datasets/all_labels_train_gensim_sparse_matrix.npz
archivalia.hypotheses.org/1494;histoire et archéologie_d, sciences sociales interdisciplinaires_d, histoire_t, approches de corpus_t, enquêtes_t, archives_t;Datasets/all_labels_train_gensim_sparse_matrix.npz
archivalia.hypotheses.org/974;histoire et archéologie_d, sciences sociales interdisciplinaires_d, histoire_t, approches de corpus_t, enquêtes_t, archives_t;Datasets/all_labels_train_gensim_sparse_matrix.npz
games.hypotheses.org/137;arts et humanités_d, humanités pluridisciplinaires_d, psychologie expérimentale_d, sciences cognitives_t, psychisme_t, psychologie_t, représentations_t, histoire de l'art_t, études visuelles_t;Datasets/all_labels_train_gensim_sparse_matrix.npz
inklusion.hypotheses.org/1546;éducation_d, travail social et politique sociale_d, sociologie du travail_t, âges de la vie_t, information_t, sciences de l'éducation_t;Datasets/all_labels_train_gensim_sparse_matrix.npz
1914lvr.hypotheses.org/1265;sciences politiques_d, histoire_t, époque contemporaine_t, 1914-1918_t;Datasets/all_labels_train_gensim_sparse_matrix.npz
archivewk1.hypotheses.org/28094;histoire_d, époque contemporaine_t, 1914-1918_t;Datasets/all_labels_train_gensim_sparse_matrix.npz
grk1919.hypotheses.org/208;histoire et archéologie_d, histoire et philosophie des sciences_d, histoire_t;Datasets/all_labels_train_gensim_sparse_matrix.npz
redaktionsblog.hypotheses.org/2859;arts et humanités_d, humanités pluridisciplinaires_d, épistémologie et méthodes_t, digital humanities_t;Datasets/all_labels_train_gensim_sparse_matrix.npz
digigw.hypotheses.org/1147;humanités pluridisciplinaires_d, histoire_t, édition électronique_t, sciences auxiliaires de l'histoire_t, digital humanities_t;Datasets/all_labels_train_gensim_sparse_matrix.npz
ordensgeschichte.hypotheses.org/3900;arts et humanités_d, humanités pluridisciplinaires_d, histoire et archéologie_d, histoire et philosophie des sciences_d, histoire_t, haut moyen âge_t, bas moyen âge_t, xviie siècle_t, xviiie siècle_t;Datasets/all_labels_train_gensim_sparse_matrix.npz
archivalia.hypotheses.org/6300;histoire et archéologie_d, sciences sociales interdisciplinaires_d, histoire_t, approches de corpus_t, enquêtes_t, archives_t;Datasets/all_labels_train_gensim_sparse_matrix.npz
ordensgeschichte.hypotheses.org/9672;arts et humanités_d, humanités pluridisciplinaires_d, histoire et archéologie_d, histoire et philosophie des sciences_d, histoire_t, haut moyen âge_t, bas moyen âge_t, xviie siècle_t, xviiie siècle_t;Datasets/all_labels_train_gensim_sparse_matrix.npz
gab.hypotheses.org/1518;histoire et archéologie_d, pluridisciplinarité_d, sciences sociales interdisciplinaires_d, études des sciences_t, sociologie des sciences_t, histoire_t;Datasets/all_labels_train_gensim_sparse_matrix.npz
ordensgeschichte.hypotheses.org/3874;arts et humanités_d, humanités pluridisciplinaires_d, histoire et archéologie_d, histoire et philosophie des sciences_d, histoire_t, haut moyen âge_t, bas moyen âge_t, xviie siècle_t, xviiie siècle_t;Datasets/all_labels_train_gensim_sparse_matrix.npz
histbav.hypotheses.org/4079;humanités pluridisciplinaires_d, histoire_d, pluridisciplinarité_d, histoire_t, monde germanique_t;Datasets/all_labels_train_gensim_sparse_matrix.npz
tagebuch.hypotheses.org/779;histoire et archéologie_d, histoire_d, histoire_t, époque contemporaine_t, 1914-1918_t;Datasets/all_labels_train_gensim_sparse_matrix.npz
dkblog.hypotheses.org/996;histoire_d, histoire_t, époque moderne_t, xviie siècle_t;Datasets/all_labels_train_gensim_sparse_matrix.npz
dokunstlmu.hypotheses.org/80;arts et humanités_d, histoire intellectuelle_t;Datasets/all_labels_train_gensim_sparse_matrix.npz
archivalia.hypotheses.org/8520;histoire et archéologie_d, sciences sociales interdisciplinaires_d, histoire_t, approches de corpus_t, enquêtes_t, archives_t;Datasets/all_labels_train_gensim_sparse_matrix.npz
tagebuch.hypotheses.org/1148;histoire et archéologie_d, histoire_d, histoire_t, époque contemporaine_t, 1914-1918_t;Datasets/all_labels_train_gensim_sparse_matrix.npz
archivalia.hypotheses.org/12819;histoire et archéologie_d, sciences sociales interdisciplinaires_d, histoire_t, approches de corpus_t, enquêtes_t, archives_t;Datasets/all_labels_train_gensim_sparse_matrix.npz
archivalia.hypotheses.org/13029;histoire et archéologie_d, sciences sociales interdisciplinaires_d, histoire_t, approches de corpus_t, enquêtes_t, archives_t;Datasets/all_labels_train_gensim_sparse_matrix.npz
archivamt.hypotheses.org/2479;communication_d, pluridisciplinarité_d, sciences sociales interdisciplinaires_d, information_t, sciences de l'information_t, représentations_t, patrimoine_t;Datasets/all_labels_train_gensim_sparse_matrix.npz
histbav.hypotheses.org/205;humanités pluridisciplinaires_d, histoire_d, pluridisciplinarité_d, histoire_t, monde germanique_t;Datasets/all_labels_train_gensim_sparse_matrix.npz
archivalia.hypotheses.org/12800;histoire et archéologie_d, sciences sociales interdisciplinaires_d, histoire_t, approches de corpus_t, enquêtes_t, archives_t;Datasets/all_labels_train_gensim_sparse_matrix.npz
erinnerung.hypotheses.org/74;histoire et archéologie_d, histoire_t, xxe siècle_t, prospectives_t, europe_t;Datasets/all_labels_train_gensim_sparse_matrix.npz
archivekod.hypotheses.org/129;religions_d, histoire et archéologie_d, sciences de l'information et de la communication_d, bibliothéconomie_d, communication_d, histoire_t, histoire des religions_t, patrimoine_t;Datasets/all_labels_train_gensim_sparse_matrix.npz
dhc.hypotheses.org/77;sciences sociales interdisciplinaires_d, études des sciences_t, information_t, vie de la recherche_t;Datasets/all_labels_train_gensim_sparse_matrix.npz
archivewk1.hypotheses.org/23144;histoire_d, époque contemporaine_t, 1914-1918_t;Datasets/all_labels_train_gensim_sparse_matrix.npz
archivewk1.hypotheses.org/22961;histoire_d, époque contemporaine_t, 1914-1918_t;Datasets/all_labels_train_gensim_sparse_matrix.npz
archivewk1.hypotheses.org/5996;histoire_d, époque contemporaine_t, 1914-1918_t;Datasets/all_labels_train_gensim_sparse_matrix.npz
gid.hypotheses.org/726;pluridisciplinarité_d, sciences sociales interdisciplinaires_d, études des sciences_t, histoire des sciences_t, pensée_t, histoire intellectuelle_t, histoire culturelle_t, prospectives_t;Datasets/all_labels_train_gensim_sparse_matrix.npz
archivalia.hypotheses.org/3344;histoire et archéologie_d, sciences sociales interdisciplinaires_d, histoire_t, approches de corpus_t, enquêtes_t, archives_t;Datasets/all_labels_train_gensim_sparse_matrix.npz
archivalia.hypotheses.org/728;histoire et archéologie_d, sciences sociales interdisciplinaires_d, histoire_t, approches de corpus_t, enquêtes_t, archives_t;Datasets/all_labels_train_gensim_sparse_matrix.npz
mindthegaps.hypotheses.org/1103;études asiatiques_d, histoire_d, histoire_t, histoire culturelle_t, asie_t, chine_t;Datasets/all_labels_train_gensim_sparse_matrix.npz
archivamt.hypotheses.org/2492;communication_d, pluridisciplinarité_d, sciences sociales interdisciplinaires_d, information_t, sciences de l'information_t, représentations_t, patrimoine_t;Datasets/all_labels_train_gensim_sparse_matrix.npz
archivewk1.hypotheses.org/19822;histoire_d, époque contemporaine_t, 1914-1918_t;Datasets/all_labels_train_gensim_sparse_matrix.npz
archivewk1.hypotheses.org/16284;histoire_d, époque contemporaine_t, 1914-1918_t;Datasets/all_labels_train_gensim_sparse_matrix.npz
ordensgeschichte.hypotheses.org/3159;arts et humanités_d, humanités pluridisciplinaires_d, histoire et archéologie_d, histoire et philosophie des sciences_d, histoire_t, haut moyen âge_t, bas moyen âge_t, xviie siècle_t, xviiie siècle_t;Datasets/all_labels_train_gensim_sparse_matrix.npz
erinnerung.hypotheses.org/387;histoire et archéologie_d, histoire_t, xxe siècle_t, prospectives_t, europe_t;Datasets/all_labels_train_gensim_sparse_matrix.npz
archivalia.hypotheses.org/8568;histoire et archéologie_d, sciences sociales interdisciplinaires_d, histoire_t, approches de corpus_t, enquêtes_t, archives_t;Datasets/all_labels_train_gensim_sparse_matrix.npz
archivalia.hypotheses.org/57450;histoire et archéologie_d, sciences sociales interdisciplinaires_d, histoire_t, approches de corpus_t, enquêtes_t, archives_t;Datasets/all_labels_train_gensim_sparse_matrix.npz
wppluslw.hypotheses.org/453;littérature_d, littératures_t, édition électronique_t, épistémologie et méthodes_t, approches de corpus_t, enquêtes_t, archives_t, monde germanique_t;Datasets/all_labels_train_gensim_sparse_matrix.npz
resilienz.hypotheses.org/342;pluridisciplinarité_d, sciences sociales interdisciplinaires_d, études des sciences_t, épistémologie et méthodes_t, vie de la recherche_t, prospectives_t;Datasets/all_labels_train_gensim_sparse_matrix.npz
archivamt.hypotheses.org/3685;communication_d, pluridisciplinarité_d, sciences sociales interdisciplinaires_d, information_t, sciences de l'information_t, représentations_t, patrimoine_t;Datasets/all_labels_train_gensim_sparse_matrix.npz
archivalia.hypotheses.org/6667;histoire et archéologie_d, sciences sociales interdisciplinaires_d, histoire_t, approches de corpus_t, enquêtes_t, archives_t;Datasets/all_labels_train_gensim_sparse_matrix.npz
archivalia.hypotheses.org/6917;histoire et archéologie_d, sciences sociales interdisciplinaires_d, histoire_t, approches de corpus_t, enquêtes_t, archives_t;Datasets/all_labels_train_gensim_sparse_matrix.npz
1914lvr.hypotheses.org/1287;sciences politiques_d, histoire_t, époque contemporaine_t, 1914-1918_t;Datasets/all_labels_train_gensim_sparse_matrix.npz
archive20.hypotheses.org/1326;pluridisciplinarité_d, sciences sociales interdisciplinaires_d, histoire_t, information_t, patrimoine_t, monde germanique_t;Datasets/all_labels_train_gensim_sparse_matrix.npz
archivewk1.hypotheses.org/33850;histoire_d, époque contemporaine_t, 1914-1918_t;Datasets/all_labels_train_gensim_sparse_matrix.npz
archivalia.hypotheses.org/4315;histoire et archéologie_d, sciences sociales interdisciplinaires_d, histoire_t, approches de corpus_t, enquêtes_t, archives_t;Datasets/all_labels_train_gensim_sparse_matrix.npz
histbav.hypotheses.org/4143;humanités pluridisciplinaires_d, histoire_d, pluridisciplinarité_d, histoire_t, monde germanique_t;Datasets/all_labels_train_gensim_sparse_matrix.npz
archivewk1.hypotheses.org/13612;histoire_d, époque contemporaine_t, 1914-1918_t;Datasets/all_labels_train_gensim_sparse_matrix.npz
archivewk1.hypotheses.org/3104;histoire_d, époque contemporaine_t, 1914-1918_t;Datasets/all_labels_train_gensim_sparse_matrix.npz
archivewk1.hypotheses.org/8985;histoire_d, époque contemporaine_t, 1914-1918_t;Datasets/all_labels_train_gensim_sparse_matrix.npz
archivalia.hypotheses.org/11624;histoire et archéologie_d, sciences sociales interdisciplinaires_d, histoire_t, approches de corpus_t, enquêtes_t, archives_t;Datasets/all_labels_train_gensim_sparse_matrix.npz
dfmfa.hypotheses.org/2244;humanités pluridisciplinaires_d, sciences sociales interdisciplinaires_d, histoire_t, moyen âge_t, haut moyen âge_t, bas moyen âge_t;Datasets/all_labels_train_gensim_sparse_matrix.npz
histbav.hypotheses.org/4597;humanités pluridisciplinaires_d, histoire_d, pluridisciplinarité_d, histoire_t, monde germanique_t;Datasets/all_labels_train_gensim_sparse_matrix.npz
archivalia.hypotheses.org/7051;histoire et archéologie_d, sciences sociales interdisciplinaires_d, histoire_t, approches de corpus_t, enquêtes_t, archives_t;Datasets/all_labels_train_gensim_sparse_matrix.npz
wppluslw.hypotheses.org/70;littérature_d, littératures_t, édition électronique_t, épistémologie et méthodes_t, approches de corpus_t, enquêtes_t, archives_t, monde germanique_t;Datasets/all_labels_train_gensim_sparse_matrix.npz
nummer.hypotheses.org/156;histoire_d, sciences de l'information et de la communication_d, bibliothéconomie_d, histoire_t, histoire intellectuelle_t, histoire et sociologie des médias_t, histoire culturelle_t;Datasets/all_labels_train_gensim_sparse_matrix.npz
archivewk1.hypotheses.org/3741;histoire_d, époque contemporaine_t, 1914-1918_t;Datasets/all_labels_train_gensim_sparse_matrix.npz
archivewk1.hypotheses.org/11125;histoire_d, époque contemporaine_t, 1914-1918_t;Datasets/all_labels_train_gensim_sparse_matrix.npz
histbav.hypotheses.org/3382;humanités pluridisciplinaires_d, histoire_d, pluridisciplinarité_d, histoire_t, monde germanique_t;Datasets/all_labels_train_gensim_sparse_matrix.npz
ecoglobreg.hypotheses.org/224;histoire_d, sciences politiques_d, histoire_t, 1945-1989_t;Datasets/all_labels_train_gensim_sparse_matrix.npz
archivalia.hypotheses.org/7305;histoire et archéologie_d, sciences sociales interdisciplinaires_d, histoire_t, approches de corpus_t, enquêtes_t, archives_t;Datasets/all_labels_train_gensim_sparse_matrix.npz
rkb.hypotheses.org/176;arts et humanités_d, communication_d, sciences de l'information et bibliothéconomie_d, sociologie des sciences_t, édition électronique_t, histoire et sociologie des médias_t;Datasets/all_labels_train_gensim_sparse_matrix.npz
archivalia.hypotheses.org/1847;histoire et archéologie_d, sciences sociales interdisciplinaires_d, histoire_t, approches de corpus_t, enquêtes_t, archives_t;Datasets/all_labels_train_gensim_sparse_matrix.npz
sdvigpress.hypotheses.org/340;langue et linguistique_d, philosophie_d, humanités pluridisciplinaires_d, épistémologie et méthodes_t, digital humanities_t, europe centrale et orientale_t, édition électronique_t, linguistique_t;Datasets/all_labels_train_gensim_sparse_matrix.npz
1914lvr.hypotheses.org/218;sciences politiques_d, histoire_t, époque contemporaine_t, 1914-1918_t;Datasets/all_labels_train_gensim_sparse_matrix.npz
archive20.hypotheses.org/2986;pluridisciplinarité_d, sciences sociales interdisciplinaires_d, histoire_t, information_t, patrimoine_t, monde germanique_t;Datasets/all_labels_train_gensim_sparse_matrix.npz
heraldica.hypotheses.org/4901;histoire_d, histoire_t, historiographie_t, sciences auxiliaires de l'histoire_t, moyen âge_t, haut moyen âge_t;Datasets/all_labels_train_gensim_sparse_matrix.npz
intersex.hypotheses.org/1769;histoire_d, biomédecine_d, étude des genres_t, histoire des sciences_t, histoire_t, histoire du droit_t, moyen âge_t, xxie siècle_t;Datasets/all_labels_train_gensim_sparse_matrix.npz
archivewk1.hypotheses.org/4837;histoire_d, époque contemporaine_t, 1914-1918_t;Datasets/all_labels_train_gensim_sparse_matrix.npz
1914lvr.hypotheses.org/700;sciences politiques_d, histoire_t, époque contemporaine_t, 1914-1918_t;Datasets/all_labels_train_gensim_sparse_matrix.npz
archivewk1.hypotheses.org/17318;histoire_d, époque contemporaine_t, 1914-1918_t;Datasets/all_labels_train_gensim_sparse_matrix.npz
soziologieblog.hypotheses.org/6362;sciences sociales interdisciplinaires_d, sociologie et anthropologie_d, sociologie du travail_t, sociologie urbaine_t, sociologie de la culture_t, sociologie économique_t;Datasets/all_labels_train_gensim_sparse_matrix.npz
bereschitrabba.hypotheses.org/1055;arts et humanités_d, religions_d, langue et linguistique_d, religions_t, histoire des religions_t;Datasets/all_labels_train_gensim_sparse_matrix.npz
archivewk1.hypotheses.org/26436;histoire_d, époque contemporaine_t, 1914-1918_t;Datasets/all_labels_train_gensim_sparse_matrix.npz
leibnizarc.hypotheses.org/886;éducation_d, histoire et archéologie_d, sciences de l'information et bibliothéconomie_d, études des sciences_t, histoire industrielle_t, histoire de l'art_t;Datasets/all_labels_train_gensim_sparse_matrix.npz
dfmfa.hypotheses.org/2325;humanités pluridisciplinaires_d, sciences sociales interdisciplinaires_d, histoire_t, moyen âge_t, haut moyen âge_t, bas moyen âge_t;Datasets/all_labels_train_gensim_sparse_matrix.npz
games.hypotheses.org/892;arts et humanités_d, humanités pluridisciplinaires_d, psychologie expérimentale_d, sciences cognitives_t, psychisme_t, psychologie_t, représentations_t, histoire de l'art_t, études visuelles_t;Datasets/all_labels_train_gensim_sparse_matrix.npz
archivewk1.hypotheses.org/10701;histoire_d, époque contemporaine_t, 1914-1918_t;Datasets/all_labels_train_gensim_sparse_matrix.npz
musicaroma.hypotheses.org/295;musique_d, histoire_d, histoire_t, histoire culturelle_t, monde germanique_t;Datasets/all_labels_train_gensim_sparse_matrix.npz
archivalia.hypotheses.org/14218;histoire et archéologie_d, sciences sociales interdisciplinaires_d, histoire_t, approches de corpus_t, enquêtes_t, archives_t;Datasets/all_labels_train_gensim_sparse_matrix.npz
archivalia.hypotheses.org/8845;histoire et archéologie_d, sciences sociales interdisciplinaires_d, histoire_t, approches de corpus_t, enquêtes_t, archives_t;Datasets/all_labels_train_gensim_sparse_matrix.npz
archivalia.hypotheses.org/1441;histoire et archéologie_d, sciences sociales interdisciplinaires_d, histoire_t, approches de corpus_t, enquêtes_t, archives_t;Datasets/all_labels_train_gensim_sparse_matrix.npz
mindthegaps.hypotheses.org/2146;études asiatiques_d, histoire_d, histoire_t, histoire culturelle_t, asie_t, chine_t;Datasets/all_labels_train_gensim_sparse_matrix.npz
archivalia.hypotheses.org/1395;histoire et archéologie_d, sciences sociales interdisciplinaires_d, histoire_t, approches de corpus_t, enquêtes_t, archives_t;Datasets/all_labels_train_gensim_sparse_matrix.npz
mittelalter.hypotheses.org/5181;humanités pluridisciplinaires_d, religions_d, histoire_d, sociologie_d, histoire_t, histoire sociale_t, histoire intellectuelle_t, moyen âge_t, haut moyen âge_t, bas moyen âge_t;Datasets/all_labels_train_gensim_sparse_matrix.npz
unibloggt.hypotheses.org/172;histoire et archéologie_d, pluridisciplinarité_d, histoire_t, information_t;Datasets/all_labels_train_gensim_sparse_matrix.npz
resilienz.hypotheses.org/1110;pluridisciplinarité_d, sciences sociales interdisciplinaires_d, études des sciences_t, épistémologie et méthodes_t, vie de la recherche_t, prospectives_t;Datasets/all_labels_train_gensim_sparse_matrix.npz
archivewk1.hypotheses.org/24275;histoire_d, époque contemporaine_t, 1914-1918_t;Datasets/all_labels_train_gensim_sparse_matrix.npz
grandeguerre.hypotheses.org/1807;histoire et archéologie_d, histoire_t, 1914-1918_t, prospectives_t, france_t, monde germanique_t;Datasets/all_labels_train_gensim_sparse_matrix.npz
archivalia.hypotheses.org/11840;histoire et archéologie_d, sciences sociales interdisciplinaires_d, histoire_t, approches de corpus_t, enquêtes_t, archives_t;Datasets/all_labels_train_gensim_sparse_matrix.npz
archivewk1.hypotheses.org/28068;histoire_d, époque contemporaine_t, 1914-1918_t;Datasets/all_labels_train_gensim_sparse_matrix.npz
ordensgeschichte.hypotheses.org/399;arts et humanités_d, humanités pluridisciplinaires_d, histoire et archéologie_d, histoire et philosophie des sciences_d, histoire_t, haut moyen âge_t, bas moyen âge_t, xviie siècle_t, xviiie siècle_t;Datasets/all_labels_train_gensim_sparse_matrix.npz
archivalia.hypotheses.org/1968;histoire et archéologie_d, sciences sociales interdisciplinaires_d, histoire_t, approches de corpus_t, enquêtes_t, archives_t;Datasets/all_labels_train_gensim_sparse_matrix.npz
archivalia.hypotheses.org/10129;histoire et archéologie_d, sciences sociales interdisciplinaires_d, histoire_t, approches de corpus_t, enquêtes_t, archives_t;Datasets/all_labels_train_gensim_sparse_matrix.npz
bioeg.hypotheses.org/243;histoire et archéologie_d, histoire_d, histoire_t, sciences auxiliaires de l'histoire_t, europe centrale et orientale_t, monde germanique_t;Datasets/all_labels_train_gensim_sparse_matrix.npz
archivewk1.hypotheses.org/40;histoire_d, époque contemporaine_t, 1914-1918_t;Datasets/all_labels_train_gensim_sparse_matrix.npz
ordensgeschichte.hypotheses.org/4174;arts et humanités_d, humanités pluridisciplinaires_d, histoire et archéologie_d, histoire et philosophie des sciences_d, histoire_t, haut moyen âge_t, bas moyen âge_t, xviie siècle_t, xviiie siècle_t;Datasets/all_labels_train_gensim_sparse_matrix.npz
lvrafz.hypotheses.org/849;pluridisciplinarité_d, information_t;Datasets/all_labels_train_gensim_sparse_matrix.npz
erinnern.hypotheses.org/584;éducation et sciences de l'éducation_d, histoire_d, histoire_t, éducation_t, 1918-1939_t, 1939-1945_t, 1945-1989_t;Datasets/all_labels_train_gensim_sparse_matrix.npz
archivalia.hypotheses.org/5027;histoire et archéologie_d, sciences sociales interdisciplinaires_d, histoire_t, approches de corpus_t, enquêtes_t, archives_t;Datasets/all_labels_train_gensim_sparse_matrix.npz
nordichistoryblog.hypotheses.org/206;arts et humanités_d, histoire et archéologie_d, histoire_t, édition électronique_t, vie de la recherche_t, approches de corpus_t, enquêtes_t, archives_t, europe_t, pays baltes et scandinaves_t;Datasets/all_labels_train_gensim_sparse_matrix.npz
ostblog.hypotheses.org/290;histoire_d, économie_d, histoire_t;Datasets/all_labels_train_gensim_sparse_matrix.npz
tagebuch.hypotheses.org/673;histoire et archéologie_d, histoire_d, histoire_t, époque contemporaine_t, 1914-1918_t;Datasets/all_labels_train_gensim_sparse_matrix.npz
barblog.hypotheses.org/962;sciences sociales interdisciplinaires_d, sciences politiques_d, sociologie_d, anthropologie politique_t;Datasets/all_labels_train_gensim_sparse_matrix.npz
archivalia.hypotheses.org/54598;histoire et archéologie_d, sciences sociales interdisciplinaires_d, histoire_t, approches de corpus_t, enquêtes_t, archives_t;Datasets/all_labels_train_gensim_sparse_matrix.npz
soziologieblog.hypotheses.org/7271;sciences sociales interdisciplinaires_d, sociologie et anthropologie_d, sociologie du travail_t, sociologie urbaine_t, sociologie de la culture_t, sociologie économique_t;Datasets/all_labels_train_gensim_sparse_matrix.npz
histbav.hypotheses.org/4441;humanités pluridisciplinaires_d, histoire_d, pluridisciplinarité_d, histoire_t, monde germanique_t;Datasets/all_labels_train_gensim_sparse_matrix.npz
dhdhi.hypotheses.org/1220;histoire et archéologie_d, histoire_t, épistémologie et méthodes_t, digital humanities_t;Datasets/all_labels_train_gensim_sparse_matrix.npz
dkblog.hypotheses.org/802;histoire_d, histoire_t, époque moderne_t, xviie siècle_t;Datasets/all_labels_train_gensim_sparse_matrix.npz
tagebuch.hypotheses.org/1342;histoire et archéologie_d, histoire_d, histoire_t, époque contemporaine_t, 1914-1918_t;Datasets/all_labels_train_gensim_sparse_matrix.npz
histbav.hypotheses.org/1668;humanités pluridisciplinaires_d, histoire_d, pluridisciplinarité_d, histoire_t, monde germanique_t;Datasets/all_labels_train_gensim_sparse_matrix.npz
archivewk1.hypotheses.org/19156;histoire_d, époque contemporaine_t, 1914-1918_t;Datasets/all_labels_train_gensim_sparse_matrix.npz
tagebuch.hypotheses.org/979;histoire et archéologie_d, histoire_d, histoire_t, époque contemporaine_t, 1914-1918_t;Datasets/all_labels_train_gensim_sparse_matrix.npz
medienbildung.hypotheses.org/7734;éducation_d, éducation spécialisée_d, travail social_d, sociologie_t, édition électronique_t, histoire et sociologie des médias_t, éducation_t;Datasets/all_labels_train_gensim_sparse_matrix.npz
archivtag.hypotheses.org/220;pluridisciplinarité_d, sciences sociales interdisciplinaires_d, histoire_t, information_t, monde germanique_t;Datasets/all_labels_train_gensim_sparse_matrix.npz
archivalia.hypotheses.org/1193;histoire et archéologie_d, sciences sociales interdisciplinaires_d, histoire_t, approches de corpus_t, enquêtes_t, archives_t;Datasets/all_labels_train_gensim_sparse_matrix.npz
archivalia.hypotheses.org/8042;histoire et archéologie_d, sciences sociales interdisciplinaires_d, histoire_t, approches de corpus_t, enquêtes_t, archives_t;Datasets/all_labels_train_gensim_sparse_matrix.npz
dkblog.hypotheses.org/55;histoire_d, histoire_t, époque moderne_t, xviie siècle_t;Datasets/all_labels_train_gensim_sparse_matrix.npz
gab.hypotheses.org/3171;histoire et archéologie_d, pluridisciplinarité_d, sciences sociales interdisciplinaires_d, études des sciences_t, sociologie des sciences_t, histoire_t;Datasets/all_labels_train_gensim_sparse_matrix.npz
kristinoswald.hypotheses.org/1513;études anciennes_d, études des sciences_t, histoire_t, histoire et sociologie des médias_t, histoire culturelle_t, digital humanities_t;Datasets/all_labels_train_gensim_sparse_matrix.npz
medialogic.hypotheses.org/155;arts et humanités_d, sciences de l'information et de la communication_d, bibliothéconomie_d, sociologie_t;Datasets/all_labels_train_gensim_sparse_matrix.npz
archivewk1.hypotheses.org/29204;histoire_d, époque contemporaine_t, 1914-1918_t;Datasets/all_labels_train_gensim_sparse_matrix.npz
archivalia.hypotheses.org/10729;histoire et archéologie_d, sciences sociales interdisciplinaires_d, histoire_t, approches de corpus_t, enquêtes_t, archives_t;Datasets/all_labels_train_gensim_sparse_matrix.npz
archivalia.hypotheses.org/3006;histoire et archéologie_d, sciences sociales interdisciplinaires_d, histoire_t, approches de corpus_t, enquêtes_t, archives_t;Datasets/all_labels_train_gensim_sparse_matrix.npz
archivalia.hypotheses.org/53786;histoire et archéologie_d, sciences sociales interdisciplinaires_d, histoire_t, approches de corpus_t, enquêtes_t, archives_t;Datasets/all_labels_train_gensim_sparse_matrix.npz
speyermemo.hypotheses.org/2385;histoire_d, pluridisciplinarité_d, sciences sociales interdisciplinaires_d, sociologie de la culture_t, histoire_t, 1939-1945_t, europe_t;Datasets/all_labels_train_gensim_sparse_matrix.npz
archivalia.hypotheses.org/2442;histoire et archéologie_d, sciences sociales interdisciplinaires_d, histoire_t, approches de corpus_t, enquêtes_t, archives_t;Datasets/all_labels_train_gensim_sparse_matrix.npz
futurecity.hypotheses.org/1;sciences politiques_d, administration publique et développement_d, sociologie urbaine_t;Datasets/all_labels_train_gensim_sparse_matrix.npz
gid.hypotheses.org/928;pluridisciplinarité_d, sciences sociales interdisciplinaires_d, études des sciences_t, histoire des sciences_t, pensée_t, histoire intellectuelle_t, histoire culturelle_t, prospectives_t;Datasets/all_labels_train_gensim_sparse_matrix.npz
achtundvierzig.hypotheses.org/277;sciences politiques_d, histoire_d, époque contemporaine_t, prospectives_t, histoire politique_t, monde germanique_t;Datasets/all_labels_train_gensim_sparse_matrix.npz
1914lvr.hypotheses.org/1597;sciences politiques_d, histoire_t, époque contemporaine_t, 1914-1918_t;Datasets/all_labels_train_gensim_sparse_matrix.npz
rkb.hypotheses.org/582;arts et humanités_d, communication_d, sciences de l'information et bibliothéconomie_d, sociologie des sciences_t, édition électronique_t, histoire et sociologie des médias_t;Datasets/all_labels_train_gensim_sparse_matrix.npz
archivalia.hypotheses.org/481;histoire et archéologie_d, sciences sociales interdisciplinaires_d, histoire_t, approches de corpus_t, enquêtes_t, archives_t;Datasets/all_labels_train_gensim_sparse_matrix.npz
archivalia.hypotheses.org/8741;histoire et archéologie_d, sciences sociales interdisciplinaires_d, histoire_t, approches de corpus_t, enquêtes_t, archives_t;Datasets/all_labels_train_gensim_sparse_matrix.npz
histbav.hypotheses.org/4761;humanités pluridisciplinaires_d, histoire_d, pluridisciplinarité_d, histoire_t, monde germanique_t;Datasets/all_labels_train_gensim_sparse_matrix.npz
ordensgeschichte.hypotheses.org/10929;arts et humanités_d, humanités pluridisciplinaires_d, histoire et archéologie_d, histoire et philosophie des sciences_d, histoire_t, haut moyen âge_t, bas moyen âge_t, xviie siècle_t, xviiie siècle_t;Datasets/all_labels_train_gensim_sparse_matrix.npz
archivamt.hypotheses.org/2547;communication_d, pluridisciplinarité_d, sciences sociales interdisciplinaires_d, information_t, sciences de l'information_t, représentations_t, patrimoine_t;Datasets/all_labels_train_gensim_sparse_matrix.npz
archivalia.hypotheses.org/10669;histoire et archéologie_d, sciences sociales interdisciplinaires_d, histoire_t, approches de corpus_t, enquêtes_t, archives_t;Datasets/all_labels_train_gensim_sparse_matrix.npz
archivamt.hypotheses.org/1751;communication_d, pluridisciplinarité_d, sciences sociales interdisciplinaires_d, information_t, sciences de l'information_t, représentations_t, patrimoine_t;Datasets/all_labels_train_gensim_sparse_matrix.npz
histbav.hypotheses.org/3833;humanités pluridisciplinaires_d, histoire_d, pluridisciplinarité_d, histoire_t, monde germanique_t;Datasets/all_labels_train_gensim_sparse_matrix.npz
archivalia.hypotheses.org/2574;histoire et archéologie_d, sciences sociales interdisciplinaires_d, histoire_t, approches de corpus_t, enquêtes_t, archives_t;Datasets/all_labels_train_gensim_sparse_matrix.npz
dighist.hypotheses.org/104;histoire_d, sciences sociales interdisciplinaires_d, études sur la famille_d, sociologie_d, histoire urbaine_t, histoire sociale_t, europe centrale et orientale_t;Datasets/all_labels_train_gensim_sparse_matrix.npz
bereschitrabba.hypotheses.org/531;arts et humanités_d, religions_d, langue et linguistique_d, religions_t, histoire des religions_t;Datasets/all_labels_train_gensim_sparse_matrix.npz
aes.hypotheses.org/329;histoire_t, religions_t;Datasets/all_labels_train_gensim_sparse_matrix.npz
inklusion.hypotheses.org/1980;éducation_d, travail social et politique sociale_d, sociologie du travail_t, âges de la vie_t, information_t, sciences de l'éducation_t;Datasets/all_labels_train_gensim_sparse_matrix.npz
archivewk1.hypotheses.org/24567;histoire_d, époque contemporaine_t, 1914-1918_t;Datasets/all_labels_train_gensim_sparse_matrix.npz
tagebuch.hypotheses.org/308;histoire et archéologie_d, histoire_d, histoire_t, époque contemporaine_t, 1914-1918_t;Datasets/all_labels_train_gensim_sparse_matrix.npz
archivalia.hypotheses.org/13348;histoire et archéologie_d, sciences sociales interdisciplinaires_d, histoire_t, approches de corpus_t, enquêtes_t, archives_t;Datasets/all_labels_train_gensim_sparse_matrix.npz
dhdhi.hypotheses.org/1228;histoire et archéologie_d, histoire_t, épistémologie et méthodes_t, digital humanities_t;Datasets/all_labels_train_gensim_sparse_matrix.npz
histbav.hypotheses.org/3572;humanités pluridisciplinaires_d, histoire_d, pluridisciplinarité_d, histoire_t, monde germanique_t;Datasets/all_labels_train_gensim_sparse_matrix.npz
gab.hypotheses.org/2482;histoire et archéologie_d, pluridisciplinarité_d, sciences sociales interdisciplinaires_d, études des sciences_t, sociologie des sciences_t, histoire_t;Datasets/all_labels_train_gensim_sparse_matrix.npz
medialogic.hypotheses.org/312;arts et humanités_d, sciences de l'information et de la communication_d, bibliothéconomie_d, sociologie_t;Datasets/all_labels_train_gensim_sparse_matrix.npz
archivalia.hypotheses.org/5053;histoire et archéologie_d, sciences sociales interdisciplinaires_d, histoire_t, approches de corpus_t, enquêtes_t, archives_t;Datasets/all_labels_train_gensim_sparse_matrix.npz
mittelalter.hypotheses.org/2728;humanités pluridisciplinaires_d, religions_d, histoire_d, sociologie_d, histoire_t, histoire sociale_t, histoire intellectuelle_t, moyen âge_t, haut moyen âge_t, bas moyen âge_t;Datasets/all_labels_train_gensim_sparse_matrix.npz
archivewk1.hypotheses.org/7264;histoire_d, époque contemporaine_t, 1914-1918_t;Datasets/all_labels_train_gensim_sparse_matrix.npz
archivamt.hypotheses.org/3840;communication_d, pluridisciplinarité_d, sciences sociales interdisciplinaires_d, information_t, sciences de l'information_t, représentations_t, patrimoine_t;Datasets/all_labels_train_gensim_sparse_matrix.npz
19jhdhip.hypotheses.org/1668;histoire_d, époque contemporaine_t, prospectives_t, france_t, monde germanique_t;Datasets/all_labels_train_gensim_sparse_matrix.npz
histbav.hypotheses.org/2661;humanités pluridisciplinaires_d, histoire_d, pluridisciplinarité_d, histoire_t, monde germanique_t;Datasets/all_labels_train_gensim_sparse_matrix.npz
archivalia.hypotheses.org/5877;histoire et archéologie_d, sciences sociales interdisciplinaires_d, histoire_t, approches de corpus_t, enquêtes_t, archives_t;Datasets/all_labels_train_gensim_sparse_matrix.npz
mittelalter.hypotheses.org/9249;humanités pluridisciplinaires_d, religions_d, histoire_d, sociologie_d, histoire_t, histoire sociale_t, histoire intellectuelle_t, moyen âge_t, haut moyen âge_t, bas moyen âge_t;Datasets/all_labels_train_gensim_sparse_matrix.npz
dhtg.hypotheses.org/242;histoire et archéologie_d, sciences de l'information et de la communication_d, bibliothéconomie_d, histoire_t, sciences de l'information_t, 1939-1945_t, 1945-1989_t;Datasets/all_labels_train_gensim_sparse_matrix.npz
tagebuch.hypotheses.org/859;histoire et archéologie_d, histoire_d, histoire_t, époque contemporaine_t, 1914-1918_t;Datasets/all_labels_train_gensim_sparse_matrix.npz
speyermemo.hypotheses.org/2394;histoire_d, pluridisciplinarité_d, sciences sociales interdisciplinaires_d, sociologie de la culture_t, histoire_t, 1939-1945_t, europe_t;Datasets/all_labels_train_gensim_sparse_matrix.npz
archivewk1.hypotheses.org/2031;histoire_d, époque contemporaine_t, 1914-1918_t;Datasets/all_labels_train_gensim_sparse_matrix.npz
archivalia.hypotheses.org/13297;histoire et archéologie_d, sciences sociales interdisciplinaires_d, histoire_t, approches de corpus_t, enquêtes_t, archives_t;Datasets/all_labels_train_gensim_sparse_matrix.npz
archivewk1.hypotheses.org/30663;histoire_d, époque contemporaine_t, 1914-1918_t;Datasets/all_labels_train_gensim_sparse_matrix.npz
geschichtsadmin.hypotheses.org/427;éducation_d, histoire_d, sociologie du travail_t, histoire_t;Datasets/all_labels_train_gensim_sparse_matrix.npz
lvrafz.hypotheses.org/572;pluridisciplinarité_d, information_t;Datasets/all_labels_train_gensim_sparse_matrix.npz
dkblog.hypotheses.org/651;histoire_d, histoire_t, époque moderne_t, xviie siècle_t;Datasets/all_labels_train_gensim_sparse_matrix.npz
archivewk1.hypotheses.org/3128;histoire_d, époque contemporaine_t, 1914-1918_t;Datasets/all_labels_train_gensim_sparse_matrix.npz
archivalia.hypotheses.org/56006;histoire et archéologie_d, sciences sociales interdisciplinaires_d, histoire_t, approches de corpus_t, enquêtes_t, archives_t;Datasets/all_labels_train_gensim_sparse_matrix.npz
archivewk1.hypotheses.org/12661;histoire_d, époque contemporaine_t, 1914-1918_t;Datasets/all_labels_train_gensim_sparse_matrix.npz
archivalia.hypotheses.org/8203;histoire et archéologie_d, sciences sociales interdisciplinaires_d, histoire_t, approches de corpus_t, enquêtes_t, archives_t;Datasets/all_labels_train_gensim_sparse_matrix.npz
mittelalter.hypotheses.org/7531;humanités pluridisciplinaires_d, religions_d, histoire_d, sociologie_d, histoire_t, histoire sociale_t, histoire intellectuelle_t, moyen âge_t, haut moyen âge_t, bas moyen âge_t;Datasets/all_labels_train_gensim_sparse_matrix.npz
archivalia.hypotheses.org/6724;histoire et archéologie_d, sciences sociales interdisciplinaires_d, histoire_t, approches de corpus_t, enquêtes_t, archives_t;Datasets/all_labels_train_gensim_sparse_matrix.npz
reichwein.hypotheses.org/1409;histoire et archéologie_d, histoire des sciences_t, 1945-1989_t;Datasets/all_labels_train_gensim_sparse_matrix.npz
archivalia.hypotheses.org/7998;histoire et archéologie_d, sciences sociales interdisciplinaires_d, histoire_t, approches de corpus_t, enquêtes_t, archives_t;Datasets/all_labels_train_gensim_sparse_matrix.npz
archivewk1.hypotheses.org/11971;histoire_d, époque contemporaine_t, 1914-1918_t;Datasets/all_labels_train_gensim_sparse_matrix.npz
archivalia.hypotheses.org/52396;histoire et archéologie_d, sciences sociales interdisciplinaires_d, histoire_t, approches de corpus_t, enquêtes_t, archives_t;Datasets/all_labels_train_gensim_sparse_matrix.npz
soziologieblog.hypotheses.org/8873;sciences sociales interdisciplinaires_d, sociologie et anthropologie_d, sociologie du travail_t, sociologie urbaine_t, sociologie de la culture_t, sociologie économique_t;Datasets/all_labels_train_gensim_sparse_matrix.npz
archive20.hypotheses.org/3813;pluridisciplinarité_d, sciences sociales interdisciplinaires_d, histoire_t, information_t, patrimoine_t, monde germanique_t;Datasets/all_labels_train_gensim_sparse_matrix.npz
archivalia.hypotheses.org/12936;histoire et archéologie_d, sciences sociales interdisciplinaires_d, histoire_t, approches de corpus_t, enquêtes_t, archives_t;Datasets/all_labels_train_gensim_sparse_matrix.npz
jameel.hypotheses.org/399;pluridisciplinarité_d, études régionales_d, archéologie_d, arts_d, humanités pluridisciplinaires_d, représentations_t, asie_t, digital humanities_t, histoire de l'art_t;Datasets/all_labels_train_gensim_sparse_matrix.npz
leibnizarc.hypotheses.org/809;éducation_d, histoire et archéologie_d, sciences de l'information et bibliothéconomie_d, études des sciences_t, histoire industrielle_t, histoire de l'art_t;Datasets/all_labels_train_gensim_sparse_matrix.npz
archivewk1.hypotheses.org/29440;histoire_d, époque contemporaine_t, 1914-1918_t;Datasets/all_labels_train_gensim_sparse_matrix.npz
archivewk1.hypotheses.org/15982;histoire_d, époque contemporaine_t, 1914-1918_t;Datasets/all_labels_train_gensim_sparse_matrix.npz
archivalia.hypotheses.org/53559;histoire et archéologie_d, sciences sociales interdisciplinaires_d, histoire_t, approches de corpus_t, enquêtes_t, archives_t;Datasets/all_labels_train_gensim_sparse_matrix.npz
archives.hypotheses.org/675;histoire_d, communication_d, patrimoine_t, digital humanities_t, moyen âge_t, époque moderne_t, france_t, monde germanique_t;Datasets/all_labels_train_gensim_sparse_matrix.npz
archivalia.hypotheses.org/8924;histoire et archéologie_d, sciences sociales interdisciplinaires_d, histoire_t, approches de corpus_t, enquêtes_t, archives_t;Datasets/all_labels_train_gensim_sparse_matrix.npz
nofoblog.hypotheses.org/148;arts et humanités_d, sciences sociales interdisciplinaires_d, sciences politiques_d, administration publique et développement_d, relations internationales_t, histoire intellectuelle_t, information_t, histoire culturelle_t, pays baltes et scandinaves_t;Datasets/all_labels_train_gensim_sparse_matrix.npz
historischdenken.hypotheses.org/2172;histoire et archéologie_d, histoire_t;Datasets/all_labels_train_gensim_sparse_matrix.npz
archivalia.hypotheses.org/14571;histoire et archéologie_d, sciences sociales interdisciplinaires_d, histoire_t, approches de corpus_t, enquêtes_t, archives_t;Datasets/all_labels_train_gensim_sparse_matrix.npz
ordensgeschichte.hypotheses.org/4761;arts et humanités_d, humanités pluridisciplinaires_d, histoire et archéologie_d, histoire et philosophie des sciences_d, histoire_t, haut moyen âge_t, bas moyen âge_t, xviie siècle_t, xviiie siècle_t;Datasets/all_labels_train_gensim_sparse_matrix.npz
archivalia.hypotheses.org/10108;histoire et archéologie_d, sciences sociales interdisciplinaires_d, histoire_t, approches de corpus_t, enquêtes_t, archives_t;Datasets/all_labels_train_gensim_sparse_matrix.npz
dhc.hypotheses.org/11;sciences sociales interdisciplinaires_d, études des sciences_t, information_t, vie de la recherche_t;Datasets/all_labels_train_gensim_sparse_matrix.npz
archivewk1.hypotheses.org/1397;histoire_d, époque contemporaine_t, 1914-1918_t;Datasets/all_labels_train_gensim_sparse_matrix.npz
archivalia.hypotheses.org/60334;histoire et archéologie_d, sciences sociales interdisciplinaires_d, histoire_t, approches de corpus_t, enquêtes_t, archives_t;Datasets/all_labels_train_gensim_sparse_matrix.npz
archivewk1.hypotheses.org/27376;histoire_d, époque contemporaine_t, 1914-1918_t;Datasets/all_labels_train_gensim_sparse_matrix.npz
archivalia.hypotheses.org/12880;histoire et archéologie_d, sciences sociales interdisciplinaires_d, histoire_t, approches de corpus_t, enquêtes_t, archives_t;Datasets/all_labels_train_gensim_sparse_matrix.npz
amuc.hypotheses.org/332;humanités pluridisciplinaires_d, histoire_d, histoire_t, représentations_t, patrimoine_t;Datasets/all_labels_train_gensim_sparse_matrix.npz
archives.hypotheses.org/1173;histoire_d, communication_d, patrimoine_t, digital humanities_t, moyen âge_t, époque moderne_t, france_t, monde germanique_t;Datasets/all_labels_train_gensim_sparse_matrix.npz
kulturgut.hypotheses.org/382;humanités pluridisciplinaires_d, études des sciences_t, histoire_t, approches de corpus_t, enquêtes_t, archives_t;Datasets/all_labels_train_gensim_sparse_matrix.npz
dkblog.hypotheses.org/953;histoire_d, histoire_t, époque moderne_t, xviie siècle_t;Datasets/all_labels_train_gensim_sparse_matrix.npz
archivewk1.hypotheses.org/9484;histoire_d, époque contemporaine_t, 1914-1918_t;Datasets/all_labels_train_gensim_sparse_matrix.npz
archivalia.hypotheses.org/13430;histoire et archéologie_d, sciences sociales interdisciplinaires_d, histoire_t, approches de corpus_t, enquêtes_t, archives_t;Datasets/all_labels_train_gensim_sparse_matrix.npz
soziologieblog.hypotheses.org/1128;sciences sociales interdisciplinaires_d, sociologie et anthropologie_d, sociologie du travail_t, sociologie urbaine_t, sociologie de la culture_t, sociologie économique_t;Datasets/all_labels_train_gensim_sparse_matrix.npz
archivewk1.hypotheses.org/7976;histoire_d, époque contemporaine_t, 1914-1918_t;Datasets/all_labels_train_gensim_sparse_matrix.npz
archivalia.hypotheses.org/5044;histoire et archéologie_d, sciences sociales interdisciplinaires_d, histoire_t, approches de corpus_t, enquêtes_t, archives_t;Datasets/all_labels_train_gensim_sparse_matrix.npz
mittelalter.hypotheses.org/6281;humanités pluridisciplinaires_d, religions_d, histoire_d, sociologie_d, histoire_t, histoire sociale_t, histoire intellectuelle_t, moyen âge_t, haut moyen âge_t, bas moyen âge_t;Datasets/all_labels_train_gensim_sparse_matrix.npz
mindthegaps.hypotheses.org/1412;études asiatiques_d, histoire_d, histoire_t, histoire culturelle_t, asie_t, chine_t;Datasets/all_labels_train_gensim_sparse_matrix.npz
francofil.hypotheses.org/3129;pluridisciplinarité_d, sciences sociales interdisciplinaires_d, histoire_t, épistémologie et méthodes_t, approches de corpus_t, enquêtes_t, archives_t, france_t;Datasets/all_labels_train_gensim_sparse_matrix.npz
archivalia.hypotheses.org/7162;histoire et archéologie_d, sciences sociales interdisciplinaires_d, histoire_t, approches de corpus_t, enquêtes_t, archives_t;Datasets/all_labels_train_gensim_sparse_matrix.npz
histbav.hypotheses.org/303;humanités pluridisciplinaires_d, histoire_d, pluridisciplinarité_d, histoire_t, monde germanique_t;Datasets/all_labels_train_gensim_sparse_matrix.npz
archivalia.hypotheses.org/14181;histoire et archéologie_d, sciences sociales interdisciplinaires_d, histoire_t, approches de corpus_t, enquêtes_t, archives_t;Datasets/all_labels_train_gensim_sparse_matrix.npz
archivalia.hypotheses.org/253;histoire et archéologie_d, sciences sociales interdisciplinaires_d, histoire_t, approches de corpus_t, enquêtes_t, archives_t;Datasets/all_labels_train_gensim_sparse_matrix.npz
archivamt.hypotheses.org/2152;communication_d, pluridisciplinarité_d, sciences sociales interdisciplinaires_d, information_t, sciences de l'information_t, représentations_t, patrimoine_t;Datasets/all_labels_train_gensim_sparse_matrix.npz
archivewk1.hypotheses.org/28088;histoire_d, époque contemporaine_t, 1914-1918_t;Datasets/all_labels_train_gensim_sparse_matrix.npz
soziologieblog.hypotheses.org/808;sciences sociales interdisciplinaires_d, sociologie et anthropologie_d, sociologie du travail_t, sociologie urbaine_t, sociologie de la culture_t, sociologie économique_t;Datasets/all_labels_train_gensim_sparse_matrix.npz
archivewk1.hypotheses.org/4928;histoire_d, époque contemporaine_t, 1914-1918_t;Datasets/all_labels_train_gensim_sparse_matrix.npz
archivalia.hypotheses.org/12199;histoire et archéologie_d, sciences sociales interdisciplinaires_d, histoire_t, approches de corpus_t, enquêtes_t, archives_t;Datasets/all_labels_train_gensim_sparse_matrix.npz
archivewk1.hypotheses.org/26019;histoire_d, époque contemporaine_t, 1914-1918_t;Datasets/all_labels_train_gensim_sparse_matrix.npz
scriptorium.hypotheses.org/303;humanités pluridisciplinaires_d, pluridisciplinarité_d, digital humanities_t, moyen âge_t;Datasets/all_labels_train_gensim_sparse_matrix.npz
gab.hypotheses.org/309;histoire et archéologie_d, pluridisciplinarité_d, sciences sociales interdisciplinaires_d, études des sciences_t, sociologie des sciences_t, histoire_t;Datasets/all_labels_train_gensim_sparse_matrix.npz
ordensgeschichte.hypotheses.org/8337;arts et humanités_d, humanités pluridisciplinaires_d, histoire et archéologie_d, histoire et philosophie des sciences_d, histoire_t, haut moyen âge_t, bas moyen âge_t, xviie siècle_t, xviiie siècle_t;Datasets/all_labels_train_gensim_sparse_matrix.npz
rhad.hypotheses.org/68;histoire_d, histoire des sciences sociales_d, histoire_t, époque moderne_t, révolution française_t, xviie siècle_t, xviiie siècle_t, prospectives_t;Datasets/all_labels_train_gensim_sparse_matrix.npz
archivalia.hypotheses.org/466;histoire et archéologie_d, sciences sociales interdisciplinaires_d, histoire_t, approches de corpus_t, enquêtes_t, archives_t;Datasets/all_labels_train_gensim_sparse_matrix.npz
archivamt.hypotheses.org/1427;communication_d, pluridisciplinarité_d, sciences sociales interdisciplinaires_d, information_t, sciences de l'information_t, représentations_t, patrimoine_t;Datasets/all_labels_train_gensim_sparse_matrix.npz
archivewk1.hypotheses.org/30300;histoire_d, époque contemporaine_t, 1914-1918_t;Datasets/all_labels_train_gensim_sparse_matrix.npz
archivalia.hypotheses.org/5740;histoire et archéologie_d, sciences sociales interdisciplinaires_d, histoire_t, approches de corpus_t, enquêtes_t, archives_t;Datasets/all_labels_train_gensim_sparse_matrix.npz
archivalia.hypotheses.org/2684;histoire et archéologie_d, sciences sociales interdisciplinaires_d, histoire_t, approches de corpus_t, enquêtes_t, archives_t;Datasets/all_labels_train_gensim_sparse_matrix.npz
archivewk1.hypotheses.org/4942;histoire_d, époque contemporaine_t, 1914-1918_t;Datasets/all_labels_train_gensim_sparse_matrix.npz
archivalia.hypotheses.org/13651;histoire et archéologie_d, sciences sociales interdisciplinaires_d, histoire_t, approches de corpus_t, enquêtes_t, archives_t;Datasets/all_labels_train_gensim_sparse_matrix.npz
archivalia.hypotheses.org/11214;histoire et archéologie_d, sciences sociales interdisciplinaires_d, histoire_t, approches de corpus_t, enquêtes_t, archives_t;Datasets/all_labels_train_gensim_sparse_matrix.npz
archivalia.hypotheses.org/4114;histoire et archéologie_d, sciences sociales interdisciplinaires_d, histoire_t, approches de corpus_t, enquêtes_t, archives_t;Datasets/all_labels_train_gensim_sparse_matrix.npz
reichwein.hypotheses.org/965;histoire et archéologie_d, histoire des sciences_t, 1945-1989_t;Datasets/all_labels_train_gensim_sparse_matrix.npz
leibnizarc.hypotheses.org/492;éducation_d, histoire et archéologie_d, sciences de l'information et bibliothéconomie_d, études des sciences_t, histoire industrielle_t, histoire de l'art_t;Datasets/all_labels_train_gensim_sparse_matrix.npz
heraldica.hypotheses.org/3227;histoire_d, histoire_t, historiographie_t, sciences auxiliaires de l'histoire_t, moyen âge_t, haut moyen âge_t;Datasets/all_labels_train_gensim_sparse_matrix.npz
aktenkunde.hypotheses.org/605;histoire_d, histoire_t, sciences auxiliaires de l'histoire_t;Datasets/all_labels_train_gensim_sparse_matrix.npz
histbav.hypotheses.org/2558;humanités pluridisciplinaires_d, histoire_d, pluridisciplinarité_d, histoire_t, monde germanique_t;Datasets/all_labels_train_gensim_sparse_matrix.npz
archivalia.hypotheses.org/2375;histoire et archéologie_d, sciences sociales interdisciplinaires_d, histoire_t, approches de corpus_t, enquêtes_t, archives_t;Datasets/all_labels_train_gensim_sparse_matrix.npz
intersex.hypotheses.org/997;histoire_d, biomédecine_d, étude des genres_t, histoire des sciences_t, histoire_t, histoire du droit_t, moyen âge_t, xxie siècle_t;Datasets/all_labels_train_gensim_sparse_matrix.npz
histbav.hypotheses.org/4746;humanités pluridisciplinaires_d, histoire_d, pluridisciplinarité_d, histoire_t, monde germanique_t;Datasets/all_labels_train_gensim_sparse_matrix.npz
medialogic.hypotheses.org/341;arts et humanités_d, sciences de l'information et de la communication_d, bibliothéconomie_d, sociologie_t;Datasets/all_labels_train_gensim_sparse_matrix.npz
archivalia.hypotheses.org/13689;histoire et archéologie_d, sciences sociales interdisciplinaires_d, histoire_t, approches de corpus_t, enquêtes_t, archives_t;Datasets/all_labels_train_gensim_sparse_matrix.npz
zeitraeume.hypotheses.org/304;histoire_d, histoire industrielle_t, histoire sociale_t, édition électronique_t, digital humanities_t, époque contemporaine_t;Datasets/all_labels_train_gensim_sparse_matrix.npz
archivalia.hypotheses.org/53489;histoire et archéologie_d, sciences sociales interdisciplinaires_d, histoire_t, approches de corpus_t, enquêtes_t, archives_t;Datasets/all_labels_train_gensim_sparse_matrix.npz
archivalia.hypotheses.org/9605;histoire et archéologie_d, sciences sociales interdisciplinaires_d, histoire_t, approches de corpus_t, enquêtes_t, archives_t;Datasets/all_labels_train_gensim_sparse_matrix.npz
archivamt.hypotheses.org/3439;communication_d, pluridisciplinarité_d, sciences sociales interdisciplinaires_d, information_t, sciences de l'information_t, représentations_t, patrimoine_t;Datasets/all_labels_train_gensim_sparse_matrix.npz
archivalia.hypotheses.org/8413;histoire et archéologie_d, sciences sociales interdisciplinaires_d, histoire_t, approches de corpus_t, enquêtes_t, archives_t;Datasets/all_labels_train_gensim_sparse_matrix.npz
dislab.hypotheses.org/1204;sciences sociales interdisciplinaires_d, langue et linguistique_d, sociologie des sciences_t, linguistique_t;Datasets/all_labels_train_gensim_sparse_matrix.npz
archivalia.hypotheses.org/6104;histoire et archéologie_d, sciences sociales interdisciplinaires_d, histoire_t, approches de corpus_t, enquêtes_t, archives_t;Datasets/all_labels_train_gensim_sparse_matrix.npz
archivewk1.hypotheses.org/7137;histoire_d, époque contemporaine_t, 1914-1918_t;Datasets/all_labels_train_gensim_sparse_matrix.npz
archivewk1.hypotheses.org/8862;histoire_d, époque contemporaine_t, 1914-1918_t;Datasets/all_labels_train_gensim_sparse_matrix.npz
archivalia.hypotheses.org/12764;histoire et archéologie_d, sciences sociales interdisciplinaires_d, histoire_t, approches de corpus_t, enquêtes_t, archives_t;Datasets/all_labels_train_gensim_sparse_matrix.npz
metablock.hypotheses.org/492;sciences sociales interdisciplinaires_d, linguistique appliquée_d, langue et linguistique_d, sociologie des sciences_t, langage_t, linguistique_t, édition électronique_t, histoire et sociologie des médias_t;Datasets/all_labels_train_gensim_sparse_matrix.npz
archivewk1.hypotheses.org/10610;histoire_d, époque contemporaine_t, 1914-1918_t;Datasets/all_labels_train_gensim_sparse_matrix.npz
archivalia.hypotheses.org/56227;histoire et archéologie_d, sciences sociales interdisciplinaires_d, histoire_t, approches de corpus_t, enquêtes_t, archives_t;Datasets/all_labels_train_gensim_sparse_matrix.npz
tagebuch.hypotheses.org/1140;histoire et archéologie_d, histoire_d, histoire_t, époque contemporaine_t, 1914-1918_t;Datasets/all_labels_train_gensim_sparse_matrix.npz
aktenkunde.hypotheses.org/108;histoire_d, histoire_t, sciences auxiliaires de l'histoire_t;Datasets/all_labels_train_gensim_sparse_matrix.npz
scriptorium.hypotheses.org/449;humanités pluridisciplinaires_d, pluridisciplinarité_d, digital humanities_t, moyen âge_t;Datasets/all_labels_train_gensim_sparse_matrix.npz
musermeku.hypotheses.org/2272;humanités pluridisciplinaires_d, pluridisciplinarité_d, sciences sociales interdisciplinaires_d, sociologie_t, sociologie de la culture_t, histoire_t, histoire politique_t;Datasets/all_labels_train_gensim_sparse_matrix.npz
archivewk1.hypotheses.org/29235;histoire_d, époque contemporaine_t, 1914-1918_t;Datasets/all_labels_train_gensim_sparse_matrix.npz
archivalia.hypotheses.org/10588;histoire et archéologie_d, sciences sociales interdisciplinaires_d, histoire_t, approches de corpus_t, enquêtes_t, archives_t;Datasets/all_labels_train_gensim_sparse_matrix.npz
archivalia.hypotheses.org/3366;histoire et archéologie_d, sciences sociales interdisciplinaires_d, histoire_t, approches de corpus_t, enquêtes_t, archives_t;Datasets/all_labels_train_gensim_sparse_matrix.npz
archivalia.hypotheses.org/61338;histoire et archéologie_d, sciences sociales interdisciplinaires_d, histoire_t, approches de corpus_t, enquêtes_t, archives_t;Datasets/all_labels_train_gensim_sparse_matrix.npz
archivalia.hypotheses.org/55791;histoire et archéologie_d, sciences sociales interdisciplinaires_d, histoire_t, approches de corpus_t, enquêtes_t, archives_t;Datasets/all_labels_train_gensim_sparse_matrix.npz
dfmfa.hypotheses.org/766;humanités pluridisciplinaires_d, sciences sociales interdisciplinaires_d, histoire_t, moyen âge_t, haut moyen âge_t, bas moyen âge_t;Datasets/all_labels_train_gensim_sparse_matrix.npz
archives.hypotheses.org/1224;histoire_d, communication_d, patrimoine_t, digital humanities_t, moyen âge_t, époque moderne_t, france_t, monde germanique_t;Datasets/all_labels_train_gensim_sparse_matrix.npz
archivalia.hypotheses.org/9783;histoire et archéologie_d, sciences sociales interdisciplinaires_d, histoire_t, approches de corpus_t, enquêtes_t, archives_t;Datasets/all_labels_train_gensim_sparse_matrix.npz
bereschitrabba.hypotheses.org/1235;arts et humanités_d, religions_d, langue et linguistique_d, religions_t, histoire des religions_t;Datasets/all_labels_train_gensim_sparse_matrix.npz
archivalia.hypotheses.org/4659;histoire et archéologie_d, sciences sociales interdisciplinaires_d, histoire_t, approches de corpus_t, enquêtes_t, archives_t;Datasets/all_labels_train_gensim_sparse_matrix.npz
archivalia.hypotheses.org/2340;histoire et archéologie_d, sciences sociales interdisciplinaires_d, histoire_t, approches de corpus_t, enquêtes_t, archives_t;Datasets/all_labels_train_gensim_sparse_matrix.npz
digigw.hypotheses.org/1418;humanités pluridisciplinaires_d, histoire_t, édition électronique_t, sciences auxiliaires de l'histoire_t, digital humanities_t;Datasets/all_labels_train_gensim_sparse_matrix.npz
dkblog.hypotheses.org/309;histoire_d, histoire_t, époque moderne_t, xviie siècle_t;Datasets/all_labels_train_gensim_sparse_matrix.npz
archivalia.hypotheses.org/10962;histoire et archéologie_d, sciences sociales interdisciplinaires_d, histoire_t, approches de corpus_t, enquêtes_t, archives_t;Datasets/all_labels_train_gensim_sparse_matrix.npz
musicaroma.hypotheses.org/54;musique_d, histoire_d, histoire_t, histoire culturelle_t, monde germanique_t;Datasets/all_labels_train_gensim_sparse_matrix.npz
gab.hypotheses.org/722;histoire et archéologie_d, pluridisciplinarité_d, sciences sociales interdisciplinaires_d, études des sciences_t, sociologie des sciences_t, histoire_t;Datasets/all_labels_train_gensim_sparse_matrix.npz
archive20.hypotheses.org/3426;pluridisciplinarité_d, sciences sociales interdisciplinaires_d, histoire_t, information_t, patrimoine_t, monde germanique_t;Datasets/all_labels_train_gensim_sparse_matrix.npz
kinder.hypotheses.org/930;éducation et sciences de l'éducation_d, études sur la famille_d, âges de la vie_t, sciences de l'éducation_t;Datasets/all_labels_train_gensim_sparse_matrix.npz
dss.hypotheses.org/1527;arts et humanités_d, communication_d, sciences de l'information et bibliothéconomie_d, information_t, édition électronique_t, représentations_t, histoire de l'art_t, patrimoine_t, prospectives_t;Datasets/all_labels_train_gensim_sparse_matrix.npz
francofil.hypotheses.org/802;pluridisciplinarité_d, sciences sociales interdisciplinaires_d, histoire_t, épistémologie et méthodes_t, approches de corpus_t, enquêtes_t, archives_t, france_t;Datasets/all_labels_train_gensim_sparse_matrix.npz
ordensgeschichte.hypotheses.org/6548;arts et humanités_d, humanités pluridisciplinaires_d, histoire et archéologie_d, histoire et philosophie des sciences_d, histoire_t, haut moyen âge_t, bas moyen âge_t, xviie siècle_t, xviiie siècle_t;Datasets/all_labels_train_gensim_sparse_matrix.npz
archivewk1.hypotheses.org/17945;histoire_d, époque contemporaine_t, 1914-1918_t;Datasets/all_labels_train_gensim_sparse_matrix.npz
archivewk1.hypotheses.org/26169;histoire_d, époque contemporaine_t, 1914-1918_t;Datasets/all_labels_train_gensim_sparse_matrix.npz
dislab.hypotheses.org/2500;sciences sociales interdisciplinaires_d, langue et linguistique_d, sociologie des sciences_t, linguistique_t;Datasets/all_labels_train_gensim_sparse_matrix.npz
soziologieblog.hypotheses.org/4931;sciences sociales interdisciplinaires_d, sociologie et anthropologie_d, sociologie du travail_t, sociologie urbaine_t, sociologie de la culture_t, sociologie économique_t;Datasets/all_labels_train_gensim_sparse_matrix.npz
redaktionsblog.hypotheses.org/2296;arts et humanités_d, humanités pluridisciplinaires_d, épistémologie et méthodes_t, digital humanities_t;Datasets/all_labels_train_gensim_sparse_matrix.npz
bereschitrabba.hypotheses.org/1288;arts et humanités_d, religions_d, langue et linguistique_d, religions_t, histoire des religions_t;Datasets/all_labels_train_gensim_sparse_matrix.npz
archive20.hypotheses.org/1178;pluridisciplinarité_d, sciences sociales interdisciplinaires_d, histoire_t, information_t, patrimoine_t, monde germanique_t;Datasets/all_labels_train_gensim_sparse_matrix.npz
ordensgeschichte.hypotheses.org/5832;arts et humanités_d, humanités pluridisciplinaires_d, histoire et archéologie_d, histoire et philosophie des sciences_d, histoire_t, haut moyen âge_t, bas moyen âge_t, xviie siècle_t, xviiie siècle_t;Datasets/all_labels_train_gensim_sparse_matrix.npz
ordensgeschichte.hypotheses.org/851;arts et humanités_d, humanités pluridisciplinaires_d, histoire et archéologie_d, histoire et philosophie des sciences_d, histoire_t, haut moyen âge_t, bas moyen âge_t, xviie siècle_t, xviiie siècle_t;Datasets/all_labels_train_gensim_sparse_matrix.npz
dkblog.hypotheses.org/904;histoire_d, histoire_t, époque moderne_t, xviie siècle_t;Datasets/all_labels_train_gensim_sparse_matrix.npz
dhdhi.hypotheses.org/683;histoire et archéologie_d, histoire_t, épistémologie et méthodes_t, digital humanities_t;Datasets/all_labels_train_gensim_sparse_matrix.npz
winzen.hypotheses.org/755;histoire_d, histoire_t, études visuelles_t, 1918-1939_t, 1939-1945_t, monde germanique_t;Datasets/all_labels_train_gensim_sparse_matrix.npz
archivalia.hypotheses.org/56532;histoire et archéologie_d, sciences sociales interdisciplinaires_d, histoire_t, approches de corpus_t, enquêtes_t, archives_t;Datasets/all_labels_train_gensim_sparse_matrix.npz
reichtum.hypotheses.org/231;économie_d, économie_d, histoire_d, histoire économique_t, histoire sociale_t;Datasets/all_labels_train_gensim_sparse_matrix.npz
dtforum.hypotheses.org/213;arts et humanités_d, histoire_t, représentations_t, histoire de l'art_t;Datasets/all_labels_train_gensim_sparse_matrix.npz
jeunegen.hypotheses.org/159;histoire_d, pluridisciplinarité_d, histoire_t, vie de la recherche_t, moyen âge_t, haut moyen âge_t, bas moyen âge_t;Datasets/all_labels_train_gensim_sparse_matrix.npz
archivewk1.hypotheses.org/33439;histoire_d, époque contemporaine_t, 1914-1918_t;Datasets/all_labels_train_gensim_sparse_matrix.npz
archivalia.hypotheses.org/2069;histoire et archéologie_d, sciences sociales interdisciplinaires_d, histoire_t, approches de corpus_t, enquêtes_t, archives_t;Datasets/all_labels_train_gensim_sparse_matrix.npz
archivalia.hypotheses.org/8361;histoire et archéologie_d, sciences sociales interdisciplinaires_d, histoire_t, approches de corpus_t, enquêtes_t, archives_t;Datasets/all_labels_train_gensim_sparse_matrix.npz
archivalia.hypotheses.org/8311;histoire et archéologie_d, sciences sociales interdisciplinaires_d, histoire_t, approches de corpus_t, enquêtes_t, archives_t;Datasets/all_labels_train_gensim_sparse_matrix.npz
archivamt.hypotheses.org/938;communication_d, pluridisciplinarité_d, sciences sociales interdisciplinaires_d, information_t, sciences de l'information_t, représentations_t, patrimoine_t;Datasets/all_labels_train_gensim_sparse_matrix.npz
archivewk1.hypotheses.org/4499;histoire_d, époque contemporaine_t, 1914-1918_t;Datasets/all_labels_train_gensim_sparse_matrix.npz
schotten.hypotheses.org/924;religions_d, histoire et archéologie_d, sciences de l'information et de la communication_d, bibliothéconomie_d, histoire_t, histoire des religions_t, approches de corpus_t, enquêtes_t, archives_t, monde germanique_t;Datasets/all_labels_train_gensim_sparse_matrix.npz
bioeg.hypotheses.org/639;histoire et archéologie_d, histoire_d, histoire_t, sciences auxiliaires de l'histoire_t, europe centrale et orientale_t, monde germanique_t;Datasets/all_labels_train_gensim_sparse_matrix.npz
archivalia.hypotheses.org/11532;histoire et archéologie_d, sciences sociales interdisciplinaires_d, histoire_t, approches de corpus_t, enquêtes_t, archives_t;Datasets/all_labels_train_gensim_sparse_matrix.npz
archivalia.hypotheses.org/6352;histoire et archéologie_d, sciences sociales interdisciplinaires_d, histoire_t, approches de corpus_t, enquêtes_t, archives_t;Datasets/all_labels_train_gensim_sparse_matrix.npz
medienbildung.hypotheses.org/7193;éducation_d, éducation spécialisée_d, travail social_d, sociologie_t, édition électronique_t, histoire et sociologie des médias_t, éducation_t;Datasets/all_labels_train_gensim_sparse_matrix.npz
archivewk1.hypotheses.org/14251;histoire_d, époque contemporaine_t, 1914-1918_t;Datasets/all_labels_train_gensim_sparse_matrix.npz
archivewk1.hypotheses.org/6385;histoire_d, époque contemporaine_t, 1914-1918_t;Datasets/all_labels_train_gensim_sparse_matrix.npz
archivewk1.hypotheses.org/19037;histoire_d, époque contemporaine_t, 1914-1918_t;Datasets/all_labels_train_gensim_sparse_matrix.npz
archivalia.hypotheses.org/11129;histoire et archéologie_d, sciences sociales interdisciplinaires_d, histoire_t, approches de corpus_t, enquêtes_t, archives_t;Datasets/all_labels_train_gensim_sparse_matrix.npz
rkb.hypotheses.org/1018;arts et humanités_d, communication_d, sciences de l'information et bibliothéconomie_d, sociologie des sciences_t, édition électronique_t, histoire et sociologie des médias_t;Datasets/all_labels_train_gensim_sparse_matrix.npz
frueheneuzeit.hypotheses.org/1810;histoire et archéologie_d, histoire_t, époque moderne_t, xviie siècle_t, xviiie siècle_t, révolution française_t;Datasets/all_labels_train_gensim_sparse_matrix.npz
archivewk1.hypotheses.org/9649;histoire_d, époque contemporaine_t, 1914-1918_t;Datasets/all_labels_train_gensim_sparse_matrix.npz
archivalia.hypotheses.org/2385;histoire et archéologie_d, sciences sociales interdisciplinaires_d, histoire_t, approches de corpus_t, enquêtes_t, archives_t;Datasets/all_labels_train_gensim_sparse_matrix.npz
schotten.hypotheses.org/946;religions_d, histoire et archéologie_d, sciences de l'information et de la communication_d, bibliothéconomie_d, histoire_t, histoire des religions_t, approches de corpus_t, enquêtes_t, archives_t, monde germanique_t;Datasets/all_labels_train_gensim_sparse_matrix.npz
archivalia.hypotheses.org/51972;histoire et archéologie_d, sciences sociales interdisciplinaires_d, histoire_t, approches de corpus_t, enquêtes_t, archives_t;Datasets/all_labels_train_gensim_sparse_matrix.npz
jeunegen.hypotheses.org/254;histoire_d, pluridisciplinarité_d, histoire_t, vie de la recherche_t, moyen âge_t, haut moyen âge_t, bas moyen âge_t;Datasets/all_labels_train_gensim_sparse_matrix.npz
mindthegaps.hypotheses.org/728;études asiatiques_d, histoire_d, histoire_t, histoire culturelle_t, asie_t, chine_t;Datasets/all_labels_train_gensim_sparse_matrix.npz
aktenkunde.hypotheses.org/584;histoire_d, histoire_t, sciences auxiliaires de l'histoire_t;Datasets/all_labels_train_gensim_sparse_matrix.npz
dtforum.hypotheses.org/532;arts et humanités_d, histoire_t, représentations_t, histoire de l'art_t;Datasets/all_labels_train_gensim_sparse_matrix.npz
zakunibonn.hypotheses.org/1727;histoire_d, psychologie_d, histoire_t, psychisme_t, psychologie_t, méthodes de traitement et de représentation_t, monde germanique_t;Datasets/all_labels_train_gensim_sparse_matrix.npz
archivalia.hypotheses.org/10218;histoire et archéologie_d, sciences sociales interdisciplinaires_d, histoire_t, approches de corpus_t, enquêtes_t, archives_t;Datasets/all_labels_train_gensim_sparse_matrix.npz
dokunstlmu.hypotheses.org/926;arts et humanités_d, histoire intellectuelle_t;Datasets/all_labels_train_gensim_sparse_matrix.npz
aktenkunde.hypotheses.org/268;histoire_d, histoire_t, sciences auxiliaires de l'histoire_t;Datasets/all_labels_train_gensim_sparse_matrix.npz
intersex.hypotheses.org/4474;histoire_d, biomédecine_d, étude des genres_t, histoire des sciences_t, histoire_t, histoire du droit_t, moyen âge_t, xxie siècle_t;Datasets/all_labels_train_gensim_sparse_matrix.npz
archivewk1.hypotheses.org/22840;histoire_d, époque contemporaine_t, 1914-1918_t;Datasets/all_labels_train_gensim_sparse_matrix.npz
dhmuc.hypotheses.org/1392;humanités pluridisciplinaires_d, communication_d, pluridisciplinarité_d, sciences sociales interdisciplinaires_d, études des sciences_t, édition électronique_t, digital humanities_t;Datasets/all_labels_train_gensim_sparse_matrix.npz
archivewk1.hypotheses.org/6789;histoire_d, époque contemporaine_t, 1914-1918_t;Datasets/all_labels_train_gensim_sparse_matrix.npz
archivalia.hypotheses.org/7283;histoire et archéologie_d, sciences sociales interdisciplinaires_d, histoire_t, approches de corpus_t, enquêtes_t, archives_t;Datasets/all_labels_train_gensim_sparse_matrix.npz
histgymbib.hypotheses.org/1712;arts et humanités_d, humanités pluridisciplinaires_d, sciences de l'information et de la communication_d, bibliothéconomie_d, sciences sociales interdisciplinaires_d, éducation_t, xvie siècle_t, xviie siècle_t, xviiie siècle_t, prospectives_t;Datasets/all_labels_train_gensim_sparse_matrix.npz
moraleconomy.hypotheses.org/224;histoire et archéologie_d, histoire_d, histoire économique_t, histoire sociale_t, prospectives_t, france_t;Datasets/all_labels_train_gensim_sparse_matrix.npz
fortifica.hypotheses.org/1428;histoire et archéologie_d, histoire_d, histoire urbaine_t, xvie siècle_t, xviie siècle_t, xviiie siècle_t;Datasets/all_labels_train_gensim_sparse_matrix.npz
archivewk1.hypotheses.org/10475;histoire_d, époque contemporaine_t, 1914-1918_t;Datasets/all_labels_train_gensim_sparse_matrix.npz
medienbildung.hypotheses.org/4870;éducation_d, éducation spécialisée_d, travail social_d, sociologie_t, édition électronique_t, histoire et sociologie des médias_t, éducation_t;Datasets/all_labels_train_gensim_sparse_matrix.npz
soziologieblog.hypotheses.org/6930;sciences sociales interdisciplinaires_d, sociologie et anthropologie_d, sociologie du travail_t, sociologie urbaine_t, sociologie de la culture_t, sociologie économique_t;Datasets/all_labels_train_gensim_sparse_matrix.npz
archivalia.hypotheses.org/2443;histoire et archéologie_d, sciences sociales interdisciplinaires_d, histoire_t, approches de corpus_t, enquêtes_t, archives_t;Datasets/all_labels_train_gensim_sparse_matrix.npz
19jhdhip.hypotheses.org/1819;histoire_d, époque contemporaine_t, prospectives_t, france_t, monde germanique_t;Datasets/all_labels_train_gensim_sparse_matrix.npz
ordensgeschichte.hypotheses.org/8057;arts et humanités_d, humanités pluridisciplinaires_d, histoire et archéologie_d, histoire et philosophie des sciences_d, histoire_t, haut moyen âge_t, bas moyen âge_t, xviie siècle_t, xviiie siècle_t;Datasets/all_labels_train_gensim_sparse_matrix.npz
archivalia.hypotheses.org/11755;histoire et archéologie_d, sciences sociales interdisciplinaires_d, histoire_t, approches de corpus_t, enquêtes_t, archives_t;Datasets/all_labels_train_gensim_sparse_matrix.npz
archive20.hypotheses.org/385;pluridisciplinarité_d, sciences sociales interdisciplinaires_d, histoire_t, information_t, patrimoine_t, monde germanique_t;Datasets/all_labels_train_gensim_sparse_matrix.npz
francofil.hypotheses.org/4352;pluridisciplinarité_d, sciences sociales interdisciplinaires_d, histoire_t, épistémologie et méthodes_t, approches de corpus_t, enquêtes_t, archives_t, france_t;Datasets/all_labels_train_gensim_sparse_matrix.npz
medienbildung.hypotheses.org/6124;éducation_d, éducation spécialisée_d, travail social_d, sociologie_t, édition électronique_t, histoire et sociologie des médias_t, éducation_t;Datasets/all_labels_train_gensim_sparse_matrix.npz
archivewk1.hypotheses.org/17255;histoire_d, époque contemporaine_t, 1914-1918_t;Datasets/all_labels_train_gensim_sparse_matrix.npz
unibloggt.hypotheses.org/389;histoire et archéologie_d, pluridisciplinarité_d, histoire_t, information_t;Datasets/all_labels_train_gensim_sparse_matrix.npz
francofil.hypotheses.org/3382;pluridisciplinarité_d, sciences sociales interdisciplinaires_d, histoire_t, épistémologie et méthodes_t, approches de corpus_t, enquêtes_t, archives_t, france_t;Datasets/all_labels_train_gensim_sparse_matrix.npz
bereschitrabba.hypotheses.org/54;arts et humanités_d, religions_d, langue et linguistique_d, religions_t, histoire des religions_t;Datasets/all_labels_train_gensim_sparse_matrix.npz
archivewk1.hypotheses.org/30293;histoire_d, époque contemporaine_t, 1914-1918_t;Datasets/all_labels_train_gensim_sparse_matrix.npz
archivalia.hypotheses.org/53235;histoire et archéologie_d, sciences sociales interdisciplinaires_d, histoire_t, approches de corpus_t, enquêtes_t, archives_t;Datasets/all_labels_train_gensim_sparse_matrix.npz
dkblog.hypotheses.org/125;histoire_d, histoire_t, époque moderne_t, xviie siècle_t;Datasets/all_labels_train_gensim_sparse_matrix.npz
leibnizarc.hypotheses.org/894;éducation_d, histoire et archéologie_d, sciences de l'information et bibliothéconomie_d, études des sciences_t, histoire industrielle_t, histoire de l'art_t;Datasets/all_labels_train_gensim_sparse_matrix.npz
archivalia.hypotheses.org/10419;histoire et archéologie_d, sciences sociales interdisciplinaires_d, histoire_t, approches de corpus_t, enquêtes_t, archives_t;Datasets/all_labels_train_gensim_sparse_matrix.npz
zakunibonn.hypotheses.org/224;histoire_d, psychologie_d, histoire_t, psychisme_t, psychologie_t, méthodes de traitement et de représentation_t, monde germanique_t;Datasets/all_labels_train_gensim_sparse_matrix.npz
medienbildung.hypotheses.org/7587;éducation_d, éducation spécialisée_d, travail social_d, sociologie_t, édition électronique_t, histoire et sociologie des médias_t, éducation_t;Datasets/all_labels_train_gensim_sparse_matrix.npz
ordensgeschichte.hypotheses.org/6992;arts et humanités_d, humanités pluridisciplinaires_d, histoire et archéologie_d, histoire et philosophie des sciences_d, histoire_t, haut moyen âge_t, bas moyen âge_t, xviie siècle_t, xviiie siècle_t;Datasets/all_labels_train_gensim_sparse_matrix.npz
winzen.hypotheses.org/638;histoire_d, histoire_t, études visuelles_t, 1918-1939_t, 1939-1945_t, monde germanique_t;Datasets/all_labels_train_gensim_sparse_matrix.npz
histbav.hypotheses.org/2344;humanités pluridisciplinaires_d, histoire_d, pluridisciplinarité_d, histoire_t, monde germanique_t;Datasets/all_labels_train_gensim_sparse_matrix.npz
historischdenken.hypotheses.org/1000;histoire et archéologie_d, histoire_t;Datasets/all_labels_train_gensim_sparse_matrix.npz
archivewk1.hypotheses.org/4653;histoire_d, époque contemporaine_t, 1914-1918_t;Datasets/all_labels_train_gensim_sparse_matrix.npz
liparchiv.hypotheses.org/603;histoire et archéologie_d, sciences politiques_d, administration publique et développement_d, histoire urbaine_t, patrimoine_t, sciences auxiliaires de l'histoire_t, approches de corpus_t, enquêtes_t, archives_t, europe_t;Datasets/all_labels_train_gensim_sparse_matrix.npz
histbav.hypotheses.org/3447;humanités pluridisciplinaires_d, histoire_d, pluridisciplinarité_d, histoire_t, monde germanique_t;Datasets/all_labels_train_gensim_sparse_matrix.npz
tagebuch.hypotheses.org/1116;histoire et archéologie_d, histoire_d, histoire_t, époque contemporaine_t, 1914-1918_t;Datasets/all_labels_train_gensim_sparse_matrix.npz
gid.hypotheses.org/1222;pluridisciplinarité_d, sciences sociales interdisciplinaires_d, études des sciences_t, histoire des sciences_t, pensée_t, histoire intellectuelle_t, histoire culturelle_t, prospectives_t;Datasets/all_labels_train_gensim_sparse_matrix.npz
archivewk1.hypotheses.org/3648;histoire_d, époque contemporaine_t, 1914-1918_t;Datasets/all_labels_train_gensim_sparse_matrix.npz
jeunegen.hypotheses.org/184;histoire_d, pluridisciplinarité_d, histoire_t, vie de la recherche_t, moyen âge_t, haut moyen âge_t, bas moyen âge_t;Datasets/all_labels_train_gensim_sparse_matrix.npz
archivalia.hypotheses.org/12344;histoire et archéologie_d, sciences sociales interdisciplinaires_d, histoire_t, approches de corpus_t, enquêtes_t, archives_t;Datasets/all_labels_train_gensim_sparse_matrix.npz
dkblog.hypotheses.org/685;histoire_d, histoire_t, époque moderne_t, xviie siècle_t;Datasets/all_labels_train_gensim_sparse_matrix.npz
ordensgeschichte.hypotheses.org/10902;arts et humanités_d, humanités pluridisciplinaires_d, histoire et archéologie_d, histoire et philosophie des sciences_d, histoire_t, haut moyen âge_t, bas moyen âge_t, xviie siècle_t, xviiie siècle_t;Datasets/all_labels_train_gensim_sparse_matrix.npz
archivewk1.hypotheses.org/24902;histoire_d, époque contemporaine_t, 1914-1918_t;Datasets/all_labels_train_gensim_sparse_matrix.npz
archive20.hypotheses.org/2539;pluridisciplinarité_d, sciences sociales interdisciplinaires_d, histoire_t, information_t, patrimoine_t, monde germanique_t;Datasets/all_labels_train_gensim_sparse_matrix.npz
archivalia.hypotheses.org/2933;histoire et archéologie_d, sciences sociales interdisciplinaires_d, histoire_t, approches de corpus_t, enquêtes_t, archives_t;Datasets/all_labels_train_gensim_sparse_matrix.npz
feldpost.hypotheses.org/739;histoire_d, histoire_t, guerres_t, conflits_t, violence_t, histoire culturelle_t, 1914-1918_t, monde germanique_t;Datasets/all_labels_train_gensim_sparse_matrix.npz
dislab.hypotheses.org/1468;sciences sociales interdisciplinaires_d, langue et linguistique_d, sociologie des sciences_t, linguistique_t;Datasets/all_labels_train_gensim_sparse_matrix.npz
archivalia.hypotheses.org/7917;histoire et archéologie_d, sciences sociales interdisciplinaires_d, histoire_t, approches de corpus_t, enquêtes_t, archives_t;Datasets/all_labels_train_gensim_sparse_matrix.npz
archivewk1.hypotheses.org/31808;histoire_d, époque contemporaine_t, 1914-1918_t;Datasets/all_labels_train_gensim_sparse_matrix.npz
archivalia.hypotheses.org/9329;histoire et archéologie_d, sciences sociales interdisciplinaires_d, histoire_t, approches de corpus_t, enquêtes_t, archives_t;Datasets/all_labels_train_gensim_sparse_matrix.npz
archivalia.hypotheses.org/10535;histoire et archéologie_d, sciences sociales interdisciplinaires_d, histoire_t, approches de corpus_t, enquêtes_t, archives_t;Datasets/all_labels_train_gensim_sparse_matrix.npz
geschichtsadmin.hypotheses.org/101;éducation_d, histoire_d, sociologie du travail_t, histoire_t;Datasets/all_labels_train_gensim_sparse_matrix.npz
gab.hypotheses.org/2624;histoire et archéologie_d, pluridisciplinarité_d, sciences sociales interdisciplinaires_d, études des sciences_t, sociologie des sciences_t, histoire_t;Datasets/all_labels_train_gensim_sparse_matrix.npz
archivalia.hypotheses.org/11435;histoire et archéologie_d, sciences sociales interdisciplinaires_d, histoire_t, approches de corpus_t, enquêtes_t, archives_t;Datasets/all_labels_train_gensim_sparse_matrix.npz
archivalia.hypotheses.org/55838;histoire et archéologie_d, sciences sociales interdisciplinaires_d, histoire_t, approches de corpus_t, enquêtes_t, archives_t;Datasets/all_labels_train_gensim_sparse_matrix.npz
zakunibonn.hypotheses.org/1229;histoire_d, psychologie_d, histoire_t, psychisme_t, psychologie_t, méthodes de traitement et de représentation_t, monde germanique_t;Datasets/all_labels_train_gensim_sparse_matrix.npz
bereschitrabba.hypotheses.org/225;arts et humanités_d, religions_d, langue et linguistique_d, religions_t, histoire des religions_t;Datasets/all_labels_train_gensim_sparse_matrix.npz
soziologieblog.hypotheses.org/1367;sciences sociales interdisciplinaires_d, sociologie et anthropologie_d, sociologie du travail_t, sociologie urbaine_t, sociologie de la culture_t, sociologie économique_t;Datasets/all_labels_train_gensim_sparse_matrix.npz
grandeguerre.hypotheses.org/580;histoire et archéologie_d, histoire_t, 1914-1918_t, prospectives_t, france_t, monde germanique_t;Datasets/all_labels_train_gensim_sparse_matrix.npz
archivalia.hypotheses.org/12682;histoire et archéologie_d, sciences sociales interdisciplinaires_d, histoire_t, approches de corpus_t, enquêtes_t, archives_t;Datasets/all_labels_train_gensim_sparse_matrix.npz
philophiso.hypotheses.org/636;philosophie_d, éducation_d, éducation spécialisée_d, pensée_t, philosophie_t, représentations_t, patrimoine_t;Datasets/all_labels_train_gensim_sparse_matrix.npz
archivewk1.hypotheses.org/23268;histoire_d, époque contemporaine_t, 1914-1918_t;Datasets/all_labels_train_gensim_sparse_matrix.npz
archivalia.hypotheses.org/10618;histoire et archéologie_d, sciences sociales interdisciplinaires_d, histoire_t, approches de corpus_t, enquêtes_t, archives_t;Datasets/all_labels_train_gensim_sparse_matrix.npz
mittelalter.hypotheses.org/183;humanités pluridisciplinaires_d, religions_d, histoire_d, sociologie_d, histoire_t, histoire sociale_t, histoire intellectuelle_t, moyen âge_t, haut moyen âge_t, bas moyen âge_t;Datasets/all_labels_train_gensim_sparse_matrix.npz
archivalia.hypotheses.org/10768;histoire et archéologie_d, sciences sociales interdisciplinaires_d, histoire_t, approches de corpus_t, enquêtes_t, archives_t;Datasets/all_labels_train_gensim_sparse_matrix.npz
archivalia.hypotheses.org/5307;histoire et archéologie_d, sciences sociales interdisciplinaires_d, histoire_t, approches de corpus_t, enquêtes_t, archives_t;Datasets/all_labels_train_gensim_sparse_matrix.npz
bloghaus.hypotheses.org/1350;pluridisciplinarité_d, sciences sociales interdisciplinaires_d, information_t, digital humanities_t;Datasets/all_labels_train_gensim_sparse_matrix.npz
archivalia.hypotheses.org/14623;histoire et archéologie_d, sciences sociales interdisciplinaires_d, histoire_t, approches de corpus_t, enquêtes_t, archives_t;Datasets/all_labels_train_gensim_sparse_matrix.npz
gab.hypotheses.org/474;histoire et archéologie_d, pluridisciplinarité_d, sciences sociales interdisciplinaires_d, études des sciences_t, sociologie des sciences_t, histoire_t;Datasets/all_labels_train_gensim_sparse_matrix.npz
reichwein.hypotheses.org/640;histoire et archéologie_d, histoire des sciences_t, 1945-1989_t;Datasets/all_labels_train_gensim_sparse_matrix.npz
archivalia.hypotheses.org/7886;histoire et archéologie_d, sciences sociales interdisciplinaires_d, histoire_t, approches de corpus_t, enquêtes_t, archives_t;Datasets/all_labels_train_gensim_sparse_matrix.npz
archivalia.hypotheses.org/9498;histoire et archéologie_d, sciences sociales interdisciplinaires_d, histoire_t, approches de corpus_t, enquêtes_t, archives_t;Datasets/all_labels_train_gensim_sparse_matrix.npz
unibloggt.hypotheses.org/325;histoire et archéologie_d, pluridisciplinarité_d, histoire_t, information_t;Datasets/all_labels_train_gensim_sparse_matrix.npz
archivalia.hypotheses.org/10772;histoire et archéologie_d, sciences sociales interdisciplinaires_d, histoire_t, approches de corpus_t, enquêtes_t, archives_t;Datasets/all_labels_train_gensim_sparse_matrix.npz
archivewk1.hypotheses.org/17969;histoire_d, époque contemporaine_t, 1914-1918_t;Datasets/all_labels_train_gensim_sparse_matrix.npz
schotten.hypotheses.org/542;religions_d, histoire et archéologie_d, sciences de l'information et de la communication_d, bibliothéconomie_d, histoire_t, histoire des religions_t, approches de corpus_t, enquêtes_t, archives_t, monde germanique_t;Datasets/all_labels_train_gensim_sparse_matrix.npz
archivalia.hypotheses.org/10435;histoire et archéologie_d, sciences sociales interdisciplinaires_d, histoire_t, approches de corpus_t, enquêtes_t, archives_t;Datasets/all_labels_train_gensim_sparse_matrix.npz
speyermemo.hypotheses.org/2796;histoire_d, pluridisciplinarité_d, sciences sociales interdisciplinaires_d, sociologie de la culture_t, histoire_t, 1939-1945_t, europe_t;Datasets/all_labels_train_gensim_sparse_matrix.npz
archivalia.hypotheses.org/8582;histoire et archéologie_d, sciences sociales interdisciplinaires_d, histoire_t, approches de corpus_t, enquêtes_t, archives_t;Datasets/all_labels_train_gensim_sparse_matrix.npz
archivalia.hypotheses.org/62728;histoire et archéologie_d, sciences sociales interdisciplinaires_d, histoire_t, approches de corpus_t, enquêtes_t, archives_t;Datasets/all_labels_train_gensim_sparse_matrix.npz
archivalia.hypotheses.org/10524;histoire et archéologie_d, sciences sociales interdisciplinaires_d, histoire_t, approches de corpus_t, enquêtes_t, archives_t;Datasets/all_labels_train_gensim_sparse_matrix.npz
archivamt.hypotheses.org/1331;communication_d, pluridisciplinarité_d, sciences sociales interdisciplinaires_d, information_t, sciences de l'information_t, représentations_t, patrimoine_t;Datasets/all_labels_train_gensim_sparse_matrix.npz
tagebuch.hypotheses.org/37;histoire et archéologie_d, histoire_d, histoire_t, époque contemporaine_t, 1914-1918_t;Datasets/all_labels_train_gensim_sparse_matrix.npz
archivalia.hypotheses.org/62652;histoire et archéologie_d, sciences sociales interdisciplinaires_d, histoire_t, approches de corpus_t, enquêtes_t, archives_t;Datasets/all_labels_train_gensim_sparse_matrix.npz
jameel.hypotheses.org/653;pluridisciplinarité_d, études régionales_d, archéologie_d, arts_d, humanités pluridisciplinaires_d, représentations_t, asie_t, digital humanities_t, histoire de l'art_t;Datasets/all_labels_train_gensim_sparse_matrix.npz
erinnern.hypotheses.org/463;éducation et sciences de l'éducation_d, histoire_d, histoire_t, éducation_t, 1918-1939_t, 1939-1945_t, 1945-1989_t;Datasets/all_labels_train_gensim_sparse_matrix.npz
intersex.hypotheses.org/4827;histoire_d, biomédecine_d, étude des genres_t, histoire des sciences_t, histoire_t, histoire du droit_t, moyen âge_t, xxie siècle_t;Datasets/all_labels_train_gensim_sparse_matrix.npz
archivalia.hypotheses.org/5575;histoire et archéologie_d, sciences sociales interdisciplinaires_d, histoire_t, approches de corpus_t, enquêtes_t, archives_t;Datasets/all_labels_train_gensim_sparse_matrix.npz
speyermemo.hypotheses.org/2420;histoire_d, pluridisciplinarité_d, sciences sociales interdisciplinaires_d, sociologie de la culture_t, histoire_t, 1939-1945_t, europe_t;Datasets/all_labels_train_gensim_sparse_matrix.npz
histbav.hypotheses.org/5051;humanités pluridisciplinaires_d, histoire_d, pluridisciplinarité_d, histoire_t, monde germanique_t;Datasets/all_labels_train_gensim_sparse_matrix.npz
archivalia.hypotheses.org/12379;histoire et archéologie_d, sciences sociales interdisciplinaires_d, histoire_t, approches de corpus_t, enquêtes_t, archives_t;Datasets/all_labels_train_gensim_sparse_matrix.npz
archivalia.hypotheses.org/8334;histoire et archéologie_d, sciences sociales interdisciplinaires_d, histoire_t, approches de corpus_t, enquêtes_t, archives_t;Datasets/all_labels_train_gensim_sparse_matrix.npz
histbav.hypotheses.org/2970;humanités pluridisciplinaires_d, histoire_d, pluridisciplinarité_d, histoire_t, monde germanique_t;Datasets/all_labels_train_gensim_sparse_matrix.npz
archivalia.hypotheses.org/11698;histoire et archéologie_d, sciences sociales interdisciplinaires_d, histoire_t, approches de corpus_t, enquêtes_t, archives_t;Datasets/all_labels_train_gensim_sparse_matrix.npz
digigw.hypotheses.org/836;humanités pluridisciplinaires_d, histoire_t, édition électronique_t, sciences auxiliaires de l'histoire_t, digital humanities_t;Datasets/all_labels_train_gensim_sparse_matrix.npz
archivalia.hypotheses.org/14093;histoire et archéologie_d, sciences sociales interdisciplinaires_d, histoire_t, approches de corpus_t, enquêtes_t, archives_t;Datasets/all_labels_train_gensim_sparse_matrix.npz
irhis.hypotheses.org/7777;arts et humanités_d, histoire et archéologie_d, histoire économique_t, histoire sociale_t, études visuelles_t;Datasets/all_labels_train_gensim_sparse_matrix.npz
nordichistoryblog.hypotheses.org/1281;arts et humanités_d, histoire et archéologie_d, histoire_t, édition électronique_t, vie de la recherche_t, approches de corpus_t, enquêtes_t, archives_t, europe_t, pays baltes et scandinaves_t;Datasets/all_labels_train_gensim_sparse_matrix.npz
dkblog.hypotheses.org/833;histoire_d, histoire_t, époque moderne_t, xviie siècle_t;Datasets/all_labels_train_gensim_sparse_matrix.npz
reichwein.hypotheses.org/1603;histoire et archéologie_d, histoire des sciences_t, 1945-1989_t;Datasets/all_labels_train_gensim_sparse_matrix.npz
metablock.hypotheses.org/645;sciences sociales interdisciplinaires_d, linguistique appliquée_d, langue et linguistique_d, sociologie des sciences_t, langage_t, linguistique_t, édition électronique_t, histoire et sociologie des médias_t;Datasets/all_labels_train_gensim_sparse_matrix.npz
archivalia.hypotheses.org/9999;histoire et archéologie_d, sciences sociales interdisciplinaires_d, histoire_t, approches de corpus_t, enquêtes_t, archives_t;Datasets/all_labels_train_gensim_sparse_matrix.npz
histbav.hypotheses.org/1755;humanités pluridisciplinaires_d, histoire_d, pluridisciplinarité_d, histoire_t, monde germanique_t;Datasets/all_labels_train_gensim_sparse_matrix.npz
archivalia.hypotheses.org/12443;histoire et archéologie_d, sciences sociales interdisciplinaires_d, histoire_t, approches de corpus_t, enquêtes_t, archives_t;Datasets/all_labels_train_gensim_sparse_matrix.npz
archivalia.hypotheses.org/54146;histoire et archéologie_d, sciences sociales interdisciplinaires_d, histoire_t, approches de corpus_t, enquêtes_t, archives_t;Datasets/all_labels_train_gensim_sparse_matrix.npz
archivalia.hypotheses.org/6281;histoire et archéologie_d, sciences sociales interdisciplinaires_d, histoire_t, approches de corpus_t, enquêtes_t, archives_t;Datasets/all_labels_train_gensim_sparse_matrix.npz
archivalia.hypotheses.org/8847;histoire et archéologie_d, sciences sociales interdisciplinaires_d, histoire_t, approches de corpus_t, enquêtes_t, archives_t;Datasets/all_labels_train_gensim_sparse_matrix.npz
francofil.hypotheses.org/4528;pluridisciplinarité_d, sciences sociales interdisciplinaires_d, histoire_t, épistémologie et méthodes_t, approches de corpus_t, enquêtes_t, archives_t, france_t;Datasets/all_labels_train_gensim_sparse_matrix.npz
histbav.hypotheses.org/1735;humanités pluridisciplinaires_d, histoire_d, pluridisciplinarité_d, histoire_t, monde germanique_t;Datasets/all_labels_train_gensim_sparse_matrix.npz
archivalia.hypotheses.org/11190;histoire et archéologie_d, sciences sociales interdisciplinaires_d, histoire_t, approches de corpus_t, enquêtes_t, archives_t;Datasets/all_labels_train_gensim_sparse_matrix.npz
dkblog.hypotheses.org/658;histoire_d, histoire_t, époque moderne_t, xviie siècle_t;Datasets/all_labels_train_gensim_sparse_matrix.npz
archivewk1.hypotheses.org/11826;histoire_d, époque contemporaine_t, 1914-1918_t;Datasets/all_labels_train_gensim_sparse_matrix.npz
archivalia.hypotheses.org/10758;histoire et archéologie_d, sciences sociales interdisciplinaires_d, histoire_t, approches de corpus_t, enquêtes_t, archives_t;Datasets/all_labels_train_gensim_sparse_matrix.npz
metablock.hypotheses.org/275;sciences sociales interdisciplinaires_d, linguistique appliquée_d, langue et linguistique_d, sociologie des sciences_t, langage_t, linguistique_t, édition électronique_t, histoire et sociologie des médias_t;Datasets/all_labels_train_gensim_sparse_matrix.npz
archivalia.hypotheses.org/7515;histoire et archéologie_d, sciences sociales interdisciplinaires_d, histoire_t, approches de corpus_t, enquêtes_t, archives_t;Datasets/all_labels_train_gensim_sparse_matrix.npz
redaktionsblog.hypotheses.org/1143;arts et humanités_d, humanités pluridisciplinaires_d, épistémologie et méthodes_t, digital humanities_t;Datasets/all_labels_train_gensim_sparse_matrix.npz
neuburg.hypotheses.org/192;histoire_d, histoire urbaine_t, époque contemporaine_t;Datasets/all_labels_train_gensim_sparse_matrix.npz
irhis.hypotheses.org/6705;arts et humanités_d, histoire et archéologie_d, histoire économique_t, histoire sociale_t, études visuelles_t;Datasets/all_labels_train_gensim_sparse_matrix.npz
games.hypotheses.org/1412;arts et humanités_d, humanités pluridisciplinaires_d, psychologie expérimentale_d, sciences cognitives_t, psychisme_t, psychologie_t, représentations_t, histoire de l'art_t, études visuelles_t;Datasets/all_labels_train_gensim_sparse_matrix.npz
19jhdhip.hypotheses.org/614;histoire_d, époque contemporaine_t, prospectives_t, france_t, monde germanique_t;Datasets/all_labels_train_gensim_sparse_matrix.npz
liparchiv.hypotheses.org/1000;histoire et archéologie_d, sciences politiques_d, administration publique et développement_d, histoire urbaine_t, patrimoine_t, sciences auxiliaires de l'histoire_t, approches de corpus_t, enquêtes_t, archives_t, europe_t;Datasets/all_labels_train_gensim_sparse_matrix.npz
archivewk1.hypotheses.org/30607;histoire_d, époque contemporaine_t, 1914-1918_t;Datasets/all_labels_train_gensim_sparse_matrix.npz
oberrhein.hypotheses.org/1868;religions_d, archéologie_d, histoire_d, histoire_t, moyen âge_t, france_t, monde germanique_t;Datasets/all_labels_train_gensim_sparse_matrix.npz
archivalia.hypotheses.org/60705;histoire et archéologie_d, sciences sociales interdisciplinaires_d, histoire_t, approches de corpus_t, enquêtes_t, archives_t;Datasets/all_labels_train_gensim_sparse_matrix.npz
mittelalter.hypotheses.org/5049;humanités pluridisciplinaires_d, religions_d, histoire_d, sociologie_d, histoire_t, histoire sociale_t, histoire intellectuelle_t, moyen âge_t, haut moyen âge_t, bas moyen âge_t;Datasets/all_labels_train_gensim_sparse_matrix.npz
archivewk1.hypotheses.org/16154;histoire_d, époque contemporaine_t, 1914-1918_t;Datasets/all_labels_train_gensim_sparse_matrix.npz
archivewk1.hypotheses.org/3214;histoire_d, époque contemporaine_t, 1914-1918_t;Datasets/all_labels_train_gensim_sparse_matrix.npz
vivien.hypotheses.org/249;arts et humanités_d, représentations_t, histoire de l'art_t, xviiie siècle_t, france_t;Datasets/all_labels_train_gensim_sparse_matrix.npz
archivewk1.hypotheses.org/22933;histoire_d, époque contemporaine_t, 1914-1918_t;Datasets/all_labels_train_gensim_sparse_matrix.npz
texperimentales.hypotheses.org/82;linguistique appliquée_d, langue et linguistique_d, langage_t, linguistique_t, information_t, sciences de l'information_t, digital humanities_t;Datasets/all_labels_train_gensim_sparse_matrix.npz
bereschitrabba.hypotheses.org/806;arts et humanités_d, religions_d, langue et linguistique_d, religions_t, histoire des religions_t;Datasets/all_labels_train_gensim_sparse_matrix.npz
gab.hypotheses.org/2947;histoire et archéologie_d, pluridisciplinarité_d, sciences sociales interdisciplinaires_d, études des sciences_t, sociologie des sciences_t, histoire_t;Datasets/all_labels_train_gensim_sparse_matrix.npz
archivewk1.hypotheses.org/15115;histoire_d, époque contemporaine_t, 1914-1918_t;Datasets/all_labels_train_gensim_sparse_matrix.npz
archivalia.hypotheses.org/4925;histoire et archéologie_d, sciences sociales interdisciplinaires_d, histoire_t, approches de corpus_t, enquêtes_t, archives_t;Datasets/all_labels_train_gensim_sparse_matrix.npz
pophistory.hypotheses.org/1134;humanités pluridisciplinaires_d, histoire et archéologie_d, sociologie de la culture_t, histoire sociale_t, histoire culturelle_t, époque contemporaine_t;Datasets/all_labels_train_gensim_sparse_matrix.npz
soziologieblog.hypotheses.org/5778;sciences sociales interdisciplinaires_d, sociologie et anthropologie_d, sociologie du travail_t, sociologie urbaine_t, sociologie de la culture_t, sociologie économique_t;Datasets/all_labels_train_gensim_sparse_matrix.npz
archivewk1.hypotheses.org/11577;histoire_d, époque contemporaine_t, 1914-1918_t;Datasets/all_labels_train_gensim_sparse_matrix.npz
futurecity.hypotheses.org/193;sciences politiques_d, administration publique et développement_d, sociologie urbaine_t;Datasets/all_labels_train_gensim_sparse_matrix.npz
archivewk1.hypotheses.org/32071;histoire_d, époque contemporaine_t, 1914-1918_t;Datasets/all_labels_train_gensim_sparse_matrix.npz
beruf.hypotheses.org/484;histoire et archéologie_d, histoire_d, histoire_t;Datasets/all_labels_train_gensim_sparse_matrix.npz
archivalia.hypotheses.org/8553;histoire et archéologie_d, sciences sociales interdisciplinaires_d, histoire_t, approches de corpus_t, enquêtes_t, archives_t;Datasets/all_labels_train_gensim_sparse_matrix.npz
frueheneuzeit.hypotheses.org/1586;histoire et archéologie_d, histoire_t, époque moderne_t, xviie siècle_t, xviiie siècle_t, révolution française_t;Datasets/all_labels_train_gensim_sparse_matrix.npz
beruf.hypotheses.org/346;histoire et archéologie_d, histoire_d, histoire_t;Datasets/all_labels_train_gensim_sparse_matrix.npz
archivewk1.hypotheses.org/35020;histoire_d, époque contemporaine_t, 1914-1918_t;Datasets/all_labels_train_gensim_sparse_matrix.npz
archivalia.hypotheses.org/1871;histoire et archéologie_d, sciences sociales interdisciplinaires_d, histoire_t, approches de corpus_t, enquêtes_t, archives_t;Datasets/all_labels_train_gensim_sparse_matrix.npz
lvrafz.hypotheses.org/1534;pluridisciplinarité_d, information_t;Datasets/all_labels_train_gensim_sparse_matrix.npz
frueheneuzeit.hypotheses.org/902;histoire et archéologie_d, histoire_t, époque moderne_t, xviie siècle_t, xviiie siècle_t, révolution française_t;Datasets/all_labels_train_gensim_sparse_matrix.npz
guerre-froide.hypotheses.org/2076;histoire_d, relations internationales_t, histoire culturelle_t, 1945-1989_t;Datasets/all_labels_train_gensim_sparse_matrix.npz
archivalia.hypotheses.org/7377;histoire et archéologie_d, sciences sociales interdisciplinaires_d, histoire_t, approches de corpus_t, enquêtes_t, archives_t;Datasets/all_labels_train_gensim_sparse_matrix.npz
nofoblog.hypotheses.org/94;arts et humanités_d, sciences sociales interdisciplinaires_d, sciences politiques_d, administration publique et développement_d, relations internationales_t, histoire intellectuelle_t, information_t, histoire culturelle_t, pays baltes et scandinaves_t;Datasets/all_labels_train_gensim_sparse_matrix.npz
gab.hypotheses.org/1487;histoire et archéologie_d, pluridisciplinarité_d, sciences sociales interdisciplinaires_d, études des sciences_t, sociologie des sciences_t, histoire_t;Datasets/all_labels_train_gensim_sparse_matrix.npz
vivien.hypotheses.org/486;arts et humanités_d, représentations_t, histoire de l'art_t, xviiie siècle_t, france_t;Datasets/all_labels_train_gensim_sparse_matrix.npz
archivewk1.hypotheses.org/29359;histoire_d, époque contemporaine_t, 1914-1918_t;Datasets/all_labels_train_gensim_sparse_matrix.npz
archivalia.hypotheses.org/4628;histoire et archéologie_d, sciences sociales interdisciplinaires_d, histoire_t, approches de corpus_t, enquêtes_t, archives_t;Datasets/all_labels_train_gensim_sparse_matrix.npz
archive20.hypotheses.org/622;pluridisciplinarité_d, sciences sociales interdisciplinaires_d, histoire_t, information_t, patrimoine_t, monde germanique_t;Datasets/all_labels_train_gensim_sparse_matrix.npz
games.hypotheses.org/2068;arts et humanités_d, humanités pluridisciplinaires_d, psychologie expérimentale_d, sciences cognitives_t, psychisme_t, psychologie_t, représentations_t, histoire de l'art_t, études visuelles_t;Datasets/all_labels_train_gensim_sparse_matrix.npz
19jhdhip.hypotheses.org/2579;histoire_d, époque contemporaine_t, prospectives_t, france_t, monde germanique_t;Datasets/all_labels_train_gensim_sparse_matrix.npz
texperimentales.hypotheses.org/1;linguistique appliquée_d, langue et linguistique_d, langage_t, linguistique_t, information_t, sciences de l'information_t, digital humanities_t;Datasets/all_labels_train_gensim_sparse_matrix.npz
archivalia.hypotheses.org/9609;histoire et archéologie_d, sciences sociales interdisciplinaires_d, histoire_t, approches de corpus_t, enquêtes_t, archives_t;Datasets/all_labels_train_gensim_sparse_matrix.npz
aes.hypotheses.org/245;histoire_t, religions_t;Datasets/all_labels_train_gensim_sparse_matrix.npz
archivalia.hypotheses.org/9221;histoire et archéologie_d, sciences sociales interdisciplinaires_d, histoire_t, approches de corpus_t, enquêtes_t, archives_t;Datasets/all_labels_train_gensim_sparse_matrix.npz
jameel.hypotheses.org/378;pluridisciplinarité_d, études régionales_d, archéologie_d, arts_d, humanités pluridisciplinaires_d, représentations_t, asie_t, digital humanities_t, histoire de l'art_t;Datasets/all_labels_train_gensim_sparse_matrix.npz
soziologieblog.hypotheses.org/1475;sciences sociales interdisciplinaires_d, sociologie et anthropologie_d, sociologie du travail_t, sociologie urbaine_t, sociologie de la culture_t, sociologie économique_t;Datasets/all_labels_train_gensim_sparse_matrix.npz
histbav.hypotheses.org/2347;humanités pluridisciplinaires_d, histoire_d, pluridisciplinarité_d, histoire_t, monde germanique_t;Datasets/all_labels_train_gensim_sparse_matrix.npz
archivalia.hypotheses.org/9251;histoire et archéologie_d, sciences sociales interdisciplinaires_d, histoire_t, approches de corpus_t, enquêtes_t, archives_t;Datasets/all_labels_train_gensim_sparse_matrix.npz
histbav.hypotheses.org/2768;humanités pluridisciplinaires_d, histoire_d, pluridisciplinarité_d, histoire_t, monde germanique_t;Datasets/all_labels_train_gensim_sparse_matrix.npz
archives.hypotheses.org/683;histoire_d, communication_d, patrimoine_t, digital humanities_t, moyen âge_t, époque moderne_t, france_t, monde germanique_t;Datasets/all_labels_train_gensim_sparse_matrix.npz
inklusion.hypotheses.org/129;éducation_d, travail social et politique sociale_d, sociologie du travail_t, âges de la vie_t, information_t, sciences de l'éducation_t;Datasets/all_labels_train_gensim_sparse_matrix.npz
archivalia.hypotheses.org/8714;histoire et archéologie_d, sciences sociales interdisciplinaires_d, histoire_t, approches de corpus_t, enquêtes_t, archives_t;Datasets/all_labels_train_gensim_sparse_matrix.npz
archivewk1.hypotheses.org/4959;histoire_d, époque contemporaine_t, 1914-1918_t;Datasets/all_labels_train_gensim_sparse_matrix.npz
wenhua.hypotheses.org/1041;études asiatiques_d, humanités pluridisciplinaires_d, histoire_d, histoire culturelle_t, asie_t;Datasets/all_labels_train_gensim_sparse_matrix.npz
archivalia.hypotheses.org/3573;histoire et archéologie_d, sciences sociales interdisciplinaires_d, histoire_t, approches de corpus_t, enquêtes_t, archives_t;Datasets/all_labels_train_gensim_sparse_matrix.npz
archivalia.hypotheses.org/57823;histoire et archéologie_d, sciences sociales interdisciplinaires_d, histoire_t, approches de corpus_t, enquêtes_t, archives_t;Datasets/all_labels_train_gensim_sparse_matrix.npz
dhtg.hypotheses.org/269;histoire et archéologie_d, sciences de l'information et de la communication_d, bibliothéconomie_d, histoire_t, sciences de l'information_t, 1939-1945_t, 1945-1989_t;Datasets/all_labels_train_gensim_sparse_matrix.npz
archivalia.hypotheses.org/7118;histoire et archéologie_d, sciences sociales interdisciplinaires_d, histoire_t, approches de corpus_t, enquêtes_t, archives_t;Datasets/all_labels_train_gensim_sparse_matrix.npz
archivalia.hypotheses.org/7060;histoire et archéologie_d, sciences sociales interdisciplinaires_d, histoire_t, approches de corpus_t, enquêtes_t, archives_t;Datasets/all_labels_train_gensim_sparse_matrix.npz
maxweber.hypotheses.org/276;humanités pluridisciplinaires_d, histoire et archéologie_d, histoire et philosophie des sciences_d, sociologie et anthropologie_d, histoire sociale_t, histoire intellectuelle_t, sociologie des religions_t, vie de la recherche_t;Datasets/all_labels_train_gensim_sparse_matrix.npz
schotten.hypotheses.org/622;religions_d, histoire et archéologie_d, sciences de l'information et de la communication_d, bibliothéconomie_d, histoire_t, histoire des religions_t, approches de corpus_t, enquêtes_t, archives_t, monde germanique_t;Datasets/all_labels_train_gensim_sparse_matrix.npz
amuc.hypotheses.org/278;humanités pluridisciplinaires_d, histoire_d, histoire_t, représentations_t, patrimoine_t;Datasets/all_labels_train_gensim_sparse_matrix.npz
archivalia.hypotheses.org/9379;histoire et archéologie_d, sciences sociales interdisciplinaires_d, histoire_t, approches de corpus_t, enquêtes_t, archives_t;Datasets/all_labels_train_gensim_sparse_matrix.npz
feldpost.hypotheses.org/87;histoire_d, histoire_t, guerres_t, conflits_t, violence_t, histoire culturelle_t, 1914-1918_t, monde germanique_t;Datasets/all_labels_train_gensim_sparse_matrix.npz
archivtag.hypotheses.org/258;pluridisciplinarité_d, sciences sociales interdisciplinaires_d, histoire_t, information_t, monde germanique_t;Datasets/all_labels_train_gensim_sparse_matrix.npz
ordensgeschichte.hypotheses.org/7695;arts et humanités_d, humanités pluridisciplinaires_d, histoire et archéologie_d, histoire et philosophie des sciences_d, histoire_t, haut moyen âge_t, bas moyen âge_t, xviie siècle_t, xviiie siècle_t;Datasets/all_labels_train_gensim_sparse_matrix.npz
archivewk1.hypotheses.org/17339;histoire_d, époque contemporaine_t, 1914-1918_t;Datasets/all_labels_train_gensim_sparse_matrix.npz
archivalia.hypotheses.org/10923;histoire et archéologie_d, sciences sociales interdisciplinaires_d, histoire_t, approches de corpus_t, enquêtes_t, archives_t;Datasets/all_labels_train_gensim_sparse_matrix.npz
ordensgeschichte.hypotheses.org/7312;arts et humanités_d, humanités pluridisciplinaires_d, histoire et archéologie_d, histoire et philosophie des sciences_d, histoire_t, haut moyen âge_t, bas moyen âge_t, xviie siècle_t, xviiie siècle_t;Datasets/all_labels_train_gensim_sparse_matrix.npz
archivalia.hypotheses.org/58522;histoire et archéologie_d, sciences sociales interdisciplinaires_d, histoire_t, approches de corpus_t, enquêtes_t, archives_t;Datasets/all_labels_train_gensim_sparse_matrix.npz
archivewk1.hypotheses.org/19851;histoire_d, époque contemporaine_t, 1914-1918_t;Datasets/all_labels_train_gensim_sparse_matrix.npz
archivalia.hypotheses.org/496;histoire et archéologie_d, sciences sociales interdisciplinaires_d, histoire_t, approches de corpus_t, enquêtes_t, archives_t;Datasets/all_labels_train_gensim_sparse_matrix.npz
archivewk1.hypotheses.org/12434;histoire_d, époque contemporaine_t, 1914-1918_t;Datasets/all_labels_train_gensim_sparse_matrix.npz
archivewk1.hypotheses.org/11708;histoire_d, époque contemporaine_t, 1914-1918_t;Datasets/all_labels_train_gensim_sparse_matrix.npz
zakunibonn.hypotheses.org/261;histoire_d, psychologie_d, histoire_t, psychisme_t, psychologie_t, méthodes de traitement et de représentation_t, monde germanique_t;Datasets/all_labels_train_gensim_sparse_matrix.npz
histbav.hypotheses.org/1982;humanités pluridisciplinaires_d, histoire_d, pluridisciplinarité_d, histoire_t, monde germanique_t;Datasets/all_labels_train_gensim_sparse_matrix.npz
archivalia.hypotheses.org/58381;histoire et archéologie_d, sciences sociales interdisciplinaires_d, histoire_t, approches de corpus_t, enquêtes_t, archives_t;Datasets/all_labels_train_gensim_sparse_matrix.npz
games.hypotheses.org/1266;arts et humanités_d, humanités pluridisciplinaires_d, psychologie expérimentale_d, sciences cognitives_t, psychisme_t, psychologie_t, représentations_t, histoire de l'art_t, études visuelles_t;Datasets/all_labels_train_gensim_sparse_matrix.npz
gra.hypotheses.org/1383;arts et humanités_d, communication_d, sciences de l'information et bibliothéconomie_d, représentations_t, histoire culturelle_t, histoire de l'art_t, études visuelles_t;Datasets/all_labels_train_gensim_sparse_matrix.npz
archivalia.hypotheses.org/9997;histoire et archéologie_d, sciences sociales interdisciplinaires_d, histoire_t, approches de corpus_t, enquêtes_t, archives_t;Datasets/all_labels_train_gensim_sparse_matrix.npz
uegg.hypotheses.org/282;histoire_d, histoire_t, histoire politique_t, époque contemporaine_t, xxe siècle_t, prospectives_t;Datasets/all_labels_train_gensim_sparse_matrix.npz
archivalia.hypotheses.org/8132;histoire et archéologie_d, sciences sociales interdisciplinaires_d, histoire_t, approches de corpus_t, enquêtes_t, archives_t;Datasets/all_labels_train_gensim_sparse_matrix.npz
dkblog.hypotheses.org/898;histoire_d, histoire_t, époque moderne_t, xviie siècle_t;Datasets/all_labels_train_gensim_sparse_matrix.npz
musermeku.hypotheses.org/5662;humanités pluridisciplinaires_d, pluridisciplinarité_d, sciences sociales interdisciplinaires_d, sociologie_t, sociologie de la culture_t, histoire_t, histoire politique_t;Datasets/all_labels_train_gensim_sparse_matrix.npz
archivewk1.hypotheses.org/8935;histoire_d, époque contemporaine_t, 1914-1918_t;Datasets/all_labels_train_gensim_sparse_matrix.npz
intersex.hypotheses.org/2526;histoire_d, biomédecine_d, étude des genres_t, histoire des sciences_t, histoire_t, histoire du droit_t, moyen âge_t, xxie siècle_t;Datasets/all_labels_train_gensim_sparse_matrix.npz
tagebuch.hypotheses.org/1204;histoire et archéologie_d, histoire_d, histoire_t, époque contemporaine_t, 1914-1918_t;Datasets/all_labels_train_gensim_sparse_matrix.npz
archivalia.hypotheses.org/53650;histoire et archéologie_d, sciences sociales interdisciplinaires_d, histoire_t, approches de corpus_t, enquêtes_t, archives_t;Datasets/all_labels_train_gensim_sparse_matrix.npz
archivalia.hypotheses.org/653;histoire et archéologie_d, sciences sociales interdisciplinaires_d, histoire_t, approches de corpus_t, enquêtes_t, archives_t;Datasets/all_labels_train_gensim_sparse_matrix.npz
wenhua.hypotheses.org/940;études asiatiques_d, humanités pluridisciplinaires_d, histoire_d, histoire culturelle_t, asie_t;Datasets/all_labels_train_gensim_sparse_matrix.npz
archivewk1.hypotheses.org/16254;histoire_d, époque contemporaine_t, 1914-1918_t;Datasets/all_labels_train_gensim_sparse_matrix.npz
archivamt.hypotheses.org/920;communication_d, pluridisciplinarité_d, sciences sociales interdisciplinaires_d, information_t, sciences de l'information_t, représentations_t, patrimoine_t;Datasets/all_labels_train_gensim_sparse_matrix.npz
mittelalter.hypotheses.org/6806;humanités pluridisciplinaires_d, religions_d, histoire_d, sociologie_d, histoire_t, histoire sociale_t, histoire intellectuelle_t, moyen âge_t, haut moyen âge_t, bas moyen âge_t;Datasets/all_labels_train_gensim_sparse_matrix.npz
hoyerswerda.hypotheses.org/26;arts et humanités_d, histoire_d, histoire urbaine_t, monde germanique_t;Datasets/all_labels_train_gensim_sparse_matrix.npz
ordensgeschichte.hypotheses.org/7167;arts et humanités_d, humanités pluridisciplinaires_d, histoire et archéologie_d, histoire et philosophie des sciences_d, histoire_t, haut moyen âge_t, bas moyen âge_t, xviie siècle_t, xviiie siècle_t;Datasets/all_labels_train_gensim_sparse_matrix.npz
fnzinfo.hypotheses.org/430;arts et humanités_d, musique_d, histoire et archéologie_d, histoire_t, xvie siècle_t, xviie siècle_t, xviiie siècle_t, révolution française_t;Datasets/all_labels_train_gensim_sparse_matrix.npz
archivalia.hypotheses.org/59326;histoire et archéologie_d, sciences sociales interdisciplinaires_d, histoire_t, approches de corpus_t, enquêtes_t, archives_t;Datasets/all_labels_train_gensim_sparse_matrix.npz
archivewk1.hypotheses.org/23727;histoire_d, époque contemporaine_t, 1914-1918_t;Datasets/all_labels_train_gensim_sparse_matrix.npz
histbav.hypotheses.org/2379;humanités pluridisciplinaires_d, histoire_d, pluridisciplinarité_d, histoire_t, monde germanique_t;Datasets/all_labels_train_gensim_sparse_matrix.npz
archivalia.hypotheses.org/54854;histoire et archéologie_d, sciences sociales interdisciplinaires_d, histoire_t, approches de corpus_t, enquêtes_t, archives_t;Datasets/all_labels_train_gensim_sparse_matrix.npz
liparchiv.hypotheses.org/88;histoire et archéologie_d, sciences politiques_d, administration publique et développement_d, histoire urbaine_t, patrimoine_t, sciences auxiliaires de l'histoire_t, approches de corpus_t, enquêtes_t, archives_t, europe_t;Datasets/all_labels_train_gensim_sparse_matrix.npz
histbav.hypotheses.org/3320;humanités pluridisciplinaires_d, histoire_d, pluridisciplinarité_d, histoire_t, monde germanique_t;Datasets/all_labels_train_gensim_sparse_matrix.npz
archivalia.hypotheses.org/6233;histoire et archéologie_d, sciences sociales interdisciplinaires_d, histoire_t, approches de corpus_t, enquêtes_t, archives_t;Datasets/all_labels_train_gensim_sparse_matrix.npz
archivalia.hypotheses.org/11496;histoire et archéologie_d, sciences sociales interdisciplinaires_d, histoire_t, approches de corpus_t, enquêtes_t, archives_t;Datasets/all_labels_train_gensim_sparse_matrix.npz
frueheneuzeit.hypotheses.org/1163;histoire et archéologie_d, histoire_t, époque moderne_t, xviie siècle_t, xviiie siècle_t, révolution française_t;Datasets/all_labels_train_gensim_sparse_matrix.npz
medienbildung.hypotheses.org/8198;éducation_d, éducation spécialisée_d, travail social_d, sociologie_t, édition électronique_t, histoire et sociologie des médias_t, éducation_t;Datasets/all_labels_train_gensim_sparse_matrix.npz
pophistory.hypotheses.org/206;humanités pluridisciplinaires_d, histoire et archéologie_d, sociologie de la culture_t, histoire sociale_t, histoire culturelle_t, époque contemporaine_t;Datasets/all_labels_train_gensim_sparse_matrix.npz
ordensgeschichte.hypotheses.org/3622;arts et humanités_d, humanités pluridisciplinaires_d, histoire et archéologie_d, histoire et philosophie des sciences_d, histoire_t, haut moyen âge_t, bas moyen âge_t, xviie siècle_t, xviiie siècle_t;Datasets/all_labels_train_gensim_sparse_matrix.npz
archivewk1.hypotheses.org/15226;histoire_d, époque contemporaine_t, 1914-1918_t;Datasets/all_labels_train_gensim_sparse_matrix.npz
blogweimar.hypotheses.org/161;histoire et archéologie_d, histoire_t, histoire politique_t, 1918-1939_t, monde germanique_t;Datasets/all_labels_train_gensim_sparse_matrix.npz
dighist.hypotheses.org/902;histoire_d, sciences sociales interdisciplinaires_d, études sur la famille_d, sociologie_d, histoire urbaine_t, histoire sociale_t, europe centrale et orientale_t;Datasets/all_labels_train_gensim_sparse_matrix.npz
mgtud.hypotheses.org/313;humanités pluridisciplinaires_d, éducation_d, histoire et archéologie_d, histoire_d, histoire_t, histoire urbaine_t, édition électronique_t;Datasets/all_labels_train_gensim_sparse_matrix.npz
archivalia.hypotheses.org/5484;histoire et archéologie_d, sciences sociales interdisciplinaires_d, histoire_t, approches de corpus_t, enquêtes_t, archives_t;Datasets/all_labels_train_gensim_sparse_matrix.npz
vgdrp.hypotheses.org/273;éducation_d, histoire des sciences sociales_d, histoire_t, histoire économique_t, histoire industrielle_t, histoire urbaine_t, histoire sociale_t;Datasets/all_labels_train_gensim_sparse_matrix.npz
archivalia.hypotheses.org/2221;histoire et archéologie_d, sciences sociales interdisciplinaires_d, histoire_t, approches de corpus_t, enquêtes_t, archives_t;Datasets/all_labels_train_gensim_sparse_matrix.npz
1914lvr.hypotheses.org/394;sciences politiques_d, histoire_t, époque contemporaine_t, 1914-1918_t;Datasets/all_labels_train_gensim_sparse_matrix.npz
archivalia.hypotheses.org/820;histoire et archéologie_d, sciences sociales interdisciplinaires_d, histoire_t, approches de corpus_t, enquêtes_t, archives_t;Datasets/all_labels_train_gensim_sparse_matrix.npz
dkblog.hypotheses.org/1;histoire_d, histoire_t, époque moderne_t, xviie siècle_t;Datasets/all_labels_train_gensim_sparse_matrix.npz
archivalia.hypotheses.org/8093;histoire et archéologie_d, sciences sociales interdisciplinaires_d, histoire_t, approches de corpus_t, enquêtes_t, archives_t;Datasets/all_labels_train_gensim_sparse_matrix.npz
grandeguerre.hypotheses.org/990;histoire et archéologie_d, histoire_t, 1914-1918_t, prospectives_t, france_t, monde germanique_t;Datasets/all_labels_train_gensim_sparse_matrix.npz
archivalia.hypotheses.org/6069;histoire et archéologie_d, sciences sociales interdisciplinaires_d, histoire_t, approches de corpus_t, enquêtes_t, archives_t;Datasets/all_labels_train_gensim_sparse_matrix.npz
archivewk1.hypotheses.org/29320;histoire_d, époque contemporaine_t, 1914-1918_t;Datasets/all_labels_train_gensim_sparse_matrix.npz
archivalia.hypotheses.org/11091;histoire et archéologie_d, sciences sociales interdisciplinaires_d, histoire_t, approches de corpus_t, enquêtes_t, archives_t;Datasets/all_labels_train_gensim_sparse_matrix.npz
archivalia.hypotheses.org/13377;histoire et archéologie_d, sciences sociales interdisciplinaires_d, histoire_t, approches de corpus_t, enquêtes_t, archives_t;Datasets/all_labels_train_gensim_sparse_matrix.npz
tagebuch.hypotheses.org/1078;histoire et archéologie_d, histoire_d, histoire_t, époque contemporaine_t, 1914-1918_t;Datasets/all_labels_train_gensim_sparse_matrix.npz
archivewk1.hypotheses.org/1928;histoire_d, époque contemporaine_t, 1914-1918_t;Datasets/all_labels_train_gensim_sparse_matrix.npz
digitalintellectuals.hypotheses.org/2364;études anciennes_d, histoire et philosophie des sciences_d, pluridisciplinarité_d, littérature_d, histoire intellectuelle_t, approches de corpus_t, enquêtes_t, archives_t, époque moderne_t, prospectives_t, monde germanique_t;Datasets/all_labels_train_gensim_sparse_matrix.npz
1914lvr.hypotheses.org/1079;sciences politiques_d, histoire_t, époque contemporaine_t, 1914-1918_t;Datasets/all_labels_train_gensim_sparse_matrix.npz
archivtag.hypotheses.org/313;pluridisciplinarité_d, sciences sociales interdisciplinaires_d, histoire_t, information_t, monde germanique_t;Datasets/all_labels_train_gensim_sparse_matrix.npz
archivewk1.hypotheses.org/7729;histoire_d, époque contemporaine_t, 1914-1918_t;Datasets/all_labels_train_gensim_sparse_matrix.npz
wwc.hypotheses.org/705;humanités pluridisciplinaires_d, pluridisciplinarité_d, études régionales_d, relations internationales_t, information_t, représentations_t;Datasets/all_labels_train_gensim_sparse_matrix.npz
histbav.hypotheses.org/4772;humanités pluridisciplinaires_d, histoire_d, pluridisciplinarité_d, histoire_t, monde germanique_t;Datasets/all_labels_train_gensim_sparse_matrix.npz
mittelalter.hypotheses.org/2529;humanités pluridisciplinaires_d, religions_d, histoire_d, sociologie_d, histoire_t, histoire sociale_t, histoire intellectuelle_t, moyen âge_t, haut moyen âge_t, bas moyen âge_t;Datasets/all_labels_train_gensim_sparse_matrix.npz
archivalia.hypotheses.org/9787;histoire et archéologie_d, sciences sociales interdisciplinaires_d, histoire_t, approches de corpus_t, enquêtes_t, archives_t;Datasets/all_labels_train_gensim_sparse_matrix.npz
archivalia.hypotheses.org/5035;histoire et archéologie_d, sciences sociales interdisciplinaires_d, histoire_t, approches de corpus_t, enquêtes_t, archives_t;Datasets/all_labels_train_gensim_sparse_matrix.npz
histbav.hypotheses.org/2224;humanités pluridisciplinaires_d, histoire_d, pluridisciplinarité_d, histoire_t, monde germanique_t;Datasets/all_labels_train_gensim_sparse_matrix.npz
archivalia.hypotheses.org/8569;histoire et archéologie_d, sciences sociales interdisciplinaires_d, histoire_t, approches de corpus_t, enquêtes_t, archives_t;Datasets/all_labels_train_gensim_sparse_matrix.npz
dokunstlmu.hypotheses.org/1459;arts et humanités_d, histoire intellectuelle_t;Datasets/all_labels_train_gensim_sparse_matrix.npz
bioeg.hypotheses.org/1531;histoire et archéologie_d, histoire_d, histoire_t, sciences auxiliaires de l'histoire_t, europe centrale et orientale_t, monde germanique_t;Datasets/all_labels_train_gensim_sparse_matrix.npz
dkblog.hypotheses.org/167;histoire_d, histoire_t, époque moderne_t, xviie siècle_t;Datasets/all_labels_train_gensim_sparse_matrix.npz
francofil.hypotheses.org/3003;pluridisciplinarité_d, sciences sociales interdisciplinaires_d, histoire_t, épistémologie et méthodes_t, approches de corpus_t, enquêtes_t, archives_t, france_t;Datasets/all_labels_train_gensim_sparse_matrix.npz
texperimentales.hypotheses.org/647;linguistique appliquée_d, langue et linguistique_d, langage_t, linguistique_t, information_t, sciences de l'information_t, digital humanities_t;Datasets/all_labels_train_gensim_sparse_matrix.npz
dhdhi.hypotheses.org/2642;histoire et archéologie_d, histoire_t, épistémologie et méthodes_t, digital humanities_t;Datasets/all_labels_train_gensim_sparse_matrix.npz
mindthegaps.hypotheses.org/1667;études asiatiques_d, histoire_d, histoire_t, histoire culturelle_t, asie_t, chine_t;Datasets/all_labels_train_gensim_sparse_matrix.npz
lvrafz.hypotheses.org/2125;pluridisciplinarité_d, information_t;Datasets/all_labels_train_gensim_sparse_matrix.npz
archivalia.hypotheses.org/4502;histoire et archéologie_d, sciences sociales interdisciplinaires_d, histoire_t, approches de corpus_t, enquêtes_t, archives_t;Datasets/all_labels_train_gensim_sparse_matrix.npz
soziologieblog.hypotheses.org/2911;sciences sociales interdisciplinaires_d, sociologie et anthropologie_d, sociologie du travail_t, sociologie urbaine_t, sociologie de la culture_t, sociologie économique_t;Datasets/all_labels_train_gensim_sparse_matrix.npz
pgfw.hypotheses.org/656;histoire et archéologie_d, histoire des sciences_t, histoire_t;Datasets/all_labels_train_gensim_sparse_matrix.npz
archivalia.hypotheses.org/4301;histoire et archéologie_d, sciences sociales interdisciplinaires_d, histoire_t, approches de corpus_t, enquêtes_t, archives_t;Datasets/all_labels_train_gensim_sparse_matrix.npz
archivewk1.hypotheses.org/16123;histoire_d, époque contemporaine_t, 1914-1918_t;Datasets/all_labels_train_gensim_sparse_matrix.npz
archive20.hypotheses.org/77;pluridisciplinarité_d, sciences sociales interdisciplinaires_d, histoire_t, information_t, patrimoine_t, monde germanique_t;Datasets/all_labels_train_gensim_sparse_matrix.npz
archivewk1.hypotheses.org/18279;histoire_d, époque contemporaine_t, 1914-1918_t;Datasets/all_labels_train_gensim_sparse_matrix.npz
dhtg.hypotheses.org/250;histoire et archéologie_d, sciences de l'information et de la communication_d, bibliothéconomie_d, histoire_t, sciences de l'information_t, 1939-1945_t, 1945-1989_t;Datasets/all_labels_train_gensim_sparse_matrix.npz
archivalia.hypotheses.org/8628;histoire et archéologie_d, sciences sociales interdisciplinaires_d, histoire_t, approches de corpus_t, enquêtes_t, archives_t;Datasets/all_labels_train_gensim_sparse_matrix.npz
archivewk1.hypotheses.org/15051;histoire_d, époque contemporaine_t, 1914-1918_t;Datasets/all_labels_train_gensim_sparse_matrix.npz
archivamt.hypotheses.org/4003;communication_d, pluridisciplinarité_d, sciences sociales interdisciplinaires_d, information_t, sciences de l'information_t, représentations_t, patrimoine_t;Datasets/all_labels_train_gensim_sparse_matrix.npz
nomoi.hypotheses.org/150;arts et humanités_d, anthropologie politique_t, histoire du droit_t, histoire intellectuelle_t, histoire de l'art_t;Datasets/all_labels_train_gensim_sparse_matrix.npz
archivekod.hypotheses.org/547;religions_d, histoire et archéologie_d, sciences de l'information et de la communication_d, bibliothéconomie_d, communication_d, histoire_t, histoire des religions_t, patrimoine_t;Datasets/all_labels_train_gensim_sparse_matrix.npz
bereschitrabba.hypotheses.org/427;arts et humanités_d, religions_d, langue et linguistique_d, religions_t, histoire des religions_t;Datasets/all_labels_train_gensim_sparse_matrix.npz
musermeku.hypotheses.org/709;humanités pluridisciplinaires_d, pluridisciplinarité_d, sciences sociales interdisciplinaires_d, sociologie_t, sociologie de la culture_t, histoire_t, histoire politique_t;Datasets/all_labels_train_gensim_sparse_matrix.npz
archivewk1.hypotheses.org/17215;histoire_d, époque contemporaine_t, 1914-1918_t;Datasets/all_labels_train_gensim_sparse_matrix.npz
archivalia.hypotheses.org/54780;histoire et archéologie_d, sciences sociales interdisciplinaires_d, histoire_t, approches de corpus_t, enquêtes_t, archives_t;Datasets/all_labels_train_gensim_sparse_matrix.npz
archivalia.hypotheses.org/2072;histoire et archéologie_d, sciences sociales interdisciplinaires_d, histoire_t, approches de corpus_t, enquêtes_t, archives_t;Datasets/all_labels_train_gensim_sparse_matrix.npz
archivalia.hypotheses.org/6765;histoire et archéologie_d, sciences sociales interdisciplinaires_d, histoire_t, approches de corpus_t, enquêtes_t, archives_t;Datasets/all_labels_train_gensim_sparse_matrix.npz
archivalia.hypotheses.org/13870;histoire et archéologie_d, sciences sociales interdisciplinaires_d, histoire_t, approches de corpus_t, enquêtes_t, archives_t;Datasets/all_labels_train_gensim_sparse_matrix.npz
gab.hypotheses.org/1251;histoire et archéologie_d, pluridisciplinarité_d, sciences sociales interdisciplinaires_d, études des sciences_t, sociologie des sciences_t, histoire_t;Datasets/all_labels_train_gensim_sparse_matrix.npz
unibloggt.hypotheses.org/571;histoire et archéologie_d, pluridisciplinarité_d, histoire_t, information_t;Datasets/all_labels_train_gensim_sparse_matrix.npz
games.hypotheses.org/1109;arts et humanités_d, humanités pluridisciplinaires_d, psychologie expérimentale_d, sciences cognitives_t, psychisme_t, psychologie_t, représentations_t, histoire de l'art_t, études visuelles_t;Datasets/all_labels_train_gensim_sparse_matrix.npz
dislab.hypotheses.org/1781;sciences sociales interdisciplinaires_d, langue et linguistique_d, sociologie des sciences_t, linguistique_t;Datasets/all_labels_train_gensim_sparse_matrix.npz
archivewk1.hypotheses.org/9266;histoire_d, époque contemporaine_t, 1914-1918_t;Datasets/all_labels_train_gensim_sparse_matrix.npz
histbav.hypotheses.org/2136;humanités pluridisciplinaires_d, histoire_d, pluridisciplinarité_d, histoire_t, monde germanique_t;Datasets/all_labels_train_gensim_sparse_matrix.npz
archivalia.hypotheses.org/6488;histoire et archéologie_d, sciences sociales interdisciplinaires_d, histoire_t, approches de corpus_t, enquêtes_t, archives_t;Datasets/all_labels_train_gensim_sparse_matrix.npz
archivalia.hypotheses.org/1166;histoire et archéologie_d, sciences sociales interdisciplinaires_d, histoire_t, approches de corpus_t, enquêtes_t, archives_t;Datasets/all_labels_train_gensim_sparse_matrix.npz
fnzinfo.hypotheses.org/446;arts et humanités_d, musique_d, histoire et archéologie_d, histoire_t, xvie siècle_t, xviie siècle_t, xviiie siècle_t, révolution française_t;Datasets/all_labels_train_gensim_sparse_matrix.npz
musermeku.hypotheses.org/794;humanités pluridisciplinaires_d, pluridisciplinarité_d, sciences sociales interdisciplinaires_d, sociologie_t, sociologie de la culture_t, histoire_t, histoire politique_t;Datasets/all_labels_train_gensim_sparse_matrix.npz
frueheneuzeit.hypotheses.org/1847;histoire et archéologie_d, histoire_t, époque moderne_t, xviie siècle_t, xviiie siècle_t, révolution française_t;Datasets/all_labels_train_gensim_sparse_matrix.npz
ordensgeschichte.hypotheses.org/5974;arts et humanités_d, humanités pluridisciplinaires_d, histoire et archéologie_d, histoire et philosophie des sciences_d, histoire_t, haut moyen âge_t, bas moyen âge_t, xviie siècle_t, xviiie siècle_t;Datasets/all_labels_train_gensim_sparse_matrix.npz
archivalia.hypotheses.org/6781;histoire et archéologie_d, sciences sociales interdisciplinaires_d, histoire_t, approches de corpus_t, enquêtes_t, archives_t;Datasets/all_labels_train_gensim_sparse_matrix.npz
archivalia.hypotheses.org/8156;histoire et archéologie_d, sciences sociales interdisciplinaires_d, histoire_t, approches de corpus_t, enquêtes_t, archives_t;Datasets/all_labels_train_gensim_sparse_matrix.npz
sdvigpress.hypotheses.org/684;langue et linguistique_d, philosophie_d, humanités pluridisciplinaires_d, épistémologie et méthodes_t, digital humanities_t, europe centrale et orientale_t, édition électronique_t, linguistique_t;Datasets/all_labels_train_gensim_sparse_matrix.npz
archivalia.hypotheses.org/1235;histoire et archéologie_d, sciences sociales interdisciplinaires_d, histoire_t, approches de corpus_t, enquêtes_t, archives_t;Datasets/all_labels_train_gensim_sparse_matrix.npz
archivalia.hypotheses.org/13810;histoire et archéologie_d, sciences sociales interdisciplinaires_d, histoire_t, approches de corpus_t, enquêtes_t, archives_t;Datasets/all_labels_train_gensim_sparse_matrix.npz
ordensgeschichte.hypotheses.org/4814;arts et humanités_d, humanités pluridisciplinaires_d, histoire et archéologie_d, histoire et philosophie des sciences_d, histoire_t, haut moyen âge_t, bas moyen âge_t, xviie siècle_t, xviiie siècle_t;Datasets/all_labels_train_gensim_sparse_matrix.npz
archivewk1.hypotheses.org/16937;histoire_d, époque contemporaine_t, 1914-1918_t;Datasets/all_labels_train_gensim_sparse_matrix.npz
ordensgeschichte.hypotheses.org/8432;arts et humanités_d, humanités pluridisciplinaires_d, histoire et archéologie_d, histoire et philosophie des sciences_d, histoire_t, haut moyen âge_t, bas moyen âge_t, xviie siècle_t, xviiie siècle_t;Datasets/all_labels_train_gensim_sparse_matrix.npz
archivewk1.hypotheses.org/8560;histoire_d, époque contemporaine_t, 1914-1918_t;Datasets/all_labels_train_gensim_sparse_matrix.npz
aktenkunde.hypotheses.org/168;histoire_d, histoire_t, sciences auxiliaires de l'histoire_t;Datasets/all_labels_train_gensim_sparse_matrix.npz
archivalia.hypotheses.org/13153;histoire et archéologie_d, sciences sociales interdisciplinaires_d, histoire_t, approches de corpus_t, enquêtes_t, archives_t;Datasets/all_labels_train_gensim_sparse_matrix.npz
archivalia.hypotheses.org/11470;histoire et archéologie_d, sciences sociales interdisciplinaires_d, histoire_t, approches de corpus_t, enquêtes_t, archives_t;Datasets/all_labels_train_gensim_sparse_matrix.npz
archivalia.hypotheses.org/9439;histoire et archéologie_d, sciences sociales interdisciplinaires_d, histoire_t, approches de corpus_t, enquêtes_t, archives_t;Datasets/all_labels_train_gensim_sparse_matrix.npz
archivalia.hypotheses.org/10769;histoire et archéologie_d, sciences sociales interdisciplinaires_d, histoire_t, approches de corpus_t, enquêtes_t, archives_t;Datasets/all_labels_train_gensim_sparse_matrix.npz
archivalia.hypotheses.org/8448;histoire et archéologie_d, sciences sociales interdisciplinaires_d, histoire_t, approches de corpus_t, enquêtes_t, archives_t;Datasets/all_labels_train_gensim_sparse_matrix.npz
mindthegaps.hypotheses.org/1764;études asiatiques_d, histoire_d, histoire_t, histoire culturelle_t, asie_t, chine_t;Datasets/all_labels_train_gensim_sparse_matrix.npz
archivalia.hypotheses.org/60558;histoire et archéologie_d, sciences sociales interdisciplinaires_d, histoire_t, approches de corpus_t, enquêtes_t, archives_t;Datasets/all_labels_train_gensim_sparse_matrix.npz
archivalia.hypotheses.org/11729;histoire et archéologie_d, sciences sociales interdisciplinaires_d, histoire_t, approches de corpus_t, enquêtes_t, archives_t;Datasets/all_labels_train_gensim_sparse_matrix.npz
archivewk1.hypotheses.org/23295;histoire_d, époque contemporaine_t, 1914-1918_t;Datasets/all_labels_train_gensim_sparse_matrix.npz
archivewk1.hypotheses.org/28066;histoire_d, époque contemporaine_t, 1914-1918_t;Datasets/all_labels_train_gensim_sparse_matrix.npz
archivewk1.hypotheses.org/10079;histoire_d, époque contemporaine_t, 1914-1918_t;Datasets/all_labels_train_gensim_sparse_matrix.npz
archivalia.hypotheses.org/11432;histoire et archéologie_d, sciences sociales interdisciplinaires_d, histoire_t, approches de corpus_t, enquêtes_t, archives_t;Datasets/all_labels_train_gensim_sparse_matrix.npz
archivalia.hypotheses.org/2239;histoire et archéologie_d, sciences sociales interdisciplinaires_d, histoire_t, approches de corpus_t, enquêtes_t, archives_t;Datasets/all_labels_train_gensim_sparse_matrix.npz
dss.hypotheses.org/441;arts et humanités_d, communication_d, sciences de l'information et bibliothéconomie_d, information_t, édition électronique_t, représentations_t, histoire de l'art_t, patrimoine_t, prospectives_t;Datasets/all_labels_train_gensim_sparse_matrix.npz
tagebuch.hypotheses.org/1122;histoire et archéologie_d, histoire_d, histoire_t, époque contemporaine_t, 1914-1918_t;Datasets/all_labels_train_gensim_sparse_matrix.npz
archivalia.hypotheses.org/10783;histoire et archéologie_d, sciences sociales interdisciplinaires_d, histoire_t, approches de corpus_t, enquêtes_t, archives_t;Datasets/all_labels_train_gensim_sparse_matrix.npz
archivewk1.hypotheses.org/13615;histoire_d, époque contemporaine_t, 1914-1918_t;Datasets/all_labels_train_gensim_sparse_matrix.npz
archivalia.hypotheses.org/7386;histoire et archéologie_d, sciences sociales interdisciplinaires_d, histoire_t, approches de corpus_t, enquêtes_t, archives_t;Datasets/all_labels_train_gensim_sparse_matrix.npz
archivalia.hypotheses.org/13549;histoire et archéologie_d, sciences sociales interdisciplinaires_d, histoire_t, approches de corpus_t, enquêtes_t, archives_t;Datasets/all_labels_train_gensim_sparse_matrix.npz
cereg.hypotheses.org/363;arts et humanités_d, histoire_d, littérature_d, monde germanique_t;Datasets/all_labels_train_gensim_sparse_matrix.npz
archivalia.hypotheses.org/4912;histoire et archéologie_d, sciences sociales interdisciplinaires_d, histoire_t, approches de corpus_t, enquêtes_t, archives_t;Datasets/all_labels_train_gensim_sparse_matrix.npz
archivewk1.hypotheses.org/26247;histoire_d, époque contemporaine_t, 1914-1918_t;Datasets/all_labels_train_gensim_sparse_matrix.npz
archivalia.hypotheses.org/859;histoire et archéologie_d, sciences sociales interdisciplinaires_d, histoire_t, approches de corpus_t, enquêtes_t, archives_t;Datasets/all_labels_train_gensim_sparse_matrix.npz
soziologieblog.hypotheses.org/7607;sciences sociales interdisciplinaires_d, sociologie et anthropologie_d, sociologie du travail_t, sociologie urbaine_t, sociologie de la culture_t, sociologie économique_t;Datasets/all_labels_train_gensim_sparse_matrix.npz
archivewk1.hypotheses.org/15498;histoire_d, époque contemporaine_t, 1914-1918_t;Datasets/all_labels_train_gensim_sparse_matrix.npz
archivalia.hypotheses.org/5107;histoire et archéologie_d, sciences sociales interdisciplinaires_d, histoire_t, approches de corpus_t, enquêtes_t, archives_t;Datasets/all_labels_train_gensim_sparse_matrix.npz
studpro.hypotheses.org/658;histoire_d, histoire_t, époque moderne_t, xviie siècle_t, xviiie siècle_t;Datasets/all_labels_train_gensim_sparse_matrix.npz
fnzinfo.hypotheses.org/219;arts et humanités_d, musique_d, histoire et archéologie_d, histoire_t, xvie siècle_t, xviie siècle_t, xviiie siècle_t, révolution française_t;Datasets/all_labels_train_gensim_sparse_matrix.npz
frueheneuzeit.hypotheses.org/2034;histoire et archéologie_d, histoire_t, époque moderne_t, xviie siècle_t, xviiie siècle_t, révolution française_t;Datasets/all_labels_train_gensim_sparse_matrix.npz
naps.hypotheses.org/1249;histoire_d, histoire_t, épistémologie et méthodes_t, approches de corpus_t, enquêtes_t, archives_t, prospectives_t, france_t, monde germanique_t;Datasets/all_labels_train_gensim_sparse_matrix.npz
archivewk1.hypotheses.org/17660;histoire_d, époque contemporaine_t, 1914-1918_t;Datasets/all_labels_train_gensim_sparse_matrix.npz
archivalia.hypotheses.org/12437;histoire et archéologie_d, sciences sociales interdisciplinaires_d, histoire_t, approches de corpus_t, enquêtes_t, archives_t;Datasets/all_labels_train_gensim_sparse_matrix.npz
archivalia.hypotheses.org/14133;histoire et archéologie_d, sciences sociales interdisciplinaires_d, histoire_t, approches de corpus_t, enquêtes_t, archives_t;Datasets/all_labels_train_gensim_sparse_matrix.npz
archivalia.hypotheses.org/11688;histoire et archéologie_d, sciences sociales interdisciplinaires_d, histoire_t, approches de corpus_t, enquêtes_t, archives_t;Datasets/all_labels_train_gensim_sparse_matrix.npz
wenhua.hypotheses.org/1506;études asiatiques_d, humanités pluridisciplinaires_d, histoire_d, histoire culturelle_t, asie_t;Datasets/all_labels_train_gensim_sparse_matrix.npz
minuseinsebene.hypotheses.org/50;archéologie_d, histoire urbaine_t, histoire des religions_t, moyen âge_t, haut moyen âge_t, monde germanique_t;Datasets/all_labels_train_gensim_sparse_matrix.npz
archivalia.hypotheses.org/2620;histoire et archéologie_d, sciences sociales interdisciplinaires_d, histoire_t, approches de corpus_t, enquêtes_t, archives_t;Datasets/all_labels_train_gensim_sparse_matrix.npz
games.hypotheses.org/941;arts et humanités_d, humanités pluridisciplinaires_d, psychologie expérimentale_d, sciences cognitives_t, psychisme_t, psychologie_t, représentations_t, histoire de l'art_t, études visuelles_t;Datasets/all_labels_train_gensim_sparse_matrix.npz
gid.hypotheses.org/422;pluridisciplinarité_d, sciences sociales interdisciplinaires_d, études des sciences_t, histoire des sciences_t, pensée_t, histoire intellectuelle_t, histoire culturelle_t, prospectives_t;Datasets/all_labels_train_gensim_sparse_matrix.npz
moraleconomy.hypotheses.org/289;histoire et archéologie_d, histoire_d, histoire économique_t, histoire sociale_t, prospectives_t, france_t;Datasets/all_labels_train_gensim_sparse_matrix.npz
histbav.hypotheses.org/1955;humanités pluridisciplinaires_d, histoire_d, pluridisciplinarité_d, histoire_t, monde germanique_t;Datasets/all_labels_train_gensim_sparse_matrix.npz
digigw.hypotheses.org/818;humanités pluridisciplinaires_d, histoire_t, édition électronique_t, sciences auxiliaires de l'histoire_t, digital humanities_t;Datasets/all_labels_train_gensim_sparse_matrix.npz
trafo.hypotheses.org/3444;pluridisciplinarité_d, sciences sociales interdisciplinaires_d, études régionales_d, sociologie_t, sociologie des religions_t, information_t, histoire culturelle_t;Datasets/all_labels_train_gensim_sparse_matrix.npz
frueheneuzeit.hypotheses.org/879;histoire et archéologie_d, histoire_t, époque moderne_t, xviie siècle_t, xviiie siècle_t, révolution française_t;Datasets/all_labels_train_gensim_sparse_matrix.npz
archivewk1.hypotheses.org/17915;histoire_d, époque contemporaine_t, 1914-1918_t;Datasets/all_labels_train_gensim_sparse_matrix.npz
dgl.hypotheses.org/346;éducation spécialisée_d, histoire_d, histoire_t, histoire et sociologie des médias_t, éducation_t;Datasets/all_labels_train_gensim_sparse_matrix.npz
archivalia.hypotheses.org/8515;histoire et archéologie_d, sciences sociales interdisciplinaires_d, histoire_t, approches de corpus_t, enquêtes_t, archives_t;Datasets/all_labels_train_gensim_sparse_matrix.npz
gab.hypotheses.org/1388;histoire et archéologie_d, pluridisciplinarité_d, sciences sociales interdisciplinaires_d, études des sciences_t, sociologie des sciences_t, histoire_t;Datasets/all_labels_train_gensim_sparse_matrix.npz
histbav.hypotheses.org/1618;humanités pluridisciplinaires_d, histoire_d, pluridisciplinarité_d, histoire_t, monde germanique_t;Datasets/all_labels_train_gensim_sparse_matrix.npz
amuc.hypotheses.org/1966;humanités pluridisciplinaires_d, histoire_d, histoire_t, représentations_t, patrimoine_t;Datasets/all_labels_train_gensim_sparse_matrix.npz
archivalia.hypotheses.org/9673;histoire et archéologie_d, sciences sociales interdisciplinaires_d, histoire_t, approches de corpus_t, enquêtes_t, archives_t;Datasets/all_labels_train_gensim_sparse_matrix.npz
games.hypotheses.org/1823;arts et humanités_d, humanités pluridisciplinaires_d, psychologie expérimentale_d, sciences cognitives_t, psychisme_t, psychologie_t, représentations_t, histoire de l'art_t, études visuelles_t;Datasets/all_labels_train_gensim_sparse_matrix.npz
pophistory.hypotheses.org/1954;humanités pluridisciplinaires_d, histoire et archéologie_d, sociologie de la culture_t, histoire sociale_t, histoire culturelle_t, époque contemporaine_t;Datasets/all_labels_train_gensim_sparse_matrix.npz
reichwein.hypotheses.org/1161;histoire et archéologie_d, histoire des sciences_t, 1945-1989_t;Datasets/all_labels_train_gensim_sparse_matrix.npz
archivalia.hypotheses.org/2400;histoire et archéologie_d, sciences sociales interdisciplinaires_d, histoire_t, approches de corpus_t, enquêtes_t, archives_t;Datasets/all_labels_train_gensim_sparse_matrix.npz
histbav.hypotheses.org/4237;humanités pluridisciplinaires_d, histoire_d, pluridisciplinarité_d, histoire_t, monde germanique_t;Datasets/all_labels_train_gensim_sparse_matrix.npz
kristinoswald.hypotheses.org/1384;études anciennes_d, études des sciences_t, histoire_t, histoire et sociologie des médias_t, histoire culturelle_t, digital humanities_t;Datasets/all_labels_train_gensim_sparse_matrix.npz
ordensgeschichte.hypotheses.org/187;arts et humanités_d, humanités pluridisciplinaires_d, histoire et archéologie_d, histoire et philosophie des sciences_d, histoire_t, haut moyen âge_t, bas moyen âge_t, xviie siècle_t, xviiie siècle_t;Datasets/all_labels_train_gensim_sparse_matrix.npz
hofkultur.hypotheses.org/241;arts et humanités_d, histoire_d, histoire sociale_t, histoire culturelle_t, histoire de l'art_t;Datasets/all_labels_train_gensim_sparse_matrix.npz
ordensgeschichte.hypotheses.org/3009;arts et humanités_d, humanités pluridisciplinaires_d, histoire et archéologie_d, histoire et philosophie des sciences_d, histoire_t, haut moyen âge_t, bas moyen âge_t, xviie siècle_t, xviiie siècle_t;Datasets/all_labels_train_gensim_sparse_matrix.npz
archivewk1.hypotheses.org/16231;histoire_d, époque contemporaine_t, 1914-1918_t;Datasets/all_labels_train_gensim_sparse_matrix.npz
aktenkunde.hypotheses.org/514;histoire_d, histoire_t, sciences auxiliaires de l'histoire_t;Datasets/all_labels_train_gensim_sparse_matrix.npz
lvrafz.hypotheses.org/1323;pluridisciplinarité_d, information_t;Datasets/all_labels_train_gensim_sparse_matrix.npz
archivewk1.hypotheses.org/28154;histoire_d, époque contemporaine_t, 1914-1918_t;Datasets/all_labels_train_gensim_sparse_matrix.npz
archivalia.hypotheses.org/2615;histoire et archéologie_d, sciences sociales interdisciplinaires_d, histoire_t, approches de corpus_t, enquêtes_t, archives_t;Datasets/all_labels_train_gensim_sparse_matrix.npz
archivalia.hypotheses.org/8336;histoire et archéologie_d, sciences sociales interdisciplinaires_d, histoire_t, approches de corpus_t, enquêtes_t, archives_t;Datasets/all_labels_train_gensim_sparse_matrix.npz
artincrisis.hypotheses.org/1482;arts et humanités_d, représentations_t, histoire de l'art_t, époque contemporaine_t, 1939-1945_t, monde germanique_t;Datasets/all_labels_train_gensim_sparse_matrix.npz
archivewk1.hypotheses.org/12789;histoire_d, époque contemporaine_t, 1914-1918_t;Datasets/all_labels_train_gensim_sparse_matrix.npz
1914lvr.hypotheses.org/1705;sciences politiques_d, histoire_t, époque contemporaine_t, 1914-1918_t;Datasets/all_labels_train_gensim_sparse_matrix.npz
archivalia.hypotheses.org/62077;histoire et archéologie_d, sciences sociales interdisciplinaires_d, histoire_t, approches de corpus_t, enquêtes_t, archives_t;Datasets/all_labels_train_gensim_sparse_matrix.npz
aktenkunde.hypotheses.org/392;histoire_d, histoire_t, sciences auxiliaires de l'histoire_t;Datasets/all_labels_train_gensim_sparse_matrix.npz
archivewk1.hypotheses.org/13008;histoire_d, époque contemporaine_t, 1914-1918_t;Datasets/all_labels_train_gensim_sparse_matrix.npz
lvrafz.hypotheses.org/1335;pluridisciplinarité_d, information_t;Datasets/all_labels_train_gensim_sparse_matrix.npz
histbav.hypotheses.org/1468;humanités pluridisciplinaires_d, histoire_d, pluridisciplinarité_d, histoire_t, monde germanique_t;Datasets/all_labels_train_gensim_sparse_matrix.npz
reichwein.hypotheses.org/1606;histoire et archéologie_d, histoire des sciences_t, 1945-1989_t;Datasets/all_labels_train_gensim_sparse_matrix.npz
archives.hypotheses.org/1058;histoire_d, communication_d, patrimoine_t, digital humanities_t, moyen âge_t, époque moderne_t, france_t, monde germanique_t;Datasets/all_labels_train_gensim_sparse_matrix.npz
vwm.hypotheses.org/147;histoire et archéologie_d, histoire_d, études sur la famille_d, histoire_t, histoire sociale_t, époque moderne_t, xviie siècle_t, xviiie siècle_t;Datasets/all_labels_train_gensim_sparse_matrix.npz
ordensgeschichte.hypotheses.org/665;arts et humanités_d, humanités pluridisciplinaires_d, histoire et archéologie_d, histoire et philosophie des sciences_d, histoire_t, haut moyen âge_t, bas moyen âge_t, xviie siècle_t, xviiie siècle_t;Datasets/all_labels_train_gensim_sparse_matrix.npz
archivalia.hypotheses.org/14046;histoire et archéologie_d, sciences sociales interdisciplinaires_d, histoire_t, approches de corpus_t, enquêtes_t, archives_t;Datasets/all_labels_train_gensim_sparse_matrix.npz
schotten.hypotheses.org/348;religions_d, histoire et archéologie_d, sciences de l'information et de la communication_d, bibliothéconomie_d, histoire_t, histoire des religions_t, approches de corpus_t, enquêtes_t, archives_t, monde germanique_t;Datasets/all_labels_train_gensim_sparse_matrix.npz
archivalia.hypotheses.org/11011;histoire et archéologie_d, sciences sociales interdisciplinaires_d, histoire_t, approches de corpus_t, enquêtes_t, archives_t;Datasets/all_labels_train_gensim_sparse_matrix.npz
archivewk1.hypotheses.org/29147;histoire_d, époque contemporaine_t, 1914-1918_t;Datasets/all_labels_train_gensim_sparse_matrix.npz
archivalia.hypotheses.org/62664;histoire et archéologie_d, sciences sociales interdisciplinaires_d, histoire_t, approches de corpus_t, enquêtes_t, archives_t;Datasets/all_labels_train_gensim_sparse_matrix.npz
francofil.hypotheses.org/4611;pluridisciplinarité_d, sciences sociales interdisciplinaires_d, histoire_t, épistémologie et méthodes_t, approches de corpus_t, enquêtes_t, archives_t, france_t;Datasets/all_labels_train_gensim_sparse_matrix.npz
archivalia.hypotheses.org/8700;histoire et archéologie_d, sciences sociales interdisciplinaires_d, histoire_t, approches de corpus_t, enquêtes_t, archives_t;Datasets/all_labels_train_gensim_sparse_matrix.npz
dkblog.hypotheses.org/973;histoire_d, histoire_t, époque moderne_t, xviie siècle_t;Datasets/all_labels_train_gensim_sparse_matrix.npz
archivalia.hypotheses.org/11744;histoire et archéologie_d, sciences sociales interdisciplinaires_d, histoire_t, approches de corpus_t, enquêtes_t, archives_t;Datasets/all_labels_train_gensim_sparse_matrix.npz
archivewk1.hypotheses.org/15085;histoire_d, époque contemporaine_t, 1914-1918_t;Datasets/all_labels_train_gensim_sparse_matrix.npz
pophistory.hypotheses.org/1110;humanités pluridisciplinaires_d, histoire et archéologie_d, sociologie de la culture_t, histoire sociale_t, histoire culturelle_t, époque contemporaine_t;Datasets/all_labels_train_gensim_sparse_matrix.npz
soziologieblog.hypotheses.org/2914;sciences sociales interdisciplinaires_d, sociologie et anthropologie_d, sociologie du travail_t, sociologie urbaine_t, sociologie de la culture_t, sociologie économique_t;Datasets/all_labels_train_gensim_sparse_matrix.npz
fnzinfo.hypotheses.org/781;arts et humanités_d, musique_d, histoire et archéologie_d, histoire_t, xvie siècle_t, xviie siècle_t, xviiie siècle_t, révolution française_t;Datasets/all_labels_train_gensim_sparse_matrix.npz
etatsocial.hypotheses.org/125;histoire_d, histoire des sciences sociales_d, sociologie_d, économie_d, sociologie du travail_t, âges de la vie_t, xxe siècle_t;Datasets/all_labels_train_gensim_sparse_matrix.npz
revolt.hypotheses.org/623;histoire_d, pluridisciplinarité_d, littérature_d, histoire et sociologie des médias_t, époque moderne_t, europe_t;Datasets/all_labels_train_gensim_sparse_matrix.npz
dss.hypotheses.org/935;arts et humanités_d, communication_d, sciences de l'information et bibliothéconomie_d, information_t, édition électronique_t, représentations_t, histoire de l'art_t, patrimoine_t, prospectives_t;Datasets/all_labels_train_gensim_sparse_matrix.npz
aktenkunde.hypotheses.org/425;histoire_d, histoire_t, sciences auxiliaires de l'histoire_t;Datasets/all_labels_train_gensim_sparse_matrix.npz
histbav.hypotheses.org/2189;humanités pluridisciplinaires_d, histoire_d, pluridisciplinarité_d, histoire_t, monde germanique_t;Datasets/all_labels_train_gensim_sparse_matrix.npz
archivalia.hypotheses.org/10566;histoire et archéologie_d, sciences sociales interdisciplinaires_d, histoire_t, approches de corpus_t, enquêtes_t, archives_t;Datasets/all_labels_train_gensim_sparse_matrix.npz
archivalia.hypotheses.org/10521;histoire et archéologie_d, sciences sociales interdisciplinaires_d, histoire_t, approches de corpus_t, enquêtes_t, archives_t;Datasets/all_labels_train_gensim_sparse_matrix.npz
archivewk1.hypotheses.org/8678;histoire_d, époque contemporaine_t, 1914-1918_t;Datasets/all_labels_train_gensim_sparse_matrix.npz
bioeg.hypotheses.org/970;histoire et archéologie_d, histoire_d, histoire_t, sciences auxiliaires de l'histoire_t, europe centrale et orientale_t, monde germanique_t;Datasets/all_labels_train_gensim_sparse_matrix.npz
jeunegen.hypotheses.org/1423;histoire_d, pluridisciplinarité_d, histoire_t, vie de la recherche_t, moyen âge_t, haut moyen âge_t, bas moyen âge_t;Datasets/all_labels_train_gensim_sparse_matrix.npz
babyvision.hypotheses.org/112;psychologie_d, études des sciences_t, psychisme_t;Datasets/all_labels_train_gensim_sparse_matrix.npz
histbav.hypotheses.org/1263;humanités pluridisciplinaires_d, histoire_d, pluridisciplinarité_d, histoire_t, monde germanique_t;Datasets/all_labels_train_gensim_sparse_matrix.npz
guerre-froide.hypotheses.org/1544;histoire_d, relations internationales_t, histoire culturelle_t, 1945-1989_t;Datasets/all_labels_train_gensim_sparse_matrix.npz
amuc.hypotheses.org/2076;humanités pluridisciplinaires_d, histoire_d, histoire_t, représentations_t, patrimoine_t;Datasets/all_labels_train_gensim_sparse_matrix.npz
archivalia.hypotheses.org/58843;histoire et archéologie_d, sciences sociales interdisciplinaires_d, histoire_t, approches de corpus_t, enquêtes_t, archives_t;Datasets/all_labels_train_gensim_sparse_matrix.npz
archivalia.hypotheses.org/6737;histoire et archéologie_d, sciences sociales interdisciplinaires_d, histoire_t, approches de corpus_t, enquêtes_t, archives_t;Datasets/all_labels_train_gensim_sparse_matrix.npz
archivalia.hypotheses.org/12976;histoire et archéologie_d, sciences sociales interdisciplinaires_d, histoire_t, approches de corpus_t, enquêtes_t, archives_t;Datasets/all_labels_train_gensim_sparse_matrix.npz
archivewk1.hypotheses.org/15134;histoire_d, époque contemporaine_t, 1914-1918_t;Datasets/all_labels_train_gensim_sparse_matrix.npz
dkblog.hypotheses.org/570;histoire_d, histoire_t, époque moderne_t, xviie siècle_t;Datasets/all_labels_train_gensim_sparse_matrix.npz
archivalia.hypotheses.org/9888;histoire et archéologie_d, sciences sociales interdisciplinaires_d, histoire_t, approches de corpus_t, enquêtes_t, archives_t;Datasets/all_labels_train_gensim_sparse_matrix.npz
histbav.hypotheses.org/3659;humanités pluridisciplinaires_d, histoire_d, pluridisciplinarité_d, histoire_t, monde germanique_t;Datasets/all_labels_train_gensim_sparse_matrix.npz
archivewk1.hypotheses.org/29676;histoire_d, époque contemporaine_t, 1914-1918_t;Datasets/all_labels_train_gensim_sparse_matrix.npz
archivalia.hypotheses.org/13952;histoire et archéologie_d, sciences sociales interdisciplinaires_d, histoire_t, approches de corpus_t, enquêtes_t, archives_t;Datasets/all_labels_train_gensim_sparse_matrix.npz
archivalia.hypotheses.org/514;histoire et archéologie_d, sciences sociales interdisciplinaires_d, histoire_t, approches de corpus_t, enquêtes_t, archives_t;Datasets/all_labels_train_gensim_sparse_matrix.npz
2wkvisuell.hypotheses.org/431;arts et humanités_d, histoire et archéologie_d, histoire sociale_t, guerres_t, conflits_t, violence_t, histoire et sociologie des médias_t, études visuelles_t, époque contemporaine_t;Datasets/all_labels_train_gensim_sparse_matrix.npz
trafo.hypotheses.org/2665;pluridisciplinarité_d, sciences sociales interdisciplinaires_d, études régionales_d, sociologie_t, sociologie des religions_t, information_t, histoire culturelle_t;Datasets/all_labels_train_gensim_sparse_matrix.npz
archivalia.hypotheses.org/8029;histoire et archéologie_d, sciences sociales interdisciplinaires_d, histoire_t, approches de corpus_t, enquêtes_t, archives_t;Datasets/all_labels_train_gensim_sparse_matrix.npz
schotten.hypotheses.org/1229;religions_d, histoire et archéologie_d, sciences de l'information et de la communication_d, bibliothéconomie_d, histoire_t, histoire des religions_t, approches de corpus_t, enquêtes_t, archives_t, monde germanique_t;Datasets/all_labels_train_gensim_sparse_matrix.npz
scriptorium.hypotheses.org/344;humanités pluridisciplinaires_d, pluridisciplinarité_d, digital humanities_t, moyen âge_t;Datasets/all_labels_train_gensim_sparse_matrix.npz
grammata.hypotheses.org/1716;études anciennes_d, religions_d, littérature_d, religions_t, littératures_t;Datasets/all_labels_train_gensim_sparse_matrix.npz
archivalia.hypotheses.org/1169;histoire et archéologie_d, sciences sociales interdisciplinaires_d, histoire_t, approches de corpus_t, enquêtes_t, archives_t;Datasets/all_labels_train_gensim_sparse_matrix.npz
unibloggt.hypotheses.org/797;histoire et archéologie_d, pluridisciplinarité_d, histoire_t, information_t;Datasets/all_labels_train_gensim_sparse_matrix.npz
intersex.hypotheses.org/537;histoire_d, biomédecine_d, étude des genres_t, histoire des sciences_t, histoire_t, histoire du droit_t, moyen âge_t, xxie siècle_t;Datasets/all_labels_train_gensim_sparse_matrix.npz
archive20.hypotheses.org/2842;pluridisciplinarité_d, sciences sociales interdisciplinaires_d, histoire_t, information_t, patrimoine_t, monde germanique_t;Datasets/all_labels_train_gensim_sparse_matrix.npz
archivalia.hypotheses.org/59183;histoire et archéologie_d, sciences sociales interdisciplinaires_d, histoire_t, approches de corpus_t, enquêtes_t, archives_t;Datasets/all_labels_train_gensim_sparse_matrix.npz
archivalia.hypotheses.org/6433;histoire et archéologie_d, sciences sociales interdisciplinaires_d, histoire_t, approches de corpus_t, enquêtes_t, archives_t;Datasets/all_labels_train_gensim_sparse_matrix.npz
archivalia.hypotheses.org/10680;histoire et archéologie_d, sciences sociales interdisciplinaires_d, histoire_t, approches de corpus_t, enquêtes_t, archives_t;Datasets/all_labels_train_gensim_sparse_matrix.npz
archivalia.hypotheses.org/6175;histoire et archéologie_d, sciences sociales interdisciplinaires_d, histoire_t, approches de corpus_t, enquêtes_t, archives_t;Datasets/all_labels_train_gensim_sparse_matrix.npz
archivalia.hypotheses.org/3749;histoire et archéologie_d, sciences sociales interdisciplinaires_d, histoire_t, approches de corpus_t, enquêtes_t, archives_t;Datasets/all_labels_train_gensim_sparse_matrix.npz
archivewk1.hypotheses.org/14301;histoire_d, époque contemporaine_t, 1914-1918_t;Datasets/all_labels_train_gensim_sparse_matrix.npz
archivewk1.hypotheses.org/19442;histoire_d, époque contemporaine_t, 1914-1918_t;Datasets/all_labels_train_gensim_sparse_matrix.npz
archivalia.hypotheses.org/11490;histoire et archéologie_d, sciences sociales interdisciplinaires_d, histoire_t, approches de corpus_t, enquêtes_t, archives_t;Datasets/all_labels_train_gensim_sparse_matrix.npz
jameel.hypotheses.org/395;pluridisciplinarité_d, études régionales_d, archéologie_d, arts_d, humanités pluridisciplinaires_d, représentations_t, asie_t, digital humanities_t, histoire de l'art_t;Datasets/all_labels_train_gensim_sparse_matrix.npz
kristinoswald.hypotheses.org/1287;études anciennes_d, études des sciences_t, histoire_t, histoire et sociologie des médias_t, histoire culturelle_t, digital humanities_t;Datasets/all_labels_train_gensim_sparse_matrix.npz
archivalia.hypotheses.org/12454;histoire et archéologie_d, sciences sociales interdisciplinaires_d, histoire_t, approches de corpus_t, enquêtes_t, archives_t;Datasets/all_labels_train_gensim_sparse_matrix.npz
barblog.hypotheses.org/971;sciences sociales interdisciplinaires_d, sciences politiques_d, sociologie_d, anthropologie politique_t;Datasets/all_labels_train_gensim_sparse_matrix.npz
histbav.hypotheses.org/1701;humanités pluridisciplinaires_d, histoire_d, pluridisciplinarité_d, histoire_t, monde germanique_t;Datasets/all_labels_train_gensim_sparse_matrix.npz
rkb.hypotheses.org/283;arts et humanités_d, communication_d, sciences de l'information et bibliothéconomie_d, sociologie des sciences_t, édition électronique_t, histoire et sociologie des médias_t;Datasets/all_labels_train_gensim_sparse_matrix.npz
philophiso.hypotheses.org/1041;philosophie_d, éducation_d, éducation spécialisée_d, pensée_t, philosophie_t, représentations_t, patrimoine_t;Datasets/all_labels_train_gensim_sparse_matrix.npz
philophiso.hypotheses.org/717;philosophie_d, éducation_d, éducation spécialisée_d, pensée_t, philosophie_t, représentations_t, patrimoine_t;Datasets/all_labels_train_gensim_sparse_matrix.npz
archivalia.hypotheses.org/5741;histoire et archéologie_d, sciences sociales interdisciplinaires_d, histoire_t, approches de corpus_t, enquêtes_t, archives_t;Datasets/all_labels_train_gensim_sparse_matrix.npz
histbav.hypotheses.org/4302;humanités pluridisciplinaires_d, histoire_d, pluridisciplinarité_d, histoire_t, monde germanique_t;Datasets/all_labels_train_gensim_sparse_matrix.npz
gid.hypotheses.org/1281;pluridisciplinarité_d, sciences sociales interdisciplinaires_d, études des sciences_t, histoire des sciences_t, pensée_t, histoire intellectuelle_t, histoire culturelle_t, prospectives_t;Datasets/all_labels_train_gensim_sparse_matrix.npz
archivalia.hypotheses.org/55561;histoire et archéologie_d, sciences sociales interdisciplinaires_d, histoire_t, approches de corpus_t, enquêtes_t, archives_t;Datasets/all_labels_train_gensim_sparse_matrix.npz
digigw.hypotheses.org/449;humanités pluridisciplinaires_d, histoire_t, édition électronique_t, sciences auxiliaires de l'histoire_t, digital humanities_t;Datasets/all_labels_train_gensim_sparse_matrix.npz
archivalia.hypotheses.org/56095;histoire et archéologie_d, sciences sociales interdisciplinaires_d, histoire_t, approches de corpus_t, enquêtes_t, archives_t;Datasets/all_labels_train_gensim_sparse_matrix.npz
grammata.hypotheses.org/749;études anciennes_d, religions_d, littérature_d, religions_t, littératures_t;Datasets/all_labels_train_gensim_sparse_matrix.npz
archivalia.hypotheses.org/59253;histoire et archéologie_d, sciences sociales interdisciplinaires_d, histoire_t, approches de corpus_t, enquêtes_t, archives_t;Datasets/all_labels_train_gensim_sparse_matrix.npz
dokunstlmu.hypotheses.org/557;arts et humanités_d, histoire intellectuelle_t;Datasets/all_labels_train_gensim_sparse_matrix.npz
dokunstlmu.hypotheses.org/1677;arts et humanités_d, histoire intellectuelle_t;Datasets/all_labels_train_gensim_sparse_matrix.npz
grammata.hypotheses.org/1994;études anciennes_d, religions_d, littérature_d, religions_t, littératures_t;Datasets/all_labels_train_gensim_sparse_matrix.npz
histbav.hypotheses.org/957;humanités pluridisciplinaires_d, histoire_d, pluridisciplinarité_d, histoire_t, monde germanique_t;Datasets/all_labels_train_gensim_sparse_matrix.npz
dkblog.hypotheses.org/862;histoire_d, histoire_t, époque moderne_t, xviie siècle_t;Datasets/all_labels_train_gensim_sparse_matrix.npz
geschichtsadmin.hypotheses.org/343;éducation_d, histoire_d, sociologie du travail_t, histoire_t;Datasets/all_labels_train_gensim_sparse_matrix.npz
archivalia.hypotheses.org/14053;histoire et archéologie_d, sciences sociales interdisciplinaires_d, histoire_t, approches de corpus_t, enquêtes_t, archives_t;Datasets/all_labels_train_gensim_sparse_matrix.npz
archivalia.hypotheses.org/928;histoire et archéologie_d, sciences sociales interdisciplinaires_d, histoire_t, approches de corpus_t, enquêtes_t, archives_t;Datasets/all_labels_train_gensim_sparse_matrix.npz
1914lvr.hypotheses.org/417;sciences politiques_d, histoire_t, époque contemporaine_t, 1914-1918_t;Datasets/all_labels_train_gensim_sparse_matrix.npz
ordensgeschichte.hypotheses.org/10481;arts et humanités_d, humanités pluridisciplinaires_d, histoire et archéologie_d, histoire et philosophie des sciences_d, histoire_t, haut moyen âge_t, bas moyen âge_t, xviie siècle_t, xviiie siècle_t;Datasets/all_labels_train_gensim_sparse_matrix.npz
archivalia.hypotheses.org/11162;histoire et archéologie_d, sciences sociales interdisciplinaires_d, histoire_t, approches de corpus_t, enquêtes_t, archives_t;Datasets/all_labels_train_gensim_sparse_matrix.npz
leibnizarc.hypotheses.org/770;éducation_d, histoire et archéologie_d, sciences de l'information et bibliothéconomie_d, études des sciences_t, histoire industrielle_t, histoire de l'art_t;Datasets/all_labels_train_gensim_sparse_matrix.npz
archivalia.hypotheses.org/8967;histoire et archéologie_d, sciences sociales interdisciplinaires_d, histoire_t, approches de corpus_t, enquêtes_t, archives_t;Datasets/all_labels_train_gensim_sparse_matrix.npz
archivalia.hypotheses.org/10397;histoire et archéologie_d, sciences sociales interdisciplinaires_d, histoire_t, approches de corpus_t, enquêtes_t, archives_t;Datasets/all_labels_train_gensim_sparse_matrix.npz
archivalia.hypotheses.org/4183;histoire et archéologie_d, sciences sociales interdisciplinaires_d, histoire_t, approches de corpus_t, enquêtes_t, archives_t;Datasets/all_labels_train_gensim_sparse_matrix.npz
mittelalter.hypotheses.org/5156;humanités pluridisciplinaires_d, religions_d, histoire_d, sociologie_d, histoire_t, histoire sociale_t, histoire intellectuelle_t, moyen âge_t, haut moyen âge_t, bas moyen âge_t;Datasets/all_labels_train_gensim_sparse_matrix.npz
archivalia.hypotheses.org/14541;histoire et archéologie_d, sciences sociales interdisciplinaires_d, histoire_t, approches de corpus_t, enquêtes_t, archives_t;Datasets/all_labels_train_gensim_sparse_matrix.npz
fnzinfo.hypotheses.org/68;arts et humanités_d, musique_d, histoire et archéologie_d, histoire_t, xvie siècle_t, xviie siècle_t, xviiie siècle_t, révolution française_t;Datasets/all_labels_train_gensim_sparse_matrix.npz
jeunegen.hypotheses.org/258;histoire_d, pluridisciplinarité_d, histoire_t, vie de la recherche_t, moyen âge_t, haut moyen âge_t, bas moyen âge_t;Datasets/all_labels_train_gensim_sparse_matrix.npz
archivewk1.hypotheses.org/7017;histoire_d, époque contemporaine_t, 1914-1918_t;Datasets/all_labels_train_gensim_sparse_matrix.npz
archivekod.hypotheses.org/839;religions_d, histoire et archéologie_d, sciences de l'information et de la communication_d, bibliothéconomie_d, communication_d, histoire_t, histoire des religions_t, patrimoine_t;Datasets/all_labels_train_gensim_sparse_matrix.npz
archivewk1.hypotheses.org/15910;histoire_d, époque contemporaine_t, 1914-1918_t;Datasets/all_labels_train_gensim_sparse_matrix.npz
hsc.hypotheses.org/311;arts et humanités_d, humanités pluridisciplinaires_d, histoire et archéologie_d, histoire_t, historiographie_t;Datasets/all_labels_train_gensim_sparse_matrix.npz
dhc.hypotheses.org/152;sciences sociales interdisciplinaires_d, études des sciences_t, information_t, vie de la recherche_t;Datasets/all_labels_train_gensim_sparse_matrix.npz
archivalia.hypotheses.org/9246;histoire et archéologie_d, sciences sociales interdisciplinaires_d, histoire_t, approches de corpus_t, enquêtes_t, archives_t;Datasets/all_labels_train_gensim_sparse_matrix.npz
archivalia.hypotheses.org/7953;histoire et archéologie_d, sciences sociales interdisciplinaires_d, histoire_t, approches de corpus_t, enquêtes_t, archives_t;Datasets/all_labels_train_gensim_sparse_matrix.npz
archivalia.hypotheses.org/7512;histoire et archéologie_d, sciences sociales interdisciplinaires_d, histoire_t, approches de corpus_t, enquêtes_t, archives_t;Datasets/all_labels_train_gensim_sparse_matrix.npz
archivalia.hypotheses.org/2934;histoire et archéologie_d, sciences sociales interdisciplinaires_d, histoire_t, approches de corpus_t, enquêtes_t, archives_t;Datasets/all_labels_train_gensim_sparse_matrix.npz
archivalia.hypotheses.org/14492;histoire et archéologie_d, sciences sociales interdisciplinaires_d, histoire_t, approches de corpus_t, enquêtes_t, archives_t;Datasets/all_labels_train_gensim_sparse_matrix.npz
archivalia.hypotheses.org/7476;histoire et archéologie_d, sciences sociales interdisciplinaires_d, histoire_t, approches de corpus_t, enquêtes_t, archives_t;Datasets/all_labels_train_gensim_sparse_matrix.npz
histbav.hypotheses.org/3399;humanités pluridisciplinaires_d, histoire_d, pluridisciplinarité_d, histoire_t, monde germanique_t;Datasets/all_labels_train_gensim_sparse_matrix.npz
trivium.hypotheses.org/296;arts et humanités_d, humanités pluridisciplinaires_d, pluridisciplinarité_d, sciences sociales interdisciplinaires_d, représentations_t, histoire culturelle_t, épistémologie et méthodes_t, vie de la recherche_t;Datasets/all_labels_train_gensim_sparse_matrix.npz
catholiccultures.hypotheses.org/990;histoire et archéologie_d, histoire des sciences sociales_d, sciences sociales interdisciplinaires_d, sociologie et anthropologie_d, histoire_t, histoire sociale_t, histoire des religions_t, époque moderne_t;Datasets/all_labels_train_gensim_sparse_matrix.npz
bioeg.hypotheses.org/934;histoire et archéologie_d, histoire_d, histoire_t, sciences auxiliaires de l'histoire_t, europe centrale et orientale_t, monde germanique_t;Datasets/all_labels_train_gensim_sparse_matrix.npz
archivewk1.hypotheses.org/27897;histoire_d, époque contemporaine_t, 1914-1918_t;Datasets/all_labels_train_gensim_sparse_matrix.npz
bereschitrabba.hypotheses.org/442;arts et humanités_d, religions_d, langue et linguistique_d, religions_t, histoire des religions_t;Datasets/all_labels_train_gensim_sparse_matrix.npz
archivewk1.hypotheses.org/12237;histoire_d, époque contemporaine_t, 1914-1918_t;Datasets/all_labels_train_gensim_sparse_matrix.npz
studpro.hypotheses.org/747;histoire_d, histoire_t, époque moderne_t, xviie siècle_t, xviiie siècle_t;Datasets/all_labels_train_gensim_sparse_matrix.npz
gab.hypotheses.org/3112;histoire et archéologie_d, pluridisciplinarité_d, sciences sociales interdisciplinaires_d, études des sciences_t, sociologie des sciences_t, histoire_t;Datasets/all_labels_train_gensim_sparse_matrix.npz
archivalia.hypotheses.org/7536;histoire et archéologie_d, sciences sociales interdisciplinaires_d, histoire_t, approches de corpus_t, enquêtes_t, archives_t;Datasets/all_labels_train_gensim_sparse_matrix.npz
gab.hypotheses.org/1076;histoire et archéologie_d, pluridisciplinarité_d, sciences sociales interdisciplinaires_d, études des sciences_t, sociologie des sciences_t, histoire_t;Datasets/all_labels_train_gensim_sparse_matrix.npz
archivewk1.hypotheses.org/31216;histoire_d, époque contemporaine_t, 1914-1918_t;Datasets/all_labels_train_gensim_sparse_matrix.npz
archivalia.hypotheses.org/7760;histoire et archéologie_d, sciences sociales interdisciplinaires_d, histoire_t, approches de corpus_t, enquêtes_t, archives_t;Datasets/all_labels_train_gensim_sparse_matrix.npz
maxweber.hypotheses.org/747;humanités pluridisciplinaires_d, histoire et archéologie_d, histoire et philosophie des sciences_d, sociologie et anthropologie_d, histoire sociale_t, histoire intellectuelle_t, sociologie des religions_t, vie de la recherche_t;Datasets/all_labels_train_gensim_sparse_matrix.npz
archivalia.hypotheses.org/8403;histoire et archéologie_d, sciences sociales interdisciplinaires_d, histoire_t, approches de corpus_t, enquêtes_t, archives_t;Datasets/all_labels_train_gensim_sparse_matrix.npz
archivewk1.hypotheses.org/20781;histoire_d, époque contemporaine_t, 1914-1918_t;Datasets/all_labels_train_gensim_sparse_matrix.npz
archivalia.hypotheses.org/10355;histoire et archéologie_d, sciences sociales interdisciplinaires_d, histoire_t, approches de corpus_t, enquêtes_t, archives_t;Datasets/all_labels_train_gensim_sparse_matrix.npz
dkblog.hypotheses.org/576;histoire_d, histoire_t, époque moderne_t, xviie siècle_t;Datasets/all_labels_train_gensim_sparse_matrix.npz
irhis.hypotheses.org/4131;arts et humanités_d, histoire et archéologie_d, histoire économique_t, histoire sociale_t, études visuelles_t;Datasets/all_labels_train_gensim_sparse_matrix.npz
archivalia.hypotheses.org/12578;histoire et archéologie_d, sciences sociales interdisciplinaires_d, histoire_t, approches de corpus_t, enquêtes_t, archives_t;Datasets/all_labels_train_gensim_sparse_matrix.npz
archivewk1.hypotheses.org/9816;histoire_d, époque contemporaine_t, 1914-1918_t;Datasets/all_labels_train_gensim_sparse_matrix.npz
philophiso.hypotheses.org/1117;philosophie_d, éducation_d, éducation spécialisée_d, pensée_t, philosophie_t, représentations_t, patrimoine_t;Datasets/all_labels_train_gensim_sparse_matrix.npz
redaktionsblog.hypotheses.org/875;arts et humanités_d, humanités pluridisciplinaires_d, épistémologie et méthodes_t, digital humanities_t;Datasets/all_labels_train_gensim_sparse_matrix.npz
archive20.hypotheses.org/1450;pluridisciplinarité_d, sciences sociales interdisciplinaires_d, histoire_t, information_t, patrimoine_t, monde germanique_t;Datasets/all_labels_train_gensim_sparse_matrix.npz
games.hypotheses.org/1652;arts et humanités_d, humanités pluridisciplinaires_d, psychologie expérimentale_d, sciences cognitives_t, psychisme_t, psychologie_t, représentations_t, histoire de l'art_t, études visuelles_t;Datasets/all_labels_train_gensim_sparse_matrix.npz
archivalia.hypotheses.org/52651;histoire et archéologie_d, sciences sociales interdisciplinaires_d, histoire_t, approches de corpus_t, enquêtes_t, archives_t;Datasets/all_labels_train_gensim_sparse_matrix.npz
archivalia.hypotheses.org/7043;histoire et archéologie_d, sciences sociales interdisciplinaires_d, histoire_t, approches de corpus_t, enquêtes_t, archives_t;Datasets/all_labels_train_gensim_sparse_matrix.npz
grk1678.hypotheses.org/835;arts et humanités_d, humanités pluridisciplinaires_d, histoire et philosophie des sciences_d, pluridisciplinarité_d, philosophie_t, littératures_t, histoire culturelle_t, histoire de l'art_t;Datasets/all_labels_train_gensim_sparse_matrix.npz
archivalia.hypotheses.org/4803;histoire et archéologie_d, sciences sociales interdisciplinaires_d, histoire_t, approches de corpus_t, enquêtes_t, archives_t;Datasets/all_labels_train_gensim_sparse_matrix.npz
archivalia.hypotheses.org/14579;histoire et archéologie_d, sciences sociales interdisciplinaires_d, histoire_t, approches de corpus_t, enquêtes_t, archives_t;Datasets/all_labels_train_gensim_sparse_matrix.npz
archivewk1.hypotheses.org/19830;histoire_d, époque contemporaine_t, 1914-1918_t;Datasets/all_labels_train_gensim_sparse_matrix.npz
medialogic.hypotheses.org/147;arts et humanités_d, sciences de l'information et de la communication_d, bibliothéconomie_d, sociologie_t;Datasets/all_labels_train_gensim_sparse_matrix.npz
blogweimar.hypotheses.org/100;histoire et archéologie_d, histoire_t, histoire politique_t, 1918-1939_t, monde germanique_t;Datasets/all_labels_train_gensim_sparse_matrix.npz
zakunibonn.hypotheses.org/391;histoire_d, psychologie_d, histoire_t, psychisme_t, psychologie_t, méthodes de traitement et de représentation_t, monde germanique_t;Datasets/all_labels_train_gensim_sparse_matrix.npz
archivalia.hypotheses.org/14358;histoire et archéologie_d, sciences sociales interdisciplinaires_d, histoire_t, approches de corpus_t, enquêtes_t, archives_t;Datasets/all_labels_train_gensim_sparse_matrix.npz
archivewk1.hypotheses.org/342;histoire_d, époque contemporaine_t, 1914-1918_t;Datasets/all_labels_train_gensim_sparse_matrix.npz
archivalia.hypotheses.org/8222;histoire et archéologie_d, sciences sociales interdisciplinaires_d, histoire_t, approches de corpus_t, enquêtes_t, archives_t;Datasets/all_labels_train_gensim_sparse_matrix.npz
archivewk1.hypotheses.org/21195;histoire_d, époque contemporaine_t, 1914-1918_t;Datasets/all_labels_train_gensim_sparse_matrix.npz
feldpost.hypotheses.org/418;histoire_d, histoire_t, guerres_t, conflits_t, violence_t, histoire culturelle_t, 1914-1918_t, monde germanique_t;Datasets/all_labels_train_gensim_sparse_matrix.npz
archivewk1.hypotheses.org/26305;histoire_d, époque contemporaine_t, 1914-1918_t;Datasets/all_labels_train_gensim_sparse_matrix.npz
archivalia.hypotheses.org/5069;histoire et archéologie_d, sciences sociales interdisciplinaires_d, histoire_t, approches de corpus_t, enquêtes_t, archives_t;Datasets/all_labels_train_gensim_sparse_matrix.npz
histbav.hypotheses.org/753;humanités pluridisciplinaires_d, histoire_d, pluridisciplinarité_d, histoire_t, monde germanique_t;Datasets/all_labels_train_gensim_sparse_matrix.npz
archiskop.hypotheses.org/1;archéologie_d, bas moyen âge_t;Datasets/all_labels_train_gensim_sparse_matrix.npz
archivalia.hypotheses.org/9706;histoire et archéologie_d, sciences sociales interdisciplinaires_d, histoire_t, approches de corpus_t, enquêtes_t, archives_t;Datasets/all_labels_train_gensim_sparse_matrix.npz
gab.hypotheses.org/2524;histoire et archéologie_d, pluridisciplinarité_d, sciences sociales interdisciplinaires_d, études des sciences_t, sociologie des sciences_t, histoire_t;Datasets/all_labels_train_gensim_sparse_matrix.npz
minuseinsebene.hypotheses.org/162;archéologie_d, histoire urbaine_t, histoire des religions_t, moyen âge_t, haut moyen âge_t, monde germanique_t;Datasets/all_labels_train_gensim_sparse_matrix.npz
archivalia.hypotheses.org/3215;histoire et archéologie_d, sciences sociales interdisciplinaires_d, histoire_t, approches de corpus_t, enquêtes_t, archives_t;Datasets/all_labels_train_gensim_sparse_matrix.npz
archivalia.hypotheses.org/4267;histoire et archéologie_d, sciences sociales interdisciplinaires_d, histoire_t, approches de corpus_t, enquêtes_t, archives_t;Datasets/all_labels_train_gensim_sparse_matrix.npz
gewalt.hypotheses.org/714;sciences politiques_d, sociologie_d, sociologie_t, sociologie urbaine_t, anthropologie politique_t, histoire urbaine_t, guerres_t, conflits_t, violence_t;Datasets/all_labels_train_gensim_sparse_matrix.npz
archivewk1.hypotheses.org/12012;histoire_d, époque contemporaine_t, 1914-1918_t;Datasets/all_labels_train_gensim_sparse_matrix.npz
ordensgeschichte.hypotheses.org/2938;arts et humanités_d, humanités pluridisciplinaires_d, histoire et archéologie_d, histoire et philosophie des sciences_d, histoire_t, haut moyen âge_t, bas moyen âge_t, xviie siècle_t, xviiie siècle_t;Datasets/all_labels_train_gensim_sparse_matrix.npz
studpro.hypotheses.org/13;histoire_d, histoire_t, époque moderne_t, xviie siècle_t, xviiie siècle_t;Datasets/all_labels_train_gensim_sparse_matrix.npz
bereschitrabba.hypotheses.org/77;arts et humanités_d, religions_d, langue et linguistique_d, religions_t, histoire des religions_t;Datasets/all_labels_train_gensim_sparse_matrix.npz
erinnern.hypotheses.org/471;éducation et sciences de l'éducation_d, histoire_d, histoire_t, éducation_t, 1918-1939_t, 1939-1945_t, 1945-1989_t;Datasets/all_labels_train_gensim_sparse_matrix.npz
intersex.hypotheses.org/1059;histoire_d, biomédecine_d, étude des genres_t, histoire des sciences_t, histoire_t, histoire du droit_t, moyen âge_t, xxie siècle_t;Datasets/all_labels_train_gensim_sparse_matrix.npz
archivewk1.hypotheses.org/27521;histoire_d, époque contemporaine_t, 1914-1918_t;Datasets/all_labels_train_gensim_sparse_matrix.npz
histbav.hypotheses.org/2286;humanités pluridisciplinaires_d, histoire_d, pluridisciplinarité_d, histoire_t, monde germanique_t;Datasets/all_labels_train_gensim_sparse_matrix.npz
leibnizarc.hypotheses.org/198;éducation_d, histoire et archéologie_d, sciences de l'information et bibliothéconomie_d, études des sciences_t, histoire industrielle_t, histoire de l'art_t;Datasets/all_labels_train_gensim_sparse_matrix.npz
zakunibonn.hypotheses.org/1586;histoire_d, psychologie_d, histoire_t, psychisme_t, psychologie_t, méthodes de traitement et de représentation_t, monde germanique_t;Datasets/all_labels_train_gensim_sparse_matrix.npz
texperimentales.hypotheses.org/1344;linguistique appliquée_d, langue et linguistique_d, langage_t, linguistique_t, information_t, sciences de l'information_t, digital humanities_t;Datasets/all_labels_train_gensim_sparse_matrix.npz
archivalia.hypotheses.org/12251;histoire et archéologie_d, sciences sociales interdisciplinaires_d, histoire_t, approches de corpus_t, enquêtes_t, archives_t;Datasets/all_labels_train_gensim_sparse_matrix.npz
archivalia.hypotheses.org/4735;histoire et archéologie_d, sciences sociales interdisciplinaires_d, histoire_t, approches de corpus_t, enquêtes_t, archives_t;Datasets/all_labels_train_gensim_sparse_matrix.npz
archivamt.hypotheses.org/1684;communication_d, pluridisciplinarité_d, sciences sociales interdisciplinaires_d, information_t, sciences de l'information_t, représentations_t, patrimoine_t;Datasets/all_labels_train_gensim_sparse_matrix.npz
archives.hypotheses.org/382;histoire_d, communication_d, patrimoine_t, digital humanities_t, moyen âge_t, époque moderne_t, france_t, monde germanique_t;Datasets/all_labels_train_gensim_sparse_matrix.npz
dkblog.hypotheses.org/59;histoire_d, histoire_t, époque moderne_t, xviie siècle_t;Datasets/all_labels_train_gensim_sparse_matrix.npz
barblog.hypotheses.org/1325;sciences sociales interdisciplinaires_d, sciences politiques_d, sociologie_d, anthropologie politique_t;Datasets/all_labels_train_gensim_sparse_matrix.npz
archivalia.hypotheses.org/56342;histoire et archéologie_d, sciences sociales interdisciplinaires_d, histoire_t, approches de corpus_t, enquêtes_t, archives_t;Datasets/all_labels_train_gensim_sparse_matrix.npz
archivalia.hypotheses.org/3128;histoire et archéologie_d, sciences sociales interdisciplinaires_d, histoire_t, approches de corpus_t, enquêtes_t, archives_t;Datasets/all_labels_train_gensim_sparse_matrix.npz
sdvigpress.hypotheses.org/511;langue et linguistique_d, philosophie_d, humanités pluridisciplinaires_d, épistémologie et méthodes_t, digital humanities_t, europe centrale et orientale_t, édition électronique_t, linguistique_t;Datasets/all_labels_train_gensim_sparse_matrix.npz
nordichistoryblog.hypotheses.org/2895;arts et humanités_d, histoire et archéologie_d, histoire_t, édition électronique_t, vie de la recherche_t, approches de corpus_t, enquêtes_t, archives_t, europe_t, pays baltes et scandinaves_t;Datasets/all_labels_train_gensim_sparse_matrix.npz
archivalia.hypotheses.org/57560;histoire et archéologie_d, sciences sociales interdisciplinaires_d, histoire_t, approches de corpus_t, enquêtes_t, archives_t;Datasets/all_labels_train_gensim_sparse_matrix.npz
ordensgeschichte.hypotheses.org/4234;arts et humanités_d, humanités pluridisciplinaires_d, histoire et archéologie_d, histoire et philosophie des sciences_d, histoire_t, haut moyen âge_t, bas moyen âge_t, xviie siècle_t, xviiie siècle_t;Datasets/all_labels_train_gensim_sparse_matrix.npz
tagebuch.hypotheses.org/877;histoire et archéologie_d, histoire_d, histoire_t, époque contemporaine_t, 1914-1918_t;Datasets/all_labels_train_gensim_sparse_matrix.npz
minuseinsebene.hypotheses.org/95;archéologie_d, histoire urbaine_t, histoire des religions_t, moyen âge_t, haut moyen âge_t, monde germanique_t;Datasets/all_labels_train_gensim_sparse_matrix.npz
wenhua.hypotheses.org/780;études asiatiques_d, humanités pluridisciplinaires_d, histoire_d, histoire culturelle_t, asie_t;Datasets/all_labels_train_gensim_sparse_matrix.npz
archivalia.hypotheses.org/59087;histoire et archéologie_d, sciences sociales interdisciplinaires_d, histoire_t, approches de corpus_t, enquêtes_t, archives_t;Datasets/all_labels_train_gensim_sparse_matrix.npz
bioeg.hypotheses.org/1790;histoire et archéologie_d, histoire_d, histoire_t, sciences auxiliaires de l'histoire_t, europe centrale et orientale_t, monde germanique_t;Datasets/all_labels_train_gensim_sparse_matrix.npz
kinder.hypotheses.org/974;éducation et sciences de l'éducation_d, études sur la famille_d, âges de la vie_t, sciences de l'éducation_t;Datasets/all_labels_train_gensim_sparse_matrix.npz
gewalt.hypotheses.org/216;sciences politiques_d, sociologie_d, sociologie_t, sociologie urbaine_t, anthropologie politique_t, histoire urbaine_t, guerres_t, conflits_t, violence_t;Datasets/all_labels_train_gensim_sparse_matrix.npz
musermeku.hypotheses.org/1753;humanités pluridisciplinaires_d, pluridisciplinarité_d, sciences sociales interdisciplinaires_d, sociologie_t, sociologie de la culture_t, histoire_t, histoire politique_t;Datasets/all_labels_train_gensim_sparse_matrix.npz
reichwein.hypotheses.org/1297;histoire et archéologie_d, histoire des sciences_t, 1945-1989_t;Datasets/all_labels_train_gensim_sparse_matrix.npz
archivalia.hypotheses.org/60125;histoire et archéologie_d, sciences sociales interdisciplinaires_d, histoire_t, approches de corpus_t, enquêtes_t, archives_t;Datasets/all_labels_train_gensim_sparse_matrix.npz
archivalia.hypotheses.org/8376;histoire et archéologie_d, sciences sociales interdisciplinaires_d, histoire_t, approches de corpus_t, enquêtes_t, archives_t;Datasets/all_labels_train_gensim_sparse_matrix.npz
grandeguerre.hypotheses.org/1211;histoire et archéologie_d, histoire_t, 1914-1918_t, prospectives_t, france_t, monde germanique_t;Datasets/all_labels_train_gensim_sparse_matrix.npz
archivalia.hypotheses.org/6503;histoire et archéologie_d, sciences sociales interdisciplinaires_d, histoire_t, approches de corpus_t, enquêtes_t, archives_t;Datasets/all_labels_train_gensim_sparse_matrix.npz
histbav.hypotheses.org/263;humanités pluridisciplinaires_d, histoire_d, pluridisciplinarité_d, histoire_t, monde germanique_t;Datasets/all_labels_train_gensim_sparse_matrix.npz
archivalia.hypotheses.org/52778;histoire et archéologie_d, sciences sociales interdisciplinaires_d, histoire_t, approches de corpus_t, enquêtes_t, archives_t;Datasets/all_labels_train_gensim_sparse_matrix.npz
archivewk1.hypotheses.org/22645;histoire_d, époque contemporaine_t, 1914-1918_t;Datasets/all_labels_train_gensim_sparse_matrix.npz
archive20.hypotheses.org/3066;pluridisciplinarité_d, sciences sociales interdisciplinaires_d, histoire_t, information_t, patrimoine_t, monde germanique_t;Datasets/all_labels_train_gensim_sparse_matrix.npz
tagebuch.hypotheses.org/1239;histoire et archéologie_d, histoire_d, histoire_t, époque contemporaine_t, 1914-1918_t;Datasets/all_labels_train_gensim_sparse_matrix.npz
19jhdhip.hypotheses.org/1166;histoire_d, époque contemporaine_t, prospectives_t, france_t, monde germanique_t;Datasets/all_labels_train_gensim_sparse_matrix.npz
archivewk1.hypotheses.org/1449;histoire_d, époque contemporaine_t, 1914-1918_t;Datasets/all_labels_train_gensim_sparse_matrix.npz
archivlinz.hypotheses.org/277;histoire et archéologie_d, histoire_d, histoire urbaine_t, 1914-1918_t, monde germanique_t;Datasets/all_labels_train_gensim_sparse_matrix.npz
babyvision.hypotheses.org/125;psychologie_d, études des sciences_t, psychisme_t;Datasets/all_labels_train_gensim_sparse_matrix.npz
redaktionsblog.hypotheses.org/1204;arts et humanités_d, humanités pluridisciplinaires_d, épistémologie et méthodes_t, digital humanities_t;Datasets/all_labels_train_gensim_sparse_matrix.npz
nordichistoryblog.hypotheses.org/70;arts et humanités_d, histoire et archéologie_d, histoire_t, édition électronique_t, vie de la recherche_t, approches de corpus_t, enquêtes_t, archives_t, europe_t, pays baltes et scandinaves_t;Datasets/all_labels_train_gensim_sparse_matrix.npz
vivien.hypotheses.org/214;arts et humanités_d, représentations_t, histoire de l'art_t, xviiie siècle_t, france_t;Datasets/all_labels_train_gensim_sparse_matrix.npz
francofil.hypotheses.org/3963;pluridisciplinarité_d, sciences sociales interdisciplinaires_d, histoire_t, épistémologie et méthodes_t, approches de corpus_t, enquêtes_t, archives_t, france_t;Datasets/all_labels_train_gensim_sparse_matrix.npz
games.hypotheses.org/325;arts et humanités_d, humanités pluridisciplinaires_d, psychologie expérimentale_d, sciences cognitives_t, psychisme_t, psychologie_t, représentations_t, histoire de l'art_t, études visuelles_t;Datasets/all_labels_train_gensim_sparse_matrix.npz
archivalia.hypotheses.org/9562;histoire et archéologie_d, sciences sociales interdisciplinaires_d, histoire_t, approches de corpus_t, enquêtes_t, archives_t;Datasets/all_labels_train_gensim_sparse_matrix.npz
archivalia.hypotheses.org/11464;histoire et archéologie_d, sciences sociales interdisciplinaires_d, histoire_t, approches de corpus_t, enquêtes_t, archives_t;Datasets/all_labels_train_gensim_sparse_matrix.npz
archivalia.hypotheses.org/14499;histoire et archéologie_d, sciences sociales interdisciplinaires_d, histoire_t, approches de corpus_t, enquêtes_t, archives_t;Datasets/all_labels_train_gensim_sparse_matrix.npz
grammata.hypotheses.org/1367;études anciennes_d, religions_d, littérature_d, religions_t, littératures_t;Datasets/all_labels_train_gensim_sparse_matrix.npz
medienbildung.hypotheses.org/7234;éducation_d, éducation spécialisée_d, travail social_d, sociologie_t, édition électronique_t, histoire et sociologie des médias_t, éducation_t;Datasets/all_labels_train_gensim_sparse_matrix.npz
archivewk1.hypotheses.org/27924;histoire_d, époque contemporaine_t, 1914-1918_t;Datasets/all_labels_train_gensim_sparse_matrix.npz
archivewk1.hypotheses.org/4972;histoire_d, époque contemporaine_t, 1914-1918_t;Datasets/all_labels_train_gensim_sparse_matrix.npz
pophistory.hypotheses.org/2336;humanités pluridisciplinaires_d, histoire et archéologie_d, sociologie de la culture_t, histoire sociale_t, histoire culturelle_t, époque contemporaine_t;Datasets/all_labels_train_gensim_sparse_matrix.npz
bereschitrabba.hypotheses.org/211;arts et humanités_d, religions_d, langue et linguistique_d, religions_t, histoire des religions_t;Datasets/all_labels_train_gensim_sparse_matrix.npz
feldpost.hypotheses.org/260;histoire_d, histoire_t, guerres_t, conflits_t, violence_t, histoire culturelle_t, 1914-1918_t, monde germanique_t;Datasets/all_labels_train_gensim_sparse_matrix.npz
redaktionsblog.hypotheses.org/407;arts et humanités_d, humanités pluridisciplinaires_d, épistémologie et méthodes_t, digital humanities_t;Datasets/all_labels_train_gensim_sparse_matrix.npz
dgl.hypotheses.org/545;éducation spécialisée_d, histoire_d, histoire_t, histoire et sociologie des médias_t, éducation_t;Datasets/all_labels_train_gensim_sparse_matrix.npz
zwopktnull.hypotheses.org/82;éducation_d, histoire_t, représentations_t;Datasets/all_labels_train_gensim_sparse_matrix.npz
archivewk1.hypotheses.org/300;histoire_d, époque contemporaine_t, 1914-1918_t;Datasets/all_labels_train_gensim_sparse_matrix.npz
archivewk1.hypotheses.org/28016;histoire_d, époque contemporaine_t, 1914-1918_t;Datasets/all_labels_train_gensim_sparse_matrix.npz
wwc.hypotheses.org/171;humanités pluridisciplinaires_d, pluridisciplinarité_d, études régionales_d, relations internationales_t, information_t, représentations_t;Datasets/all_labels_train_gensim_sparse_matrix.npz
grammata.hypotheses.org/1055;études anciennes_d, religions_d, littérature_d, religions_t, littératures_t;Datasets/all_labels_train_gensim_sparse_matrix.npz
mittelalter.hypotheses.org/7801;humanités pluridisciplinaires_d, religions_d, histoire_d, sociologie_d, histoire_t, histoire sociale_t, histoire intellectuelle_t, moyen âge_t, haut moyen âge_t, bas moyen âge_t;Datasets/all_labels_train_gensim_sparse_matrix.npz
archivamt.hypotheses.org/4255;communication_d, pluridisciplinarité_d, sciences sociales interdisciplinaires_d, information_t, sciences de l'information_t, représentations_t, patrimoine_t;Datasets/all_labels_train_gensim_sparse_matrix.npz
19jhdhip.hypotheses.org/1344;histoire_d, époque contemporaine_t, prospectives_t, france_t, monde germanique_t;Datasets/all_labels_train_gensim_sparse_matrix.npz
archivewk1.hypotheses.org/15071;histoire_d, époque contemporaine_t, 1914-1918_t;Datasets/all_labels_train_gensim_sparse_matrix.npz
archivewk1.hypotheses.org/20489;histoire_d, époque contemporaine_t, 1914-1918_t;Datasets/all_labels_train_gensim_sparse_matrix.npz
fotoarchiv.hypotheses.org/71;sciences sociales interdisciplinaires_d, histoire_t, information_t;Datasets/all_labels_train_gensim_sparse_matrix.npz
aes.hypotheses.org/322;histoire_t, religions_t;Datasets/all_labels_train_gensim_sparse_matrix.npz
archivewk1.hypotheses.org/10238;histoire_d, époque contemporaine_t, 1914-1918_t;Datasets/all_labels_train_gensim_sparse_matrix.npz
archivewk1.hypotheses.org/34961;histoire_d, époque contemporaine_t, 1914-1918_t;Datasets/all_labels_train_gensim_sparse_matrix.npz
archivalia.hypotheses.org/8151;histoire et archéologie_d, sciences sociales interdisciplinaires_d, histoire_t, approches de corpus_t, enquêtes_t, archives_t;Datasets/all_labels_train_gensim_sparse_matrix.npz
gab.hypotheses.org/1453;histoire et archéologie_d, pluridisciplinarité_d, sciences sociales interdisciplinaires_d, études des sciences_t, sociologie des sciences_t, histoire_t;Datasets/all_labels_train_gensim_sparse_matrix.npz
bioeg.hypotheses.org/785;histoire et archéologie_d, histoire_d, histoire_t, sciences auxiliaires de l'histoire_t, europe centrale et orientale_t, monde germanique_t;Datasets/all_labels_train_gensim_sparse_matrix.npz
speyermemo.hypotheses.org/2559;histoire_d, pluridisciplinarité_d, sciences sociales interdisciplinaires_d, sociologie de la culture_t, histoire_t, 1939-1945_t, europe_t;Datasets/all_labels_train_gensim_sparse_matrix.npz
texperimentales.hypotheses.org/1797;linguistique appliquée_d, langue et linguistique_d, langage_t, linguistique_t, information_t, sciences de l'information_t, digital humanities_t;Datasets/all_labels_train_gensim_sparse_matrix.npz
ordensgeschichte.hypotheses.org/7668;arts et humanités_d, humanités pluridisciplinaires_d, histoire et archéologie_d, histoire et philosophie des sciences_d, histoire_t, haut moyen âge_t, bas moyen âge_t, xviie siècle_t, xviiie siècle_t;Datasets/all_labels_train_gensim_sparse_matrix.npz
archivalia.hypotheses.org/5850;histoire et archéologie_d, sciences sociales interdisciplinaires_d, histoire_t, approches de corpus_t, enquêtes_t, archives_t;Datasets/all_labels_train_gensim_sparse_matrix.npz
archivtag.hypotheses.org/89;pluridisciplinarité_d, sciences sociales interdisciplinaires_d, histoire_t, information_t, monde germanique_t;Datasets/all_labels_train_gensim_sparse_matrix.npz
studpro.hypotheses.org/755;histoire_d, histoire_t, époque moderne_t, xviie siècle_t, xviiie siècle_t;Datasets/all_labels_train_gensim_sparse_matrix.npz
archivewk1.hypotheses.org/35234;histoire_d, époque contemporaine_t, 1914-1918_t;Datasets/all_labels_train_gensim_sparse_matrix.npz
archive20.hypotheses.org/3925;pluridisciplinarité_d, sciences sociales interdisciplinaires_d, histoire_t, information_t, patrimoine_t, monde germanique_t;Datasets/all_labels_train_gensim_sparse_matrix.npz
feldpost.hypotheses.org/270;histoire_d, histoire_t, guerres_t, conflits_t, violence_t, histoire culturelle_t, 1914-1918_t, monde germanique_t;Datasets/all_labels_train_gensim_sparse_matrix.npz
gab.hypotheses.org/508;histoire et archéologie_d, pluridisciplinarité_d, sciences sociales interdisciplinaires_d, études des sciences_t, sociologie des sciences_t, histoire_t;Datasets/all_labels_train_gensim_sparse_matrix.npz
archivewk1.hypotheses.org/349;histoire_d, époque contemporaine_t, 1914-1918_t;Datasets/all_labels_train_gensim_sparse_matrix.npz
archivalia.hypotheses.org/10695;histoire et archéologie_d, sciences sociales interdisciplinaires_d, histoire_t, approches de corpus_t, enquêtes_t, archives_t;Datasets/all_labels_train_gensim_sparse_matrix.npz
ordensgeschichte.hypotheses.org/4729;arts et humanités_d, humanités pluridisciplinaires_d, histoire et archéologie_d, histoire et philosophie des sciences_d, histoire_t, haut moyen âge_t, bas moyen âge_t, xviie siècle_t, xviiie siècle_t;Datasets/all_labels_train_gensim_sparse_matrix.npz
djgd.hypotheses.org/36;histoire_d, histoire_t, digital humanities_t, xxe siècle_t, prospectives_t;Datasets/all_labels_train_gensim_sparse_matrix.npz
mittelalter.hypotheses.org/9576;humanités pluridisciplinaires_d, religions_d, histoire_d, sociologie_d, histoire_t, histoire sociale_t, histoire intellectuelle_t, moyen âge_t, haut moyen âge_t, bas moyen âge_t;Datasets/all_labels_train_gensim_sparse_matrix.npz
archivalia.hypotheses.org/7733;histoire et archéologie_d, sciences sociales interdisciplinaires_d, histoire_t, approches de corpus_t, enquêtes_t, archives_t;Datasets/all_labels_train_gensim_sparse_matrix.npz
19jhdhip.hypotheses.org/1198;histoire_d, époque contemporaine_t, prospectives_t, france_t, monde germanique_t;Datasets/all_labels_train_gensim_sparse_matrix.npz
archivalia.hypotheses.org/11254;histoire et archéologie_d, sciences sociales interdisciplinaires_d, histoire_t, approches de corpus_t, enquêtes_t, archives_t;Datasets/all_labels_train_gensim_sparse_matrix.npz
medienbildung.hypotheses.org/6911;éducation_d, éducation spécialisée_d, travail social_d, sociologie_t, édition électronique_t, histoire et sociologie des médias_t, éducation_t;Datasets/all_labels_train_gensim_sparse_matrix.npz
archivalia.hypotheses.org/12092;histoire et archéologie_d, sciences sociales interdisciplinaires_d, histoire_t, approches de corpus_t, enquêtes_t, archives_t;Datasets/all_labels_train_gensim_sparse_matrix.npz
soziologieblog.hypotheses.org/8205;sciences sociales interdisciplinaires_d, sociologie et anthropologie_d, sociologie du travail_t, sociologie urbaine_t, sociologie de la culture_t, sociologie économique_t;Datasets/all_labels_train_gensim_sparse_matrix.npz
schotten.hypotheses.org/1136;religions_d, histoire et archéologie_d, sciences de l'information et de la communication_d, bibliothéconomie_d, histoire_t, histoire des religions_t, approches de corpus_t, enquêtes_t, archives_t, monde germanique_t;Datasets/all_labels_train_gensim_sparse_matrix.npz
archivewk1.hypotheses.org/9611;histoire_d, époque contemporaine_t, 1914-1918_t;Datasets/all_labels_train_gensim_sparse_matrix.npz
archivewk1.hypotheses.org/11629;histoire_d, époque contemporaine_t, 1914-1918_t;Datasets/all_labels_train_gensim_sparse_matrix.npz
archivalia.hypotheses.org/6262;histoire et archéologie_d, sciences sociales interdisciplinaires_d, histoire_t, approches de corpus_t, enquêtes_t, archives_t;Datasets/all_labels_train_gensim_sparse_matrix.npz
grk1919.hypotheses.org/236;histoire et archéologie_d, histoire et philosophie des sciences_d, histoire_t;Datasets/all_labels_train_gensim_sparse_matrix.npz
umstrittenesgedaechtnis.hypotheses.org/98;arts et humanités_d, histoire et archéologie_d, représentations_t, époque contemporaine_t;Datasets/all_labels_train_gensim_sparse_matrix.npz
redaktionsblog.hypotheses.org/2293;arts et humanités_d, humanités pluridisciplinaires_d, épistémologie et méthodes_t, digital humanities_t;Datasets/all_labels_train_gensim_sparse_matrix.npz
pophistory.hypotheses.org/104;humanités pluridisciplinaires_d, histoire et archéologie_d, sociologie de la culture_t, histoire sociale_t, histoire culturelle_t, époque contemporaine_t;Datasets/all_labels_train_gensim_sparse_matrix.npz
redaktionsblog.hypotheses.org/3162;arts et humanités_d, humanités pluridisciplinaires_d, épistémologie et méthodes_t, digital humanities_t;Datasets/all_labels_train_gensim_sparse_matrix.npz
archivalia.hypotheses.org/8557;histoire et archéologie_d, sciences sociales interdisciplinaires_d, histoire_t, approches de corpus_t, enquêtes_t, archives_t;Datasets/all_labels_train_gensim_sparse_matrix.npz
archives.hypotheses.org/366;histoire_d, communication_d, patrimoine_t, digital humanities_t, moyen âge_t, époque moderne_t, france_t, monde germanique_t;Datasets/all_labels_train_gensim_sparse_matrix.npz
archivalia.hypotheses.org/5334;histoire et archéologie_d, sciences sociales interdisciplinaires_d, histoire_t, approches de corpus_t, enquêtes_t, archives_t;Datasets/all_labels_train_gensim_sparse_matrix.npz
ordensgeschichte.hypotheses.org/574;arts et humanités_d, humanités pluridisciplinaires_d, histoire et archéologie_d, histoire et philosophie des sciences_d, histoire_t, haut moyen âge_t, bas moyen âge_t, xviie siècle_t, xviiie siècle_t;Datasets/all_labels_train_gensim_sparse_matrix.npz
fnzinfo.hypotheses.org/361;arts et humanités_d, musique_d, histoire et archéologie_d, histoire_t, xvie siècle_t, xviie siècle_t, xviiie siècle_t, révolution française_t;Datasets/all_labels_train_gensim_sparse_matrix.npz
lvrafz.hypotheses.org/1460;pluridisciplinarité_d, information_t;Datasets/all_labels_train_gensim_sparse_matrix.npz
sdvigpress.hypotheses.org/632;langue et linguistique_d, philosophie_d, humanités pluridisciplinaires_d, épistémologie et méthodes_t, digital humanities_t, europe centrale et orientale_t, édition électronique_t, linguistique_t;Datasets/all_labels_train_gensim_sparse_matrix.npz
digigw.hypotheses.org/1190;humanités pluridisciplinaires_d, histoire_t, édition électronique_t, sciences auxiliaires de l'histoire_t, digital humanities_t;Datasets/all_labels_train_gensim_sparse_matrix.npz
schotten.hypotheses.org/1002;religions_d, histoire et archéologie_d, sciences de l'information et de la communication_d, bibliothéconomie_d, histoire_t, histoire des religions_t, approches de corpus_t, enquêtes_t, archives_t, monde germanique_t;Datasets/all_labels_train_gensim_sparse_matrix.npz
mittelalter.hypotheses.org/7720;humanités pluridisciplinaires_d, religions_d, histoire_d, sociologie_d, histoire_t, histoire sociale_t, histoire intellectuelle_t, moyen âge_t, haut moyen âge_t, bas moyen âge_t;Datasets/all_labels_train_gensim_sparse_matrix.npz
medienbildung.hypotheses.org/3038;éducation_d, éducation spécialisée_d, travail social_d, sociologie_t, édition électronique_t, histoire et sociologie des médias_t, éducation_t;Datasets/all_labels_train_gensim_sparse_matrix.npz
1914lvr.hypotheses.org/1317;sciences politiques_d, histoire_t, époque contemporaine_t, 1914-1918_t;Datasets/all_labels_train_gensim_sparse_matrix.npz
archivalia.hypotheses.org/2656;histoire et archéologie_d, sciences sociales interdisciplinaires_d, histoire_t, approches de corpus_t, enquêtes_t, archives_t;Datasets/all_labels_train_gensim_sparse_matrix.npz
histbav.hypotheses.org/4768;humanités pluridisciplinaires_d, histoire_d, pluridisciplinarité_d, histoire_t, monde germanique_t;Datasets/all_labels_train_gensim_sparse_matrix.npz
archivalia.hypotheses.org/5831;histoire et archéologie_d, sciences sociales interdisciplinaires_d, histoire_t, approches de corpus_t, enquêtes_t, archives_t;Datasets/all_labels_train_gensim_sparse_matrix.npz
archivewk1.hypotheses.org/13453;histoire_d, époque contemporaine_t, 1914-1918_t;Datasets/all_labels_train_gensim_sparse_matrix.npz
mittelalter.hypotheses.org/5765;humanités pluridisciplinaires_d, religions_d, histoire_d, sociologie_d, histoire_t, histoire sociale_t, histoire intellectuelle_t, moyen âge_t, haut moyen âge_t, bas moyen âge_t;Datasets/all_labels_train_gensim_sparse_matrix.npz
guerre-froide.hypotheses.org/811;histoire_d, relations internationales_t, histoire culturelle_t, 1945-1989_t;Datasets/all_labels_train_gensim_sparse_matrix.npz
archivalia.hypotheses.org/13251;histoire et archéologie_d, sciences sociales interdisciplinaires_d, histoire_t, approches de corpus_t, enquêtes_t, archives_t;Datasets/all_labels_train_gensim_sparse_matrix.npz
soziologieblog.hypotheses.org/5452;sciences sociales interdisciplinaires_d, sociologie et anthropologie_d, sociologie du travail_t, sociologie urbaine_t, sociologie de la culture_t, sociologie économique_t;Datasets/all_labels_train_gensim_sparse_matrix.npz
archivewk1.hypotheses.org/20828;histoire_d, époque contemporaine_t, 1914-1918_t;Datasets/all_labels_train_gensim_sparse_matrix.npz
archivalia.hypotheses.org/54709;histoire et archéologie_d, sciences sociales interdisciplinaires_d, histoire_t, approches de corpus_t, enquêtes_t, archives_t;Datasets/all_labels_train_gensim_sparse_matrix.npz
archivalia.hypotheses.org/11943;histoire et archéologie_d, sciences sociales interdisciplinaires_d, histoire_t, approches de corpus_t, enquêtes_t, archives_t;Datasets/all_labels_train_gensim_sparse_matrix.npz
barblog.hypotheses.org/809;sciences sociales interdisciplinaires_d, sciences politiques_d, sociologie_d, anthropologie politique_t;Datasets/all_labels_train_gensim_sparse_matrix.npz
archivalia.hypotheses.org/12321;histoire et archéologie_d, sciences sociales interdisciplinaires_d, histoire_t, approches de corpus_t, enquêtes_t, archives_t;Datasets/all_labels_train_gensim_sparse_matrix.npz
naps.hypotheses.org/636;histoire_d, histoire_t, épistémologie et méthodes_t, approches de corpus_t, enquêtes_t, archives_t, prospectives_t, france_t, monde germanique_t;Datasets/all_labels_train_gensim_sparse_matrix.npz
soziologieblog.hypotheses.org/1799;sciences sociales interdisciplinaires_d, sociologie et anthropologie_d, sociologie du travail_t, sociologie urbaine_t, sociologie de la culture_t, sociologie économique_t;Datasets/all_labels_train_gensim_sparse_matrix.npz
archivalia.hypotheses.org/767;histoire et archéologie_d, sciences sociales interdisciplinaires_d, histoire_t, approches de corpus_t, enquêtes_t, archives_t;Datasets/all_labels_train_gensim_sparse_matrix.npz
medienbildung.hypotheses.org/8605;éducation_d, éducation spécialisée_d, travail social_d, sociologie_t, édition électronique_t, histoire et sociologie des médias_t, éducation_t;Datasets/all_labels_train_gensim_sparse_matrix.npz
tagebuch.hypotheses.org/636;histoire et archéologie_d, histoire_d, histoire_t, époque contemporaine_t, 1914-1918_t;Datasets/all_labels_train_gensim_sparse_matrix.npz
archivalia.hypotheses.org/3557;histoire et archéologie_d, sciences sociales interdisciplinaires_d, histoire_t, approches de corpus_t, enquêtes_t, archives_t;Datasets/all_labels_train_gensim_sparse_matrix.npz
dkblog.hypotheses.org/229;histoire_d, histoire_t, époque moderne_t, xviie siècle_t;Datasets/all_labels_train_gensim_sparse_matrix.npz
archives.hypotheses.org/747;histoire_d, communication_d, patrimoine_t, digital humanities_t, moyen âge_t, époque moderne_t, france_t, monde germanique_t;Datasets/all_labels_train_gensim_sparse_matrix.npz
archivewk1.hypotheses.org/9244;histoire_d, époque contemporaine_t, 1914-1918_t;Datasets/all_labels_train_gensim_sparse_matrix.npz
medienbildung.hypotheses.org/1490;éducation_d, éducation spécialisée_d, travail social_d, sociologie_t, édition électronique_t, histoire et sociologie des médias_t, éducation_t;Datasets/all_labels_train_gensim_sparse_matrix.npz
archivalia.hypotheses.org/8344;histoire et archéologie_d, sciences sociales interdisciplinaires_d, histoire_t, approches de corpus_t, enquêtes_t, archives_t;Datasets/all_labels_train_gensim_sparse_matrix.npz
tagebuch.hypotheses.org/156;histoire et archéologie_d, histoire_d, histoire_t, époque contemporaine_t, 1914-1918_t;Datasets/all_labels_train_gensim_sparse_matrix.npz
archivalia.hypotheses.org/61488;histoire et archéologie_d, sciences sociales interdisciplinaires_d, histoire_t, approches de corpus_t, enquêtes_t, archives_t;Datasets/all_labels_train_gensim_sparse_matrix.npz
archivewk1.hypotheses.org/14718;histoire_d, époque contemporaine_t, 1914-1918_t;Datasets/all_labels_train_gensim_sparse_matrix.npz
archivalia.hypotheses.org/57288;histoire et archéologie_d, sciences sociales interdisciplinaires_d, histoire_t, approches de corpus_t, enquêtes_t, archives_t;Datasets/all_labels_train_gensim_sparse_matrix.npz
archivlinz.hypotheses.org/919;histoire et archéologie_d, histoire_d, histoire urbaine_t, 1914-1918_t, monde germanique_t;Datasets/all_labels_train_gensim_sparse_matrix.npz
archivalia.hypotheses.org/11064;histoire et archéologie_d, sciences sociales interdisciplinaires_d, histoire_t, approches de corpus_t, enquêtes_t, archives_t;Datasets/all_labels_train_gensim_sparse_matrix.npz
archivalia.hypotheses.org/11187;histoire et archéologie_d, sciences sociales interdisciplinaires_d, histoire_t, approches de corpus_t, enquêtes_t, archives_t;Datasets/all_labels_train_gensim_sparse_matrix.npz
liparchiv.hypotheses.org/205;histoire et archéologie_d, sciences politiques_d, administration publique et développement_d, histoire urbaine_t, patrimoine_t, sciences auxiliaires de l'histoire_t, approches de corpus_t, enquêtes_t, archives_t, europe_t;Datasets/all_labels_train_gensim_sparse_matrix.npz
archivalia.hypotheses.org/3819;histoire et archéologie_d, sciences sociales interdisciplinaires_d, histoire_t, approches de corpus_t, enquêtes_t, archives_t;Datasets/all_labels_train_gensim_sparse_matrix.npz
archivalia.hypotheses.org/6337;histoire et archéologie_d, sciences sociales interdisciplinaires_d, histoire_t, approches de corpus_t, enquêtes_t, archives_t;Datasets/all_labels_train_gensim_sparse_matrix.npz
archivalia.hypotheses.org/4685;histoire et archéologie_d, sciences sociales interdisciplinaires_d, histoire_t, approches de corpus_t, enquêtes_t, archives_t;Datasets/all_labels_train_gensim_sparse_matrix.npz
archivalia.hypotheses.org/5778;histoire et archéologie_d, sciences sociales interdisciplinaires_d, histoire_t, approches de corpus_t, enquêtes_t, archives_t;Datasets/all_labels_train_gensim_sparse_matrix.npz
archivalia.hypotheses.org/11125;histoire et archéologie_d, sciences sociales interdisciplinaires_d, histoire_t, approches de corpus_t, enquêtes_t, archives_t;Datasets/all_labels_train_gensim_sparse_matrix.npz
achtundvierzig.hypotheses.org/1;sciences politiques_d, histoire_d, époque contemporaine_t, prospectives_t, histoire politique_t, monde germanique_t;Datasets/all_labels_train_gensim_sparse_matrix.npz
archivalia.hypotheses.org/10715;histoire et archéologie_d, sciences sociales interdisciplinaires_d, histoire_t, approches de corpus_t, enquêtes_t, archives_t;Datasets/all_labels_train_gensim_sparse_matrix.npz
mittelalter.hypotheses.org/6802;humanités pluridisciplinaires_d, religions_d, histoire_d, sociologie_d, histoire_t, histoire sociale_t, histoire intellectuelle_t, moyen âge_t, haut moyen âge_t, bas moyen âge_t;Datasets/all_labels_train_gensim_sparse_matrix.npz
archivalia.hypotheses.org/11047;histoire et archéologie_d, sciences sociales interdisciplinaires_d, histoire_t, approches de corpus_t, enquêtes_t, archives_t;Datasets/all_labels_train_gensim_sparse_matrix.npz
kriegsfoto.hypotheses.org/548;arts_d, histoire_d, communication_d, guerres_t, conflits_t, violence_t, études visuelles_t, époque contemporaine_t, europe centrale et orientale_t;Datasets/all_labels_train_gensim_sparse_matrix.npz
archive20.hypotheses.org/1156;pluridisciplinarité_d, sciences sociales interdisciplinaires_d, histoire_t, information_t, patrimoine_t, monde germanique_t;Datasets/all_labels_train_gensim_sparse_matrix.npz
archivalia.hypotheses.org/12244;histoire et archéologie_d, sciences sociales interdisciplinaires_d, histoire_t, approches de corpus_t, enquêtes_t, archives_t;Datasets/all_labels_train_gensim_sparse_matrix.npz
archivalia.hypotheses.org/56247;histoire et archéologie_d, sciences sociales interdisciplinaires_d, histoire_t, approches de corpus_t, enquêtes_t, archives_t;Datasets/all_labels_train_gensim_sparse_matrix.npz
archivalia.hypotheses.org/9885;histoire et archéologie_d, sciences sociales interdisciplinaires_d, histoire_t, approches de corpus_t, enquêtes_t, archives_t;Datasets/all_labels_train_gensim_sparse_matrix.npz
archivewk1.hypotheses.org/6166;histoire_d, époque contemporaine_t, 1914-1918_t;Datasets/all_labels_train_gensim_sparse_matrix.npz
tagebuch.hypotheses.org/889;histoire et archéologie_d, histoire_d, histoire_t, époque contemporaine_t, 1914-1918_t;Datasets/all_labels_train_gensim_sparse_matrix.npz
archivalia.hypotheses.org/11344;histoire et archéologie_d, sciences sociales interdisciplinaires_d, histoire_t, approches de corpus_t, enquêtes_t, archives_t;Datasets/all_labels_train_gensim_sparse_matrix.npz
archivewk1.hypotheses.org/21896;histoire_d, époque contemporaine_t, 1914-1918_t;Datasets/all_labels_train_gensim_sparse_matrix.npz
mittelalter.hypotheses.org/9279;humanités pluridisciplinaires_d, religions_d, histoire_d, sociologie_d, histoire_t, histoire sociale_t, histoire intellectuelle_t, moyen âge_t, haut moyen âge_t, bas moyen âge_t;Datasets/all_labels_train_gensim_sparse_matrix.npz
gra.hypotheses.org/769;arts et humanités_d, communication_d, sciences de l'information et bibliothéconomie_d, représentations_t, histoire culturelle_t, histoire de l'art_t, études visuelles_t;Datasets/all_labels_train_gensim_sparse_matrix.npz
archivewk1.hypotheses.org/8713;histoire_d, époque contemporaine_t, 1914-1918_t;Datasets/all_labels_train_gensim_sparse_matrix.npz
kinder.hypotheses.org/63;éducation et sciences de l'éducation_d, études sur la famille_d, âges de la vie_t, sciences de l'éducation_t;Datasets/all_labels_train_gensim_sparse_matrix.npz
ordensgeschichte.hypotheses.org/4685;arts et humanités_d, humanités pluridisciplinaires_d, histoire et archéologie_d, histoire et philosophie des sciences_d, histoire_t, haut moyen âge_t, bas moyen âge_t, xviie siècle_t, xviiie siècle_t;Datasets/all_labels_train_gensim_sparse_matrix.npz
archivalia.hypotheses.org/59052;histoire et archéologie_d, sciences sociales interdisciplinaires_d, histoire_t, approches de corpus_t, enquêtes_t, archives_t;Datasets/all_labels_train_gensim_sparse_matrix.npz
archivalia.hypotheses.org/3121;histoire et archéologie_d, sciences sociales interdisciplinaires_d, histoire_t, approches de corpus_t, enquêtes_t, archives_t;Datasets/all_labels_train_gensim_sparse_matrix.npz
wenhua.hypotheses.org/180;études asiatiques_d, humanités pluridisciplinaires_d, histoire_d, histoire culturelle_t, asie_t;Datasets/all_labels_train_gensim_sparse_matrix.npz
wenhua.hypotheses.org/1434;études asiatiques_d, humanités pluridisciplinaires_d, histoire_d, histoire culturelle_t, asie_t;Datasets/all_labels_train_gensim_sparse_matrix.npz
archivewk1.hypotheses.org/15081;histoire_d, époque contemporaine_t, 1914-1918_t;Datasets/all_labels_train_gensim_sparse_matrix.npz
grammata.hypotheses.org/519;études anciennes_d, religions_d, littérature_d, religions_t, littératures_t;Datasets/all_labels_train_gensim_sparse_matrix.npz
archivalia.hypotheses.org/55514;histoire et archéologie_d, sciences sociales interdisciplinaires_d, histoire_t, approches de corpus_t, enquêtes_t, archives_t;Datasets/all_labels_train_gensim_sparse_matrix.npz
archivalia.hypotheses.org/2997;histoire et archéologie_d, sciences sociales interdisciplinaires_d, histoire_t, approches de corpus_t, enquêtes_t, archives_t;Datasets/all_labels_train_gensim_sparse_matrix.npz
sdvigpress.hypotheses.org/707;langue et linguistique_d, philosophie_d, humanités pluridisciplinaires_d, épistémologie et méthodes_t, digital humanities_t, europe centrale et orientale_t, édition électronique_t, linguistique_t;Datasets/all_labels_train_gensim_sparse_matrix.npz
archivalia.hypotheses.org/52381;histoire et archéologie_d, sciences sociales interdisciplinaires_d, histoire_t, approches de corpus_t, enquêtes_t, archives_t;Datasets/all_labels_train_gensim_sparse_matrix.npz
archivalia.hypotheses.org/8405;histoire et archéologie_d, sciences sociales interdisciplinaires_d, histoire_t, approches de corpus_t, enquêtes_t, archives_t;Datasets/all_labels_train_gensim_sparse_matrix.npz
archivalia.hypotheses.org/8431;histoire et archéologie_d, sciences sociales interdisciplinaires_d, histoire_t, approches de corpus_t, enquêtes_t, archives_t;Datasets/all_labels_train_gensim_sparse_matrix.npz
heraldica.hypotheses.org/688;histoire_d, histoire_t, historiographie_t, sciences auxiliaires de l'histoire_t, moyen âge_t, haut moyen âge_t;Datasets/all_labels_train_gensim_sparse_matrix.npz
archivewk1.hypotheses.org/27830;histoire_d, époque contemporaine_t, 1914-1918_t;Datasets/all_labels_train_gensim_sparse_matrix.npz
archivalia.hypotheses.org/11159;histoire et archéologie_d, sciences sociales interdisciplinaires_d, histoire_t, approches de corpus_t, enquêtes_t, archives_t;Datasets/all_labels_train_gensim_sparse_matrix.npz
archivalia.hypotheses.org/3667;histoire et archéologie_d, sciences sociales interdisciplinaires_d, histoire_t, approches de corpus_t, enquêtes_t, archives_t;Datasets/all_labels_train_gensim_sparse_matrix.npz
kulturgut.hypotheses.org/330;humanités pluridisciplinaires_d, études des sciences_t, histoire_t, approches de corpus_t, enquêtes_t, archives_t;Datasets/all_labels_train_gensim_sparse_matrix.npz
archivalia.hypotheses.org/60415;histoire et archéologie_d, sciences sociales interdisciplinaires_d, histoire_t, approches de corpus_t, enquêtes_t, archives_t;Datasets/all_labels_train_gensim_sparse_matrix.npz
archivalia.hypotheses.org/13997;histoire et archéologie_d, sciences sociales interdisciplinaires_d, histoire_t, approches de corpus_t, enquêtes_t, archives_t;Datasets/all_labels_train_gensim_sparse_matrix.npz
jeunegen.hypotheses.org/155;histoire_d, pluridisciplinarité_d, histoire_t, vie de la recherche_t, moyen âge_t, haut moyen âge_t, bas moyen âge_t;Datasets/all_labels_train_gensim_sparse_matrix.npz
archivewk1.hypotheses.org/23973;histoire_d, époque contemporaine_t, 1914-1918_t;Datasets/all_labels_train_gensim_sparse_matrix.npz
archivtag.hypotheses.org/302;pluridisciplinarité_d, sciences sociales interdisciplinaires_d, histoire_t, information_t, monde germanique_t;Datasets/all_labels_train_gensim_sparse_matrix.npz
archive20.hypotheses.org/3423;pluridisciplinarité_d, sciences sociales interdisciplinaires_d, histoire_t, information_t, patrimoine_t, monde germanique_t;Datasets/all_labels_train_gensim_sparse_matrix.npz
heraldica.hypotheses.org/4546;histoire_d, histoire_t, historiographie_t, sciences auxiliaires de l'histoire_t, moyen âge_t, haut moyen âge_t;Datasets/all_labels_train_gensim_sparse_matrix.npz
dhdhi.hypotheses.org/577;histoire et archéologie_d, histoire_t, épistémologie et méthodes_t, digital humanities_t;Datasets/all_labels_train_gensim_sparse_matrix.npz
archivewk1.hypotheses.org/16984;histoire_d, époque contemporaine_t, 1914-1918_t;Datasets/all_labels_train_gensim_sparse_matrix.npz
histbav.hypotheses.org/2215;humanités pluridisciplinaires_d, histoire_d, pluridisciplinarité_d, histoire_t, monde germanique_t;Datasets/all_labels_train_gensim_sparse_matrix.npz
kristinoswald.hypotheses.org/1355;études anciennes_d, études des sciences_t, histoire_t, histoire et sociologie des médias_t, histoire culturelle_t, digital humanities_t;Datasets/all_labels_train_gensim_sparse_matrix.npz
archivewk1.hypotheses.org/9751;histoire_d, époque contemporaine_t, 1914-1918_t;Datasets/all_labels_train_gensim_sparse_matrix.npz
etatsocial.hypotheses.org/294;histoire_d, histoire des sciences sociales_d, sociologie_d, économie_d, sociologie du travail_t, âges de la vie_t, xxe siècle_t;Datasets/all_labels_train_gensim_sparse_matrix.npz
archivalia.hypotheses.org/389;histoire et archéologie_d, sciences sociales interdisciplinaires_d, histoire_t, approches de corpus_t, enquêtes_t, archives_t;Datasets/all_labels_train_gensim_sparse_matrix.npz
wenhua.hypotheses.org/707;études asiatiques_d, humanités pluridisciplinaires_d, histoire_d, histoire culturelle_t, asie_t;Datasets/all_labels_train_gensim_sparse_matrix.npz
wilma.hypotheses.org/106;éducation_d, travail social et politique sociale_d, sciences de l'éducation_t;Datasets/all_labels_train_gensim_sparse_matrix.npz
archivalia.hypotheses.org/5639;histoire et archéologie_d, sciences sociales interdisciplinaires_d, histoire_t, approches de corpus_t, enquêtes_t, archives_t;Datasets/all_labels_train_gensim_sparse_matrix.npz
wwc.hypotheses.org/665;humanités pluridisciplinaires_d, pluridisciplinarité_d, études régionales_d, relations internationales_t, information_t, représentations_t;Datasets/all_labels_train_gensim_sparse_matrix.npz
bioeg.hypotheses.org/1182;histoire et archéologie_d, histoire_d, histoire_t, sciences auxiliaires de l'histoire_t, europe centrale et orientale_t, monde germanique_t;Datasets/all_labels_train_gensim_sparse_matrix.npz
archivewk1.hypotheses.org/9084;histoire_d, époque contemporaine_t, 1914-1918_t;Datasets/all_labels_train_gensim_sparse_matrix.npz
archivalia.hypotheses.org/10549;histoire et archéologie_d, sciences sociales interdisciplinaires_d, histoire_t, approches de corpus_t, enquêtes_t, archives_t;Datasets/all_labels_train_gensim_sparse_matrix.npz
speyermemo.hypotheses.org/2525;histoire_d, pluridisciplinarité_d, sciences sociales interdisciplinaires_d, sociologie de la culture_t, histoire_t, 1939-1945_t, europe_t;Datasets/all_labels_train_gensim_sparse_matrix.npz
amuc.hypotheses.org/2214;humanités pluridisciplinaires_d, histoire_d, histoire_t, représentations_t, patrimoine_t;Datasets/all_labels_train_gensim_sparse_matrix.npz
archivalia.hypotheses.org/12817;histoire et archéologie_d, sciences sociales interdisciplinaires_d, histoire_t, approches de corpus_t, enquêtes_t, archives_t;Datasets/all_labels_train_gensim_sparse_matrix.npz
bereschitrabba.hypotheses.org/642;arts et humanités_d, religions_d, langue et linguistique_d, religions_t, histoire des religions_t;Datasets/all_labels_train_gensim_sparse_matrix.npz
archivalia.hypotheses.org/3083;histoire et archéologie_d, sciences sociales interdisciplinaires_d, histoire_t, approches de corpus_t, enquêtes_t, archives_t;Datasets/all_labels_train_gensim_sparse_matrix.npz
archivalia.hypotheses.org/7427;histoire et archéologie_d, sciences sociales interdisciplinaires_d, histoire_t, approches de corpus_t, enquêtes_t, archives_t;Datasets/all_labels_train_gensim_sparse_matrix.npz
archivewk1.hypotheses.org/4077;histoire_d, époque contemporaine_t, 1914-1918_t;Datasets/all_labels_train_gensim_sparse_matrix.npz
archivewk1.hypotheses.org/11562;histoire_d, époque contemporaine_t, 1914-1918_t;Datasets/all_labels_train_gensim_sparse_matrix.npz
archive20.hypotheses.org/2237;pluridisciplinarité_d, sciences sociales interdisciplinaires_d, histoire_t, information_t, patrimoine_t, monde germanique_t;Datasets/all_labels_train_gensim_sparse_matrix.npz
frueheneuzeit.hypotheses.org/1728;histoire et archéologie_d, histoire_t, époque moderne_t, xviie siècle_t, xviiie siècle_t, révolution française_t;Datasets/all_labels_train_gensim_sparse_matrix.npz
archivewk1.hypotheses.org/20210;histoire_d, époque contemporaine_t, 1914-1918_t;Datasets/all_labels_train_gensim_sparse_matrix.npz
archivalia.hypotheses.org/12827;histoire et archéologie_d, sciences sociales interdisciplinaires_d, histoire_t, approches de corpus_t, enquêtes_t, archives_t;Datasets/all_labels_train_gensim_sparse_matrix.npz
beruf.hypotheses.org/361;histoire et archéologie_d, histoire_d, histoire_t;Datasets/all_labels_train_gensim_sparse_matrix.npz
wenhua.hypotheses.org/1125;études asiatiques_d, humanités pluridisciplinaires_d, histoire_d, histoire culturelle_t, asie_t;Datasets/all_labels_train_gensim_sparse_matrix.npz
archivalia.hypotheses.org/9070;histoire et archéologie_d, sciences sociales interdisciplinaires_d, histoire_t, approches de corpus_t, enquêtes_t, archives_t;Datasets/all_labels_train_gensim_sparse_matrix.npz
archivalia.hypotheses.org/6515;histoire et archéologie_d, sciences sociales interdisciplinaires_d, histoire_t, approches de corpus_t, enquêtes_t, archives_t;Datasets/all_labels_train_gensim_sparse_matrix.npz
archivalia.hypotheses.org/9682;histoire et archéologie_d, sciences sociales interdisciplinaires_d, histoire_t, approches de corpus_t, enquêtes_t, archives_t;Datasets/all_labels_train_gensim_sparse_matrix.npz
charlemagne.hypotheses.org/331;histoire_d, histoire_t, moyen âge_t, europe centrale et orientale_t, monde germanique_t;Datasets/all_labels_train_gensim_sparse_matrix.npz
archivalia.hypotheses.org/3826;histoire et archéologie_d, sciences sociales interdisciplinaires_d, histoire_t, approches de corpus_t, enquêtes_t, archives_t;Datasets/all_labels_train_gensim_sparse_matrix.npz
archivalia.hypotheses.org/4600;histoire et archéologie_d, sciences sociales interdisciplinaires_d, histoire_t, approches de corpus_t, enquêtes_t, archives_t;Datasets/all_labels_train_gensim_sparse_matrix.npz
archivalia.hypotheses.org/8921;histoire et archéologie_d, sciences sociales interdisciplinaires_d, histoire_t, approches de corpus_t, enquêtes_t, archives_t;Datasets/all_labels_train_gensim_sparse_matrix.npz
archivalia.hypotheses.org/6792;histoire et archéologie_d, sciences sociales interdisciplinaires_d, histoire_t, approches de corpus_t, enquêtes_t, archives_t;Datasets/all_labels_train_gensim_sparse_matrix.npz
dss.hypotheses.org/858;arts et humanités_d, communication_d, sciences de l'information et bibliothéconomie_d, information_t, édition électronique_t, représentations_t, histoire de l'art_t, patrimoine_t, prospectives_t;Datasets/all_labels_train_gensim_sparse_matrix.npz
vgdrp.hypotheses.org/178;éducation_d, histoire des sciences sociales_d, histoire_t, histoire économique_t, histoire industrielle_t, histoire urbaine_t, histoire sociale_t;Datasets/all_labels_train_gensim_sparse_matrix.npz
histbav.hypotheses.org/2164;humanités pluridisciplinaires_d, histoire_d, pluridisciplinarité_d, histoire_t, monde germanique_t;Datasets/all_labels_train_gensim_sparse_matrix.npz
soziologieblog.hypotheses.org/2886;sciences sociales interdisciplinaires_d, sociologie et anthropologie_d, sociologie du travail_t, sociologie urbaine_t, sociologie de la culture_t, sociologie économique_t;Datasets/all_labels_train_gensim_sparse_matrix.npz
archivalia.hypotheses.org/12259;histoire et archéologie_d, sciences sociales interdisciplinaires_d, histoire_t, approches de corpus_t, enquêtes_t, archives_t;Datasets/all_labels_train_gensim_sparse_matrix.npz
philophiso.hypotheses.org/272;philosophie_d, éducation_d, éducation spécialisée_d, pensée_t, philosophie_t, représentations_t, patrimoine_t;Datasets/all_labels_train_gensim_sparse_matrix.npz
archivalia.hypotheses.org/6475;histoire et archéologie_d, sciences sociales interdisciplinaires_d, histoire_t, approches de corpus_t, enquêtes_t, archives_t;Datasets/all_labels_train_gensim_sparse_matrix.npz
grk1919.hypotheses.org/111;histoire et archéologie_d, histoire et philosophie des sciences_d, histoire_t;Datasets/all_labels_train_gensim_sparse_matrix.npz
archivalia.hypotheses.org/8235;histoire et archéologie_d, sciences sociales interdisciplinaires_d, histoire_t, approches de corpus_t, enquêtes_t, archives_t;Datasets/all_labels_train_gensim_sparse_matrix.npz
jeunegen.hypotheses.org/1604;histoire_d, pluridisciplinarité_d, histoire_t, vie de la recherche_t, moyen âge_t, haut moyen âge_t, bas moyen âge_t;Datasets/all_labels_train_gensim_sparse_matrix.npz
schotten.hypotheses.org/324;religions_d, histoire et archéologie_d, sciences de l'information et de la communication_d, bibliothéconomie_d, histoire_t, histoire des religions_t, approches de corpus_t, enquêtes_t, archives_t, monde germanique_t;Datasets/all_labels_train_gensim_sparse_matrix.npz
archivalia.hypotheses.org/8911;histoire et archéologie_d, sciences sociales interdisciplinaires_d, histoire_t, approches de corpus_t, enquêtes_t, archives_t;Datasets/all_labels_train_gensim_sparse_matrix.npz
grammata.hypotheses.org/1245;études anciennes_d, religions_d, littérature_d, religions_t, littératures_t;Datasets/all_labels_train_gensim_sparse_matrix.npz
archivewk1.hypotheses.org/12378;histoire_d, époque contemporaine_t, 1914-1918_t;Datasets/all_labels_train_gensim_sparse_matrix.npz
archivalia.hypotheses.org/5278;histoire et archéologie_d, sciences sociales interdisciplinaires_d, histoire_t, approches de corpus_t, enquêtes_t, archives_t;Datasets/all_labels_train_gensim_sparse_matrix.npz
barblog.hypotheses.org/901;sciences sociales interdisciplinaires_d, sciences politiques_d, sociologie_d, anthropologie politique_t;Datasets/all_labels_train_gensim_sparse_matrix.npz
archivalia.hypotheses.org/4073;histoire et archéologie_d, sciences sociales interdisciplinaires_d, histoire_t, approches de corpus_t, enquêtes_t, archives_t;Datasets/all_labels_train_gensim_sparse_matrix.npz
dighist.hypotheses.org/83;histoire_d, sciences sociales interdisciplinaires_d, études sur la famille_d, sociologie_d, histoire urbaine_t, histoire sociale_t, europe centrale et orientale_t;Datasets/all_labels_train_gensim_sparse_matrix.npz
revolt.hypotheses.org/961;histoire_d, pluridisciplinarité_d, littérature_d, histoire et sociologie des médias_t, époque moderne_t, europe_t;Datasets/all_labels_train_gensim_sparse_matrix.npz
archivewk1.hypotheses.org/32280;histoire_d, époque contemporaine_t, 1914-1918_t;Datasets/all_labels_train_gensim_sparse_matrix.npz
tagebuch.hypotheses.org/1338;histoire et archéologie_d, histoire_d, histoire_t, époque contemporaine_t, 1914-1918_t;Datasets/all_labels_train_gensim_sparse_matrix.npz
archivalia.hypotheses.org/52438;histoire et archéologie_d, sciences sociales interdisciplinaires_d, histoire_t, approches de corpus_t, enquêtes_t, archives_t;Datasets/all_labels_train_gensim_sparse_matrix.npz
archivewk1.hypotheses.org/31124;histoire_d, époque contemporaine_t, 1914-1918_t;Datasets/all_labels_train_gensim_sparse_matrix.npz
mindthegaps.hypotheses.org/1454;études asiatiques_d, histoire_d, histoire_t, histoire culturelle_t, asie_t, chine_t;Datasets/all_labels_train_gensim_sparse_matrix.npz
archivalia.hypotheses.org/7122;histoire et archéologie_d, sciences sociales interdisciplinaires_d, histoire_t, approches de corpus_t, enquêtes_t, archives_t;Datasets/all_labels_train_gensim_sparse_matrix.npz
archivalia.hypotheses.org/10354;histoire et archéologie_d, sciences sociales interdisciplinaires_d, histoire_t, approches de corpus_t, enquêtes_t, archives_t;Datasets/all_labels_train_gensim_sparse_matrix.npz
archivalia.hypotheses.org/10294;histoire et archéologie_d, sciences sociales interdisciplinaires_d, histoire_t, approches de corpus_t, enquêtes_t, archives_t;Datasets/all_labels_train_gensim_sparse_matrix.npz
soziologieblog.hypotheses.org/9057;sciences sociales interdisciplinaires_d, sociologie et anthropologie_d, sociologie du travail_t, sociologie urbaine_t, sociologie de la culture_t, sociologie économique_t;Datasets/all_labels_train_gensim_sparse_matrix.npz
archivewk1.hypotheses.org/15131;histoire_d, époque contemporaine_t, 1914-1918_t;Datasets/all_labels_train_gensim_sparse_matrix.npz
archivalia.hypotheses.org/6552;histoire et archéologie_d, sciences sociales interdisciplinaires_d, histoire_t, approches de corpus_t, enquêtes_t, archives_t;Datasets/all_labels_train_gensim_sparse_matrix.npz
archivalia.hypotheses.org/12230;histoire et archéologie_d, sciences sociales interdisciplinaires_d, histoire_t, approches de corpus_t, enquêtes_t, archives_t;Datasets/all_labels_train_gensim_sparse_matrix.npz
archivewk1.hypotheses.org/28759;histoire_d, époque contemporaine_t, 1914-1918_t;Datasets/all_labels_train_gensim_sparse_matrix.npz
histbav.hypotheses.org/1587;humanités pluridisciplinaires_d, histoire_d, pluridisciplinarité_d, histoire_t, monde germanique_t;Datasets/all_labels_train_gensim_sparse_matrix.npz
moraleconomy.hypotheses.org/135;histoire et archéologie_d, histoire_d, histoire économique_t, histoire sociale_t, prospectives_t, france_t;Datasets/all_labels_train_gensim_sparse_matrix.npz
digigw.hypotheses.org/1063;humanités pluridisciplinaires_d, histoire_t, édition électronique_t, sciences auxiliaires de l'histoire_t, digital humanities_t;Datasets/all_labels_train_gensim_sparse_matrix.npz
archivalia.hypotheses.org/6520;histoire et archéologie_d, sciences sociales interdisciplinaires_d, histoire_t, approches de corpus_t, enquêtes_t, archives_t;Datasets/all_labels_train_gensim_sparse_matrix.npz
archivalia.hypotheses.org/5293;histoire et archéologie_d, sciences sociales interdisciplinaires_d, histoire_t, approches de corpus_t, enquêtes_t, archives_t;Datasets/all_labels_train_gensim_sparse_matrix.npz
archivalia.hypotheses.org/6774;histoire et archéologie_d, sciences sociales interdisciplinaires_d, histoire_t, approches de corpus_t, enquêtes_t, archives_t;Datasets/all_labels_train_gensim_sparse_matrix.npz
archivewk1.hypotheses.org/21392;histoire_d, époque contemporaine_t, 1914-1918_t;Datasets/all_labels_train_gensim_sparse_matrix.npz
gab.hypotheses.org/1548;histoire et archéologie_d, pluridisciplinarité_d, sciences sociales interdisciplinaires_d, études des sciences_t, sociologie des sciences_t, histoire_t;Datasets/all_labels_train_gensim_sparse_matrix.npz
medienbildung.hypotheses.org/7005;éducation_d, éducation spécialisée_d, travail social_d, sociologie_t, édition électronique_t, histoire et sociologie des médias_t, éducation_t;Datasets/all_labels_train_gensim_sparse_matrix.npz
archivalia.hypotheses.org/9393;histoire et archéologie_d, sciences sociales interdisciplinaires_d, histoire_t, approches de corpus_t, enquêtes_t, archives_t;Datasets/all_labels_train_gensim_sparse_matrix.npz
archivewk1.hypotheses.org/21014;histoire_d, époque contemporaine_t, 1914-1918_t;Datasets/all_labels_train_gensim_sparse_matrix.npz
archivewk1.hypotheses.org/27474;histoire_d, époque contemporaine_t, 1914-1918_t;Datasets/all_labels_train_gensim_sparse_matrix.npz
archivalia.hypotheses.org/729;histoire et archéologie_d, sciences sociales interdisciplinaires_d, histoire_t, approches de corpus_t, enquêtes_t, archives_t;Datasets/all_labels_train_gensim_sparse_matrix.npz
archivalia.hypotheses.org/12912;histoire et archéologie_d, sciences sociales interdisciplinaires_d, histoire_t, approches de corpus_t, enquêtes_t, archives_t;Datasets/all_labels_train_gensim_sparse_matrix.npz
lvrafz.hypotheses.org/1047;pluridisciplinarité_d, information_t;Datasets/all_labels_train_gensim_sparse_matrix.npz
soziologieblog.hypotheses.org/5363;sciences sociales interdisciplinaires_d, sociologie et anthropologie_d, sociologie du travail_t, sociologie urbaine_t, sociologie de la culture_t, sociologie économique_t;Datasets/all_labels_train_gensim_sparse_matrix.npz
archivalia.hypotheses.org/8072;histoire et archéologie_d, sciences sociales interdisciplinaires_d, histoire_t, approches de corpus_t, enquêtes_t, archives_t;Datasets/all_labels_train_gensim_sparse_matrix.npz
gra.hypotheses.org/2434;arts et humanités_d, communication_d, sciences de l'information et bibliothéconomie_d, représentations_t, histoire culturelle_t, histoire de l'art_t, études visuelles_t;Datasets/all_labels_train_gensim_sparse_matrix.npz
hoyerswerda.hypotheses.org/201;arts et humanités_d, histoire_d, histoire urbaine_t, monde germanique_t;Datasets/all_labels_train_gensim_sparse_matrix.npz
medienbildung.hypotheses.org/3561;éducation_d, éducation spécialisée_d, travail social_d, sociologie_t, édition électronique_t, histoire et sociologie des médias_t, éducation_t;Datasets/all_labels_train_gensim_sparse_matrix.npz
archivalia.hypotheses.org/3210;histoire et archéologie_d, sciences sociales interdisciplinaires_d, histoire_t, approches de corpus_t, enquêtes_t, archives_t;Datasets/all_labels_train_gensim_sparse_matrix.npz
dgl.hypotheses.org/130;éducation spécialisée_d, histoire_d, histoire_t, histoire et sociologie des médias_t, éducation_t;Datasets/all_labels_train_gensim_sparse_matrix.npz
archivalia.hypotheses.org/4839;histoire et archéologie_d, sciences sociales interdisciplinaires_d, histoire_t, approches de corpus_t, enquêtes_t, archives_t;Datasets/all_labels_train_gensim_sparse_matrix.npz
archivewk1.hypotheses.org/5521;histoire_d, époque contemporaine_t, 1914-1918_t;Datasets/all_labels_train_gensim_sparse_matrix.npz
ordensgeschichte.hypotheses.org/3913;arts et humanités_d, humanités pluridisciplinaires_d, histoire et archéologie_d, histoire et philosophie des sciences_d, histoire_t, haut moyen âge_t, bas moyen âge_t, xviie siècle_t, xviiie siècle_t;Datasets/all_labels_train_gensim_sparse_matrix.npz
mittelalter.hypotheses.org/5172;humanités pluridisciplinaires_d, religions_d, histoire_d, sociologie_d, histoire_t, histoire sociale_t, histoire intellectuelle_t, moyen âge_t, haut moyen âge_t, bas moyen âge_t;Datasets/all_labels_train_gensim_sparse_matrix.npz
soziologieblog.hypotheses.org/1396;sciences sociales interdisciplinaires_d, sociologie et anthropologie_d, sociologie du travail_t, sociologie urbaine_t, sociologie de la culture_t, sociologie économique_t;Datasets/all_labels_train_gensim_sparse_matrix.npz
moraleconomy.hypotheses.org/325;histoire et archéologie_d, histoire_d, histoire économique_t, histoire sociale_t, prospectives_t, france_t;Datasets/all_labels_train_gensim_sparse_matrix.npz
speyermemo.hypotheses.org/2616;histoire_d, pluridisciplinarité_d, sciences sociales interdisciplinaires_d, sociologie de la culture_t, histoire_t, 1939-1945_t, europe_t;Datasets/all_labels_train_gensim_sparse_matrix.npz
histgymbib.hypotheses.org/408;arts et humanités_d, humanités pluridisciplinaires_d, sciences de l'information et de la communication_d, bibliothéconomie_d, sciences sociales interdisciplinaires_d, éducation_t, xvie siècle_t, xviie siècle_t, xviiie siècle_t, prospectives_t;Datasets/all_labels_train_gensim_sparse_matrix.npz
archivekod.hypotheses.org/477;religions_d, histoire et archéologie_d, sciences de l'information et de la communication_d, bibliothéconomie_d, communication_d, histoire_t, histoire des religions_t, patrimoine_t;Datasets/all_labels_train_gensim_sparse_matrix.npz
archivalia.hypotheses.org/555;histoire et archéologie_d, sciences sociales interdisciplinaires_d, histoire_t, approches de corpus_t, enquêtes_t, archives_t;Datasets/all_labels_train_gensim_sparse_matrix.npz
archivewk1.hypotheses.org/26221;histoire_d, époque contemporaine_t, 1914-1918_t;Datasets/all_labels_train_gensim_sparse_matrix.npz
ordensgeschichte.hypotheses.org/2120;arts et humanités_d, humanités pluridisciplinaires_d, histoire et archéologie_d, histoire et philosophie des sciences_d, histoire_t, haut moyen âge_t, bas moyen âge_t, xviie siècle_t, xviiie siècle_t;Datasets/all_labels_train_gensim_sparse_matrix.npz
soziologieblog.hypotheses.org/1161;sciences sociales interdisciplinaires_d, sociologie et anthropologie_d, sociologie du travail_t, sociologie urbaine_t, sociologie de la culture_t, sociologie économique_t;Datasets/all_labels_train_gensim_sparse_matrix.npz
kulturgut.hypotheses.org/1;humanités pluridisciplinaires_d, études des sciences_t, histoire_t, approches de corpus_t, enquêtes_t, archives_t;Datasets/all_labels_train_gensim_sparse_matrix.npz
archivalia.hypotheses.org/10942;histoire et archéologie_d, sciences sociales interdisciplinaires_d, histoire_t, approches de corpus_t, enquêtes_t, archives_t;Datasets/all_labels_train_gensim_sparse_matrix.npz
archivewk1.hypotheses.org/30488;histoire_d, époque contemporaine_t, 1914-1918_t;Datasets/all_labels_train_gensim_sparse_matrix.npz
gra.hypotheses.org/1237;arts et humanités_d, communication_d, sciences de l'information et bibliothéconomie_d, représentations_t, histoire culturelle_t, histoire de l'art_t, études visuelles_t;Datasets/all_labels_train_gensim_sparse_matrix.npz
archivalia.hypotheses.org/838;histoire et archéologie_d, sciences sociales interdisciplinaires_d, histoire_t, approches de corpus_t, enquêtes_t, archives_t;Datasets/all_labels_train_gensim_sparse_matrix.npz
archivewk1.hypotheses.org/14775;histoire_d, époque contemporaine_t, 1914-1918_t;Datasets/all_labels_train_gensim_sparse_matrix.npz
archivalia.hypotheses.org/9039;histoire et archéologie_d, sciences sociales interdisciplinaires_d, histoire_t, approches de corpus_t, enquêtes_t, archives_t;Datasets/all_labels_train_gensim_sparse_matrix.npz
achtundvierzig.hypotheses.org/559;sciences politiques_d, histoire_d, époque contemporaine_t, prospectives_t, histoire politique_t, monde germanique_t;Datasets/all_labels_train_gensim_sparse_matrix.npz
intersex.hypotheses.org/3713;histoire_d, biomédecine_d, étude des genres_t, histoire des sciences_t, histoire_t, histoire du droit_t, moyen âge_t, xxie siècle_t;Datasets/all_labels_train_gensim_sparse_matrix.npz
gab.hypotheses.org/2812;histoire et archéologie_d, pluridisciplinarité_d, sciences sociales interdisciplinaires_d, études des sciences_t, sociologie des sciences_t, histoire_t;Datasets/all_labels_train_gensim_sparse_matrix.npz
intersex.hypotheses.org/4735;histoire_d, biomédecine_d, étude des genres_t, histoire des sciences_t, histoire_t, histoire du droit_t, moyen âge_t, xxie siècle_t;Datasets/all_labels_train_gensim_sparse_matrix.npz
geschichtsadmin.hypotheses.org/304;éducation_d, histoire_d, sociologie du travail_t, histoire_t;Datasets/all_labels_train_gensim_sparse_matrix.npz
1914lvr.hypotheses.org/950;sciences politiques_d, histoire_t, époque contemporaine_t, 1914-1918_t;Datasets/all_labels_train_gensim_sparse_matrix.npz
dss.hypotheses.org/804;arts et humanités_d, communication_d, sciences de l'information et bibliothéconomie_d, information_t, édition électronique_t, représentations_t, histoire de l'art_t, patrimoine_t, prospectives_t;Datasets/all_labels_train_gensim_sparse_matrix.npz
mittelalter.hypotheses.org/3576;humanités pluridisciplinaires_d, religions_d, histoire_d, sociologie_d, histoire_t, histoire sociale_t, histoire intellectuelle_t, moyen âge_t, haut moyen âge_t, bas moyen âge_t;Datasets/all_labels_train_gensim_sparse_matrix.npz
dislab.hypotheses.org/210;sciences sociales interdisciplinaires_d, langue et linguistique_d, sociologie des sciences_t, linguistique_t;Datasets/all_labels_train_gensim_sparse_matrix.npz
mittelalter.hypotheses.org/172;humanités pluridisciplinaires_d, religions_d, histoire_d, sociologie_d, histoire_t, histoire sociale_t, histoire intellectuelle_t, moyen âge_t, haut moyen âge_t, bas moyen âge_t;Datasets/all_labels_train_gensim_sparse_matrix.npz
archivalia.hypotheses.org/59280;histoire et archéologie_d, sciences sociales interdisciplinaires_d, histoire_t, approches de corpus_t, enquêtes_t, archives_t;Datasets/all_labels_train_gensim_sparse_matrix.npz
archivewk1.hypotheses.org/20530;histoire_d, époque contemporaine_t, 1914-1918_t;Datasets/all_labels_train_gensim_sparse_matrix.npz
winzen.hypotheses.org/789;histoire_d, histoire_t, études visuelles_t, 1918-1939_t, 1939-1945_t, monde germanique_t;Datasets/all_labels_train_gensim_sparse_matrix.npz
archivewk1.hypotheses.org/16241;histoire_d, époque contemporaine_t, 1914-1918_t;Datasets/all_labels_train_gensim_sparse_matrix.npz
archivalia.hypotheses.org/59289;histoire et archéologie_d, sciences sociales interdisciplinaires_d, histoire_t, approches de corpus_t, enquêtes_t, archives_t;Datasets/all_labels_train_gensim_sparse_matrix.npz
oberrhein.hypotheses.org/120;religions_d, archéologie_d, histoire_d, histoire_t, moyen âge_t, france_t, monde germanique_t;Datasets/all_labels_train_gensim_sparse_matrix.npz
archivalia.hypotheses.org/4913;histoire et archéologie_d, sciences sociales interdisciplinaires_d, histoire_t, approches de corpus_t, enquêtes_t, archives_t;Datasets/all_labels_train_gensim_sparse_matrix.npz
dkblog.hypotheses.org/401;histoire_d, histoire_t, époque moderne_t, xviie siècle_t;Datasets/all_labels_train_gensim_sparse_matrix.npz
texperimentales.hypotheses.org/1529;linguistique appliquée_d, langue et linguistique_d, langage_t, linguistique_t, information_t, sciences de l'information_t, digital humanities_t;Datasets/all_labels_train_gensim_sparse_matrix.npz
histbav.hypotheses.org/3143;humanités pluridisciplinaires_d, histoire_d, pluridisciplinarité_d, histoire_t, monde germanique_t;Datasets/all_labels_train_gensim_sparse_matrix.npz
bloghaus.hypotheses.org/492;pluridisciplinarité_d, sciences sociales interdisciplinaires_d, information_t, digital humanities_t;Datasets/all_labels_train_gensim_sparse_matrix.npz
grammata.hypotheses.org/2145;études anciennes_d, religions_d, littérature_d, religions_t, littératures_t;Datasets/all_labels_train_gensim_sparse_matrix.npz
archivalia.hypotheses.org/8770;histoire et archéologie_d, sciences sociales interdisciplinaires_d, histoire_t, approches de corpus_t, enquêtes_t, archives_t;Datasets/all_labels_train_gensim_sparse_matrix.npz
archivalia.hypotheses.org/58588;histoire et archéologie_d, sciences sociales interdisciplinaires_d, histoire_t, approches de corpus_t, enquêtes_t, archives_t;Datasets/all_labels_train_gensim_sparse_matrix.npz
archivalia.hypotheses.org/57145;histoire et archéologie_d, sciences sociales interdisciplinaires_d, histoire_t, approches de corpus_t, enquêtes_t, archives_t;Datasets/all_labels_train_gensim_sparse_matrix.npz
archivewk1.hypotheses.org/8530;histoire_d, époque contemporaine_t, 1914-1918_t;Datasets/all_labels_train_gensim_sparse_matrix.npz
archivewk1.hypotheses.org/6937;histoire_d, époque contemporaine_t, 1914-1918_t;Datasets/all_labels_train_gensim_sparse_matrix.npz
oberrhein.hypotheses.org/1912;religions_d, archéologie_d, histoire_d, histoire_t, moyen âge_t, france_t, monde germanique_t;Datasets/all_labels_train_gensim_sparse_matrix.npz
archivalia.hypotheses.org/12843;histoire et archéologie_d, sciences sociales interdisciplinaires_d, histoire_t, approches de corpus_t, enquêtes_t, archives_t;Datasets/all_labels_train_gensim_sparse_matrix.npz
archivalia.hypotheses.org/1744;histoire et archéologie_d, sciences sociales interdisciplinaires_d, histoire_t, approches de corpus_t, enquêtes_t, archives_t;Datasets/all_labels_train_gensim_sparse_matrix.npz
intersex.hypotheses.org/157;histoire_d, biomédecine_d, étude des genres_t, histoire des sciences_t, histoire_t, histoire du droit_t, moyen âge_t, xxie siècle_t;Datasets/all_labels_train_gensim_sparse_matrix.npz
archivalia.hypotheses.org/13959;histoire et archéologie_d, sciences sociales interdisciplinaires_d, histoire_t, approches de corpus_t, enquêtes_t, archives_t;Datasets/all_labels_train_gensim_sparse_matrix.npz
bioeg.hypotheses.org/1568;histoire et archéologie_d, histoire_d, histoire_t, sciences auxiliaires de l'histoire_t, europe centrale et orientale_t, monde germanique_t;Datasets/all_labels_train_gensim_sparse_matrix.npz
archivalia.hypotheses.org/8538;histoire et archéologie_d, sciences sociales interdisciplinaires_d, histoire_t, approches de corpus_t, enquêtes_t, archives_t;Datasets/all_labels_train_gensim_sparse_matrix.npz
gab.hypotheses.org/3194;histoire et archéologie_d, pluridisciplinarité_d, sciences sociales interdisciplinaires_d, études des sciences_t, sociologie des sciences_t, histoire_t;Datasets/all_labels_train_gensim_sparse_matrix.npz
archivamt.hypotheses.org/4153;communication_d, pluridisciplinarité_d, sciences sociales interdisciplinaires_d, information_t, sciences de l'information_t, représentations_t, patrimoine_t;Datasets/all_labels_train_gensim_sparse_matrix.npz
medienbildung.hypotheses.org/3173;éducation_d, éducation spécialisée_d, travail social_d, sociologie_t, édition électronique_t, histoire et sociologie des médias_t, éducation_t;Datasets/all_labels_train_gensim_sparse_matrix.npz
catholiccultures.hypotheses.org/300;histoire et archéologie_d, histoire des sciences sociales_d, sciences sociales interdisciplinaires_d, sociologie et anthropologie_d, histoire_t, histoire sociale_t, histoire des religions_t, époque moderne_t;Datasets/all_labels_train_gensim_sparse_matrix.npz
ostblog.hypotheses.org/620;histoire_d, économie_d, histoire_t;Datasets/all_labels_train_gensim_sparse_matrix.npz
naps.hypotheses.org/1244;histoire_d, histoire_t, épistémologie et méthodes_t, approches de corpus_t, enquêtes_t, archives_t, prospectives_t, france_t, monde germanique_t;Datasets/all_labels_train_gensim_sparse_matrix.npz
archivalia.hypotheses.org/9756;histoire et archéologie_d, sciences sociales interdisciplinaires_d, histoire_t, approches de corpus_t, enquêtes_t, archives_t;Datasets/all_labels_train_gensim_sparse_matrix.npz
archivalia.hypotheses.org/5988;histoire et archéologie_d, sciences sociales interdisciplinaires_d, histoire_t, approches de corpus_t, enquêtes_t, archives_t;Datasets/all_labels_train_gensim_sparse_matrix.npz
archivewk1.hypotheses.org/16171;histoire_d, époque contemporaine_t, 1914-1918_t;Datasets/all_labels_train_gensim_sparse_matrix.npz
histbav.hypotheses.org/3850;humanités pluridisciplinaires_d, histoire_d, pluridisciplinarité_d, histoire_t, monde germanique_t;Datasets/all_labels_train_gensim_sparse_matrix.npz
archivalia.hypotheses.org/12424;histoire et archéologie_d, sciences sociales interdisciplinaires_d, histoire_t, approches de corpus_t, enquêtes_t, archives_t;Datasets/all_labels_train_gensim_sparse_matrix.npz
ordensgeschichte.hypotheses.org/10171;arts et humanités_d, humanités pluridisciplinaires_d, histoire et archéologie_d, histoire et philosophie des sciences_d, histoire_t, haut moyen âge_t, bas moyen âge_t, xviie siècle_t, xviiie siècle_t;Datasets/all_labels_train_gensim_sparse_matrix.npz
historischdenken.hypotheses.org/3677;histoire et archéologie_d, histoire_t;Datasets/all_labels_train_gensim_sparse_matrix.npz
archivewk1.hypotheses.org/9849;histoire_d, époque contemporaine_t, 1914-1918_t;Datasets/all_labels_train_gensim_sparse_matrix.npz
medienbildung.hypotheses.org/7240;éducation_d, éducation spécialisée_d, travail social_d, sociologie_t, édition électronique_t, histoire et sociologie des médias_t, éducation_t;Datasets/all_labels_train_gensim_sparse_matrix.npz
zeitraeume.hypotheses.org/160;histoire_d, histoire industrielle_t, histoire sociale_t, édition électronique_t, digital humanities_t, époque contemporaine_t;Datasets/all_labels_train_gensim_sparse_matrix.npz
wppluslw.hypotheses.org/503;littérature_d, littératures_t, édition électronique_t, épistémologie et méthodes_t, approches de corpus_t, enquêtes_t, archives_t, monde germanique_t;Datasets/all_labels_train_gensim_sparse_matrix.npz
1914lvr.hypotheses.org/1139;sciences politiques_d, histoire_t, époque contemporaine_t, 1914-1918_t;Datasets/all_labels_train_gensim_sparse_matrix.npz
rkb.hypotheses.org/121;arts et humanités_d, communication_d, sciences de l'information et bibliothéconomie_d, sociologie des sciences_t, édition électronique_t, histoire et sociologie des médias_t;Datasets/all_labels_train_gensim_sparse_matrix.npz
archivekod.hypotheses.org/401;religions_d, histoire et archéologie_d, sciences de l'information et de la communication_d, bibliothéconomie_d, communication_d, histoire_t, histoire des religions_t, patrimoine_t;Datasets/all_labels_train_gensim_sparse_matrix.npz
reichtum.hypotheses.org/309;économie_d, économie_d, histoire_d, histoire économique_t, histoire sociale_t;Datasets/all_labels_train_gensim_sparse_matrix.npz
archivalia.hypotheses.org/12886;histoire et archéologie_d, sciences sociales interdisciplinaires_d, histoire_t, approches de corpus_t, enquêtes_t, archives_t;Datasets/all_labels_train_gensim_sparse_matrix.npz
archivewk1.hypotheses.org/20316;histoire_d, époque contemporaine_t, 1914-1918_t;Datasets/all_labels_train_gensim_sparse_matrix.npz
grammata.hypotheses.org/2273;études anciennes_d, religions_d, littérature_d, religions_t, littératures_t;Datasets/all_labels_train_gensim_sparse_matrix.npz
archivalia.hypotheses.org/54604;histoire et archéologie_d, sciences sociales interdisciplinaires_d, histoire_t, approches de corpus_t, enquêtes_t, archives_t;Datasets/all_labels_train_gensim_sparse_matrix.npz
bioeg.hypotheses.org/1852;histoire et archéologie_d, histoire_d, histoire_t, sciences auxiliaires de l'histoire_t, europe centrale et orientale_t, monde germanique_t;Datasets/all_labels_train_gensim_sparse_matrix.npz
games.hypotheses.org/1001;arts et humanités_d, humanités pluridisciplinaires_d, psychologie expérimentale_d, sciences cognitives_t, psychisme_t, psychologie_t, représentations_t, histoire de l'art_t, études visuelles_t;Datasets/all_labels_train_gensim_sparse_matrix.npz
grk1919.hypotheses.org/94;histoire et archéologie_d, histoire et philosophie des sciences_d, histoire_t;Datasets/all_labels_train_gensim_sparse_matrix.npz
kristinoswald.hypotheses.org/1123;études anciennes_d, études des sciences_t, histoire_t, histoire et sociologie des médias_t, histoire culturelle_t, digital humanities_t;Datasets/all_labels_train_gensim_sparse_matrix.npz
archivalia.hypotheses.org/10791;histoire et archéologie_d, sciences sociales interdisciplinaires_d, histoire_t, approches de corpus_t, enquêtes_t, archives_t;Datasets/all_labels_train_gensim_sparse_matrix.npz
archivalia.hypotheses.org/6952;histoire et archéologie_d, sciences sociales interdisciplinaires_d, histoire_t, approches de corpus_t, enquêtes_t, archives_t;Datasets/all_labels_train_gensim_sparse_matrix.npz
speyermemo.hypotheses.org/2329;histoire_d, pluridisciplinarité_d, sciences sociales interdisciplinaires_d, sociologie de la culture_t, histoire_t, 1939-1945_t, europe_t;Datasets/all_labels_train_gensim_sparse_matrix.npz
archivalia.hypotheses.org/3680;histoire et archéologie_d, sciences sociales interdisciplinaires_d, histoire_t, approches de corpus_t, enquêtes_t, archives_t;Datasets/all_labels_train_gensim_sparse_matrix.npz
ordensgeschichte.hypotheses.org/8935;arts et humanités_d, humanités pluridisciplinaires_d, histoire et archéologie_d, histoire et philosophie des sciences_d, histoire_t, haut moyen âge_t, bas moyen âge_t, xviie siècle_t, xviiie siècle_t;Datasets/all_labels_train_gensim_sparse_matrix.npz
archivalia.hypotheses.org/11636;histoire et archéologie_d, sciences sociales interdisciplinaires_d, histoire_t, approches de corpus_t, enquêtes_t, archives_t;Datasets/all_labels_train_gensim_sparse_matrix.npz
games.hypotheses.org/354;arts et humanités_d, humanités pluridisciplinaires_d, psychologie expérimentale_d, sciences cognitives_t, psychisme_t, psychologie_t, représentations_t, histoire de l'art_t, études visuelles_t;Datasets/all_labels_train_gensim_sparse_matrix.npz
archivalia.hypotheses.org/6073;histoire et archéologie_d, sciences sociales interdisciplinaires_d, histoire_t, approches de corpus_t, enquêtes_t, archives_t;Datasets/all_labels_train_gensim_sparse_matrix.npz
nordichistoryblog.hypotheses.org/2346;arts et humanités_d, histoire et archéologie_d, histoire_t, édition électronique_t, vie de la recherche_t, approches de corpus_t, enquêtes_t, archives_t, europe_t, pays baltes et scandinaves_t;Datasets/all_labels_train_gensim_sparse_matrix.npz
grk1678.hypotheses.org/588;arts et humanités_d, humanités pluridisciplinaires_d, histoire et philosophie des sciences_d, pluridisciplinarité_d, philosophie_t, littératures_t, histoire culturelle_t, histoire de l'art_t;Datasets/all_labels_train_gensim_sparse_matrix.npz
wilma.hypotheses.org/109;éducation_d, travail social et politique sociale_d, sciences de l'éducation_t;Datasets/all_labels_train_gensim_sparse_matrix.npz
archivewk1.hypotheses.org/10613;histoire_d, époque contemporaine_t, 1914-1918_t;Datasets/all_labels_train_gensim_sparse_matrix.npz
archive20.hypotheses.org/3720;pluridisciplinarité_d, sciences sociales interdisciplinaires_d, histoire_t, information_t, patrimoine_t, monde germanique_t;Datasets/all_labels_train_gensim_sparse_matrix.npz
intersex.hypotheses.org/590;histoire_d, biomédecine_d, étude des genres_t, histoire des sciences_t, histoire_t, histoire du droit_t, moyen âge_t, xxie siècle_t;Datasets/all_labels_train_gensim_sparse_matrix.npz
archivalia.hypotheses.org/6859;histoire et archéologie_d, sciences sociales interdisciplinaires_d, histoire_t, approches de corpus_t, enquêtes_t, archives_t;Datasets/all_labels_train_gensim_sparse_matrix.npz
nordichistoryblog.hypotheses.org/2387;arts et humanités_d, histoire et archéologie_d, histoire_t, édition électronique_t, vie de la recherche_t, approches de corpus_t, enquêtes_t, archives_t, europe_t, pays baltes et scandinaves_t;Datasets/all_labels_train_gensim_sparse_matrix.npz
kinder.hypotheses.org/608;éducation et sciences de l'éducation_d, études sur la famille_d, âges de la vie_t, sciences de l'éducation_t;Datasets/all_labels_train_gensim_sparse_matrix.npz
tagebuch.hypotheses.org/1329;histoire et archéologie_d, histoire_d, histoire_t, époque contemporaine_t, 1914-1918_t;Datasets/all_labels_train_gensim_sparse_matrix.npz
archivewk1.hypotheses.org/22193;histoire_d, époque contemporaine_t, 1914-1918_t;Datasets/all_labels_train_gensim_sparse_matrix.npz
tagebuch.hypotheses.org/1291;histoire et archéologie_d, histoire_d, histoire_t, époque contemporaine_t, 1914-1918_t;Datasets/all_labels_train_gensim_sparse_matrix.npz
1914lvr.hypotheses.org/1482;sciences politiques_d, histoire_t, époque contemporaine_t, 1914-1918_t;Datasets/all_labels_train_gensim_sparse_matrix.npz
dtforum.hypotheses.org/781;arts et humanités_d, histoire_t, représentations_t, histoire de l'art_t;Datasets/all_labels_train_gensim_sparse_matrix.npz
archivalia.hypotheses.org/57391;histoire et archéologie_d, sciences sociales interdisciplinaires_d, histoire_t, approches de corpus_t, enquêtes_t, archives_t;Datasets/all_labels_train_gensim_sparse_matrix.npz
archivalia.hypotheses.org/12957;histoire et archéologie_d, sciences sociales interdisciplinaires_d, histoire_t, approches de corpus_t, enquêtes_t, archives_t;Datasets/all_labels_train_gensim_sparse_matrix.npz
soziologieblog.hypotheses.org/3241;sciences sociales interdisciplinaires_d, sociologie et anthropologie_d, sociologie du travail_t, sociologie urbaine_t, sociologie de la culture_t, sociologie économique_t;Datasets/all_labels_train_gensim_sparse_matrix.npz
geschichtsadmin.hypotheses.org/262;éducation_d, histoire_d, sociologie du travail_t, histoire_t;Datasets/all_labels_train_gensim_sparse_matrix.npz
archivalia.hypotheses.org/53904;histoire et archéologie_d, sciences sociales interdisciplinaires_d, histoire_t, approches de corpus_t, enquêtes_t, archives_t;Datasets/all_labels_train_gensim_sparse_matrix.npz
archivewk1.hypotheses.org/24349;histoire_d, époque contemporaine_t, 1914-1918_t;Datasets/all_labels_train_gensim_sparse_matrix.npz
archivalia.hypotheses.org/9455;histoire et archéologie_d, sciences sociales interdisciplinaires_d, histoire_t, approches de corpus_t, enquêtes_t, archives_t;Datasets/all_labels_train_gensim_sparse_matrix.npz
archivamt.hypotheses.org/1886;communication_d, pluridisciplinarité_d, sciences sociales interdisciplinaires_d, information_t, sciences de l'information_t, représentations_t, patrimoine_t;Datasets/all_labels_train_gensim_sparse_matrix.npz
studpro.hypotheses.org/1009;histoire_d, histoire_t, époque moderne_t, xviie siècle_t, xviiie siècle_t;Datasets/all_labels_train_gensim_sparse_matrix.npz
archivalia.hypotheses.org/12135;histoire et archéologie_d, sciences sociales interdisciplinaires_d, histoire_t, approches de corpus_t, enquêtes_t, archives_t;Datasets/all_labels_train_gensim_sparse_matrix.npz
archivalia.hypotheses.org/59249;histoire et archéologie_d, sciences sociales interdisciplinaires_d, histoire_t, approches de corpus_t, enquêtes_t, archives_t;Datasets/all_labels_train_gensim_sparse_matrix.npz
archivalia.hypotheses.org/5990;histoire et archéologie_d, sciences sociales interdisciplinaires_d, histoire_t, approches de corpus_t, enquêtes_t, archives_t;Datasets/all_labels_train_gensim_sparse_matrix.npz
archivalia.hypotheses.org/4663;histoire et archéologie_d, sciences sociales interdisciplinaires_d, histoire_t, approches de corpus_t, enquêtes_t, archives_t;Datasets/all_labels_train_gensim_sparse_matrix.npz
1914lvr.hypotheses.org/249;sciences politiques_d, histoire_t, époque contemporaine_t, 1914-1918_t;Datasets/all_labels_train_gensim_sparse_matrix.npz
intersex.hypotheses.org/646;histoire_d, biomédecine_d, étude des genres_t, histoire des sciences_t, histoire_t, histoire du droit_t, moyen âge_t, xxie siècle_t;Datasets/all_labels_train_gensim_sparse_matrix.npz
reichwein.hypotheses.org/1570;histoire et archéologie_d, histoire des sciences_t, 1945-1989_t;Datasets/all_labels_train_gensim_sparse_matrix.npz
tagebuch.hypotheses.org/869;histoire et archéologie_d, histoire_d, histoire_t, époque contemporaine_t, 1914-1918_t;Datasets/all_labels_train_gensim_sparse_matrix.npz
liparchiv.hypotheses.org/731;histoire et archéologie_d, sciences politiques_d, administration publique et développement_d, histoire urbaine_t, patrimoine_t, sciences auxiliaires de l'histoire_t, approches de corpus_t, enquêtes_t, archives_t, europe_t;Datasets/all_labels_train_gensim_sparse_matrix.npz
gra.hypotheses.org/662;arts et humanités_d, communication_d, sciences de l'information et bibliothéconomie_d, représentations_t, histoire culturelle_t, histoire de l'art_t, études visuelles_t;Datasets/all_labels_train_gensim_sparse_matrix.npz
mobilvideo.hypotheses.org/397;humanités pluridisciplinaires_d, éducation_d, sciences sociales interdisciplinaires_d, histoire et sociologie des médias_t, études visuelles_t, éducation_t, sciences de l'éducation_t;Datasets/all_labels_train_gensim_sparse_matrix.npz
trivium.hypotheses.org/338;arts et humanités_d, humanités pluridisciplinaires_d, pluridisciplinarité_d, sciences sociales interdisciplinaires_d, représentations_t, histoire culturelle_t, épistémologie et méthodes_t, vie de la recherche_t;Datasets/all_labels_train_gensim_sparse_matrix.npz
aes.hypotheses.org/288;histoire_t, religions_t;Datasets/all_labels_train_gensim_sparse_matrix.npz
archivalia.hypotheses.org/7867;histoire et archéologie_d, sciences sociales interdisciplinaires_d, histoire_t, approches de corpus_t, enquêtes_t, archives_t;Datasets/all_labels_train_gensim_sparse_matrix.npz
histbav.hypotheses.org/413;humanités pluridisciplinaires_d, histoire_d, pluridisciplinarité_d, histoire_t, monde germanique_t;Datasets/all_labels_train_gensim_sparse_matrix.npz
texperimentales.hypotheses.org/86;linguistique appliquée_d, langue et linguistique_d, langage_t, linguistique_t, information_t, sciences de l'information_t, digital humanities_t;Datasets/all_labels_train_gensim_sparse_matrix.npz
archivalia.hypotheses.org/6006;histoire et archéologie_d, sciences sociales interdisciplinaires_d, histoire_t, approches de corpus_t, enquêtes_t, archives_t;Datasets/all_labels_train_gensim_sparse_matrix.npz
archivalia.hypotheses.org/58207;histoire et archéologie_d, sciences sociales interdisciplinaires_d, histoire_t, approches de corpus_t, enquêtes_t, archives_t;Datasets/all_labels_train_gensim_sparse_matrix.npz
archivalia.hypotheses.org/5322;histoire et archéologie_d, sciences sociales interdisciplinaires_d, histoire_t, approches de corpus_t, enquêtes_t, archives_t;Datasets/all_labels_train_gensim_sparse_matrix.npz
archivalia.hypotheses.org/62149;histoire et archéologie_d, sciences sociales interdisciplinaires_d, histoire_t, approches de corpus_t, enquêtes_t, archives_t;Datasets/all_labels_train_gensim_sparse_matrix.npz
gab.hypotheses.org/2799;histoire et archéologie_d, pluridisciplinarité_d, sciences sociales interdisciplinaires_d, études des sciences_t, sociologie des sciences_t, histoire_t;Datasets/all_labels_train_gensim_sparse_matrix.npz
archivalia.hypotheses.org/1746;histoire et archéologie_d, sciences sociales interdisciplinaires_d, histoire_t, approches de corpus_t, enquêtes_t, archives_t;Datasets/all_labels_train_gensim_sparse_matrix.npz
amuc.hypotheses.org/1511;humanités pluridisciplinaires_d, histoire_d, histoire_t, représentations_t, patrimoine_t;Datasets/all_labels_train_gensim_sparse_matrix.npz
archivalia.hypotheses.org/5164;histoire et archéologie_d, sciences sociales interdisciplinaires_d, histoire_t, approches de corpus_t, enquêtes_t, archives_t;Datasets/all_labels_train_gensim_sparse_matrix.npz
archivalia.hypotheses.org/9460;histoire et archéologie_d, sciences sociales interdisciplinaires_d, histoire_t, approches de corpus_t, enquêtes_t, archives_t;Datasets/all_labels_train_gensim_sparse_matrix.npz
bloghaus.hypotheses.org/885;pluridisciplinarité_d, sciences sociales interdisciplinaires_d, information_t, digital humanities_t;Datasets/all_labels_train_gensim_sparse_matrix.npz
gewalt.hypotheses.org/54;sciences politiques_d, sociologie_d, sociologie_t, sociologie urbaine_t, anthropologie politique_t, histoire urbaine_t, guerres_t, conflits_t, violence_t;Datasets/all_labels_train_gensim_sparse_matrix.npz
archivalia.hypotheses.org/11903;histoire et archéologie_d, sciences sociales interdisciplinaires_d, histoire_t, approches de corpus_t, enquêtes_t, archives_t;Datasets/all_labels_train_gensim_sparse_matrix.npz
archivalia.hypotheses.org/57628;histoire et archéologie_d, sciences sociales interdisciplinaires_d, histoire_t, approches de corpus_t, enquêtes_t, archives_t;Datasets/all_labels_train_gensim_sparse_matrix.npz
archivalia.hypotheses.org/4706;histoire et archéologie_d, sciences sociales interdisciplinaires_d, histoire_t, approches de corpus_t, enquêtes_t, archives_t;Datasets/all_labels_train_gensim_sparse_matrix.npz
archivalia.hypotheses.org/10072;histoire et archéologie_d, sciences sociales interdisciplinaires_d, histoire_t, approches de corpus_t, enquêtes_t, archives_t;Datasets/all_labels_train_gensim_sparse_matrix.npz
archivalia.hypotheses.org/9712;histoire et archéologie_d, sciences sociales interdisciplinaires_d, histoire_t, approches de corpus_t, enquêtes_t, archives_t;Datasets/all_labels_train_gensim_sparse_matrix.npz
dss.hypotheses.org/888;arts et humanités_d, communication_d, sciences de l'information et bibliothéconomie_d, information_t, édition électronique_t, représentations_t, histoire de l'art_t, patrimoine_t, prospectives_t;Datasets/all_labels_train_gensim_sparse_matrix.npz
amuc.hypotheses.org/1575;humanités pluridisciplinaires_d, histoire_d, histoire_t, représentations_t, patrimoine_t;Datasets/all_labels_train_gensim_sparse_matrix.npz
archivewk1.hypotheses.org/22911;histoire_d, époque contemporaine_t, 1914-1918_t;Datasets/all_labels_train_gensim_sparse_matrix.npz
wenhua.hypotheses.org/1680;études asiatiques_d, humanités pluridisciplinaires_d, histoire_d, histoire culturelle_t, asie_t;Datasets/all_labels_train_gensim_sparse_matrix.npz
archivalia.hypotheses.org/58117;histoire et archéologie_d, sciences sociales interdisciplinaires_d, histoire_t, approches de corpus_t, enquêtes_t, archives_t;Datasets/all_labels_train_gensim_sparse_matrix.npz
archivalia.hypotheses.org/14410;histoire et archéologie_d, sciences sociales interdisciplinaires_d, histoire_t, approches de corpus_t, enquêtes_t, archives_t;Datasets/all_labels_train_gensim_sparse_matrix.npz
archivalia.hypotheses.org/12293;histoire et archéologie_d, sciences sociales interdisciplinaires_d, histoire_t, approches de corpus_t, enquêtes_t, archives_t;Datasets/all_labels_train_gensim_sparse_matrix.npz
bereschitrabba.hypotheses.org/176;arts et humanités_d, religions_d, langue et linguistique_d, religions_t, histoire des religions_t;Datasets/all_labels_train_gensim_sparse_matrix.npz
djgd.hypotheses.org/100;histoire_d, histoire_t, digital humanities_t, xxe siècle_t, prospectives_t;Datasets/all_labels_train_gensim_sparse_matrix.npz
archivalia.hypotheses.org/62012;histoire et archéologie_d, sciences sociales interdisciplinaires_d, histoire_t, approches de corpus_t, enquêtes_t, archives_t;Datasets/all_labels_train_gensim_sparse_matrix.npz
medienbildung.hypotheses.org/7032;éducation_d, éducation spécialisée_d, travail social_d, sociologie_t, édition électronique_t, histoire et sociologie des médias_t, éducation_t;Datasets/all_labels_train_gensim_sparse_matrix.npz
redaktionsblog.hypotheses.org/3048;arts et humanités_d, humanités pluridisciplinaires_d, épistémologie et méthodes_t, digital humanities_t;Datasets/all_labels_train_gensim_sparse_matrix.npz
mittelalter.hypotheses.org/9304;humanités pluridisciplinaires_d, religions_d, histoire_d, sociologie_d, histoire_t, histoire sociale_t, histoire intellectuelle_t, moyen âge_t, haut moyen âge_t, bas moyen âge_t;Datasets/all_labels_train_gensim_sparse_matrix.npz
archivalia.hypotheses.org/2230;histoire et archéologie_d, sciences sociales interdisciplinaires_d, histoire_t, approches de corpus_t, enquêtes_t, archives_t;Datasets/all_labels_train_gensim_sparse_matrix.npz
histbav.hypotheses.org/967;humanités pluridisciplinaires_d, histoire_d, pluridisciplinarité_d, histoire_t, monde germanique_t;Datasets/all_labels_train_gensim_sparse_matrix.npz
archivewk1.hypotheses.org/14696;histoire_d, époque contemporaine_t, 1914-1918_t;Datasets/all_labels_train_gensim_sparse_matrix.npz
vwm.hypotheses.org/145;histoire et archéologie_d, histoire_d, études sur la famille_d, histoire_t, histoire sociale_t, époque moderne_t, xviie siècle_t, xviiie siècle_t;Datasets/all_labels_train_gensim_sparse_matrix.npz
archivewk1.hypotheses.org/15994;histoire_d, époque contemporaine_t, 1914-1918_t;Datasets/all_labels_train_gensim_sparse_matrix.npz
archivewk1.hypotheses.org/4807;histoire_d, époque contemporaine_t, 1914-1918_t;Datasets/all_labels_train_gensim_sparse_matrix.npz
archivewk1.hypotheses.org/24701;histoire_d, époque contemporaine_t, 1914-1918_t;Datasets/all_labels_train_gensim_sparse_matrix.npz
archivalia.hypotheses.org/11635;histoire et archéologie_d, sciences sociales interdisciplinaires_d, histoire_t, approches de corpus_t, enquêtes_t, archives_t;Datasets/all_labels_train_gensim_sparse_matrix.npz
reichwein.hypotheses.org/1682;histoire et archéologie_d, histoire des sciences_t, 1945-1989_t;Datasets/all_labels_train_gensim_sparse_matrix.npz
kristinoswald.hypotheses.org/1742;études anciennes_d, études des sciences_t, histoire_t, histoire et sociologie des médias_t, histoire culturelle_t, digital humanities_t;Datasets/all_labels_train_gensim_sparse_matrix.npz
archivalia.hypotheses.org/12024;histoire et archéologie_d, sciences sociales interdisciplinaires_d, histoire_t, approches de corpus_t, enquêtes_t, archives_t;Datasets/all_labels_train_gensim_sparse_matrix.npz
archivalia.hypotheses.org/1602;histoire et archéologie_d, sciences sociales interdisciplinaires_d, histoire_t, approches de corpus_t, enquêtes_t, archives_t;Datasets/all_labels_train_gensim_sparse_matrix.npz
archivewk1.hypotheses.org/4032;histoire_d, époque contemporaine_t, 1914-1918_t;Datasets/all_labels_train_gensim_sparse_matrix.npz
1914lvr.hypotheses.org/687;sciences politiques_d, histoire_t, époque contemporaine_t, 1914-1918_t;Datasets/all_labels_train_gensim_sparse_matrix.npz
archivalia.hypotheses.org/7019;histoire et archéologie_d, sciences sociales interdisciplinaires_d, histoire_t, approches de corpus_t, enquêtes_t, archives_t;Datasets/all_labels_train_gensim_sparse_matrix.npz
archivalia.hypotheses.org/7087;histoire et archéologie_d, sciences sociales interdisciplinaires_d, histoire_t, approches de corpus_t, enquêtes_t, archives_t;Datasets/all_labels_train_gensim_sparse_matrix.npz
archivalia.hypotheses.org/12485;histoire et archéologie_d, sciences sociales interdisciplinaires_d, histoire_t, approches de corpus_t, enquêtes_t, archives_t;Datasets/all_labels_train_gensim_sparse_matrix.npz
grandeguerre.hypotheses.org/143;histoire et archéologie_d, histoire_t, 1914-1918_t, prospectives_t, france_t, monde germanique_t;Datasets/all_labels_train_gensim_sparse_matrix.npz
speyermemo.hypotheses.org/2595;histoire_d, pluridisciplinarité_d, sciences sociales interdisciplinaires_d, sociologie de la culture_t, histoire_t, 1939-1945_t, europe_t;Datasets/all_labels_train_gensim_sparse_matrix.npz
soziologieblog.hypotheses.org/10193;sciences sociales interdisciplinaires_d, sociologie et anthropologie_d, sociologie du travail_t, sociologie urbaine_t, sociologie de la culture_t, sociologie économique_t;Datasets/all_labels_train_gensim_sparse_matrix.npz
archivalia.hypotheses.org/8426;histoire et archéologie_d, sciences sociales interdisciplinaires_d, histoire_t, approches de corpus_t, enquêtes_t, archives_t;Datasets/all_labels_train_gensim_sparse_matrix.npz
archivalia.hypotheses.org/2474;histoire et archéologie_d, sciences sociales interdisciplinaires_d, histoire_t, approches de corpus_t, enquêtes_t, archives_t;Datasets/all_labels_train_gensim_sparse_matrix.npz
lvrafz.hypotheses.org/1681;pluridisciplinarité_d, information_t;Datasets/all_labels_train_gensim_sparse_matrix.npz
ordensgeschichte.hypotheses.org/5574;arts et humanités_d, humanités pluridisciplinaires_d, histoire et archéologie_d, histoire et philosophie des sciences_d, histoire_t, haut moyen âge_t, bas moyen âge_t, xviie siècle_t, xviiie siècle_t;Datasets/all_labels_train_gensim_sparse_matrix.npz
gra.hypotheses.org/268;arts et humanités_d, communication_d, sciences de l'information et bibliothéconomie_d, représentations_t, histoire culturelle_t, histoire de l'art_t, études visuelles_t;Datasets/all_labels_train_gensim_sparse_matrix.npz
archivewk1.hypotheses.org/1644;histoire_d, époque contemporaine_t, 1914-1918_t;Datasets/all_labels_train_gensim_sparse_matrix.npz
dislab.hypotheses.org/1480;sciences sociales interdisciplinaires_d, langue et linguistique_d, sociologie des sciences_t, linguistique_t;Datasets/all_labels_train_gensim_sparse_matrix.npz
lvrafz.hypotheses.org/1439;pluridisciplinarité_d, information_t;Datasets/all_labels_train_gensim_sparse_matrix.npz
medienbildung.hypotheses.org/5881;éducation_d, éducation spécialisée_d, travail social_d, sociologie_t, édition électronique_t, histoire et sociologie des médias_t, éducation_t;Datasets/all_labels_train_gensim_sparse_matrix.npz
archivalia.hypotheses.org/10956;histoire et archéologie_d, sciences sociales interdisciplinaires_d, histoire_t, approches de corpus_t, enquêtes_t, archives_t;Datasets/all_labels_train_gensim_sparse_matrix.npz
djgd.hypotheses.org/1181;histoire_d, histoire_t, digital humanities_t, xxe siècle_t, prospectives_t;Datasets/all_labels_train_gensim_sparse_matrix.npz
1914lvr.hypotheses.org/469;sciences politiques_d, histoire_t, époque contemporaine_t, 1914-1918_t;Datasets/all_labels_train_gensim_sparse_matrix.npz
histbav.hypotheses.org/3807;humanités pluridisciplinaires_d, histoire_d, pluridisciplinarité_d, histoire_t, monde germanique_t;Datasets/all_labels_train_gensim_sparse_matrix.npz
jeunegen.hypotheses.org/520;histoire_d, pluridisciplinarité_d, histoire_t, vie de la recherche_t, moyen âge_t, haut moyen âge_t, bas moyen âge_t;Datasets/all_labels_train_gensim_sparse_matrix.npz
archivamt.hypotheses.org/691;communication_d, pluridisciplinarité_d, sciences sociales interdisciplinaires_d, information_t, sciences de l'information_t, représentations_t, patrimoine_t;Datasets/all_labels_train_gensim_sparse_matrix.npz
archivalia.hypotheses.org/11604;histoire et archéologie_d, sciences sociales interdisciplinaires_d, histoire_t, approches de corpus_t, enquêtes_t, archives_t;Datasets/all_labels_train_gensim_sparse_matrix.npz
1914lvr.hypotheses.org/159;sciences politiques_d, histoire_t, époque contemporaine_t, 1914-1918_t;Datasets/all_labels_train_gensim_sparse_matrix.npz
gab.hypotheses.org/2352;histoire et archéologie_d, pluridisciplinarité_d, sciences sociales interdisciplinaires_d, études des sciences_t, sociologie des sciences_t, histoire_t;Datasets/all_labels_train_gensim_sparse_matrix.npz
redaktionsblog.hypotheses.org/1742;arts et humanités_d, humanités pluridisciplinaires_d, épistémologie et méthodes_t, digital humanities_t;Datasets/all_labels_train_gensim_sparse_matrix.npz
trafo.hypotheses.org/5362;pluridisciplinarité_d, sciences sociales interdisciplinaires_d, études régionales_d, sociologie_t, sociologie des religions_t, information_t, histoire culturelle_t;Datasets/all_labels_train_gensim_sparse_matrix.npz
archivewk1.hypotheses.org/10715;histoire_d, époque contemporaine_t, 1914-1918_t;Datasets/all_labels_train_gensim_sparse_matrix.npz
archivalia.hypotheses.org/7187;histoire et archéologie_d, sciences sociales interdisciplinaires_d, histoire_t, approches de corpus_t, enquêtes_t, archives_t;Datasets/all_labels_train_gensim_sparse_matrix.npz
histbav.hypotheses.org/2420;humanités pluridisciplinaires_d, histoire_d, pluridisciplinarité_d, histoire_t, monde germanique_t;Datasets/all_labels_train_gensim_sparse_matrix.npz
musermeku.hypotheses.org/5334;humanités pluridisciplinaires_d, pluridisciplinarité_d, sciences sociales interdisciplinaires_d, sociologie_t, sociologie de la culture_t, histoire_t, histoire politique_t;Datasets/all_labels_train_gensim_sparse_matrix.npz
archivalia.hypotheses.org/12106;histoire et archéologie_d, sciences sociales interdisciplinaires_d, histoire_t, approches de corpus_t, enquêtes_t, archives_t;Datasets/all_labels_train_gensim_sparse_matrix.npz
archivalia.hypotheses.org/5657;histoire et archéologie_d, sciences sociales interdisciplinaires_d, histoire_t, approches de corpus_t, enquêtes_t, archives_t;Datasets/all_labels_train_gensim_sparse_matrix.npz
archivalia.hypotheses.org/3585;histoire et archéologie_d, sciences sociales interdisciplinaires_d, histoire_t, approches de corpus_t, enquêtes_t, archives_t;Datasets/all_labels_train_gensim_sparse_matrix.npz
archivalia.hypotheses.org/6907;histoire et archéologie_d, sciences sociales interdisciplinaires_d, histoire_t, approches de corpus_t, enquêtes_t, archives_t;Datasets/all_labels_train_gensim_sparse_matrix.npz
studpro.hypotheses.org/258;histoire_d, histoire_t, époque moderne_t, xviie siècle_t, xviiie siècle_t;Datasets/all_labels_train_gensim_sparse_matrix.npz
lvrafz.hypotheses.org/1539;pluridisciplinarité_d, information_t;Datasets/all_labels_train_gensim_sparse_matrix.npz
dhdhi.hypotheses.org/2590;histoire et archéologie_d, histoire_t, épistémologie et méthodes_t, digital humanities_t;Datasets/all_labels_train_gensim_sparse_matrix.npz
archivalia.hypotheses.org/3794;histoire et archéologie_d, sciences sociales interdisciplinaires_d, histoire_t, approches de corpus_t, enquêtes_t, archives_t;Datasets/all_labels_train_gensim_sparse_matrix.npz
archivalia.hypotheses.org/1947;histoire et archéologie_d, sciences sociales interdisciplinaires_d, histoire_t, approches de corpus_t, enquêtes_t, archives_t;Datasets/all_labels_train_gensim_sparse_matrix.npz
archivewk1.hypotheses.org/8805;histoire_d, époque contemporaine_t, 1914-1918_t;Datasets/all_labels_train_gensim_sparse_matrix.npz
archive20.hypotheses.org/1718;pluridisciplinarité_d, sciences sociales interdisciplinaires_d, histoire_t, information_t, patrimoine_t, monde germanique_t;Datasets/all_labels_train_gensim_sparse_matrix.npz
archivalia.hypotheses.org/656;histoire et archéologie_d, sciences sociales interdisciplinaires_d, histoire_t, approches de corpus_t, enquêtes_t, archives_t;Datasets/all_labels_train_gensim_sparse_matrix.npz
kinder.hypotheses.org/50;éducation et sciences de l'éducation_d, études sur la famille_d, âges de la vie_t, sciences de l'éducation_t;Datasets/all_labels_train_gensim_sparse_matrix.npz
gab.hypotheses.org/2287;histoire et archéologie_d, pluridisciplinarité_d, sciences sociales interdisciplinaires_d, études des sciences_t, sociologie des sciences_t, histoire_t;Datasets/all_labels_train_gensim_sparse_matrix.npz
archivalia.hypotheses.org/361;histoire et archéologie_d, sciences sociales interdisciplinaires_d, histoire_t, approches de corpus_t, enquêtes_t, archives_t;Datasets/all_labels_train_gensim_sparse_matrix.npz
archivewk1.hypotheses.org/5315;histoire_d, époque contemporaine_t, 1914-1918_t;Datasets/all_labels_train_gensim_sparse_matrix.npz
archivalia.hypotheses.org/1633;histoire et archéologie_d, sciences sociales interdisciplinaires_d, histoire_t, approches de corpus_t, enquêtes_t, archives_t;Datasets/all_labels_train_gensim_sparse_matrix.npz
soziologieblog.hypotheses.org/1468;sciences sociales interdisciplinaires_d, sociologie et anthropologie_d, sociologie du travail_t, sociologie urbaine_t, sociologie de la culture_t, sociologie économique_t;Datasets/all_labels_train_gensim_sparse_matrix.npz
medienbildung.hypotheses.org/3250;éducation_d, éducation spécialisée_d, travail social_d, sociologie_t, édition électronique_t, histoire et sociologie des médias_t, éducation_t;Datasets/all_labels_train_gensim_sparse_matrix.npz
archivewk1.hypotheses.org/4775;histoire_d, époque contemporaine_t, 1914-1918_t;Datasets/all_labels_train_gensim_sparse_matrix.npz
archivewk1.hypotheses.org/11290;histoire_d, époque contemporaine_t, 1914-1918_t;Datasets/all_labels_train_gensim_sparse_matrix.npz
jameel.hypotheses.org/360;pluridisciplinarité_d, études régionales_d, archéologie_d, arts_d, humanités pluridisciplinaires_d, représentations_t, asie_t, digital humanities_t, histoire de l'art_t;Datasets/all_labels_train_gensim_sparse_matrix.npz
archivalia.hypotheses.org/5642;histoire et archéologie_d, sciences sociales interdisciplinaires_d, histoire_t, approches de corpus_t, enquêtes_t, archives_t;Datasets/all_labels_train_gensim_sparse_matrix.npz
soziologieblog.hypotheses.org/6602;sciences sociales interdisciplinaires_d, sociologie et anthropologie_d, sociologie du travail_t, sociologie urbaine_t, sociologie de la culture_t, sociologie économique_t;Datasets/all_labels_train_gensim_sparse_matrix.npz
archivalia.hypotheses.org/14396;histoire et archéologie_d, sciences sociales interdisciplinaires_d, histoire_t, approches de corpus_t, enquêtes_t, archives_t;Datasets/all_labels_train_gensim_sparse_matrix.npz
archivalia.hypotheses.org/6893;histoire et archéologie_d, sciences sociales interdisciplinaires_d, histoire_t, approches de corpus_t, enquêtes_t, archives_t;Datasets/all_labels_train_gensim_sparse_matrix.npz
archivalia.hypotheses.org/3361;histoire et archéologie_d, sciences sociales interdisciplinaires_d, histoire_t, approches de corpus_t, enquêtes_t, archives_t;Datasets/all_labels_train_gensim_sparse_matrix.npz
reichtum.hypotheses.org/335;économie_d, économie_d, histoire_d, histoire économique_t, histoire sociale_t;Datasets/all_labels_train_gensim_sparse_matrix.npz
archivalia.hypotheses.org/11718;histoire et archéologie_d, sciences sociales interdisciplinaires_d, histoire_t, approches de corpus_t, enquêtes_t, archives_t;Datasets/all_labels_train_gensim_sparse_matrix.npz
archivalia.hypotheses.org/1066;histoire et archéologie_d, sciences sociales interdisciplinaires_d, histoire_t, approches de corpus_t, enquêtes_t, archives_t;Datasets/all_labels_train_gensim_sparse_matrix.npz
ordensgeschichte.hypotheses.org/2062;arts et humanités_d, humanités pluridisciplinaires_d, histoire et archéologie_d, histoire et philosophie des sciences_d, histoire_t, haut moyen âge_t, bas moyen âge_t, xviie siècle_t, xviiie siècle_t;Datasets/all_labels_train_gensim_sparse_matrix.npz
archivalia.hypotheses.org/60596;histoire et archéologie_d, sciences sociales interdisciplinaires_d, histoire_t, approches de corpus_t, enquêtes_t, archives_t;Datasets/all_labels_train_gensim_sparse_matrix.npz
archivalia.hypotheses.org/7734;histoire et archéologie_d, sciences sociales interdisciplinaires_d, histoire_t, approches de corpus_t, enquêtes_t, archives_t;Datasets/all_labels_train_gensim_sparse_matrix.npz
gab.hypotheses.org/2245;histoire et archéologie_d, pluridisciplinarité_d, sciences sociales interdisciplinaires_d, études des sciences_t, sociologie des sciences_t, histoire_t;Datasets/all_labels_train_gensim_sparse_matrix.npz
archivewk1.hypotheses.org/11213;histoire_d, époque contemporaine_t, 1914-1918_t;Datasets/all_labels_train_gensim_sparse_matrix.npz
ordensgeschichte.hypotheses.org/1169;arts et humanités_d, humanités pluridisciplinaires_d, histoire et archéologie_d, histoire et philosophie des sciences_d, histoire_t, haut moyen âge_t, bas moyen âge_t, xviie siècle_t, xviiie siècle_t;Datasets/all_labels_train_gensim_sparse_matrix.npz
archivewk1.hypotheses.org/34963;histoire_d, époque contemporaine_t, 1914-1918_t;Datasets/all_labels_train_gensim_sparse_matrix.npz
archivalia.hypotheses.org/52575;histoire et archéologie_d, sciences sociales interdisciplinaires_d, histoire_t, approches de corpus_t, enquêtes_t, archives_t;Datasets/all_labels_train_gensim_sparse_matrix.npz
ordensgeschichte.hypotheses.org/6749;arts et humanités_d, humanités pluridisciplinaires_d, histoire et archéologie_d, histoire et philosophie des sciences_d, histoire_t, haut moyen âge_t, bas moyen âge_t, xviie siècle_t, xviiie siècle_t;Datasets/all_labels_train_gensim_sparse_matrix.npz
fortifica.hypotheses.org/464;histoire et archéologie_d, histoire_d, histoire urbaine_t, xvie siècle_t, xviie siècle_t, xviiie siècle_t;Datasets/all_labels_train_gensim_sparse_matrix.npz
archivalia.hypotheses.org/54772;histoire et archéologie_d, sciences sociales interdisciplinaires_d, histoire_t, approches de corpus_t, enquêtes_t, archives_t;Datasets/all_labels_train_gensim_sparse_matrix.npz
archivalia.hypotheses.org/55182;histoire et archéologie_d, sciences sociales interdisciplinaires_d, histoire_t, approches de corpus_t, enquêtes_t, archives_t;Datasets/all_labels_train_gensim_sparse_matrix.npz
bioeg.hypotheses.org/1190;histoire et archéologie_d, histoire_d, histoire_t, sciences auxiliaires de l'histoire_t, europe centrale et orientale_t, monde germanique_t;Datasets/all_labels_train_gensim_sparse_matrix.npz
archivamt.hypotheses.org/2568;communication_d, pluridisciplinarité_d, sciences sociales interdisciplinaires_d, information_t, sciences de l'information_t, représentations_t, patrimoine_t;Datasets/all_labels_train_gensim_sparse_matrix.npz
archivewk1.hypotheses.org/10361;histoire_d, époque contemporaine_t, 1914-1918_t;Datasets/all_labels_train_gensim_sparse_matrix.npz
wwc.hypotheses.org/1548;humanités pluridisciplinaires_d, pluridisciplinarité_d, études régionales_d, relations internationales_t, information_t, représentations_t;Datasets/all_labels_train_gensim_sparse_matrix.npz
archivalia.hypotheses.org/9744;histoire et archéologie_d, sciences sociales interdisciplinaires_d, histoire_t, approches de corpus_t, enquêtes_t, archives_t;Datasets/all_labels_train_gensim_sparse_matrix.npz
gab.hypotheses.org/2890;histoire et archéologie_d, pluridisciplinarité_d, sciences sociales interdisciplinaires_d, études des sciences_t, sociologie des sciences_t, histoire_t;Datasets/all_labels_train_gensim_sparse_matrix.npz
archives.hypotheses.org/785;histoire_d, communication_d, patrimoine_t, digital humanities_t, moyen âge_t, époque moderne_t, france_t, monde germanique_t;Datasets/all_labels_train_gensim_sparse_matrix.npz
archivewk1.hypotheses.org/7054;histoire_d, époque contemporaine_t, 1914-1918_t;Datasets/all_labels_train_gensim_sparse_matrix.npz
soziologieblog.hypotheses.org/5045;sciences sociales interdisciplinaires_d, sociologie et anthropologie_d, sociologie du travail_t, sociologie urbaine_t, sociologie de la culture_t, sociologie économique_t;Datasets/all_labels_train_gensim_sparse_matrix.npz
archivalia.hypotheses.org/1735;histoire et archéologie_d, sciences sociales interdisciplinaires_d, histoire_t, approches de corpus_t, enquêtes_t, archives_t;Datasets/all_labels_train_gensim_sparse_matrix.npz
smdr.hypotheses.org/172;histoire_d, histoire_t, xviie siècle_t, xviiie siècle_t, monde germanique_t, pays baltes et scandinaves_t;Datasets/all_labels_train_gensim_sparse_matrix.npz
archivalia.hypotheses.org/54966;histoire et archéologie_d, sciences sociales interdisciplinaires_d, histoire_t, approches de corpus_t, enquêtes_t, archives_t;Datasets/all_labels_train_gensim_sparse_matrix.npz
archivewk1.hypotheses.org/27285;histoire_d, époque contemporaine_t, 1914-1918_t;Datasets/all_labels_train_gensim_sparse_matrix.npz
ordensgeschichte.hypotheses.org/7340;arts et humanités_d, humanités pluridisciplinaires_d, histoire et archéologie_d, histoire et philosophie des sciences_d, histoire_t, haut moyen âge_t, bas moyen âge_t, xviie siècle_t, xviiie siècle_t;Datasets/all_labels_train_gensim_sparse_matrix.npz
archivewk1.hypotheses.org/1275;histoire_d, époque contemporaine_t, 1914-1918_t;Datasets/all_labels_train_gensim_sparse_matrix.npz
grandeguerre.hypotheses.org/421;histoire et archéologie_d, histoire_t, 1914-1918_t, prospectives_t, france_t, monde germanique_t;Datasets/all_labels_train_gensim_sparse_matrix.npz
archivalia.hypotheses.org/7406;histoire et archéologie_d, sciences sociales interdisciplinaires_d, histoire_t, approches de corpus_t, enquêtes_t, archives_t;Datasets/all_labels_train_gensim_sparse_matrix.npz
archivalia.hypotheses.org/12405;histoire et archéologie_d, sciences sociales interdisciplinaires_d, histoire_t, approches de corpus_t, enquêtes_t, archives_t;Datasets/all_labels_train_gensim_sparse_matrix.npz
archivalia.hypotheses.org/4920;histoire et archéologie_d, sciences sociales interdisciplinaires_d, histoire_t, approches de corpus_t, enquêtes_t, archives_t;Datasets/all_labels_train_gensim_sparse_matrix.npz
mittelalter.hypotheses.org/4349;humanités pluridisciplinaires_d, religions_d, histoire_d, sociologie_d, histoire_t, histoire sociale_t, histoire intellectuelle_t, moyen âge_t, haut moyen âge_t, bas moyen âge_t;Datasets/all_labels_train_gensim_sparse_matrix.npz
archivalia.hypotheses.org/8095;histoire et archéologie_d, sciences sociales interdisciplinaires_d, histoire_t, approches de corpus_t, enquêtes_t, archives_t;Datasets/all_labels_train_gensim_sparse_matrix.npz
archivamt.hypotheses.org/4089;communication_d, pluridisciplinarité_d, sciences sociales interdisciplinaires_d, information_t, sciences de l'information_t, représentations_t, patrimoine_t;Datasets/all_labels_train_gensim_sparse_matrix.npz
archivalia.hypotheses.org/55927;histoire et archéologie_d, sciences sociales interdisciplinaires_d, histoire_t, approches de corpus_t, enquêtes_t, archives_t;Datasets/all_labels_train_gensim_sparse_matrix.npz
kriegsfoto.hypotheses.org/331;arts_d, histoire_d, communication_d, guerres_t, conflits_t, violence_t, études visuelles_t, époque contemporaine_t, europe centrale et orientale_t;Datasets/all_labels_train_gensim_sparse_matrix.npz
dhiha.hypotheses.org/284;arts et humanités_d, humanités pluridisciplinaires_d, pluridisciplinarité_d, histoire_t, information_t, sciences de l'information_t, édition électronique_t, digital humanities_t;Datasets/all_labels_train_gensim_sparse_matrix.npz
archivalia.hypotheses.org/58223;histoire et archéologie_d, sciences sociales interdisciplinaires_d, histoire_t, approches de corpus_t, enquêtes_t, archives_t;Datasets/all_labels_train_gensim_sparse_matrix.npz
fnzinfo.hypotheses.org/148;arts et humanités_d, musique_d, histoire et archéologie_d, histoire_t, xvie siècle_t, xviie siècle_t, xviiie siècle_t, révolution française_t;Datasets/all_labels_train_gensim_sparse_matrix.npz
dss.hypotheses.org/358;arts et humanités_d, communication_d, sciences de l'information et bibliothéconomie_d, information_t, édition électronique_t, représentations_t, histoire de l'art_t, patrimoine_t, prospectives_t;Datasets/all_labels_train_gensim_sparse_matrix.npz
archivewk1.hypotheses.org/22250;histoire_d, époque contemporaine_t, 1914-1918_t;Datasets/all_labels_train_gensim_sparse_matrix.npz
pophistory.hypotheses.org/688;humanités pluridisciplinaires_d, histoire et archéologie_d, sociologie de la culture_t, histoire sociale_t, histoire culturelle_t, époque contemporaine_t;Datasets/all_labels_train_gensim_sparse_matrix.npz
tagebuch.hypotheses.org/738;histoire et archéologie_d, histoire_d, histoire_t, époque contemporaine_t, 1914-1918_t;Datasets/all_labels_train_gensim_sparse_matrix.npz
histbav.hypotheses.org/4221;humanités pluridisciplinaires_d, histoire_d, pluridisciplinarité_d, histoire_t, monde germanique_t;Datasets/all_labels_train_gensim_sparse_matrix.npz
archivalia.hypotheses.org/11649;histoire et archéologie_d, sciences sociales interdisciplinaires_d, histoire_t, approches de corpus_t, enquêtes_t, archives_t;Datasets/all_labels_train_gensim_sparse_matrix.npz
archivalia.hypotheses.org/9038;histoire et archéologie_d, sciences sociales interdisciplinaires_d, histoire_t, approches de corpus_t, enquêtes_t, archives_t;Datasets/all_labels_train_gensim_sparse_matrix.npz
archivalia.hypotheses.org/10122;histoire et archéologie_d, sciences sociales interdisciplinaires_d, histoire_t, approches de corpus_t, enquêtes_t, archives_t;Datasets/all_labels_train_gensim_sparse_matrix.npz
histgymbib.hypotheses.org/1325;arts et humanités_d, humanités pluridisciplinaires_d, sciences de l'information et de la communication_d, bibliothéconomie_d, sciences sociales interdisciplinaires_d, éducation_t, xvie siècle_t, xviie siècle_t, xviiie siècle_t, prospectives_t;Datasets/all_labels_train_gensim_sparse_matrix.npz
digigw.hypotheses.org/1377;humanités pluridisciplinaires_d, histoire_t, édition électronique_t, sciences auxiliaires de l'histoire_t, digital humanities_t;Datasets/all_labels_train_gensim_sparse_matrix.npz
nordichistoryblog.hypotheses.org/3358;arts et humanités_d, histoire et archéologie_d, histoire_t, édition électronique_t, vie de la recherche_t, approches de corpus_t, enquêtes_t, archives_t, europe_t, pays baltes et scandinaves_t;Datasets/all_labels_train_gensim_sparse_matrix.npz
archivewk1.hypotheses.org/30046;histoire_d, époque contemporaine_t, 1914-1918_t;Datasets/all_labels_train_gensim_sparse_matrix.npz
histgymbib.hypotheses.org/1854;arts et humanités_d, humanités pluridisciplinaires_d, sciences de l'information et de la communication_d, bibliothéconomie_d, sciences sociales interdisciplinaires_d, éducation_t, xvie siècle_t, xviie siècle_t, xviiie siècle_t, prospectives_t;Datasets/all_labels_train_gensim_sparse_matrix.npz
archivalia.hypotheses.org/13984;histoire et archéologie_d, sciences sociales interdisciplinaires_d, histoire_t, approches de corpus_t, enquêtes_t, archives_t;Datasets/all_labels_train_gensim_sparse_matrix.npz
kristinoswald.hypotheses.org/1947;études anciennes_d, études des sciences_t, histoire_t, histoire et sociologie des médias_t, histoire culturelle_t, digital humanities_t;Datasets/all_labels_train_gensim_sparse_matrix.npz
archivewk1.hypotheses.org/16901;histoire_d, époque contemporaine_t, 1914-1918_t;Datasets/all_labels_train_gensim_sparse_matrix.npz
archivamt.hypotheses.org/1437;communication_d, pluridisciplinarité_d, sciences sociales interdisciplinaires_d, information_t, sciences de l'information_t, représentations_t, patrimoine_t;Datasets/all_labels_train_gensim_sparse_matrix.npz
archivamt.hypotheses.org/1473;communication_d, pluridisciplinarité_d, sciences sociales interdisciplinaires_d, information_t, sciences de l'information_t, représentations_t, patrimoine_t;Datasets/all_labels_train_gensim_sparse_matrix.npz
archivalia.hypotheses.org/6955;histoire et archéologie_d, sciences sociales interdisciplinaires_d, histoire_t, approches de corpus_t, enquêtes_t, archives_t;Datasets/all_labels_train_gensim_sparse_matrix.npz
archivalia.hypotheses.org/52587;histoire et archéologie_d, sciences sociales interdisciplinaires_d, histoire_t, approches de corpus_t, enquêtes_t, archives_t;Datasets/all_labels_train_gensim_sparse_matrix.npz
ordensgeschichte.hypotheses.org/9084;arts et humanités_d, humanités pluridisciplinaires_d, histoire et archéologie_d, histoire et philosophie des sciences_d, histoire_t, haut moyen âge_t, bas moyen âge_t, xviie siècle_t, xviiie siècle_t;Datasets/all_labels_train_gensim_sparse_matrix.npz
archivewk1.hypotheses.org/4326;histoire_d, époque contemporaine_t, 1914-1918_t;Datasets/all_labels_train_gensim_sparse_matrix.npz
tagebuch.hypotheses.org/1273;histoire et archéologie_d, histoire_d, histoire_t, époque contemporaine_t, 1914-1918_t;Datasets/all_labels_train_gensim_sparse_matrix.npz
naps.hypotheses.org/938;histoire_d, histoire_t, épistémologie et méthodes_t, approches de corpus_t, enquêtes_t, archives_t, prospectives_t, france_t, monde germanique_t;Datasets/all_labels_train_gensim_sparse_matrix.npz
dfmfa.hypotheses.org/120;humanités pluridisciplinaires_d, sciences sociales interdisciplinaires_d, histoire_t, moyen âge_t, haut moyen âge_t, bas moyen âge_t;Datasets/all_labels_train_gensim_sparse_matrix.npz
histgymbib.hypotheses.org/1809;arts et humanités_d, humanités pluridisciplinaires_d, sciences de l'information et de la communication_d, bibliothéconomie_d, sciences sociales interdisciplinaires_d, éducation_t, xvie siècle_t, xviie siècle_t, xviiie siècle_t, prospectives_t;Datasets/all_labels_train_gensim_sparse_matrix.npz
archivalia.hypotheses.org/58250;histoire et archéologie_d, sciences sociales interdisciplinaires_d, histoire_t, approches de corpus_t, enquêtes_t, archives_t;Datasets/all_labels_train_gensim_sparse_matrix.npz
soziologieblog.hypotheses.org/4783;sciences sociales interdisciplinaires_d, sociologie et anthropologie_d, sociologie du travail_t, sociologie urbaine_t, sociologie de la culture_t, sociologie économique_t;Datasets/all_labels_train_gensim_sparse_matrix.npz
redaktionsblog.hypotheses.org/1452;arts et humanités_d, humanités pluridisciplinaires_d, épistémologie et méthodes_t, digital humanities_t;Datasets/all_labels_train_gensim_sparse_matrix.npz
digigw.hypotheses.org/1078;humanités pluridisciplinaires_d, histoire_t, édition électronique_t, sciences auxiliaires de l'histoire_t, digital humanities_t;Datasets/all_labels_train_gensim_sparse_matrix.npz
medienbildung.hypotheses.org/8294;éducation_d, éducation spécialisée_d, travail social_d, sociologie_t, édition électronique_t, histoire et sociologie des médias_t, éducation_t;Datasets/all_labels_train_gensim_sparse_matrix.npz
archivalia.hypotheses.org/5506;histoire et archéologie_d, sciences sociales interdisciplinaires_d, histoire_t, approches de corpus_t, enquêtes_t, archives_t;Datasets/all_labels_train_gensim_sparse_matrix.npz
1914lvr.hypotheses.org/1229;sciences politiques_d, histoire_t, époque contemporaine_t, 1914-1918_t;Datasets/all_labels_train_gensim_sparse_matrix.npz
archivalia.hypotheses.org/13743;histoire et archéologie_d, sciences sociales interdisciplinaires_d, histoire_t, approches de corpus_t, enquêtes_t, archives_t;Datasets/all_labels_train_gensim_sparse_matrix.npz
archivamt.hypotheses.org/4540;communication_d, pluridisciplinarité_d, sciences sociales interdisciplinaires_d, information_t, sciences de l'information_t, représentations_t, patrimoine_t;Datasets/all_labels_train_gensim_sparse_matrix.npz
1914lvr.hypotheses.org/520;sciences politiques_d, histoire_t, époque contemporaine_t, 1914-1918_t;Datasets/all_labels_train_gensim_sparse_matrix.npz
gab.hypotheses.org/2209;histoire et archéologie_d, pluridisciplinarité_d, sciences sociales interdisciplinaires_d, études des sciences_t, sociologie des sciences_t, histoire_t;Datasets/all_labels_train_gensim_sparse_matrix.npz
archivewk1.hypotheses.org/29599;histoire_d, époque contemporaine_t, 1914-1918_t;Datasets/all_labels_train_gensim_sparse_matrix.npz
medialogic.hypotheses.org/671;arts et humanités_d, sciences de l'information et de la communication_d, bibliothéconomie_d, sociologie_t;Datasets/all_labels_train_gensim_sparse_matrix.npz
archivalia.hypotheses.org/60758;histoire et archéologie_d, sciences sociales interdisciplinaires_d, histoire_t, approches de corpus_t, enquêtes_t, archives_t;Datasets/all_labels_train_gensim_sparse_matrix.npz
archivewk1.hypotheses.org/21071;histoire_d, époque contemporaine_t, 1914-1918_t;Datasets/all_labels_train_gensim_sparse_matrix.npz
archivalia.hypotheses.org/59495;histoire et archéologie_d, sciences sociales interdisciplinaires_d, histoire_t, approches de corpus_t, enquêtes_t, archives_t;Datasets/all_labels_train_gensim_sparse_matrix.npz
archivalia.hypotheses.org/10823;histoire et archéologie_d, sciences sociales interdisciplinaires_d, histoire_t, approches de corpus_t, enquêtes_t, archives_t;Datasets/all_labels_train_gensim_sparse_matrix.npz
dfmfa.hypotheses.org/736;humanités pluridisciplinaires_d, sciences sociales interdisciplinaires_d, histoire_t, moyen âge_t, haut moyen âge_t, bas moyen âge_t;Datasets/all_labels_train_gensim_sparse_matrix.npz
archivalia.hypotheses.org/12712;histoire et archéologie_d, sciences sociales interdisciplinaires_d, histoire_t, approches de corpus_t, enquêtes_t, archives_t;Datasets/all_labels_train_gensim_sparse_matrix.npz
intersex.hypotheses.org/3969;histoire_d, biomédecine_d, étude des genres_t, histoire des sciences_t, histoire_t, histoire du droit_t, moyen âge_t, xxie siècle_t;Datasets/all_labels_train_gensim_sparse_matrix.npz
bioeg.hypotheses.org/1273;histoire et archéologie_d, histoire_d, histoire_t, sciences auxiliaires de l'histoire_t, europe centrale et orientale_t, monde germanique_t;Datasets/all_labels_train_gensim_sparse_matrix.npz
wwc.hypotheses.org/1448;humanités pluridisciplinaires_d, pluridisciplinarité_d, études régionales_d, relations internationales_t, information_t, représentations_t;Datasets/all_labels_train_gensim_sparse_matrix.npz
archivalia.hypotheses.org/61926;histoire et archéologie_d, sciences sociales interdisciplinaires_d, histoire_t, approches de corpus_t, enquêtes_t, archives_t;Datasets/all_labels_train_gensim_sparse_matrix.npz
archivlinz.hypotheses.org/1095;histoire et archéologie_d, histoire_d, histoire urbaine_t, 1914-1918_t, monde germanique_t;Datasets/all_labels_train_gensim_sparse_matrix.npz
archivalia.hypotheses.org/8291;histoire et archéologie_d, sciences sociales interdisciplinaires_d, histoire_t, approches de corpus_t, enquêtes_t, archives_t;Datasets/all_labels_train_gensim_sparse_matrix.npz
bioeg.hypotheses.org/718;histoire et archéologie_d, histoire_d, histoire_t, sciences auxiliaires de l'histoire_t, europe centrale et orientale_t, monde germanique_t;Datasets/all_labels_train_gensim_sparse_matrix.npz
schotten.hypotheses.org/962;religions_d, histoire et archéologie_d, sciences de l'information et de la communication_d, bibliothéconomie_d, histoire_t, histoire des religions_t, approches de corpus_t, enquêtes_t, archives_t, monde germanique_t;Datasets/all_labels_train_gensim_sparse_matrix.npz
archivamt.hypotheses.org/3279;communication_d, pluridisciplinarité_d, sciences sociales interdisciplinaires_d, information_t, sciences de l'information_t, représentations_t, patrimoine_t;Datasets/all_labels_train_gensim_sparse_matrix.npz
archivewk1.hypotheses.org/22493;histoire_d, époque contemporaine_t, 1914-1918_t;Datasets/all_labels_train_gensim_sparse_matrix.npz
archivamt.hypotheses.org/1308;communication_d, pluridisciplinarité_d, sciences sociales interdisciplinaires_d, information_t, sciences de l'information_t, représentations_t, patrimoine_t;Datasets/all_labels_train_gensim_sparse_matrix.npz
archivewk1.hypotheses.org/6342;histoire_d, époque contemporaine_t, 1914-1918_t;Datasets/all_labels_train_gensim_sparse_matrix.npz
archivalia.hypotheses.org/1566;histoire et archéologie_d, sciences sociales interdisciplinaires_d, histoire_t, approches de corpus_t, enquêtes_t, archives_t;Datasets/all_labels_train_gensim_sparse_matrix.npz
archivewk1.hypotheses.org/35318;histoire_d, époque contemporaine_t, 1914-1918_t;Datasets/all_labels_train_gensim_sparse_matrix.npz
siegelblog.hypotheses.org/136;histoire_d, histoire et sociologie des médias_t, histoire de l'art_t, haut moyen âge_t;Datasets/all_labels_train_gensim_sparse_matrix.npz
games.hypotheses.org/1743;arts et humanités_d, humanités pluridisciplinaires_d, psychologie expérimentale_d, sciences cognitives_t, psychisme_t, psychologie_t, représentations_t, histoire de l'art_t, études visuelles_t;Datasets/all_labels_train_gensim_sparse_matrix.npz
intersex.hypotheses.org/858;histoire_d, biomédecine_d, étude des genres_t, histoire des sciences_t, histoire_t, histoire du droit_t, moyen âge_t, xxie siècle_t;Datasets/all_labels_train_gensim_sparse_matrix.npz
francofil.hypotheses.org/2570;pluridisciplinarité_d, sciences sociales interdisciplinaires_d, histoire_t, épistémologie et méthodes_t, approches de corpus_t, enquêtes_t, archives_t, france_t;Datasets/all_labels_train_gensim_sparse_matrix.npz
archivalia.hypotheses.org/3337;histoire et archéologie_d, sciences sociales interdisciplinaires_d, histoire_t, approches de corpus_t, enquêtes_t, archives_t;Datasets/all_labels_train_gensim_sparse_matrix.npz
bioeg.hypotheses.org/995;histoire et archéologie_d, histoire_d, histoire_t, sciences auxiliaires de l'histoire_t, europe centrale et orientale_t, monde germanique_t;Datasets/all_labels_train_gensim_sparse_matrix.npz
archivalia.hypotheses.org/4157;histoire et archéologie_d, sciences sociales interdisciplinaires_d, histoire_t, approches de corpus_t, enquêtes_t, archives_t;Datasets/all_labels_train_gensim_sparse_matrix.npz
schotten.hypotheses.org/1259;religions_d, histoire et archéologie_d, sciences de l'information et de la communication_d, bibliothéconomie_d, histoire_t, histoire des religions_t, approches de corpus_t, enquêtes_t, archives_t, monde germanique_t;Datasets/all_labels_train_gensim_sparse_matrix.npz
tagebuch.hypotheses.org/748;histoire et archéologie_d, histoire_d, histoire_t, époque contemporaine_t, 1914-1918_t;Datasets/all_labels_train_gensim_sparse_matrix.npz
gab.hypotheses.org/1835;histoire et archéologie_d, pluridisciplinarité_d, sciences sociales interdisciplinaires_d, études des sciences_t, sociologie des sciences_t, histoire_t;Datasets/all_labels_train_gensim_sparse_matrix.npz
archivalia.hypotheses.org/7627;histoire et archéologie_d, sciences sociales interdisciplinaires_d, histoire_t, approches de corpus_t, enquêtes_t, archives_t;Datasets/all_labels_train_gensim_sparse_matrix.npz
frueheneuzeit.hypotheses.org/1275;histoire et archéologie_d, histoire_t, époque moderne_t, xviie siècle_t, xviiie siècle_t, révolution française_t;Datasets/all_labels_train_gensim_sparse_matrix.npz
archivewk1.hypotheses.org/17400;histoire_d, époque contemporaine_t, 1914-1918_t;Datasets/all_labels_train_gensim_sparse_matrix.npz
antisem19c.hypotheses.org/326;histoire et archéologie_d, histoire sociale_t, prospectives_t;Datasets/all_labels_train_gensim_sparse_matrix.npz
archivalia.hypotheses.org/11547;histoire et archéologie_d, sciences sociales interdisciplinaires_d, histoire_t, approches de corpus_t, enquêtes_t, archives_t;Datasets/all_labels_train_gensim_sparse_matrix.npz
mgtud.hypotheses.org/106;humanités pluridisciplinaires_d, éducation_d, histoire et archéologie_d, histoire_d, histoire_t, histoire urbaine_t, édition électronique_t;Datasets/all_labels_train_gensim_sparse_matrix.npz
geschichtsadmin.hypotheses.org/135;éducation_d, histoire_d, sociologie du travail_t, histoire_t;Datasets/all_labels_train_gensim_sparse_matrix.npz
bioeg.hypotheses.org/460;histoire et archéologie_d, histoire_d, histoire_t, sciences auxiliaires de l'histoire_t, europe centrale et orientale_t, monde germanique_t;Datasets/all_labels_train_gensim_sparse_matrix.npz
archivewk1.hypotheses.org/15682;histoire_d, époque contemporaine_t, 1914-1918_t;Datasets/all_labels_train_gensim_sparse_matrix.npz
archivalia.hypotheses.org/60119;histoire et archéologie_d, sciences sociales interdisciplinaires_d, histoire_t, approches de corpus_t, enquêtes_t, archives_t;Datasets/all_labels_train_gensim_sparse_matrix.npz
soziologieblog.hypotheses.org/1617;sciences sociales interdisciplinaires_d, sociologie et anthropologie_d, sociologie du travail_t, sociologie urbaine_t, sociologie de la culture_t, sociologie économique_t;Datasets/all_labels_train_gensim_sparse_matrix.npz
francofil.hypotheses.org/1659;pluridisciplinarité_d, sciences sociales interdisciplinaires_d, histoire_t, épistémologie et méthodes_t, approches de corpus_t, enquêtes_t, archives_t, france_t;Datasets/all_labels_train_gensim_sparse_matrix.npz
unibloggt.hypotheses.org/688;histoire et archéologie_d, pluridisciplinarité_d, histoire_t, information_t;Datasets/all_labels_train_gensim_sparse_matrix.npz
catholiccultures.hypotheses.org/1741;histoire et archéologie_d, histoire des sciences sociales_d, sciences sociales interdisciplinaires_d, sociologie et anthropologie_d, histoire_t, histoire sociale_t, histoire des religions_t, époque moderne_t;Datasets/all_labels_train_gensim_sparse_matrix.npz
gewalt.hypotheses.org/342;sciences politiques_d, sociologie_d, sociologie_t, sociologie urbaine_t, anthropologie politique_t, histoire urbaine_t, guerres_t, conflits_t, violence_t;Datasets/all_labels_train_gensim_sparse_matrix.npz
merzdadaco.hypotheses.org/70;humanités pluridisciplinaires_d, littérature_d, littératures_t, représentations_t, histoire culturelle_t, histoire de l'art_t;Datasets/all_labels_train_gensim_sparse_matrix.npz
archivalia.hypotheses.org/12114;histoire et archéologie_d, sciences sociales interdisciplinaires_d, histoire_t, approches de corpus_t, enquêtes_t, archives_t;Datasets/all_labels_train_gensim_sparse_matrix.npz
bereschitrabba.hypotheses.org/340;arts et humanités_d, religions_d, langue et linguistique_d, religions_t, histoire des religions_t;Datasets/all_labels_train_gensim_sparse_matrix.npz
archivewk1.hypotheses.org/16648;histoire_d, époque contemporaine_t, 1914-1918_t;Datasets/all_labels_train_gensim_sparse_matrix.npz
archivalia.hypotheses.org/6135;histoire et archéologie_d, sciences sociales interdisciplinaires_d, histoire_t, approches de corpus_t, enquêtes_t, archives_t;Datasets/all_labels_train_gensim_sparse_matrix.npz
jeunegen.hypotheses.org/1808;histoire_d, pluridisciplinarité_d, histoire_t, vie de la recherche_t, moyen âge_t, haut moyen âge_t, bas moyen âge_t;Datasets/all_labels_train_gensim_sparse_matrix.npz
archivewk1.hypotheses.org/29378;histoire_d, époque contemporaine_t, 1914-1918_t;Datasets/all_labels_train_gensim_sparse_matrix.npz
archivalia.hypotheses.org/9056;histoire et archéologie_d, sciences sociales interdisciplinaires_d, histoire_t, approches de corpus_t, enquêtes_t, archives_t;Datasets/all_labels_train_gensim_sparse_matrix.npz
archivalia.hypotheses.org/59720;histoire et archéologie_d, sciences sociales interdisciplinaires_d, histoire_t, approches de corpus_t, enquêtes_t, archives_t;Datasets/all_labels_train_gensim_sparse_matrix.npz
archivewk1.hypotheses.org/36473;histoire_d, époque contemporaine_t, 1914-1918_t;Datasets/all_labels_train_gensim_sparse_matrix.npz
medienbildung.hypotheses.org/7400;éducation_d, éducation spécialisée_d, travail social_d, sociologie_t, édition électronique_t, histoire et sociologie des médias_t, éducation_t;Datasets/all_labels_train_gensim_sparse_matrix.npz
archivewk1.hypotheses.org/13570;histoire_d, époque contemporaine_t, 1914-1918_t;Datasets/all_labels_train_gensim_sparse_matrix.npz
archivalia.hypotheses.org/5974;histoire et archéologie_d, sciences sociales interdisciplinaires_d, histoire_t, approches de corpus_t, enquêtes_t, archives_t;Datasets/all_labels_train_gensim_sparse_matrix.npz
soziologieblog.hypotheses.org/8581;sciences sociales interdisciplinaires_d, sociologie et anthropologie_d, sociologie du travail_t, sociologie urbaine_t, sociologie de la culture_t, sociologie économique_t;Datasets/all_labels_train_gensim_sparse_matrix.npz
archive20.hypotheses.org/3684;pluridisciplinarité_d, sciences sociales interdisciplinaires_d, histoire_t, information_t, patrimoine_t, monde germanique_t;Datasets/all_labels_train_gensim_sparse_matrix.npz
archivalia.hypotheses.org/56981;histoire et archéologie_d, sciences sociales interdisciplinaires_d, histoire_t, approches de corpus_t, enquêtes_t, archives_t;Datasets/all_labels_train_gensim_sparse_matrix.npz
fortifica.hypotheses.org/1544;histoire et archéologie_d, histoire_d, histoire urbaine_t, xvie siècle_t, xviie siècle_t, xviiie siècle_t;Datasets/all_labels_train_gensim_sparse_matrix.npz
gab.hypotheses.org/1016;histoire et archéologie_d, pluridisciplinarité_d, sciences sociales interdisciplinaires_d, études des sciences_t, sociologie des sciences_t, histoire_t;Datasets/all_labels_train_gensim_sparse_matrix.npz
hofordnung.hypotheses.org/129;arts et humanités_d, histoire et archéologie_d, histoire sociale_t, xvie siècle_t, xviie siècle_t, xviiie siècle_t;Datasets/all_labels_train_gensim_sparse_matrix.npz
medienbildung.hypotheses.org/4899;éducation_d, éducation spécialisée_d, travail social_d, sociologie_t, édition électronique_t, histoire et sociologie des médias_t, éducation_t;Datasets/all_labels_train_gensim_sparse_matrix.npz
hofkultur.hypotheses.org/226;arts et humanités_d, histoire_d, histoire sociale_t, histoire culturelle_t, histoire de l'art_t;Datasets/all_labels_train_gensim_sparse_matrix.npz
archivalia.hypotheses.org/9076;histoire et archéologie_d, sciences sociales interdisciplinaires_d, histoire_t, approches de corpus_t, enquêtes_t, archives_t;Datasets/all_labels_train_gensim_sparse_matrix.npz
archivalia.hypotheses.org/5868;histoire et archéologie_d, sciences sociales interdisciplinaires_d, histoire_t, approches de corpus_t, enquêtes_t, archives_t;Datasets/all_labels_train_gensim_sparse_matrix.npz
archivalia.hypotheses.org/9428;histoire et archéologie_d, sciences sociales interdisciplinaires_d, histoire_t, approches de corpus_t, enquêtes_t, archives_t;Datasets/all_labels_train_gensim_sparse_matrix.npz
archivalia.hypotheses.org/1290;histoire et archéologie_d, sciences sociales interdisciplinaires_d, histoire_t, approches de corpus_t, enquêtes_t, archives_t;Datasets/all_labels_train_gensim_sparse_matrix.npz
medienbildung.hypotheses.org/3591;éducation_d, éducation spécialisée_d, travail social_d, sociologie_t, édition électronique_t, histoire et sociologie des médias_t, éducation_t;Datasets/all_labels_train_gensim_sparse_matrix.npz
jameel.hypotheses.org/322;pluridisciplinarité_d, études régionales_d, archéologie_d, arts_d, humanités pluridisciplinaires_d, représentations_t, asie_t, digital humanities_t, histoire de l'art_t;Datasets/all_labels_train_gensim_sparse_matrix.npz
archivalia.hypotheses.org/10488;histoire et archéologie_d, sciences sociales interdisciplinaires_d, histoire_t, approches de corpus_t, enquêtes_t, archives_t;Datasets/all_labels_train_gensim_sparse_matrix.npz
archivewk1.hypotheses.org/6021;histoire_d, époque contemporaine_t, 1914-1918_t;Datasets/all_labels_train_gensim_sparse_matrix.npz
archivalia.hypotheses.org/12543;histoire et archéologie_d, sciences sociales interdisciplinaires_d, histoire_t, approches de corpus_t, enquêtes_t, archives_t;Datasets/all_labels_train_gensim_sparse_matrix.npz
aes.hypotheses.org/126;histoire_t, religions_t;Datasets/all_labels_train_gensim_sparse_matrix.npz
1914lvr.hypotheses.org/67;sciences politiques_d, histoire_t, époque contemporaine_t, 1914-1918_t;Datasets/all_labels_train_gensim_sparse_matrix.npz
archivewk1.hypotheses.org/9078;histoire_d, époque contemporaine_t, 1914-1918_t;Datasets/all_labels_train_gensim_sparse_matrix.npz
nachhaltig.hypotheses.org/291;pluridisciplinarité_d, philosophie_d, sciences sociales interdisciplinaires_d, france_t, monde germanique_t;Datasets/all_labels_train_gensim_sparse_matrix.npz
archivalia.hypotheses.org/3592;histoire et archéologie_d, sciences sociales interdisciplinaires_d, histoire_t, approches de corpus_t, enquêtes_t, archives_t;Datasets/all_labels_train_gensim_sparse_matrix.npz
archivewk1.hypotheses.org/18391;histoire_d, époque contemporaine_t, 1914-1918_t;Datasets/all_labels_train_gensim_sparse_matrix.npz
histbav.hypotheses.org/2198;humanités pluridisciplinaires_d, histoire_d, pluridisciplinarité_d, histoire_t, monde germanique_t;Datasets/all_labels_train_gensim_sparse_matrix.npz
archivalia.hypotheses.org/6339;histoire et archéologie_d, sciences sociales interdisciplinaires_d, histoire_t, approches de corpus_t, enquêtes_t, archives_t;Datasets/all_labels_train_gensim_sparse_matrix.npz
archivalia.hypotheses.org/55088;histoire et archéologie_d, sciences sociales interdisciplinaires_d, histoire_t, approches de corpus_t, enquêtes_t, archives_t;Datasets/all_labels_train_gensim_sparse_matrix.npz
archivalia.hypotheses.org/9878;histoire et archéologie_d, sciences sociales interdisciplinaires_d, histoire_t, approches de corpus_t, enquêtes_t, archives_t;Datasets/all_labels_train_gensim_sparse_matrix.npz
lvrafz.hypotheses.org/1011;pluridisciplinarité_d, information_t;Datasets/all_labels_train_gensim_sparse_matrix.npz
minuseinsebene.hypotheses.org/403;archéologie_d, histoire urbaine_t, histoire des religions_t, moyen âge_t, haut moyen âge_t, monde germanique_t;Datasets/all_labels_train_gensim_sparse_matrix.npz
archivalia.hypotheses.org/347;histoire et archéologie_d, sciences sociales interdisciplinaires_d, histoire_t, approches de corpus_t, enquêtes_t, archives_t;Datasets/all_labels_train_gensim_sparse_matrix.npz
zwopktnull.hypotheses.org/140;éducation_d, histoire_t, représentations_t;Datasets/all_labels_train_gensim_sparse_matrix.npz
histgymbib.hypotheses.org/193;arts et humanités_d, humanités pluridisciplinaires_d, sciences de l'information et de la communication_d, bibliothéconomie_d, sciences sociales interdisciplinaires_d, éducation_t, xvie siècle_t, xviie siècle_t, xviiie siècle_t, prospectives_t;Datasets/all_labels_train_gensim_sparse_matrix.npz
archives.hypotheses.org/350;histoire_d, communication_d, patrimoine_t, digital humanities_t, moyen âge_t, époque moderne_t, france_t, monde germanique_t;Datasets/all_labels_train_gensim_sparse_matrix.npz
archivalia.hypotheses.org/9100;histoire et archéologie_d, sciences sociales interdisciplinaires_d, histoire_t, approches de corpus_t, enquêtes_t, archives_t;Datasets/all_labels_train_gensim_sparse_matrix.npz
tagebuch.hypotheses.org/1356;histoire et archéologie_d, histoire_d, histoire_t, époque contemporaine_t, 1914-1918_t;Datasets/all_labels_train_gensim_sparse_matrix.npz
archivewk1.hypotheses.org/3145;histoire_d, époque contemporaine_t, 1914-1918_t;Datasets/all_labels_train_gensim_sparse_matrix.npz
archivalia.hypotheses.org/8071;histoire et archéologie_d, sciences sociales interdisciplinaires_d, histoire_t, approches de corpus_t, enquêtes_t, archives_t;Datasets/all_labels_train_gensim_sparse_matrix.npz
grham.hypotheses.org/1654;arts_d, humanités pluridisciplinaires_d, histoire_d, histoire_t, histoire culturelle_t, histoire de l'art_t, xviie siècle_t, xviiie siècle_t;Datasets/all_labels_train_gensim_sparse_matrix.npz
amuc.hypotheses.org/591;humanités pluridisciplinaires_d, histoire_d, histoire_t, représentations_t, patrimoine_t;Datasets/all_labels_train_gensim_sparse_matrix.npz
archivewk1.hypotheses.org/20155;histoire_d, époque contemporaine_t, 1914-1918_t;Datasets/all_labels_train_gensim_sparse_matrix.npz
gewalt.hypotheses.org/244;sciences politiques_d, sociologie_d, sociologie_t, sociologie urbaine_t, anthropologie politique_t, histoire urbaine_t, guerres_t, conflits_t, violence_t;Datasets/all_labels_train_gensim_sparse_matrix.npz
archivalia.hypotheses.org/13288;histoire et archéologie_d, sciences sociales interdisciplinaires_d, histoire_t, approches de corpus_t, enquêtes_t, archives_t;Datasets/all_labels_train_gensim_sparse_matrix.npz
gab.hypotheses.org/1667;histoire et archéologie_d, pluridisciplinarité_d, sciences sociales interdisciplinaires_d, études des sciences_t, sociologie des sciences_t, histoire_t;Datasets/all_labels_train_gensim_sparse_matrix.npz
ostblog.hypotheses.org/533;histoire_d, économie_d, histoire_t;Datasets/all_labels_train_gensim_sparse_matrix.npz
dighist.hypotheses.org/313;histoire_d, sciences sociales interdisciplinaires_d, études sur la famille_d, sociologie_d, histoire urbaine_t, histoire sociale_t, europe centrale et orientale_t;Datasets/all_labels_train_gensim_sparse_matrix.npz
archivalia.hypotheses.org/9367;histoire et archéologie_d, sciences sociales interdisciplinaires_d, histoire_t, approches de corpus_t, enquêtes_t, archives_t;Datasets/all_labels_train_gensim_sparse_matrix.npz
kulturgut.hypotheses.org/126;humanités pluridisciplinaires_d, études des sciences_t, histoire_t, approches de corpus_t, enquêtes_t, archives_t;Datasets/all_labels_train_gensim_sparse_matrix.npz
archivalia.hypotheses.org/2433;histoire et archéologie_d, sciences sociales interdisciplinaires_d, histoire_t, approches de corpus_t, enquêtes_t, archives_t;Datasets/all_labels_train_gensim_sparse_matrix.npz
archivalia.hypotheses.org/10558;histoire et archéologie_d, sciences sociales interdisciplinaires_d, histoire_t, approches de corpus_t, enquêtes_t, archives_t;Datasets/all_labels_train_gensim_sparse_matrix.npz
lacriee.hypotheses.org/61986;sciences sociales interdisciplinaires_d, édition électronique_t;Datasets/all_labels_train_gensim_sparse_matrix.npz
frueheneuzeit.hypotheses.org/682;histoire et archéologie_d, histoire_t, époque moderne_t, xviie siècle_t, xviiie siècle_t, révolution française_t;Datasets/all_labels_train_gensim_sparse_matrix.npz
grk1919.hypotheses.org/224;histoire et archéologie_d, histoire et philosophie des sciences_d, histoire_t;Datasets/all_labels_train_gensim_sparse_matrix.npz
studpro.hypotheses.org/1174;histoire_d, histoire_t, époque moderne_t, xviie siècle_t, xviiie siècle_t;Datasets/all_labels_train_gensim_sparse_matrix.npz
archivalia.hypotheses.org/7787;histoire et archéologie_d, sciences sociales interdisciplinaires_d, histoire_t, approches de corpus_t, enquêtes_t, archives_t;Datasets/all_labels_train_gensim_sparse_matrix.npz
reichwein.hypotheses.org/1821;histoire et archéologie_d, histoire des sciences_t, 1945-1989_t;Datasets/all_labels_train_gensim_sparse_matrix.npz
intersex.hypotheses.org/1969;histoire_d, biomédecine_d, étude des genres_t, histoire des sciences_t, histoire_t, histoire du droit_t, moyen âge_t, xxie siècle_t;Datasets/all_labels_train_gensim_sparse_matrix.npz
redaktionsblog.hypotheses.org/2979;arts et humanités_d, humanités pluridisciplinaires_d, épistémologie et méthodes_t, digital humanities_t;Datasets/all_labels_train_gensim_sparse_matrix.npz
geschichtsadmin.hypotheses.org/60;éducation_d, histoire_d, sociologie du travail_t, histoire_t;Datasets/all_labels_train_gensim_sparse_matrix.npz
resilienz.hypotheses.org/913;pluridisciplinarité_d, sciences sociales interdisciplinaires_d, études des sciences_t, épistémologie et méthodes_t, vie de la recherche_t, prospectives_t;Datasets/all_labels_train_gensim_sparse_matrix.npz
archivalia.hypotheses.org/1216;histoire et archéologie_d, sciences sociales interdisciplinaires_d, histoire_t, approches de corpus_t, enquêtes_t, archives_t;Datasets/all_labels_train_gensim_sparse_matrix.npz
tagebuch.hypotheses.org/939;histoire et archéologie_d, histoire_d, histoire_t, époque contemporaine_t, 1914-1918_t;Datasets/all_labels_train_gensim_sparse_matrix.npz
archivalia.hypotheses.org/9749;histoire et archéologie_d, sciences sociales interdisciplinaires_d, histoire_t, approches de corpus_t, enquêtes_t, archives_t;Datasets/all_labels_train_gensim_sparse_matrix.npz
archivalia.hypotheses.org/55055;histoire et archéologie_d, sciences sociales interdisciplinaires_d, histoire_t, approches de corpus_t, enquêtes_t, archives_t;Datasets/all_labels_train_gensim_sparse_matrix.npz
zakunibonn.hypotheses.org/268;histoire_d, psychologie_d, histoire_t, psychisme_t, psychologie_t, méthodes de traitement et de représentation_t, monde germanique_t;Datasets/all_labels_train_gensim_sparse_matrix.npz
ecoglobreg.hypotheses.org/576;histoire_d, sciences politiques_d, histoire_t, 1945-1989_t;Datasets/all_labels_train_gensim_sparse_matrix.npz
archivalia.hypotheses.org/5673;histoire et archéologie_d, sciences sociales interdisciplinaires_d, histoire_t, approches de corpus_t, enquêtes_t, archives_t;Datasets/all_labels_train_gensim_sparse_matrix.npz
gewalt.hypotheses.org/30;sciences politiques_d, sociologie_d, sociologie_t, sociologie urbaine_t, anthropologie politique_t, histoire urbaine_t, guerres_t, conflits_t, violence_t;Datasets/all_labels_train_gensim_sparse_matrix.npz
reichwein.hypotheses.org/42;histoire et archéologie_d, histoire des sciences_t, 1945-1989_t;Datasets/all_labels_train_gensim_sparse_matrix.npz
archivamt.hypotheses.org/2451;communication_d, pluridisciplinarité_d, sciences sociales interdisciplinaires_d, information_t, sciences de l'information_t, représentations_t, patrimoine_t;Datasets/all_labels_train_gensim_sparse_matrix.npz
nordichistoryblog.hypotheses.org/1;arts et humanités_d, histoire et archéologie_d, histoire_t, édition électronique_t, vie de la recherche_t, approches de corpus_t, enquêtes_t, archives_t, europe_t, pays baltes et scandinaves_t;Datasets/all_labels_train_gensim_sparse_matrix.npz
archivewk1.hypotheses.org/14054;histoire_d, époque contemporaine_t, 1914-1918_t;Datasets/all_labels_train_gensim_sparse_matrix.npz
archivalia.hypotheses.org/1164;histoire et archéologie_d, sciences sociales interdisciplinaires_d, histoire_t, approches de corpus_t, enquêtes_t, archives_t;Datasets/all_labels_train_gensim_sparse_matrix.npz
archivalia.hypotheses.org/5370;histoire et archéologie_d, sciences sociales interdisciplinaires_d, histoire_t, approches de corpus_t, enquêtes_t, archives_t;Datasets/all_labels_train_gensim_sparse_matrix.npz
mindthegaps.hypotheses.org/1050;études asiatiques_d, histoire_d, histoire_t, histoire culturelle_t, asie_t, chine_t;Datasets/all_labels_train_gensim_sparse_matrix.npz
wenhua.hypotheses.org/497;études asiatiques_d, humanités pluridisciplinaires_d, histoire_d, histoire culturelle_t, asie_t;Datasets/all_labels_train_gensim_sparse_matrix.npz
dkblog.hypotheses.org/322;histoire_d, histoire_t, époque moderne_t, xviie siècle_t;Datasets/all_labels_train_gensim_sparse_matrix.npz
archivalia.hypotheses.org/10046;histoire et archéologie_d, sciences sociales interdisciplinaires_d, histoire_t, approches de corpus_t, enquêtes_t, archives_t;Datasets/all_labels_train_gensim_sparse_matrix.npz
achtundvierzig.hypotheses.org/217;sciences politiques_d, histoire_d, époque contemporaine_t, prospectives_t, histoire politique_t, monde germanique_t;Datasets/all_labels_train_gensim_sparse_matrix.npz
charlemagne.hypotheses.org/234;histoire_d, histoire_t, moyen âge_t, europe centrale et orientale_t, monde germanique_t;Datasets/all_labels_train_gensim_sparse_matrix.npz
studpro.hypotheses.org/704;histoire_d, histoire_t, époque moderne_t, xviie siècle_t, xviiie siècle_t;Datasets/all_labels_train_gensim_sparse_matrix.npz
tagebuch.hypotheses.org/704;histoire et archéologie_d, histoire_d, histoire_t, époque contemporaine_t, 1914-1918_t;Datasets/all_labels_train_gensim_sparse_matrix.npz
mittelalter.hypotheses.org/7557;humanités pluridisciplinaires_d, religions_d, histoire_d, sociologie_d, histoire_t, histoire sociale_t, histoire intellectuelle_t, moyen âge_t, haut moyen âge_t, bas moyen âge_t;Datasets/all_labels_train_gensim_sparse_matrix.npz
medienbildung.hypotheses.org/618;éducation_d, éducation spécialisée_d, travail social_d, sociologie_t, édition électronique_t, histoire et sociologie des médias_t, éducation_t;Datasets/all_labels_train_gensim_sparse_matrix.npz
archivalia.hypotheses.org/536;histoire et archéologie_d, sciences sociales interdisciplinaires_d, histoire_t, approches de corpus_t, enquêtes_t, archives_t;Datasets/all_labels_train_gensim_sparse_matrix.npz
filmeditio.hypotheses.org/181;arts_d, humanités pluridisciplinaires_d, édition électronique_t, histoire et sociologie des médias_t, patrimoine_t, études visuelles_t;Datasets/all_labels_train_gensim_sparse_matrix.npz
heraldica.hypotheses.org/219;histoire_d, histoire_t, historiographie_t, sciences auxiliaires de l'histoire_t, moyen âge_t, haut moyen âge_t;Datasets/all_labels_train_gensim_sparse_matrix.npz
frueheneuzeit.hypotheses.org/2057;histoire et archéologie_d, histoire_t, époque moderne_t, xviie siècle_t, xviiie siècle_t, révolution française_t;Datasets/all_labels_train_gensim_sparse_matrix.npz
archives.hypotheses.org/336;histoire_d, communication_d, patrimoine_t, digital humanities_t, moyen âge_t, époque moderne_t, france_t, monde germanique_t;Datasets/all_labels_train_gensim_sparse_matrix.npz
archivewk1.hypotheses.org/16760;histoire_d, époque contemporaine_t, 1914-1918_t;Datasets/all_labels_train_gensim_sparse_matrix.npz
sdvigpress.hypotheses.org/722;langue et linguistique_d, philosophie_d, humanités pluridisciplinaires_d, épistémologie et méthodes_t, digital humanities_t, europe centrale et orientale_t, édition électronique_t, linguistique_t;Datasets/all_labels_train_gensim_sparse_matrix.npz
soziologieblog.hypotheses.org/6702;sciences sociales interdisciplinaires_d, sociologie et anthropologie_d, sociologie du travail_t, sociologie urbaine_t, sociologie de la culture_t, sociologie économique_t;Datasets/all_labels_train_gensim_sparse_matrix.npz
reichtum.hypotheses.org/332;économie_d, économie_d, histoire_d, histoire économique_t, histoire sociale_t;Datasets/all_labels_train_gensim_sparse_matrix.npz
vgdrp.hypotheses.org/277;éducation_d, histoire des sciences sociales_d, histoire_t, histoire économique_t, histoire industrielle_t, histoire urbaine_t, histoire sociale_t;Datasets/all_labels_train_gensim_sparse_matrix.npz
soziologieblog.hypotheses.org/3258;sciences sociales interdisciplinaires_d, sociologie et anthropologie_d, sociologie du travail_t, sociologie urbaine_t, sociologie de la culture_t, sociologie économique_t;Datasets/all_labels_train_gensim_sparse_matrix.npz
archivalia.hypotheses.org/5528;histoire et archéologie_d, sciences sociales interdisciplinaires_d, histoire_t, approches de corpus_t, enquêtes_t, archives_t;Datasets/all_labels_train_gensim_sparse_matrix.npz
minuseinsebene.hypotheses.org/228;archéologie_d, histoire urbaine_t, histoire des religions_t, moyen âge_t, haut moyen âge_t, monde germanique_t;Datasets/all_labels_train_gensim_sparse_matrix.npz
bioeg.hypotheses.org/1816;histoire et archéologie_d, histoire_d, histoire_t, sciences auxiliaires de l'histoire_t, europe centrale et orientale_t, monde germanique_t;Datasets/all_labels_train_gensim_sparse_matrix.npz
ordensgeschichte.hypotheses.org/6243;arts et humanités_d, humanités pluridisciplinaires_d, histoire et archéologie_d, histoire et philosophie des sciences_d, histoire_t, haut moyen âge_t, bas moyen âge_t, xviie siècle_t, xviiie siècle_t;Datasets/all_labels_train_gensim_sparse_matrix.npz
mittelalter.hypotheses.org/3297;humanités pluridisciplinaires_d, religions_d, histoire_d, sociologie_d, histoire_t, histoire sociale_t, histoire intellectuelle_t, moyen âge_t, haut moyen âge_t, bas moyen âge_t;Datasets/all_labels_train_gensim_sparse_matrix.npz
archivalia.hypotheses.org/7781;histoire et archéologie_d, sciences sociales interdisciplinaires_d, histoire_t, approches de corpus_t, enquêtes_t, archives_t;Datasets/all_labels_train_gensim_sparse_matrix.npz
ordensgeschichte.hypotheses.org/8369;arts et humanités_d, humanités pluridisciplinaires_d, histoire et archéologie_d, histoire et philosophie des sciences_d, histoire_t, haut moyen âge_t, bas moyen âge_t, xviie siècle_t, xviiie siècle_t;Datasets/all_labels_train_gensim_sparse_matrix.npz
archivalia.hypotheses.org/1281;histoire et archéologie_d, sciences sociales interdisciplinaires_d, histoire_t, approches de corpus_t, enquêtes_t, archives_t;Datasets/all_labels_train_gensim_sparse_matrix.npz
archivalia.hypotheses.org/14327;histoire et archéologie_d, sciences sociales interdisciplinaires_d, histoire_t, approches de corpus_t, enquêtes_t, archives_t;Datasets/all_labels_train_gensim_sparse_matrix.npz
nummer.hypotheses.org/162;histoire_d, sciences de l'information et de la communication_d, bibliothéconomie_d, histoire_t, histoire intellectuelle_t, histoire et sociologie des médias_t, histoire culturelle_t;Datasets/all_labels_train_gensim_sparse_matrix.npz
archivalia.hypotheses.org/9080;histoire et archéologie_d, sciences sociales interdisciplinaires_d, histoire_t, approches de corpus_t, enquêtes_t, archives_t;Datasets/all_labels_train_gensim_sparse_matrix.npz
pgfw.hypotheses.org/1110;histoire et archéologie_d, histoire des sciences_t, histoire_t;Datasets/all_labels_train_gensim_sparse_matrix.npz
bioeg.hypotheses.org/653;histoire et archéologie_d, histoire_d, histoire_t, sciences auxiliaires de l'histoire_t, europe centrale et orientale_t, monde germanique_t;Datasets/all_labels_train_gensim_sparse_matrix.npz
fortifica.hypotheses.org/213;histoire et archéologie_d, histoire_d, histoire urbaine_t, xvie siècle_t, xviie siècle_t, xviiie siècle_t;Datasets/all_labels_train_gensim_sparse_matrix.npz
kristinoswald.hypotheses.org/1703;études anciennes_d, études des sciences_t, histoire_t, histoire et sociologie des médias_t, histoire culturelle_t, digital humanities_t;Datasets/all_labels_train_gensim_sparse_matrix.npz
redaktionsblog.hypotheses.org/2727;arts et humanités_d, humanités pluridisciplinaires_d, épistémologie et méthodes_t, digital humanities_t;Datasets/all_labels_train_gensim_sparse_matrix.npz
kindzeit.hypotheses.org/144;éducation_d, histoire_d, histoire_t, sciences de l'éducation_t, xxie siècle_t;Datasets/all_labels_train_gensim_sparse_matrix.npz
inklusion.hypotheses.org/2179;éducation_d, travail social et politique sociale_d, sociologie du travail_t, âges de la vie_t, information_t, sciences de l'éducation_t;Datasets/all_labels_train_gensim_sparse_matrix.npz
archivalia.hypotheses.org/10735;histoire et archéologie_d, sciences sociales interdisciplinaires_d, histoire_t, approches de corpus_t, enquêtes_t, archives_t;Datasets/all_labels_train_gensim_sparse_matrix.npz
archivewk1.hypotheses.org/11127;histoire_d, époque contemporaine_t, 1914-1918_t;Datasets/all_labels_train_gensim_sparse_matrix.npz
archivalia.hypotheses.org/8395;histoire et archéologie_d, sciences sociales interdisciplinaires_d, histoire_t, approches de corpus_t, enquêtes_t, archives_t;Datasets/all_labels_train_gensim_sparse_matrix.npz
archivalia.hypotheses.org/8190;histoire et archéologie_d, sciences sociales interdisciplinaires_d, histoire_t, approches de corpus_t, enquêtes_t, archives_t;Datasets/all_labels_train_gensim_sparse_matrix.npz
liparchiv.hypotheses.org/236;histoire et archéologie_d, sciences politiques_d, administration publique et développement_d, histoire urbaine_t, patrimoine_t, sciences auxiliaires de l'histoire_t, approches de corpus_t, enquêtes_t, archives_t, europe_t;Datasets/all_labels_train_gensim_sparse_matrix.npz
19jhdhip.hypotheses.org/524;histoire_d, époque contemporaine_t, prospectives_t, france_t, monde germanique_t;Datasets/all_labels_train_gensim_sparse_matrix.npz
archivalia.hypotheses.org/379;histoire et archéologie_d, sciences sociales interdisciplinaires_d, histoire_t, approches de corpus_t, enquêtes_t, archives_t;Datasets/all_labels_train_gensim_sparse_matrix.npz
archive20.hypotheses.org/3458;pluridisciplinarité_d, sciences sociales interdisciplinaires_d, histoire_t, information_t, patrimoine_t, monde germanique_t;Datasets/all_labels_train_gensim_sparse_matrix.npz
gid.hypotheses.org/259;pluridisciplinarité_d, sciences sociales interdisciplinaires_d, études des sciences_t, histoire des sciences_t, pensée_t, histoire intellectuelle_t, histoire culturelle_t, prospectives_t;Datasets/all_labels_train_gensim_sparse_matrix.npz
ordensgeschichte.hypotheses.org/7674;arts et humanités_d, humanités pluridisciplinaires_d, histoire et archéologie_d, histoire et philosophie des sciences_d, histoire_t, haut moyen âge_t, bas moyen âge_t, xviie siècle_t, xviiie siècle_t;Datasets/all_labels_train_gensim_sparse_matrix.npz
archivalia.hypotheses.org/501;histoire et archéologie_d, sciences sociales interdisciplinaires_d, histoire_t, approches de corpus_t, enquêtes_t, archives_t;Datasets/all_labels_train_gensim_sparse_matrix.npz
archivewk1.hypotheses.org/13897;histoire_d, époque contemporaine_t, 1914-1918_t;Datasets/all_labels_train_gensim_sparse_matrix.npz
dkblog.hypotheses.org/941;histoire_d, histoire_t, époque moderne_t, xviie siècle_t;Datasets/all_labels_train_gensim_sparse_matrix.npz
histbav.hypotheses.org/1023;humanités pluridisciplinaires_d, histoire_d, pluridisciplinarité_d, histoire_t, monde germanique_t;Datasets/all_labels_train_gensim_sparse_matrix.npz
dhc.hypotheses.org/193;sciences sociales interdisciplinaires_d, études des sciences_t, information_t, vie de la recherche_t;Datasets/all_labels_train_gensim_sparse_matrix.npz
dkblog.hypotheses.org/461;histoire_d, histoire_t, époque moderne_t, xviie siècle_t;Datasets/all_labels_train_gensim_sparse_matrix.npz
speyermemo.hypotheses.org/2577;histoire_d, pluridisciplinarité_d, sciences sociales interdisciplinaires_d, sociologie de la culture_t, histoire_t, 1939-1945_t, europe_t;Datasets/all_labels_train_gensim_sparse_matrix.npz
archivalia.hypotheses.org/9420;histoire et archéologie_d, sciences sociales interdisciplinaires_d, histoire_t, approches de corpus_t, enquêtes_t, archives_t;Datasets/all_labels_train_gensim_sparse_matrix.npz
dokunstlmu.hypotheses.org/922;arts et humanités_d, histoire intellectuelle_t;Datasets/all_labels_train_gensim_sparse_matrix.npz
archivewk1.hypotheses.org/35151;histoire_d, époque contemporaine_t, 1914-1918_t;Datasets/all_labels_train_gensim_sparse_matrix.npz
bioeg.hypotheses.org/468;histoire et archéologie_d, histoire_d, histoire_t, sciences auxiliaires de l'histoire_t, europe centrale et orientale_t, monde germanique_t;Datasets/all_labels_train_gensim_sparse_matrix.npz
nachhaltig.hypotheses.org/570;pluridisciplinarité_d, philosophie_d, sciences sociales interdisciplinaires_d, france_t, monde germanique_t;Datasets/all_labels_train_gensim_sparse_matrix.npz
ordensgeschichte.hypotheses.org/10428;arts et humanités_d, humanités pluridisciplinaires_d, histoire et archéologie_d, histoire et philosophie des sciences_d, histoire_t, haut moyen âge_t, bas moyen âge_t, xviie siècle_t, xviiie siècle_t;Datasets/all_labels_train_gensim_sparse_matrix.npz
catholiccultures.hypotheses.org/205;histoire et archéologie_d, histoire des sciences sociales_d, sciences sociales interdisciplinaires_d, sociologie et anthropologie_d, histoire_t, histoire sociale_t, histoire des religions_t, époque moderne_t;Datasets/all_labels_train_gensim_sparse_matrix.npz
soziologieblog.hypotheses.org/6312;sciences sociales interdisciplinaires_d, sociologie et anthropologie_d, sociologie du travail_t, sociologie urbaine_t, sociologie de la culture_t, sociologie économique_t;Datasets/all_labels_train_gensim_sparse_matrix.npz
archivewk1.hypotheses.org/17146;histoire_d, époque contemporaine_t, 1914-1918_t;Datasets/all_labels_train_gensim_sparse_matrix.npz
wwc.hypotheses.org/1688;humanités pluridisciplinaires_d, pluridisciplinarité_d, études régionales_d, relations internationales_t, information_t, représentations_t;Datasets/all_labels_train_gensim_sparse_matrix.npz
jeunegen.hypotheses.org/869;histoire_d, pluridisciplinarité_d, histoire_t, vie de la recherche_t, moyen âge_t, haut moyen âge_t, bas moyen âge_t;Datasets/all_labels_train_gensim_sparse_matrix.npz
dguw.hypotheses.org/115;histoire et archéologie_d, histoire_t, historiographie_t, digital humanities_t;Datasets/all_labels_train_gensim_sparse_matrix.npz
archivalia.hypotheses.org/14086;histoire et archéologie_d, sciences sociales interdisciplinaires_d, histoire_t, approches de corpus_t, enquêtes_t, archives_t;Datasets/all_labels_train_gensim_sparse_matrix.npz
archivalia.hypotheses.org/3265;histoire et archéologie_d, sciences sociales interdisciplinaires_d, histoire_t, approches de corpus_t, enquêtes_t, archives_t;Datasets/all_labels_train_gensim_sparse_matrix.npz
archivalia.hypotheses.org/7415;histoire et archéologie_d, sciences sociales interdisciplinaires_d, histoire_t, approches de corpus_t, enquêtes_t, archives_t;Datasets/all_labels_train_gensim_sparse_matrix.npz
moraleconomy.hypotheses.org/206;histoire et archéologie_d, histoire_d, histoire économique_t, histoire sociale_t, prospectives_t, france_t;Datasets/all_labels_train_gensim_sparse_matrix.npz
artincrisis.hypotheses.org/1635;arts et humanités_d, représentations_t, histoire de l'art_t, époque contemporaine_t, 1939-1945_t, monde germanique_t;Datasets/all_labels_train_gensim_sparse_matrix.npz
archivewk1.hypotheses.org/19803;histoire_d, époque contemporaine_t, 1914-1918_t;Datasets/all_labels_train_gensim_sparse_matrix.npz
archivewk1.hypotheses.org/9946;histoire_d, époque contemporaine_t, 1914-1918_t;Datasets/all_labels_train_gensim_sparse_matrix.npz
archivalia.hypotheses.org/5661;histoire et archéologie_d, sciences sociales interdisciplinaires_d, histoire_t, approches de corpus_t, enquêtes_t, archives_t;Datasets/all_labels_train_gensim_sparse_matrix.npz
musermeku.hypotheses.org/944;humanités pluridisciplinaires_d, pluridisciplinarité_d, sciences sociales interdisciplinaires_d, sociologie_t, sociologie de la culture_t, histoire_t, histoire politique_t;Datasets/all_labels_train_gensim_sparse_matrix.npz
1914lvr.hypotheses.org/888;sciences politiques_d, histoire_t, époque contemporaine_t, 1914-1918_t;Datasets/all_labels_train_gensim_sparse_matrix.npz
vgdrp.hypotheses.org/199;éducation_d, histoire des sciences sociales_d, histoire_t, histoire économique_t, histoire industrielle_t, histoire urbaine_t, histoire sociale_t;Datasets/all_labels_train_gensim_sparse_matrix.npz
histbav.hypotheses.org/1717;humanités pluridisciplinaires_d, histoire_d, pluridisciplinarité_d, histoire_t, monde germanique_t;Datasets/all_labels_train_gensim_sparse_matrix.npz
archivalia.hypotheses.org/10831;histoire et archéologie_d, sciences sociales interdisciplinaires_d, histoire_t, approches de corpus_t, enquêtes_t, archives_t;Datasets/all_labels_train_gensim_sparse_matrix.npz
archivewk1.hypotheses.org/1339;histoire_d, époque contemporaine_t, 1914-1918_t;Datasets/all_labels_train_gensim_sparse_matrix.npz
archivewk1.hypotheses.org/7795;histoire_d, époque contemporaine_t, 1914-1918_t;Datasets/all_labels_train_gensim_sparse_matrix.npz
archivalia.hypotheses.org/59300;histoire et archéologie_d, sciences sociales interdisciplinaires_d, histoire_t, approches de corpus_t, enquêtes_t, archives_t;Datasets/all_labels_train_gensim_sparse_matrix.npz
archivalia.hypotheses.org/7675;histoire et archéologie_d, sciences sociales interdisciplinaires_d, histoire_t, approches de corpus_t, enquêtes_t, archives_t;Datasets/all_labels_train_gensim_sparse_matrix.npz
archivewk1.hypotheses.org/22887;histoire_d, époque contemporaine_t, 1914-1918_t;Datasets/all_labels_train_gensim_sparse_matrix.npz
archivewk1.hypotheses.org/27998;histoire_d, époque contemporaine_t, 1914-1918_t;Datasets/all_labels_train_gensim_sparse_matrix.npz
archivalia.hypotheses.org/6223;histoire et archéologie_d, sciences sociales interdisciplinaires_d, histoire_t, approches de corpus_t, enquêtes_t, archives_t;Datasets/all_labels_train_gensim_sparse_matrix.npz
etatsocial.hypotheses.org/587;histoire_d, histoire des sciences sociales_d, sociologie_d, économie_d, sociologie du travail_t, âges de la vie_t, xxe siècle_t;Datasets/all_labels_train_gensim_sparse_matrix.npz
archivewk1.hypotheses.org/10355;histoire_d, époque contemporaine_t, 1914-1918_t;Datasets/all_labels_train_gensim_sparse_matrix.npz
archivalia.hypotheses.org/62280;histoire et archéologie_d, sciences sociales interdisciplinaires_d, histoire_t, approches de corpus_t, enquêtes_t, archives_t;Datasets/all_labels_train_gensim_sparse_matrix.npz
archivalia.hypotheses.org/3606;histoire et archéologie_d, sciences sociales interdisciplinaires_d, histoire_t, approches de corpus_t, enquêtes_t, archives_t;Datasets/all_labels_train_gensim_sparse_matrix.npz
histbav.hypotheses.org/2024;humanités pluridisciplinaires_d, histoire_d, pluridisciplinarité_d, histoire_t, monde germanique_t;Datasets/all_labels_train_gensim_sparse_matrix.npz
wwc.hypotheses.org/1729;humanités pluridisciplinaires_d, pluridisciplinarité_d, études régionales_d, relations internationales_t, information_t, représentations_t;Datasets/all_labels_train_gensim_sparse_matrix.npz
texperimentales.hypotheses.org/681;linguistique appliquée_d, langue et linguistique_d, langage_t, linguistique_t, information_t, sciences de l'information_t, digital humanities_t;Datasets/all_labels_train_gensim_sparse_matrix.npz
soziologieblog.hypotheses.org/7316;sciences sociales interdisciplinaires_d, sociologie et anthropologie_d, sociologie du travail_t, sociologie urbaine_t, sociologie de la culture_t, sociologie économique_t;Datasets/all_labels_train_gensim_sparse_matrix.npz
histbav.hypotheses.org/1902;humanités pluridisciplinaires_d, histoire_d, pluridisciplinarité_d, histoire_t, monde germanique_t;Datasets/all_labels_train_gensim_sparse_matrix.npz
archivalia.hypotheses.org/9047;histoire et archéologie_d, sciences sociales interdisciplinaires_d, histoire_t, approches de corpus_t, enquêtes_t, archives_t;Datasets/all_labels_train_gensim_sparse_matrix.npz
grham.hypotheses.org/1640;arts_d, humanités pluridisciplinaires_d, histoire_d, histoire_t, histoire culturelle_t, histoire de l'art_t, xviie siècle_t, xviiie siècle_t;Datasets/all_labels_train_gensim_sparse_matrix.npz
archivalia.hypotheses.org/55665;histoire et archéologie_d, sciences sociales interdisciplinaires_d, histoire_t, approches de corpus_t, enquêtes_t, archives_t;Datasets/all_labels_train_gensim_sparse_matrix.npz
archivalia.hypotheses.org/4222;histoire et archéologie_d, sciences sociales interdisciplinaires_d, histoire_t, approches de corpus_t, enquêtes_t, archives_t;Datasets/all_labels_train_gensim_sparse_matrix.npz
archivalia.hypotheses.org/13655;histoire et archéologie_d, sciences sociales interdisciplinaires_d, histoire_t, approches de corpus_t, enquêtes_t, archives_t;Datasets/all_labels_train_gensim_sparse_matrix.npz
digigw.hypotheses.org/194;humanités pluridisciplinaires_d, histoire_t, édition électronique_t, sciences auxiliaires de l'histoire_t, digital humanities_t;Datasets/all_labels_train_gensim_sparse_matrix.npz
histbav.hypotheses.org/2057;humanités pluridisciplinaires_d, histoire_d, pluridisciplinarité_d, histoire_t, monde germanique_t;Datasets/all_labels_train_gensim_sparse_matrix.npz
sdvigpress.hypotheses.org/681;langue et linguistique_d, philosophie_d, humanités pluridisciplinaires_d, épistémologie et méthodes_t, digital humanities_t, europe centrale et orientale_t, édition électronique_t, linguistique_t;Datasets/all_labels_train_gensim_sparse_matrix.npz
tagebuch.hypotheses.org/351;histoire et archéologie_d, histoire_d, histoire_t, époque contemporaine_t, 1914-1918_t;Datasets/all_labels_train_gensim_sparse_matrix.npz
archivewk1.hypotheses.org/2563;histoire_d, époque contemporaine_t, 1914-1918_t;Datasets/all_labels_train_gensim_sparse_matrix.npz
trafo.hypotheses.org/4731;pluridisciplinarité_d, sciences sociales interdisciplinaires_d, études régionales_d, sociologie_t, sociologie des religions_t, information_t, histoire culturelle_t;Datasets/all_labels_train_gensim_sparse_matrix.npz
intersex.hypotheses.org/4437;histoire_d, biomédecine_d, étude des genres_t, histoire des sciences_t, histoire_t, histoire du droit_t, moyen âge_t, xxie siècle_t;Datasets/all_labels_train_gensim_sparse_matrix.npz
soziologieblog.hypotheses.org/5701;sciences sociales interdisciplinaires_d, sociologie et anthropologie_d, sociologie du travail_t, sociologie urbaine_t, sociologie de la culture_t, sociologie économique_t;Datasets/all_labels_train_gensim_sparse_matrix.npz
medienbildung.hypotheses.org/6805;éducation_d, éducation spécialisée_d, travail social_d, sociologie_t, édition électronique_t, histoire et sociologie des médias_t, éducation_t;Datasets/all_labels_train_gensim_sparse_matrix.npz
smdr.hypotheses.org/198;histoire_d, histoire_t, xviie siècle_t, xviiie siècle_t, monde germanique_t, pays baltes et scandinaves_t;Datasets/all_labels_train_gensim_sparse_matrix.npz
medienbildung.hypotheses.org/6700;éducation_d, éducation spécialisée_d, travail social_d, sociologie_t, édition électronique_t, histoire et sociologie des médias_t, éducation_t;Datasets/all_labels_train_gensim_sparse_matrix.npz
archivalia.hypotheses.org/6333;histoire et archéologie_d, sciences sociales interdisciplinaires_d, histoire_t, approches de corpus_t, enquêtes_t, archives_t;Datasets/all_labels_train_gensim_sparse_matrix.npz
lvrafz.hypotheses.org/949;pluridisciplinarité_d, information_t;Datasets/all_labels_train_gensim_sparse_matrix.npz
archivalia.hypotheses.org/54617;histoire et archéologie_d, sciences sociales interdisciplinaires_d, histoire_t, approches de corpus_t, enquêtes_t, archives_t;Datasets/all_labels_train_gensim_sparse_matrix.npz
archivalia.hypotheses.org/3008;histoire et archéologie_d, sciences sociales interdisciplinaires_d, histoire_t, approches de corpus_t, enquêtes_t, archives_t;Datasets/all_labels_train_gensim_sparse_matrix.npz
archivalia.hypotheses.org/14667;histoire et archéologie_d, sciences sociales interdisciplinaires_d, histoire_t, approches de corpus_t, enquêtes_t, archives_t;Datasets/all_labels_train_gensim_sparse_matrix.npz
archivalia.hypotheses.org/3987;histoire et archéologie_d, sciences sociales interdisciplinaires_d, histoire_t, approches de corpus_t, enquêtes_t, archives_t;Datasets/all_labels_train_gensim_sparse_matrix.npz
archivalia.hypotheses.org/8825;histoire et archéologie_d, sciences sociales interdisciplinaires_d, histoire_t, approches de corpus_t, enquêtes_t, archives_t;Datasets/all_labels_train_gensim_sparse_matrix.npz
archivalia.hypotheses.org/10140;histoire et archéologie_d, sciences sociales interdisciplinaires_d, histoire_t, approches de corpus_t, enquêtes_t, archives_t;Datasets/all_labels_train_gensim_sparse_matrix.npz
archivamt.hypotheses.org/1102;communication_d, pluridisciplinarité_d, sciences sociales interdisciplinaires_d, information_t, sciences de l'information_t, représentations_t, patrimoine_t;Datasets/all_labels_train_gensim_sparse_matrix.npz
archivalia.hypotheses.org/10467;histoire et archéologie_d, sciences sociales interdisciplinaires_d, histoire_t, approches de corpus_t, enquêtes_t, archives_t;Datasets/all_labels_train_gensim_sparse_matrix.npz
archivalia.hypotheses.org/11080;histoire et archéologie_d, sciences sociales interdisciplinaires_d, histoire_t, approches de corpus_t, enquêtes_t, archives_t;Datasets/all_labels_train_gensim_sparse_matrix.npz
hofkultur.hypotheses.org/313;arts et humanités_d, histoire_d, histoire sociale_t, histoire culturelle_t, histoire de l'art_t;Datasets/all_labels_train_gensim_sparse_matrix.npz
ockenheim.hypotheses.org/577;histoire et archéologie_d, archéologie_d, histoire_t, histoire urbaine_t, édition électronique_t, monde germanique_t;Datasets/all_labels_train_gensim_sparse_matrix.npz
archivekod.hypotheses.org/251;religions_d, histoire et archéologie_d, sciences de l'information et de la communication_d, bibliothéconomie_d, communication_d, histoire_t, histoire des religions_t, patrimoine_t;Datasets/all_labels_train_gensim_sparse_matrix.npz
archivewk1.hypotheses.org/19950;histoire_d, époque contemporaine_t, 1914-1918_t;Datasets/all_labels_train_gensim_sparse_matrix.npz
achtundvierzig.hypotheses.org/385;sciences politiques_d, histoire_d, époque contemporaine_t, prospectives_t, histoire politique_t, monde germanique_t;Datasets/all_labels_train_gensim_sparse_matrix.npz
archivalia.hypotheses.org/55336;histoire et archéologie_d, sciences sociales interdisciplinaires_d, histoire_t, approches de corpus_t, enquêtes_t, archives_t;Datasets/all_labels_train_gensim_sparse_matrix.npz
archivewk1.hypotheses.org/26210;histoire_d, époque contemporaine_t, 1914-1918_t;Datasets/all_labels_train_gensim_sparse_matrix.npz
naps.hypotheses.org/1321;histoire_d, histoire_t, épistémologie et méthodes_t, approches de corpus_t, enquêtes_t, archives_t, prospectives_t, france_t, monde germanique_t;Datasets/all_labels_train_gensim_sparse_matrix.npz
archivalia.hypotheses.org/10774;histoire et archéologie_d, sciences sociales interdisciplinaires_d, histoire_t, approches de corpus_t, enquêtes_t, archives_t;Datasets/all_labels_train_gensim_sparse_matrix.npz
bereschitrabba.hypotheses.org/737;arts et humanités_d, religions_d, langue et linguistique_d, religions_t, histoire des religions_t;Datasets/all_labels_train_gensim_sparse_matrix.npz
liparchiv.hypotheses.org/1104;histoire et archéologie_d, sciences politiques_d, administration publique et développement_d, histoire urbaine_t, patrimoine_t, sciences auxiliaires de l'histoire_t, approches de corpus_t, enquêtes_t, archives_t, europe_t;Datasets/all_labels_train_gensim_sparse_matrix.npz
heraldica.hypotheses.org/2354;histoire_d, histoire_t, historiographie_t, sciences auxiliaires de l'histoire_t, moyen âge_t, haut moyen âge_t;Datasets/all_labels_train_gensim_sparse_matrix.npz
fortifica.hypotheses.org/938;histoire et archéologie_d, histoire_d, histoire urbaine_t, xvie siècle_t, xviie siècle_t, xviiie siècle_t;Datasets/all_labels_train_gensim_sparse_matrix.npz
geschichtsadmin.hypotheses.org/366;éducation_d, histoire_d, sociologie du travail_t, histoire_t;Datasets/all_labels_train_gensim_sparse_matrix.npz
histbav.hypotheses.org/2818;humanités pluridisciplinaires_d, histoire_d, pluridisciplinarité_d, histoire_t, monde germanique_t;Datasets/all_labels_train_gensim_sparse_matrix.npz
grammata.hypotheses.org/334;études anciennes_d, religions_d, littérature_d, religions_t, littératures_t;Datasets/all_labels_train_gensim_sparse_matrix.npz
archivalia.hypotheses.org/9243;histoire et archéologie_d, sciences sociales interdisciplinaires_d, histoire_t, approches de corpus_t, enquêtes_t, archives_t;Datasets/all_labels_train_gensim_sparse_matrix.npz
2wkvisuell.hypotheses.org/380;arts et humanités_d, histoire et archéologie_d, histoire sociale_t, guerres_t, conflits_t, violence_t, histoire et sociologie des médias_t, études visuelles_t, époque contemporaine_t;Datasets/all_labels_train_gensim_sparse_matrix.npz
grammata.hypotheses.org/2512;études anciennes_d, religions_d, littérature_d, religions_t, littératures_t;Datasets/all_labels_train_gensim_sparse_matrix.npz
archivewk1.hypotheses.org/6778;histoire_d, époque contemporaine_t, 1914-1918_t;Datasets/all_labels_train_gensim_sparse_matrix.npz
guerre-froide.hypotheses.org/2098;histoire_d, relations internationales_t, histoire culturelle_t, 1945-1989_t;Datasets/all_labels_train_gensim_sparse_matrix.npz
archivewk1.hypotheses.org/5356;histoire_d, époque contemporaine_t, 1914-1918_t;Datasets/all_labels_train_gensim_sparse_matrix.npz
tagebuch.hypotheses.org/1257;histoire et archéologie_d, histoire_d, histoire_t, époque contemporaine_t, 1914-1918_t;Datasets/all_labels_train_gensim_sparse_matrix.npz
nordichistoryblog.hypotheses.org/2193;arts et humanités_d, histoire et archéologie_d, histoire_t, édition électronique_t, vie de la recherche_t, approches de corpus_t, enquêtes_t, archives_t, europe_t, pays baltes et scandinaves_t;Datasets/all_labels_train_gensim_sparse_matrix.npz
fnzinfo.hypotheses.org/788;arts et humanités_d, musique_d, histoire et archéologie_d, histoire_t, xvie siècle_t, xviie siècle_t, xviiie siècle_t, révolution française_t;Datasets/all_labels_train_gensim_sparse_matrix.npz
soziologieblog.hypotheses.org/5650;sciences sociales interdisciplinaires_d, sociologie et anthropologie_d, sociologie du travail_t, sociologie urbaine_t, sociologie de la culture_t, sociologie économique_t;Datasets/all_labels_train_gensim_sparse_matrix.npz
grammata.hypotheses.org/934;études anciennes_d, religions_d, littérature_d, religions_t, littératures_t;Datasets/all_labels_train_gensim_sparse_matrix.npz
archivalia.hypotheses.org/9993;histoire et archéologie_d, sciences sociales interdisciplinaires_d, histoire_t, approches de corpus_t, enquêtes_t, archives_t;Datasets/all_labels_train_gensim_sparse_matrix.npz
dhc.hypotheses.org/108;sciences sociales interdisciplinaires_d, études des sciences_t, information_t, vie de la recherche_t;Datasets/all_labels_train_gensim_sparse_matrix.npz
archivalia.hypotheses.org/6786;histoire et archéologie_d, sciences sociales interdisciplinaires_d, histoire_t, approches de corpus_t, enquêtes_t, archives_t;Datasets/all_labels_train_gensim_sparse_matrix.npz
archivalia.hypotheses.org/6115;histoire et archéologie_d, sciences sociales interdisciplinaires_d, histoire_t, approches de corpus_t, enquêtes_t, archives_t;Datasets/all_labels_train_gensim_sparse_matrix.npz
jeunegen.hypotheses.org/1191;histoire_d, pluridisciplinarité_d, histoire_t, vie de la recherche_t, moyen âge_t, haut moyen âge_t, bas moyen âge_t;Datasets/all_labels_train_gensim_sparse_matrix.npz
19jhdhip.hypotheses.org/113;histoire_d, époque contemporaine_t, prospectives_t, france_t, monde germanique_t;Datasets/all_labels_train_gensim_sparse_matrix.npz
archivalia.hypotheses.org/9941;histoire et archéologie_d, sciences sociales interdisciplinaires_d, histoire_t, approches de corpus_t, enquêtes_t, archives_t;Datasets/all_labels_train_gensim_sparse_matrix.npz
nachhaltig.hypotheses.org/497;pluridisciplinarité_d, philosophie_d, sciences sociales interdisciplinaires_d, france_t, monde germanique_t;Datasets/all_labels_train_gensim_sparse_matrix.npz
archivalia.hypotheses.org/12386;histoire et archéologie_d, sciences sociales interdisciplinaires_d, histoire_t, approches de corpus_t, enquêtes_t, archives_t;Datasets/all_labels_train_gensim_sparse_matrix.npz
archivewk1.hypotheses.org/35414;histoire_d, époque contemporaine_t, 1914-1918_t;Datasets/all_labels_train_gensim_sparse_matrix.npz
grandeguerre.hypotheses.org/1001;histoire et archéologie_d, histoire_t, 1914-1918_t, prospectives_t, france_t, monde germanique_t;Datasets/all_labels_train_gensim_sparse_matrix.npz
archivalia.hypotheses.org/12432;histoire et archéologie_d, sciences sociales interdisciplinaires_d, histoire_t, approches de corpus_t, enquêtes_t, archives_t;Datasets/all_labels_train_gensim_sparse_matrix.npz
nordichistoryblog.hypotheses.org/119;arts et humanités_d, histoire et archéologie_d, histoire_t, édition électronique_t, vie de la recherche_t, approches de corpus_t, enquêtes_t, archives_t, europe_t, pays baltes et scandinaves_t;Datasets/all_labels_train_gensim_sparse_matrix.npz
archivalia.hypotheses.org/4012;histoire et archéologie_d, sciences sociales interdisciplinaires_d, histoire_t, approches de corpus_t, enquêtes_t, archives_t;Datasets/all_labels_train_gensim_sparse_matrix.npz
archivalia.hypotheses.org/61412;histoire et archéologie_d, sciences sociales interdisciplinaires_d, histoire_t, approches de corpus_t, enquêtes_t, archives_t;Datasets/all_labels_train_gensim_sparse_matrix.npz
archivalia.hypotheses.org/9306;histoire et archéologie_d, sciences sociales interdisciplinaires_d, histoire_t, approches de corpus_t, enquêtes_t, archives_t;Datasets/all_labels_train_gensim_sparse_matrix.npz
zakunibonn.hypotheses.org/48;histoire_d, psychologie_d, histoire_t, psychisme_t, psychologie_t, méthodes de traitement et de représentation_t, monde germanique_t;Datasets/all_labels_train_gensim_sparse_matrix.npz
archivalia.hypotheses.org/13814;histoire et archéologie_d, sciences sociales interdisciplinaires_d, histoire_t, approches de corpus_t, enquêtes_t, archives_t;Datasets/all_labels_train_gensim_sparse_matrix.npz
archivalia.hypotheses.org/4346;histoire et archéologie_d, sciences sociales interdisciplinaires_d, histoire_t, approches de corpus_t, enquêtes_t, archives_t;Datasets/all_labels_train_gensim_sparse_matrix.npz
grandeguerre.hypotheses.org/820;histoire et archéologie_d, histoire_t, 1914-1918_t, prospectives_t, france_t, monde germanique_t;Datasets/all_labels_train_gensim_sparse_matrix.npz
archivalia.hypotheses.org/6061;histoire et archéologie_d, sciences sociales interdisciplinaires_d, histoire_t, approches de corpus_t, enquêtes_t, archives_t;Datasets/all_labels_train_gensim_sparse_matrix.npz
wwc.hypotheses.org/22;humanités pluridisciplinaires_d, pluridisciplinarité_d, études régionales_d, relations internationales_t, information_t, représentations_t;Datasets/all_labels_train_gensim_sparse_matrix.npz
histbav.hypotheses.org/1060;humanités pluridisciplinaires_d, histoire_d, pluridisciplinarité_d, histoire_t, monde germanique_t;Datasets/all_labels_train_gensim_sparse_matrix.npz
zeitraeume.hypotheses.org/375;histoire_d, histoire industrielle_t, histoire sociale_t, édition électronique_t, digital humanities_t, époque contemporaine_t;Datasets/all_labels_train_gensim_sparse_matrix.npz
ordensgeschichte.hypotheses.org/1353;arts et humanités_d, humanités pluridisciplinaires_d, histoire et archéologie_d, histoire et philosophie des sciences_d, histoire_t, haut moyen âge_t, bas moyen âge_t, xviie siècle_t, xviiie siècle_t;Datasets/all_labels_train_gensim_sparse_matrix.npz
archivewk1.hypotheses.org/19845;histoire_d, époque contemporaine_t, 1914-1918_t;Datasets/all_labels_train_gensim_sparse_matrix.npz
hofkultur.hypotheses.org/408;arts et humanités_d, histoire_d, histoire sociale_t, histoire culturelle_t, histoire de l'art_t;Datasets/all_labels_train_gensim_sparse_matrix.npz
jeunegen.hypotheses.org/188;histoire_d, pluridisciplinarité_d, histoire_t, vie de la recherche_t, moyen âge_t, haut moyen âge_t, bas moyen âge_t;Datasets/all_labels_train_gensim_sparse_matrix.npz
lvrafz.hypotheses.org/46;pluridisciplinarité_d, information_t;Datasets/all_labels_train_gensim_sparse_matrix.npz
archivewk1.hypotheses.org/27549;histoire_d, époque contemporaine_t, 1914-1918_t;Datasets/all_labels_train_gensim_sparse_matrix.npz
archivalia.hypotheses.org/14058;histoire et archéologie_d, sciences sociales interdisciplinaires_d, histoire_t, approches de corpus_t, enquêtes_t, archives_t;Datasets/all_labels_train_gensim_sparse_matrix.npz
pophistory.hypotheses.org/272;humanités pluridisciplinaires_d, histoire et archéologie_d, sociologie de la culture_t, histoire sociale_t, histoire culturelle_t, époque contemporaine_t;Datasets/all_labels_train_gensim_sparse_matrix.npz
archivalia.hypotheses.org/8398;histoire et archéologie_d, sciences sociales interdisciplinaires_d, histoire_t, approches de corpus_t, enquêtes_t, archives_t;Datasets/all_labels_train_gensim_sparse_matrix.npz
resilienz.hypotheses.org/1070;pluridisciplinarité_d, sciences sociales interdisciplinaires_d, études des sciences_t, épistémologie et méthodes_t, vie de la recherche_t, prospectives_t;Datasets/all_labels_train_gensim_sparse_matrix.npz
archivalia.hypotheses.org/4694;histoire et archéologie_d, sciences sociales interdisciplinaires_d, histoire_t, approches de corpus_t, enquêtes_t, archives_t;Datasets/all_labels_train_gensim_sparse_matrix.npz
archive20.hypotheses.org/2711;pluridisciplinarité_d, sciences sociales interdisciplinaires_d, histoire_t, information_t, patrimoine_t, monde germanique_t;Datasets/all_labels_train_gensim_sparse_matrix.npz
rhad.hypotheses.org/480;histoire_d, histoire des sciences sociales_d, histoire_t, époque moderne_t, révolution française_t, xviie siècle_t, xviiie siècle_t, prospectives_t;Datasets/all_labels_train_gensim_sparse_matrix.npz
artincrisis.hypotheses.org/777;arts et humanités_d, représentations_t, histoire de l'art_t, époque contemporaine_t, 1939-1945_t, monde germanique_t;Datasets/all_labels_train_gensim_sparse_matrix.npz
archivalia.hypotheses.org/8723;histoire et archéologie_d, sciences sociales interdisciplinaires_d, histoire_t, approches de corpus_t, enquêtes_t, archives_t;Datasets/all_labels_train_gensim_sparse_matrix.npz
archivalia.hypotheses.org/5387;histoire et archéologie_d, sciences sociales interdisciplinaires_d, histoire_t, approches de corpus_t, enquêtes_t, archives_t;Datasets/all_labels_train_gensim_sparse_matrix.npz
archivalia.hypotheses.org/12763;histoire et archéologie_d, sciences sociales interdisciplinaires_d, histoire_t, approches de corpus_t, enquêtes_t, archives_t;Datasets/all_labels_train_gensim_sparse_matrix.npz
antisem19c.hypotheses.org/635;histoire et archéologie_d, histoire sociale_t, prospectives_t;Datasets/all_labels_train_gensim_sparse_matrix.npz
dss.hypotheses.org/739;arts et humanités_d, communication_d, sciences de l'information et bibliothéconomie_d, information_t, édition électronique_t, représentations_t, histoire de l'art_t, patrimoine_t, prospectives_t;Datasets/all_labels_train_gensim_sparse_matrix.npz
archivalia.hypotheses.org/11809;histoire et archéologie_d, sciences sociales interdisciplinaires_d, histoire_t, approches de corpus_t, enquêtes_t, archives_t;Datasets/all_labels_train_gensim_sparse_matrix.npz
dguw.hypotheses.org/140;histoire et archéologie_d, histoire_t, historiographie_t, digital humanities_t;Datasets/all_labels_train_gensim_sparse_matrix.npz
kindzeit.hypotheses.org/138;éducation_d, histoire_d, histoire_t, sciences de l'éducation_t, xxie siècle_t;Datasets/all_labels_train_gensim_sparse_matrix.npz
medienbildung.hypotheses.org/8488;éducation_d, éducation spécialisée_d, travail social_d, sociologie_t, édition électronique_t, histoire et sociologie des médias_t, éducation_t;Datasets/all_labels_train_gensim_sparse_matrix.npz
dhmuc.hypotheses.org/275;humanités pluridisciplinaires_d, communication_d, pluridisciplinarité_d, sciences sociales interdisciplinaires_d, études des sciences_t, édition électronique_t, digital humanities_t;Datasets/all_labels_train_gensim_sparse_matrix.npz
archivalia.hypotheses.org/13459;histoire et archéologie_d, sciences sociales interdisciplinaires_d, histoire_t, approches de corpus_t, enquêtes_t, archives_t;Datasets/all_labels_train_gensim_sparse_matrix.npz
dhdhi.hypotheses.org/1482;histoire et archéologie_d, histoire_t, épistémologie et méthodes_t, digital humanities_t;Datasets/all_labels_train_gensim_sparse_matrix.npz
intersex.hypotheses.org/2785;histoire_d, biomédecine_d, étude des genres_t, histoire des sciences_t, histoire_t, histoire du droit_t, moyen âge_t, xxie siècle_t;Datasets/all_labels_train_gensim_sparse_matrix.npz
histgymbib.hypotheses.org/1519;arts et humanités_d, humanités pluridisciplinaires_d, sciences de l'information et de la communication_d, bibliothéconomie_d, sciences sociales interdisciplinaires_d, éducation_t, xvie siècle_t, xviie siècle_t, xviiie siècle_t, prospectives_t;Datasets/all_labels_train_gensim_sparse_matrix.npz
erinnern.hypotheses.org/650;éducation et sciences de l'éducation_d, histoire_d, histoire_t, éducation_t, 1918-1939_t, 1939-1945_t, 1945-1989_t;Datasets/all_labels_train_gensim_sparse_matrix.npz
archivalia.hypotheses.org/11068;histoire et archéologie_d, sciences sociales interdisciplinaires_d, histoire_t, approches de corpus_t, enquêtes_t, archives_t;Datasets/all_labels_train_gensim_sparse_matrix.npz
archivalia.hypotheses.org/54100;histoire et archéologie_d, sciences sociales interdisciplinaires_d, histoire_t, approches de corpus_t, enquêtes_t, archives_t;Datasets/all_labels_train_gensim_sparse_matrix.npz
archivalia.hypotheses.org/8351;histoire et archéologie_d, sciences sociales interdisciplinaires_d, histoire_t, approches de corpus_t, enquêtes_t, archives_t;Datasets/all_labels_train_gensim_sparse_matrix.npz
germanjews.hypotheses.org/51;histoire_d, histoire des sciences sociales_d, histoire économique_t, histoire urbaine_t, histoire sociale_t, époque moderne_t;Datasets/all_labels_train_gensim_sparse_matrix.npz
grammata.hypotheses.org/284;études anciennes_d, religions_d, littérature_d, religions_t, littératures_t;Datasets/all_labels_train_gensim_sparse_matrix.npz
archivewk1.hypotheses.org/15125;histoire_d, époque contemporaine_t, 1914-1918_t;Datasets/all_labels_train_gensim_sparse_matrix.npz
archivalia.hypotheses.org/9743;histoire et archéologie_d, sciences sociales interdisciplinaires_d, histoire_t, approches de corpus_t, enquêtes_t, archives_t;Datasets/all_labels_train_gensim_sparse_matrix.npz
1914lvr.hypotheses.org/480;sciences politiques_d, histoire_t, époque contemporaine_t, 1914-1918_t;Datasets/all_labels_train_gensim_sparse_matrix.npz
historischdenken.hypotheses.org/2843;histoire et archéologie_d, histoire_t;Datasets/all_labels_train_gensim_sparse_matrix.npz
jeunegen.hypotheses.org/260;histoire_d, pluridisciplinarité_d, histoire_t, vie de la recherche_t, moyen âge_t, haut moyen âge_t, bas moyen âge_t;Datasets/all_labels_train_gensim_sparse_matrix.npz
zakunibonn.hypotheses.org/1526;histoire_d, psychologie_d, histoire_t, psychisme_t, psychologie_t, méthodes de traitement et de représentation_t, monde germanique_t;Datasets/all_labels_train_gensim_sparse_matrix.npz
archivamt.hypotheses.org/3554;communication_d, pluridisciplinarité_d, sciences sociales interdisciplinaires_d, information_t, sciences de l'information_t, représentations_t, patrimoine_t;Datasets/all_labels_train_gensim_sparse_matrix.npz
archivalia.hypotheses.org/3529;histoire et archéologie_d, sciences sociales interdisciplinaires_d, histoire_t, approches de corpus_t, enquêtes_t, archives_t;Datasets/all_labels_train_gensim_sparse_matrix.npz
archivalia.hypotheses.org/54309;histoire et archéologie_d, sciences sociales interdisciplinaires_d, histoire_t, approches de corpus_t, enquêtes_t, archives_t;Datasets/all_labels_train_gensim_sparse_matrix.npz
soziologieblog.hypotheses.org/4080;sciences sociales interdisciplinaires_d, sociologie et anthropologie_d, sociologie du travail_t, sociologie urbaine_t, sociologie de la culture_t, sociologie économique_t;Datasets/all_labels_train_gensim_sparse_matrix.npz
intersex.hypotheses.org/1033;histoire_d, biomédecine_d, étude des genres_t, histoire des sciences_t, histoire_t, histoire du droit_t, moyen âge_t, xxie siècle_t;Datasets/all_labels_train_gensim_sparse_matrix.npz
liparchiv.hypotheses.org/62;histoire et archéologie_d, sciences politiques_d, administration publique et développement_d, histoire urbaine_t, patrimoine_t, sciences auxiliaires de l'histoire_t, approches de corpus_t, enquêtes_t, archives_t, europe_t;Datasets/all_labels_train_gensim_sparse_matrix.npz
erinnerung.hypotheses.org/797;histoire et archéologie_d, histoire_t, xxe siècle_t, prospectives_t, europe_t;Datasets/all_labels_train_gensim_sparse_matrix.npz
archivamt.hypotheses.org/3846;communication_d, pluridisciplinarité_d, sciences sociales interdisciplinaires_d, information_t, sciences de l'information_t, représentations_t, patrimoine_t;Datasets/all_labels_train_gensim_sparse_matrix.npz
archivalia.hypotheses.org/57879;histoire et archéologie_d, sciences sociales interdisciplinaires_d, histoire_t, approches de corpus_t, enquêtes_t, archives_t;Datasets/all_labels_train_gensim_sparse_matrix.npz
archivalia.hypotheses.org/14597;histoire et archéologie_d, sciences sociales interdisciplinaires_d, histoire_t, approches de corpus_t, enquêtes_t, archives_t;Datasets/all_labels_train_gensim_sparse_matrix.npz
archivalia.hypotheses.org/11593;histoire et archéologie_d, sciences sociales interdisciplinaires_d, histoire_t, approches de corpus_t, enquêtes_t, archives_t;Datasets/all_labels_train_gensim_sparse_matrix.npz
tagebuch.hypotheses.org/912;histoire et archéologie_d, histoire_d, histoire_t, époque contemporaine_t, 1914-1918_t;Datasets/all_labels_train_gensim_sparse_matrix.npz
archivalia.hypotheses.org/12246;histoire et archéologie_d, sciences sociales interdisciplinaires_d, histoire_t, approches de corpus_t, enquêtes_t, archives_t;Datasets/all_labels_train_gensim_sparse_matrix.npz
archivalia.hypotheses.org/11519;histoire et archéologie_d, sciences sociales interdisciplinaires_d, histoire_t, approches de corpus_t, enquêtes_t, archives_t;Datasets/all_labels_train_gensim_sparse_matrix.npz
europhilomem.hypotheses.org/798;philosophie_d, philosophie_t, histoire intellectuelle_t, xxe siècle_t, prospectives_t;Datasets/all_labels_train_gensim_sparse_matrix.npz
archivalia.hypotheses.org/5969;histoire et archéologie_d, sciences sociales interdisciplinaires_d, histoire_t, approches de corpus_t, enquêtes_t, archives_t;Datasets/all_labels_train_gensim_sparse_matrix.npz
archivewk1.hypotheses.org/26275;histoire_d, époque contemporaine_t, 1914-1918_t;Datasets/all_labels_train_gensim_sparse_matrix.npz
archivalia.hypotheses.org/4366;histoire et archéologie_d, sciences sociales interdisciplinaires_d, histoire_t, approches de corpus_t, enquêtes_t, archives_t;Datasets/all_labels_train_gensim_sparse_matrix.npz
dhmuc.hypotheses.org/805;humanités pluridisciplinaires_d, communication_d, pluridisciplinarité_d, sciences sociales interdisciplinaires_d, études des sciences_t, édition électronique_t, digital humanities_t;Datasets/all_labels_train_gensim_sparse_matrix.npz
reichwein.hypotheses.org/811;histoire et archéologie_d, histoire des sciences_t, 1945-1989_t;Datasets/all_labels_train_gensim_sparse_matrix.npz
fortifica.hypotheses.org/1057;histoire et archéologie_d, histoire_d, histoire urbaine_t, xvie siècle_t, xviie siècle_t, xviiie siècle_t;Datasets/all_labels_train_gensim_sparse_matrix.npz
tagebuch.hypotheses.org/975;histoire et archéologie_d, histoire_d, histoire_t, époque contemporaine_t, 1914-1918_t;Datasets/all_labels_train_gensim_sparse_matrix.npz
archivalia.hypotheses.org/9233;histoire et archéologie_d, sciences sociales interdisciplinaires_d, histoire_t, approches de corpus_t, enquêtes_t, archives_t;Datasets/all_labels_train_gensim_sparse_matrix.npz
archivalia.hypotheses.org/13253;histoire et archéologie_d, sciences sociales interdisciplinaires_d, histoire_t, approches de corpus_t, enquêtes_t, archives_t;Datasets/all_labels_train_gensim_sparse_matrix.npz
francofil.hypotheses.org/899;pluridisciplinarité_d, sciences sociales interdisciplinaires_d, histoire_t, épistémologie et méthodes_t, approches de corpus_t, enquêtes_t, archives_t, france_t;Datasets/all_labels_train_gensim_sparse_matrix.npz
archivalia.hypotheses.org/11055;histoire et archéologie_d, sciences sociales interdisciplinaires_d, histoire_t, approches de corpus_t, enquêtes_t, archives_t;Datasets/all_labels_train_gensim_sparse_matrix.npz
archivewk1.hypotheses.org/30616;histoire_d, époque contemporaine_t, 1914-1918_t;Datasets/all_labels_train_gensim_sparse_matrix.npz
archivalia.hypotheses.org/13032;histoire et archéologie_d, sciences sociales interdisciplinaires_d, histoire_t, approches de corpus_t, enquêtes_t, archives_t;Datasets/all_labels_train_gensim_sparse_matrix.npz
dighist.hypotheses.org/327;histoire_d, sciences sociales interdisciplinaires_d, études sur la famille_d, sociologie_d, histoire urbaine_t, histoire sociale_t, europe centrale et orientale_t;Datasets/all_labels_train_gensim_sparse_matrix.npz
archivamt.hypotheses.org/1369;communication_d, pluridisciplinarité_d, sciences sociales interdisciplinaires_d, information_t, sciences de l'information_t, représentations_t, patrimoine_t;Datasets/all_labels_train_gensim_sparse_matrix.npz
heraldica.hypotheses.org/4335;histoire_d, histoire_t, historiographie_t, sciences auxiliaires de l'histoire_t, moyen âge_t, haut moyen âge_t;Datasets/all_labels_train_gensim_sparse_matrix.npz
archivewk1.hypotheses.org/17450;histoire_d, époque contemporaine_t, 1914-1918_t;Datasets/all_labels_train_gensim_sparse_matrix.npz
guerre-froide.hypotheses.org/867;histoire_d, relations internationales_t, histoire culturelle_t, 1945-1989_t;Datasets/all_labels_train_gensim_sparse_matrix.npz
mindthegaps.hypotheses.org/339;études asiatiques_d, histoire_d, histoire_t, histoire culturelle_t, asie_t, chine_t;Datasets/all_labels_train_gensim_sparse_matrix.npz
archivewk1.hypotheses.org/281;histoire_d, époque contemporaine_t, 1914-1918_t;Datasets/all_labels_train_gensim_sparse_matrix.npz
filmeditio.hypotheses.org/515;arts_d, humanités pluridisciplinaires_d, édition électronique_t, histoire et sociologie des médias_t, patrimoine_t, études visuelles_t;Datasets/all_labels_train_gensim_sparse_matrix.npz
archivewk1.hypotheses.org/36892;histoire_d, époque contemporaine_t, 1914-1918_t;Datasets/all_labels_train_gensim_sparse_matrix.npz
histbav.hypotheses.org/3226;humanités pluridisciplinaires_d, histoire_d, pluridisciplinarité_d, histoire_t, monde germanique_t;Datasets/all_labels_train_gensim_sparse_matrix.npz
archivalia.hypotheses.org/8083;histoire et archéologie_d, sciences sociales interdisciplinaires_d, histoire_t, approches de corpus_t, enquêtes_t, archives_t;Datasets/all_labels_train_gensim_sparse_matrix.npz
archivewk1.hypotheses.org/23321;histoire_d, époque contemporaine_t, 1914-1918_t;Datasets/all_labels_train_gensim_sparse_matrix.npz
archivewk1.hypotheses.org/6157;histoire_d, époque contemporaine_t, 1914-1918_t;Datasets/all_labels_train_gensim_sparse_matrix.npz
dislab.hypotheses.org/2030;sciences sociales interdisciplinaires_d, langue et linguistique_d, sociologie des sciences_t, linguistique_t;Datasets/all_labels_train_gensim_sparse_matrix.npz
ordensgeschichte.hypotheses.org/6266;arts et humanités_d, humanités pluridisciplinaires_d, histoire et archéologie_d, histoire et philosophie des sciences_d, histoire_t, haut moyen âge_t, bas moyen âge_t, xviie siècle_t, xviiie siècle_t;Datasets/all_labels_train_gensim_sparse_matrix.npz
archivalia.hypotheses.org/14653;histoire et archéologie_d, sciences sociales interdisciplinaires_d, histoire_t, approches de corpus_t, enquêtes_t, archives_t;Datasets/all_labels_train_gensim_sparse_matrix.npz
archivalia.hypotheses.org/13474;histoire et archéologie_d, sciences sociales interdisciplinaires_d, histoire_t, approches de corpus_t, enquêtes_t, archives_t;Datasets/all_labels_train_gensim_sparse_matrix.npz
historischdenken.hypotheses.org/2462;histoire et archéologie_d, histoire_t;Datasets/all_labels_train_gensim_sparse_matrix.npz
soziologieblog.hypotheses.org/3765;sciences sociales interdisciplinaires_d, sociologie et anthropologie_d, sociologie du travail_t, sociologie urbaine_t, sociologie de la culture_t, sociologie économique_t;Datasets/all_labels_train_gensim_sparse_matrix.npz
jeunegen.hypotheses.org/1761;histoire_d, pluridisciplinarité_d, histoire_t, vie de la recherche_t, moyen âge_t, haut moyen âge_t, bas moyen âge_t;Datasets/all_labels_train_gensim_sparse_matrix.npz
archivalia.hypotheses.org/411;histoire et archéologie_d, sciences sociales interdisciplinaires_d, histoire_t, approches de corpus_t, enquêtes_t, archives_t;Datasets/all_labels_train_gensim_sparse_matrix.npz
archivewk1.hypotheses.org/7150;histoire_d, époque contemporaine_t, 1914-1918_t;Datasets/all_labels_train_gensim_sparse_matrix.npz
musicaroma.hypotheses.org/518;musique_d, histoire_d, histoire_t, histoire culturelle_t, monde germanique_t;Datasets/all_labels_train_gensim_sparse_matrix.npz
ordensgeschichte.hypotheses.org/247;arts et humanités_d, humanités pluridisciplinaires_d, histoire et archéologie_d, histoire et philosophie des sciences_d, histoire_t, haut moyen âge_t, bas moyen âge_t, xviie siècle_t, xviiie siècle_t;Datasets/all_labels_train_gensim_sparse_matrix.npz
rhad.hypotheses.org/155;histoire_d, histoire des sciences sociales_d, histoire_t, époque moderne_t, révolution française_t, xviie siècle_t, xviiie siècle_t, prospectives_t;Datasets/all_labels_train_gensim_sparse_matrix.npz
archivewk1.hypotheses.org/6872;histoire_d, époque contemporaine_t, 1914-1918_t;Datasets/all_labels_train_gensim_sparse_matrix.npz
djgd.hypotheses.org/296;histoire_d, histoire_t, digital humanities_t, xxe siècle_t, prospectives_t;Datasets/all_labels_train_gensim_sparse_matrix.npz
archivalia.hypotheses.org/58428;histoire et archéologie_d, sciences sociales interdisciplinaires_d, histoire_t, approches de corpus_t, enquêtes_t, archives_t;Datasets/all_labels_train_gensim_sparse_matrix.npz
nordichistoryblog.hypotheses.org/882;arts et humanités_d, histoire et archéologie_d, histoire_t, édition électronique_t, vie de la recherche_t, approches de corpus_t, enquêtes_t, archives_t, europe_t, pays baltes et scandinaves_t;Datasets/all_labels_train_gensim_sparse_matrix.npz
ordensgeschichte.hypotheses.org/4473;arts et humanités_d, humanités pluridisciplinaires_d, histoire et archéologie_d, histoire et philosophie des sciences_d, histoire_t, haut moyen âge_t, bas moyen âge_t, xviie siècle_t, xviiie siècle_t;Datasets/all_labels_train_gensim_sparse_matrix.npz
histbav.hypotheses.org/1183;humanités pluridisciplinaires_d, histoire_d, pluridisciplinarité_d, histoire_t, monde germanique_t;Datasets/all_labels_train_gensim_sparse_matrix.npz
tagebuch.hypotheses.org/168;histoire et archéologie_d, histoire_d, histoire_t, époque contemporaine_t, 1914-1918_t;Datasets/all_labels_train_gensim_sparse_matrix.npz
archivalia.hypotheses.org/9331;histoire et archéologie_d, sciences sociales interdisciplinaires_d, histoire_t, approches de corpus_t, enquêtes_t, archives_t;Datasets/all_labels_train_gensim_sparse_matrix.npz
futurecity.hypotheses.org/232;sciences politiques_d, administration publique et développement_d, sociologie urbaine_t;Datasets/all_labels_train_gensim_sparse_matrix.npz
medienbildung.hypotheses.org/7961;éducation_d, éducation spécialisée_d, travail social_d, sociologie_t, édition électronique_t, histoire et sociologie des médias_t, éducation_t;Datasets/all_labels_train_gensim_sparse_matrix.npz
archivalia.hypotheses.org/51952;histoire et archéologie_d, sciences sociales interdisciplinaires_d, histoire_t, approches de corpus_t, enquêtes_t, archives_t;Datasets/all_labels_train_gensim_sparse_matrix.npz
archivalia.hypotheses.org/14443;histoire et archéologie_d, sciences sociales interdisciplinaires_d, histoire_t, approches de corpus_t, enquêtes_t, archives_t;Datasets/all_labels_train_gensim_sparse_matrix.npz
archivalia.hypotheses.org/58785;histoire et archéologie_d, sciences sociales interdisciplinaires_d, histoire_t, approches de corpus_t, enquêtes_t, archives_t;Datasets/all_labels_train_gensim_sparse_matrix.npz
archivalia.hypotheses.org/8205;histoire et archéologie_d, sciences sociales interdisciplinaires_d, histoire_t, approches de corpus_t, enquêtes_t, archives_t;Datasets/all_labels_train_gensim_sparse_matrix.npz
1914lvr.hypotheses.org/303;sciences politiques_d, histoire_t, époque contemporaine_t, 1914-1918_t;Datasets/all_labels_train_gensim_sparse_matrix.npz
archivewk1.hypotheses.org/5439;histoire_d, époque contemporaine_t, 1914-1918_t;Datasets/all_labels_train_gensim_sparse_matrix.npz
redaktionsblog.hypotheses.org/2402;arts et humanités_d, humanités pluridisciplinaires_d, épistémologie et méthodes_t, digital humanities_t;Datasets/all_labels_train_gensim_sparse_matrix.npz
ordensgeschichte.hypotheses.org/8173;arts et humanités_d, humanités pluridisciplinaires_d, histoire et archéologie_d, histoire et philosophie des sciences_d, histoire_t, haut moyen âge_t, bas moyen âge_t, xviie siècle_t, xviiie siècle_t;Datasets/all_labels_train_gensim_sparse_matrix.npz
djgd.hypotheses.org/337;histoire_d, histoire_t, digital humanities_t, xxe siècle_t, prospectives_t;Datasets/all_labels_train_gensim_sparse_matrix.npz
histgymbib.hypotheses.org/707;arts et humanités_d, humanités pluridisciplinaires_d, sciences de l'information et de la communication_d, bibliothéconomie_d, sciences sociales interdisciplinaires_d, éducation_t, xvie siècle_t, xviie siècle_t, xviiie siècle_t, prospectives_t;Datasets/all_labels_train_gensim_sparse_matrix.npz
musicaroma.hypotheses.org/228;musique_d, histoire_d, histoire_t, histoire culturelle_t, monde germanique_t;Datasets/all_labels_train_gensim_sparse_matrix.npz
mittelalter.hypotheses.org/5229;humanités pluridisciplinaires_d, religions_d, histoire_d, sociologie_d, histoire_t, histoire sociale_t, histoire intellectuelle_t, moyen âge_t, haut moyen âge_t, bas moyen âge_t;Datasets/all_labels_train_gensim_sparse_matrix.npz
archivalia.hypotheses.org/8450;histoire et archéologie_d, sciences sociales interdisciplinaires_d, histoire_t, approches de corpus_t, enquêtes_t, archives_t;Datasets/all_labels_train_gensim_sparse_matrix.npz
archivalia.hypotheses.org/8643;histoire et archéologie_d, sciences sociales interdisciplinaires_d, histoire_t, approches de corpus_t, enquêtes_t, archives_t;Datasets/all_labels_train_gensim_sparse_matrix.npz
archive20.hypotheses.org/1387;pluridisciplinarité_d, sciences sociales interdisciplinaires_d, histoire_t, information_t, patrimoine_t, monde germanique_t;Datasets/all_labels_train_gensim_sparse_matrix.npz
frobeniusforster.hypotheses.org/562;histoire et archéologie_d, histoire_t, époque moderne_t, xviiie siècle_t;Datasets/all_labels_train_gensim_sparse_matrix.npz
bloghaus.hypotheses.org/545;pluridisciplinarité_d, sciences sociales interdisciplinaires_d, information_t, digital humanities_t;Datasets/all_labels_train_gensim_sparse_matrix.npz
sdvigpress.hypotheses.org/291;langue et linguistique_d, philosophie_d, humanités pluridisciplinaires_d, épistémologie et méthodes_t, digital humanities_t, europe centrale et orientale_t, édition électronique_t, linguistique_t;Datasets/all_labels_train_gensim_sparse_matrix.npz
archivalia.hypotheses.org/10591;histoire et archéologie_d, sciences sociales interdisciplinaires_d, histoire_t, approches de corpus_t, enquêtes_t, archives_t;Datasets/all_labels_train_gensim_sparse_matrix.npz
archivalia.hypotheses.org/6170;histoire et archéologie_d, sciences sociales interdisciplinaires_d, histoire_t, approches de corpus_t, enquêtes_t, archives_t;Datasets/all_labels_train_gensim_sparse_matrix.npz
archivalia.hypotheses.org/1289;histoire et archéologie_d, sciences sociales interdisciplinaires_d, histoire_t, approches de corpus_t, enquêtes_t, archives_t;Datasets/all_labels_train_gensim_sparse_matrix.npz
soziologieblog.hypotheses.org/9261;sciences sociales interdisciplinaires_d, sociologie et anthropologie_d, sociologie du travail_t, sociologie urbaine_t, sociologie de la culture_t, sociologie économique_t;Datasets/all_labels_train_gensim_sparse_matrix.npz
greflinger.hypotheses.org/288;littérature_d, littératures_t, xviie siècle_t;Datasets/all_labels_train_gensim_sparse_matrix.npz
netzwerk.hypotheses.org/1325;histoire et archéologie_d, histoire urbaine_t, histoire sociale_t, histoire intellectuelle_t, époque contemporaine_t;Datasets/all_labels_train_gensim_sparse_matrix.npz
musicaroma.hypotheses.org/666;musique_d, histoire_d, histoire_t, histoire culturelle_t, monde germanique_t;Datasets/all_labels_train_gensim_sparse_matrix.npz
redaktionsblog.hypotheses.org/2481;arts et humanités_d, humanités pluridisciplinaires_d, épistémologie et méthodes_t, digital humanities_t;Datasets/all_labels_train_gensim_sparse_matrix.npz
frueheneuzeit.hypotheses.org/1610;histoire et archéologie_d, histoire_t, époque moderne_t, xviie siècle_t, xviiie siècle_t, révolution française_t;Datasets/all_labels_train_gensim_sparse_matrix.npz
archivewk1.hypotheses.org/30614;histoire_d, époque contemporaine_t, 1914-1918_t;Datasets/all_labels_train_gensim_sparse_matrix.npz
19jhdhip.hypotheses.org/1088;histoire_d, époque contemporaine_t, prospectives_t, france_t, monde germanique_t;Datasets/all_labels_train_gensim_sparse_matrix.npz
studpro.hypotheses.org/1044;histoire_d, histoire_t, époque moderne_t, xviie siècle_t, xviiie siècle_t;Datasets/all_labels_train_gensim_sparse_matrix.npz
ordensgeschichte.hypotheses.org/2446;arts et humanités_d, humanités pluridisciplinaires_d, histoire et archéologie_d, histoire et philosophie des sciences_d, histoire_t, haut moyen âge_t, bas moyen âge_t, xviie siècle_t, xviiie siècle_t;Datasets/all_labels_train_gensim_sparse_matrix.npz
minuseinsebene.hypotheses.org/764;archéologie_d, histoire urbaine_t, histoire des religions_t, moyen âge_t, haut moyen âge_t, monde germanique_t;Datasets/all_labels_train_gensim_sparse_matrix.npz
archivalia.hypotheses.org/9381;histoire et archéologie_d, sciences sociales interdisciplinaires_d, histoire_t, approches de corpus_t, enquêtes_t, archives_t;Datasets/all_labels_train_gensim_sparse_matrix.npz
archive20.hypotheses.org/3278;pluridisciplinarité_d, sciences sociales interdisciplinaires_d, histoire_t, information_t, patrimoine_t, monde germanique_t;Datasets/all_labels_train_gensim_sparse_matrix.npz
majerus.hypotheses.org/1177;histoire et archéologie_d, histoire des sciences sociales_d, histoire sociale_t, digital humanities_t, époque contemporaine_t, xxe siècle_t;Datasets/all_labels_train_gensim_sparse_matrix.npz
archivalia.hypotheses.org/14331;histoire et archéologie_d, sciences sociales interdisciplinaires_d, histoire_t, approches de corpus_t, enquêtes_t, archives_t;Datasets/all_labels_train_gensim_sparse_matrix.npz
lvrafz.hypotheses.org/1548;pluridisciplinarité_d, information_t;Datasets/all_labels_train_gensim_sparse_matrix.npz
kinder.hypotheses.org/265;éducation et sciences de l'éducation_d, études sur la famille_d, âges de la vie_t, sciences de l'éducation_t;Datasets/all_labels_train_gensim_sparse_matrix.npz
lvrafz.hypotheses.org/1587;pluridisciplinarité_d, information_t;Datasets/all_labels_train_gensim_sparse_matrix.npz
archivalia.hypotheses.org/11682;histoire et archéologie_d, sciences sociales interdisciplinaires_d, histoire_t, approches de corpus_t, enquêtes_t, archives_t;Datasets/all_labels_train_gensim_sparse_matrix.npz
jameel.hypotheses.org/748;pluridisciplinarité_d, études régionales_d, archéologie_d, arts_d, humanités pluridisciplinaires_d, représentations_t, asie_t, digital humanities_t, histoire de l'art_t;Datasets/all_labels_train_gensim_sparse_matrix.npz
ordensgeschichte.hypotheses.org/3455;arts et humanités_d, humanités pluridisciplinaires_d, histoire et archéologie_d, histoire et philosophie des sciences_d, histoire_t, haut moyen âge_t, bas moyen âge_t, xviie siècle_t, xviiie siècle_t;Datasets/all_labels_train_gensim_sparse_matrix.npz
merzdadaco.hypotheses.org/134;humanités pluridisciplinaires_d, littérature_d, littératures_t, représentations_t, histoire culturelle_t, histoire de l'art_t;Datasets/all_labels_train_gensim_sparse_matrix.npz
dfmfa.hypotheses.org/1530;humanités pluridisciplinaires_d, sciences sociales interdisciplinaires_d, histoire_t, moyen âge_t, haut moyen âge_t, bas moyen âge_t;Datasets/all_labels_train_gensim_sparse_matrix.npz
archivalia.hypotheses.org/2850;histoire et archéologie_d, sciences sociales interdisciplinaires_d, histoire_t, approches de corpus_t, enquêtes_t, archives_t;Datasets/all_labels_train_gensim_sparse_matrix.npz
archivalia.hypotheses.org/3893;histoire et archéologie_d, sciences sociales interdisciplinaires_d, histoire_t, approches de corpus_t, enquêtes_t, archives_t;Datasets/all_labels_train_gensim_sparse_matrix.npz
grk1678.hypotheses.org/630;arts et humanités_d, humanités pluridisciplinaires_d, histoire et philosophie des sciences_d, pluridisciplinarité_d, philosophie_t, littératures_t, histoire culturelle_t, histoire de l'art_t;Datasets/all_labels_train_gensim_sparse_matrix.npz
tagebuch.hypotheses.org/1060;histoire et archéologie_d, histoire_d, histoire_t, époque contemporaine_t, 1914-1918_t;Datasets/all_labels_train_gensim_sparse_matrix.npz
archivalia.hypotheses.org/59938;histoire et archéologie_d, sciences sociales interdisciplinaires_d, histoire_t, approches de corpus_t, enquêtes_t, archives_t;Datasets/all_labels_train_gensim_sparse_matrix.npz
archivalia.hypotheses.org/13913;histoire et archéologie_d, sciences sociales interdisciplinaires_d, histoire_t, approches de corpus_t, enquêtes_t, archives_t;Datasets/all_labels_train_gensim_sparse_matrix.npz
archivamt.hypotheses.org/2117;communication_d, pluridisciplinarité_d, sciences sociales interdisciplinaires_d, information_t, sciences de l'information_t, représentations_t, patrimoine_t;Datasets/all_labels_train_gensim_sparse_matrix.npz
archivalia.hypotheses.org/7965;histoire et archéologie_d, sciences sociales interdisciplinaires_d, histoire_t, approches de corpus_t, enquêtes_t, archives_t;Datasets/all_labels_train_gensim_sparse_matrix.npz
rkb.hypotheses.org/1078;arts et humanités_d, communication_d, sciences de l'information et bibliothéconomie_d, sociologie des sciences_t, édition électronique_t, histoire et sociologie des médias_t;Datasets/all_labels_train_gensim_sparse_matrix.npz
archivewk1.hypotheses.org/30424;histoire_d, époque contemporaine_t, 1914-1918_t;Datasets/all_labels_train_gensim_sparse_matrix.npz
gewalt.hypotheses.org/233;sciences politiques_d, sociologie_d, sociologie_t, sociologie urbaine_t, anthropologie politique_t, histoire urbaine_t, guerres_t, conflits_t, violence_t;Datasets/all_labels_train_gensim_sparse_matrix.npz
dokunstlmu.hypotheses.org/251;arts et humanités_d, histoire intellectuelle_t;Datasets/all_labels_train_gensim_sparse_matrix.npz
archivewk1.hypotheses.org/1266;histoire_d, époque contemporaine_t, 1914-1918_t;Datasets/all_labels_train_gensim_sparse_matrix.npz
soziologieblog.hypotheses.org/8362;sciences sociales interdisciplinaires_d, sociologie et anthropologie_d, sociologie du travail_t, sociologie urbaine_t, sociologie de la culture_t, sociologie économique_t;Datasets/all_labels_train_gensim_sparse_matrix.npz
archivalia.hypotheses.org/13890;histoire et archéologie_d, sciences sociales interdisciplinaires_d, histoire_t, approches de corpus_t, enquêtes_t, archives_t;Datasets/all_labels_train_gensim_sparse_matrix.npz
archivamt.hypotheses.org/1240;communication_d, pluridisciplinarité_d, sciences sociales interdisciplinaires_d, information_t, sciences de l'information_t, représentations_t, patrimoine_t;Datasets/all_labels_train_gensim_sparse_matrix.npz
histbav.hypotheses.org/4087;humanités pluridisciplinaires_d, histoire_d, pluridisciplinarité_d, histoire_t, monde germanique_t;Datasets/all_labels_train_gensim_sparse_matrix.npz
archivamt.hypotheses.org/2208;communication_d, pluridisciplinarité_d, sciences sociales interdisciplinaires_d, information_t, sciences de l'information_t, représentations_t, patrimoine_t;Datasets/all_labels_train_gensim_sparse_matrix.npz
1914lvr.hypotheses.org/307;sciences politiques_d, histoire_t, époque contemporaine_t, 1914-1918_t;Datasets/all_labels_train_gensim_sparse_matrix.npz
archivalia.hypotheses.org/56084;histoire et archéologie_d, sciences sociales interdisciplinaires_d, histoire_t, approches de corpus_t, enquêtes_t, archives_t;Datasets/all_labels_train_gensim_sparse_matrix.npz
nordichistoryblog.hypotheses.org/86;arts et humanités_d, histoire et archéologie_d, histoire_t, édition électronique_t, vie de la recherche_t, approches de corpus_t, enquêtes_t, archives_t, europe_t, pays baltes et scandinaves_t;Datasets/all_labels_train_gensim_sparse_matrix.npz
archivalia.hypotheses.org/11803;histoire et archéologie_d, sciences sociales interdisciplinaires_d, histoire_t, approches de corpus_t, enquêtes_t, archives_t;Datasets/all_labels_train_gensim_sparse_matrix.npz
reichwein.hypotheses.org/845;histoire et archéologie_d, histoire des sciences_t, 1945-1989_t;Datasets/all_labels_train_gensim_sparse_matrix.npz
nordichistoryblog.hypotheses.org/2493;arts et humanités_d, histoire et archéologie_d, histoire_t, édition électronique_t, vie de la recherche_t, approches de corpus_t, enquêtes_t, archives_t, europe_t, pays baltes et scandinaves_t;Datasets/all_labels_train_gensim_sparse_matrix.npz
archivewk1.hypotheses.org/6311;histoire_d, époque contemporaine_t, 1914-1918_t;Datasets/all_labels_train_gensim_sparse_matrix.npz
1914lvr.hypotheses.org/514;sciences politiques_d, histoire_t, époque contemporaine_t, 1914-1918_t;Datasets/all_labels_train_gensim_sparse_matrix.npz
archivalia.hypotheses.org/9164;histoire et archéologie_d, sciences sociales interdisciplinaires_d, histoire_t, approches de corpus_t, enquêtes_t, archives_t;Datasets/all_labels_train_gensim_sparse_matrix.npz
heraldica.hypotheses.org/3171;histoire_d, histoire_t, historiographie_t, sciences auxiliaires de l'histoire_t, moyen âge_t, haut moyen âge_t;Datasets/all_labels_train_gensim_sparse_matrix.npz
archivalia.hypotheses.org/1678;histoire et archéologie_d, sciences sociales interdisciplinaires_d, histoire_t, approches de corpus_t, enquêtes_t, archives_t;Datasets/all_labels_train_gensim_sparse_matrix.npz
feldpost.hypotheses.org/681;histoire_d, histoire_t, guerres_t, conflits_t, violence_t, histoire culturelle_t, 1914-1918_t, monde germanique_t;Datasets/all_labels_train_gensim_sparse_matrix.npz
archivalia.hypotheses.org/2229;histoire et archéologie_d, sciences sociales interdisciplinaires_d, histoire_t, approches de corpus_t, enquêtes_t, archives_t;Datasets/all_labels_train_gensim_sparse_matrix.npz
zwopktnull.hypotheses.org/38;éducation_d, histoire_t, représentations_t;Datasets/all_labels_train_gensim_sparse_matrix.npz
amuc.hypotheses.org/1746;humanités pluridisciplinaires_d, histoire_d, histoire_t, représentations_t, patrimoine_t;Datasets/all_labels_train_gensim_sparse_matrix.npz
philophiso.hypotheses.org/1154;philosophie_d, éducation_d, éducation spécialisée_d, pensée_t, philosophie_t, représentations_t, patrimoine_t;Datasets/all_labels_train_gensim_sparse_matrix.npz
archivalia.hypotheses.org/9905;histoire et archéologie_d, sciences sociales interdisciplinaires_d, histoire_t, approches de corpus_t, enquêtes_t, archives_t;Datasets/all_labels_train_gensim_sparse_matrix.npz
gewalt.hypotheses.org/72;sciences politiques_d, sociologie_d, sociologie_t, sociologie urbaine_t, anthropologie politique_t, histoire urbaine_t, guerres_t, conflits_t, violence_t;Datasets/all_labels_train_gensim_sparse_matrix.npz
archivewk1.hypotheses.org/11813;histoire_d, époque contemporaine_t, 1914-1918_t;Datasets/all_labels_train_gensim_sparse_matrix.npz
tagebuch.hypotheses.org/1132;histoire et archéologie_d, histoire_d, histoire_t, époque contemporaine_t, 1914-1918_t;Datasets/all_labels_train_gensim_sparse_matrix.npz
archivalia.hypotheses.org/2966;histoire et archéologie_d, sciences sociales interdisciplinaires_d, histoire_t, approches de corpus_t, enquêtes_t, archives_t;Datasets/all_labels_train_gensim_sparse_matrix.npz
studpro.hypotheses.org/1150;histoire_d, histoire_t, époque moderne_t, xviie siècle_t, xviiie siècle_t;Datasets/all_labels_train_gensim_sparse_matrix.npz
archivalia.hypotheses.org/55347;histoire et archéologie_d, sciences sociales interdisciplinaires_d, histoire_t, approches de corpus_t, enquêtes_t, archives_t;Datasets/all_labels_train_gensim_sparse_matrix.npz
leibnizarc.hypotheses.org/366;éducation_d, histoire et archéologie_d, sciences de l'information et bibliothéconomie_d, études des sciences_t, histoire industrielle_t, histoire de l'art_t;Datasets/all_labels_train_gensim_sparse_matrix.npz
archivalia.hypotheses.org/7228;histoire et archéologie_d, sciences sociales interdisciplinaires_d, histoire_t, approches de corpus_t, enquêtes_t, archives_t;Datasets/all_labels_train_gensim_sparse_matrix.npz
medienbildung.hypotheses.org/6082;éducation_d, éducation spécialisée_d, travail social_d, sociologie_t, édition électronique_t, histoire et sociologie des médias_t, éducation_t;Datasets/all_labels_train_gensim_sparse_matrix.npz
reichwein.hypotheses.org/1938;histoire et archéologie_d, histoire des sciences_t, 1945-1989_t;Datasets/all_labels_train_gensim_sparse_matrix.npz
dokunstlmu.hypotheses.org/1081;arts et humanités_d, histoire intellectuelle_t;Datasets/all_labels_train_gensim_sparse_matrix.npz
dss.hypotheses.org/659;arts et humanités_d, communication_d, sciences de l'information et bibliothéconomie_d, information_t, édition électronique_t, représentations_t, histoire de l'art_t, patrimoine_t, prospectives_t;Datasets/all_labels_train_gensim_sparse_matrix.npz
mgtud.hypotheses.org/371;humanités pluridisciplinaires_d, éducation_d, histoire et archéologie_d, histoire_d, histoire_t, histoire urbaine_t, édition électronique_t;Datasets/all_labels_train_gensim_sparse_matrix.npz
archive20.hypotheses.org/2812;pluridisciplinarité_d, sciences sociales interdisciplinaires_d, histoire_t, information_t, patrimoine_t, monde germanique_t;Datasets/all_labels_train_gensim_sparse_matrix.npz
archivalia.hypotheses.org/3726;histoire et archéologie_d, sciences sociales interdisciplinaires_d, histoire_t, approches de corpus_t, enquêtes_t, archives_t;Datasets/all_labels_train_gensim_sparse_matrix.npz
tagebuch.hypotheses.org/1427;histoire et archéologie_d, histoire_d, histoire_t, époque contemporaine_t, 1914-1918_t;Datasets/all_labels_train_gensim_sparse_matrix.npz
soziologieblog.hypotheses.org/3238;sciences sociales interdisciplinaires_d, sociologie et anthropologie_d, sociologie du travail_t, sociologie urbaine_t, sociologie de la culture_t, sociologie économique_t;Datasets/all_labels_train_gensim_sparse_matrix.npz
archivalia.hypotheses.org/3769;histoire et archéologie_d, sciences sociales interdisciplinaires_d, histoire_t, approches de corpus_t, enquêtes_t, archives_t;Datasets/all_labels_train_gensim_sparse_matrix.npz
archivalia.hypotheses.org/12057;histoire et archéologie_d, sciences sociales interdisciplinaires_d, histoire_t, approches de corpus_t, enquêtes_t, archives_t;Datasets/all_labels_train_gensim_sparse_matrix.npz
zakunibonn.hypotheses.org/1348;histoire_d, psychologie_d, histoire_t, psychisme_t, psychologie_t, méthodes de traitement et de représentation_t, monde germanique_t;Datasets/all_labels_train_gensim_sparse_matrix.npz
amuc.hypotheses.org/1594;humanités pluridisciplinaires_d, histoire_d, histoire_t, représentations_t, patrimoine_t;Datasets/all_labels_train_gensim_sparse_matrix.npz
francofil.hypotheses.org/1329;pluridisciplinarité_d, sciences sociales interdisciplinaires_d, histoire_t, épistémologie et méthodes_t, approches de corpus_t, enquêtes_t, archives_t, france_t;Datasets/all_labels_train_gensim_sparse_matrix.npz
resilienz.hypotheses.org/1026;pluridisciplinarité_d, sciences sociales interdisciplinaires_d, études des sciences_t, épistémologie et méthodes_t, vie de la recherche_t, prospectives_t;Datasets/all_labels_train_gensim_sparse_matrix.npz
archivalia.hypotheses.org/57635;histoire et archéologie_d, sciences sociales interdisciplinaires_d, histoire_t, approches de corpus_t, enquêtes_t, archives_t;Datasets/all_labels_train_gensim_sparse_matrix.npz
archivalia.hypotheses.org/12158;histoire et archéologie_d, sciences sociales interdisciplinaires_d, histoire_t, approches de corpus_t, enquêtes_t, archives_t;Datasets/all_labels_train_gensim_sparse_matrix.npz
archivalia.hypotheses.org/8490;histoire et archéologie_d, sciences sociales interdisciplinaires_d, histoire_t, approches de corpus_t, enquêtes_t, archives_t;Datasets/all_labels_train_gensim_sparse_matrix.npz
gab.hypotheses.org/841;histoire et archéologie_d, pluridisciplinarité_d, sciences sociales interdisciplinaires_d, études des sciences_t, sociologie des sciences_t, histoire_t;Datasets/all_labels_train_gensim_sparse_matrix.npz
soziologieblog.hypotheses.org/7168;sciences sociales interdisciplinaires_d, sociologie et anthropologie_d, sociologie du travail_t, sociologie urbaine_t, sociologie de la culture_t, sociologie économique_t;Datasets/all_labels_train_gensim_sparse_matrix.npz
bioeg.hypotheses.org/517;histoire et archéologie_d, histoire_d, histoire_t, sciences auxiliaires de l'histoire_t, europe centrale et orientale_t, monde germanique_t;Datasets/all_labels_train_gensim_sparse_matrix.npz
ordensgeschichte.hypotheses.org/6554;arts et humanités_d, humanités pluridisciplinaires_d, histoire et archéologie_d, histoire et philosophie des sciences_d, histoire_t, haut moyen âge_t, bas moyen âge_t, xviie siècle_t, xviiie siècle_t;Datasets/all_labels_train_gensim_sparse_matrix.npz
archivewk1.hypotheses.org/35071;histoire_d, époque contemporaine_t, 1914-1918_t;Datasets/all_labels_train_gensim_sparse_matrix.npz
dokunstlmu.hypotheses.org/486;arts et humanités_d, histoire intellectuelle_t;Datasets/all_labels_train_gensim_sparse_matrix.npz
archivalia.hypotheses.org/213;histoire et archéologie_d, sciences sociales interdisciplinaires_d, histoire_t, approches de corpus_t, enquêtes_t, archives_t;Datasets/all_labels_train_gensim_sparse_matrix.npz
archivlinz.hypotheses.org/586;histoire et archéologie_d, histoire_d, histoire urbaine_t, 1914-1918_t, monde germanique_t;Datasets/all_labels_train_gensim_sparse_matrix.npz
anthropologicalmaterialism.hypotheses.org/1742;sociologie_t, philosophie_t;Datasets/all_labels_train_gensim_sparse_matrix.npz
archivalia.hypotheses.org/9607;histoire et archéologie_d, sciences sociales interdisciplinaires_d, histoire_t, approches de corpus_t, enquêtes_t, archives_t;Datasets/all_labels_train_gensim_sparse_matrix.npz
archivalia.hypotheses.org/61185;histoire et archéologie_d, sciences sociales interdisciplinaires_d, histoire_t, approches de corpus_t, enquêtes_t, archives_t;Datasets/all_labels_train_gensim_sparse_matrix.npz
archivewk1.hypotheses.org/26517;histoire_d, époque contemporaine_t, 1914-1918_t;Datasets/all_labels_train_gensim_sparse_matrix.npz
texperimentales.hypotheses.org/800;linguistique appliquée_d, langue et linguistique_d, langage_t, linguistique_t, information_t, sciences de l'information_t, digital humanities_t;Datasets/all_labels_train_gensim_sparse_matrix.npz
schotten.hypotheses.org/872;religions_d, histoire et archéologie_d, sciences de l'information et de la communication_d, bibliothéconomie_d, histoire_t, histoire des religions_t, approches de corpus_t, enquêtes_t, archives_t, monde germanique_t;Datasets/all_labels_train_gensim_sparse_matrix.npz
histbav.hypotheses.org/4242;humanités pluridisciplinaires_d, histoire_d, pluridisciplinarité_d, histoire_t, monde germanique_t;Datasets/all_labels_train_gensim_sparse_matrix.npz
gab.hypotheses.org/3122;histoire et archéologie_d, pluridisciplinarité_d, sciences sociales interdisciplinaires_d, études des sciences_t, sociologie des sciences_t, histoire_t;Datasets/all_labels_train_gensim_sparse_matrix.npz
lvrafz.hypotheses.org/1525;pluridisciplinarité_d, information_t;Datasets/all_labels_train_gensim_sparse_matrix.npz
archivalia.hypotheses.org/4899;histoire et archéologie_d, sciences sociales interdisciplinaires_d, histoire_t, approches de corpus_t, enquêtes_t, archives_t;Datasets/all_labels_train_gensim_sparse_matrix.npz
zeitraeume.hypotheses.org/381;histoire_d, histoire industrielle_t, histoire sociale_t, édition électronique_t, digital humanities_t, époque contemporaine_t;Datasets/all_labels_train_gensim_sparse_matrix.npz
histgymbib.hypotheses.org/838;arts et humanités_d, humanités pluridisciplinaires_d, sciences de l'information et de la communication_d, bibliothéconomie_d, sciences sociales interdisciplinaires_d, éducation_t, xvie siècle_t, xviie siècle_t, xviiie siècle_t, prospectives_t;Datasets/all_labels_train_gensim_sparse_matrix.npz
archivewk1.hypotheses.org/27353;histoire_d, époque contemporaine_t, 1914-1918_t;Datasets/all_labels_train_gensim_sparse_matrix.npz
medienbildung.hypotheses.org/6637;éducation_d, éducation spécialisée_d, travail social_d, sociologie_t, édition électronique_t, histoire et sociologie des médias_t, éducation_t;Datasets/all_labels_train_gensim_sparse_matrix.npz
archivalia.hypotheses.org/8102;histoire et archéologie_d, sciences sociales interdisciplinaires_d, histoire_t, approches de corpus_t, enquêtes_t, archives_t;Datasets/all_labels_train_gensim_sparse_matrix.npz
archive20.hypotheses.org/1683;pluridisciplinarité_d, sciences sociales interdisciplinaires_d, histoire_t, information_t, patrimoine_t, monde germanique_t;Datasets/all_labels_train_gensim_sparse_matrix.npz
aktenkunde.hypotheses.org/18;histoire_d, histoire_t, sciences auxiliaires de l'histoire_t;Datasets/all_labels_train_gensim_sparse_matrix.npz
soziologieblog.hypotheses.org/8655;sciences sociales interdisciplinaires_d, sociologie et anthropologie_d, sociologie du travail_t, sociologie urbaine_t, sociologie de la culture_t, sociologie économique_t;Datasets/all_labels_train_gensim_sparse_matrix.npz
archivalia.hypotheses.org/10057;histoire et archéologie_d, sciences sociales interdisciplinaires_d, histoire_t, approches de corpus_t, enquêtes_t, archives_t;Datasets/all_labels_train_gensim_sparse_matrix.npz
pgfw.hypotheses.org/1136;histoire et archéologie_d, histoire des sciences_t, histoire_t;Datasets/all_labels_train_gensim_sparse_matrix.npz
archivalia.hypotheses.org/8211;histoire et archéologie_d, sciences sociales interdisciplinaires_d, histoire_t, approches de corpus_t, enquêtes_t, archives_t;Datasets/all_labels_train_gensim_sparse_matrix.npz
soziologieblog.hypotheses.org/7693;sciences sociales interdisciplinaires_d, sociologie et anthropologie_d, sociologie du travail_t, sociologie urbaine_t, sociologie de la culture_t, sociologie économique_t;Datasets/all_labels_train_gensim_sparse_matrix.npz
archivalia.hypotheses.org/52674;histoire et archéologie_d, sciences sociales interdisciplinaires_d, histoire_t, approches de corpus_t, enquêtes_t, archives_t;Datasets/all_labels_train_gensim_sparse_matrix.npz
mittelalter.hypotheses.org/9225;humanités pluridisciplinaires_d, religions_d, histoire_d, sociologie_d, histoire_t, histoire sociale_t, histoire intellectuelle_t, moyen âge_t, haut moyen âge_t, bas moyen âge_t;Datasets/all_labels_train_gensim_sparse_matrix.npz
aktenkunde.hypotheses.org/38;histoire_d, histoire_t, sciences auxiliaires de l'histoire_t;Datasets/all_labels_train_gensim_sparse_matrix.npz
19jhdhip.hypotheses.org/632;histoire_d, époque contemporaine_t, prospectives_t, france_t, monde germanique_t;Datasets/all_labels_train_gensim_sparse_matrix.npz
tagebuch.hypotheses.org/1245;histoire et archéologie_d, histoire_d, histoire_t, époque contemporaine_t, 1914-1918_t;Datasets/all_labels_train_gensim_sparse_matrix.npz
musermeku.hypotheses.org/649;humanités pluridisciplinaires_d, pluridisciplinarité_d, sciences sociales interdisciplinaires_d, sociologie_t, sociologie de la culture_t, histoire_t, histoire politique_t;Datasets/all_labels_train_gensim_sparse_matrix.npz
erinnern.hypotheses.org/55;éducation et sciences de l'éducation_d, histoire_d, histoire_t, éducation_t, 1918-1939_t, 1939-1945_t, 1945-1989_t;Datasets/all_labels_train_gensim_sparse_matrix.npz
dwgd.hypotheses.org/426;éducation_d, histoire_d, histoire des sciences sociales_d, histoire_t, éducation_t, sciences de l'éducation_t;Datasets/all_labels_train_gensim_sparse_matrix.npz
archivalia.hypotheses.org/14268;histoire et archéologie_d, sciences sociales interdisciplinaires_d, histoire_t, approches de corpus_t, enquêtes_t, archives_t;Datasets/all_labels_train_gensim_sparse_matrix.npz
1914lvr.hypotheses.org/840;sciences politiques_d, histoire_t, époque contemporaine_t, 1914-1918_t;Datasets/all_labels_train_gensim_sparse_matrix.npz
dkblog.hypotheses.org/374;histoire_d, histoire_t, époque moderne_t, xviie siècle_t;Datasets/all_labels_train_gensim_sparse_matrix.npz
archivalia.hypotheses.org/5662;histoire et archéologie_d, sciences sociales interdisciplinaires_d, histoire_t, approches de corpus_t, enquêtes_t, archives_t;Datasets/all_labels_train_gensim_sparse_matrix.npz
sdvigpress.hypotheses.org/547;langue et linguistique_d, philosophie_d, humanités pluridisciplinaires_d, épistémologie et méthodes_t, digital humanities_t, europe centrale et orientale_t, édition électronique_t, linguistique_t;Datasets/all_labels_train_gensim_sparse_matrix.npz
charlemagne.hypotheses.org/86;histoire_d, histoire_t, moyen âge_t, europe centrale et orientale_t, monde germanique_t;Datasets/all_labels_train_gensim_sparse_matrix.npz
dtforum.hypotheses.org/400;arts et humanités_d, histoire_t, représentations_t, histoire de l'art_t;Datasets/all_labels_train_gensim_sparse_matrix.npz
archivewk1.hypotheses.org/10218;histoire_d, époque contemporaine_t, 1914-1918_t;Datasets/all_labels_train_gensim_sparse_matrix.npz
erinnerung.hypotheses.org/88;histoire et archéologie_d, histoire_t, xxe siècle_t, prospectives_t, europe_t;Datasets/all_labels_train_gensim_sparse_matrix.npz
archivalia.hypotheses.org/3353;histoire et archéologie_d, sciences sociales interdisciplinaires_d, histoire_t, approches de corpus_t, enquêtes_t, archives_t;Datasets/all_labels_train_gensim_sparse_matrix.npz
digigw.hypotheses.org/1221;humanités pluridisciplinaires_d, histoire_t, édition électronique_t, sciences auxiliaires de l'histoire_t, digital humanities_t;Datasets/all_labels_train_gensim_sparse_matrix.npz
fnzinfo.hypotheses.org/986;arts et humanités_d, musique_d, histoire et archéologie_d, histoire_t, xvie siècle_t, xviie siècle_t, xviiie siècle_t, révolution française_t;Datasets/all_labels_train_gensim_sparse_matrix.npz
archivalia.hypotheses.org/9782;histoire et archéologie_d, sciences sociales interdisciplinaires_d, histoire_t, approches de corpus_t, enquêtes_t, archives_t;Datasets/all_labels_train_gensim_sparse_matrix.npz
musermeku.hypotheses.org/2025;humanités pluridisciplinaires_d, pluridisciplinarité_d, sciences sociales interdisciplinaires_d, sociologie_t, sociologie de la culture_t, histoire_t, histoire politique_t;Datasets/all_labels_train_gensim_sparse_matrix.npz
musicaroma.hypotheses.org/474;musique_d, histoire_d, histoire_t, histoire culturelle_t, monde germanique_t;Datasets/all_labels_train_gensim_sparse_matrix.npz
archivalia.hypotheses.org/13679;histoire et archéologie_d, sciences sociales interdisciplinaires_d, histoire_t, approches de corpus_t, enquêtes_t, archives_t;Datasets/all_labels_train_gensim_sparse_matrix.npz
digigw.hypotheses.org/1547;humanités pluridisciplinaires_d, histoire_t, édition électronique_t, sciences auxiliaires de l'histoire_t, digital humanities_t;Datasets/all_labels_train_gensim_sparse_matrix.npz
archivalia.hypotheses.org/2926;histoire et archéologie_d, sciences sociales interdisciplinaires_d, histoire_t, approches de corpus_t, enquêtes_t, archives_t;Datasets/all_labels_train_gensim_sparse_matrix.npz
archivalia.hypotheses.org/8639;histoire et archéologie_d, sciences sociales interdisciplinaires_d, histoire_t, approches de corpus_t, enquêtes_t, archives_t;Datasets/all_labels_train_gensim_sparse_matrix.npz
resilienz.hypotheses.org/490;pluridisciplinarité_d, sciences sociales interdisciplinaires_d, études des sciences_t, épistémologie et méthodes_t, vie de la recherche_t, prospectives_t;Datasets/all_labels_train_gensim_sparse_matrix.npz
gid.hypotheses.org/470;pluridisciplinarité_d, sciences sociales interdisciplinaires_d, études des sciences_t, histoire des sciences_t, pensée_t, histoire intellectuelle_t, histoire culturelle_t, prospectives_t;Datasets/all_labels_train_gensim_sparse_matrix.npz
archivalia.hypotheses.org/6483;histoire et archéologie_d, sciences sociales interdisciplinaires_d, histoire_t, approches de corpus_t, enquêtes_t, archives_t;Datasets/all_labels_train_gensim_sparse_matrix.npz
intersex.hypotheses.org/653;histoire_d, biomédecine_d, étude des genres_t, histoire des sciences_t, histoire_t, histoire du droit_t, moyen âge_t, xxie siècle_t;Datasets/all_labels_train_gensim_sparse_matrix.npz
19jhdhip.hypotheses.org/1479;histoire_d, époque contemporaine_t, prospectives_t, france_t, monde germanique_t;Datasets/all_labels_train_gensim_sparse_matrix.npz
archivalia.hypotheses.org/55284;histoire et archéologie_d, sciences sociales interdisciplinaires_d, histoire_t, approches de corpus_t, enquêtes_t, archives_t;Datasets/all_labels_train_gensim_sparse_matrix.npz
grk1678.hypotheses.org/243;arts et humanités_d, humanités pluridisciplinaires_d, histoire et philosophie des sciences_d, pluridisciplinarité_d, philosophie_t, littératures_t, histoire culturelle_t, histoire de l'art_t;Datasets/all_labels_train_gensim_sparse_matrix.npz
archivewk1.hypotheses.org/15119;histoire_d, époque contemporaine_t, 1914-1918_t;Datasets/all_labels_train_gensim_sparse_matrix.npz
philophiso.hypotheses.org/1034;philosophie_d, éducation_d, éducation spécialisée_d, pensée_t, philosophie_t, représentations_t, patrimoine_t;Datasets/all_labels_train_gensim_sparse_matrix.npz
archivewk1.hypotheses.org/10707;histoire_d, époque contemporaine_t, 1914-1918_t;Datasets/all_labels_train_gensim_sparse_matrix.npz
archivalia.hypotheses.org/3777;histoire et archéologie_d, sciences sociales interdisciplinaires_d, histoire_t, approches de corpus_t, enquêtes_t, archives_t;Datasets/all_labels_train_gensim_sparse_matrix.npz
histbav.hypotheses.org/2124;humanités pluridisciplinaires_d, histoire_d, pluridisciplinarité_d, histoire_t, monde germanique_t;Datasets/all_labels_train_gensim_sparse_matrix.npz
medienbildung.hypotheses.org/7558;éducation_d, éducation spécialisée_d, travail social_d, sociologie_t, édition électronique_t, histoire et sociologie des médias_t, éducation_t;Datasets/all_labels_train_gensim_sparse_matrix.npz
soziologieblog.hypotheses.org/6759;sciences sociales interdisciplinaires_d, sociologie et anthropologie_d, sociologie du travail_t, sociologie urbaine_t, sociologie de la culture_t, sociologie économique_t;Datasets/all_labels_train_gensim_sparse_matrix.npz
mittelalter.hypotheses.org/3714;humanités pluridisciplinaires_d, religions_d, histoire_d, sociologie_d, histoire_t, histoire sociale_t, histoire intellectuelle_t, moyen âge_t, haut moyen âge_t, bas moyen âge_t;Datasets/all_labels_train_gensim_sparse_matrix.npz
archivalia.hypotheses.org/2210;histoire et archéologie_d, sciences sociales interdisciplinaires_d, histoire_t, approches de corpus_t, enquêtes_t, archives_t;Datasets/all_labels_train_gensim_sparse_matrix.npz
archivewk1.hypotheses.org/22388;histoire_d, époque contemporaine_t, 1914-1918_t;Datasets/all_labels_train_gensim_sparse_matrix.npz
archivalia.hypotheses.org/62032;histoire et archéologie_d, sciences sociales interdisciplinaires_d, histoire_t, approches de corpus_t, enquêtes_t, archives_t;Datasets/all_labels_train_gensim_sparse_matrix.npz
histbav.hypotheses.org/2196;humanités pluridisciplinaires_d, histoire_d, pluridisciplinarité_d, histoire_t, monde germanique_t;Datasets/all_labels_train_gensim_sparse_matrix.npz
archivalia.hypotheses.org/6836;histoire et archéologie_d, sciences sociales interdisciplinaires_d, histoire_t, approches de corpus_t, enquêtes_t, archives_t;Datasets/all_labels_train_gensim_sparse_matrix.npz
archivalia.hypotheses.org/12474;histoire et archéologie_d, sciences sociales interdisciplinaires_d, histoire_t, approches de corpus_t, enquêtes_t, archives_t;Datasets/all_labels_train_gensim_sparse_matrix.npz
archive20.hypotheses.org/2612;pluridisciplinarité_d, sciences sociales interdisciplinaires_d, histoire_t, information_t, patrimoine_t, monde germanique_t;Datasets/all_labels_train_gensim_sparse_matrix.npz
histbav.hypotheses.org/4444;humanités pluridisciplinaires_d, histoire_d, pluridisciplinarité_d, histoire_t, monde germanique_t;Datasets/all_labels_train_gensim_sparse_matrix.npz
medienbildung.hypotheses.org/3944;éducation_d, éducation spécialisée_d, travail social_d, sociologie_t, édition électronique_t, histoire et sociologie des médias_t, éducation_t;Datasets/all_labels_train_gensim_sparse_matrix.npz
archivalia.hypotheses.org/11898;histoire et archéologie_d, sciences sociales interdisciplinaires_d, histoire_t, approches de corpus_t, enquêtes_t, archives_t;Datasets/all_labels_train_gensim_sparse_matrix.npz
archivalia.hypotheses.org/3290;histoire et archéologie_d, sciences sociales interdisciplinaires_d, histoire_t, approches de corpus_t, enquêtes_t, archives_t;Datasets/all_labels_train_gensim_sparse_matrix.npz
archivalia.hypotheses.org/7815;histoire et archéologie_d, sciences sociales interdisciplinaires_d, histoire_t, approches de corpus_t, enquêtes_t, archives_t;Datasets/all_labels_train_gensim_sparse_matrix.npz
archivewk1.hypotheses.org/6980;histoire_d, époque contemporaine_t, 1914-1918_t;Datasets/all_labels_train_gensim_sparse_matrix.npz
archivalia.hypotheses.org/4117;histoire et archéologie_d, sciences sociales interdisciplinaires_d, histoire_t, approches de corpus_t, enquêtes_t, archives_t;Datasets/all_labels_train_gensim_sparse_matrix.npz
lvrafz.hypotheses.org/1068;pluridisciplinarité_d, information_t;Datasets/all_labels_train_gensim_sparse_matrix.npz
tagebuch.hypotheses.org/1142;histoire et archéologie_d, histoire_d, histoire_t, époque contemporaine_t, 1914-1918_t;Datasets/all_labels_train_gensim_sparse_matrix.npz
archivtag.hypotheses.org/110;pluridisciplinarité_d, sciences sociales interdisciplinaires_d, histoire_t, information_t, monde germanique_t;Datasets/all_labels_train_gensim_sparse_matrix.npz
grk1678.hypotheses.org/689;arts et humanités_d, humanités pluridisciplinaires_d, histoire et philosophie des sciences_d, pluridisciplinarité_d, philosophie_t, littératures_t, histoire culturelle_t, histoire de l'art_t;Datasets/all_labels_train_gensim_sparse_matrix.npz
mittelalter.hypotheses.org/3764;humanités pluridisciplinaires_d, religions_d, histoire_d, sociologie_d, histoire_t, histoire sociale_t, histoire intellectuelle_t, moyen âge_t, haut moyen âge_t, bas moyen âge_t;Datasets/all_labels_train_gensim_sparse_matrix.npz
archivewk1.hypotheses.org/4028;histoire_d, époque contemporaine_t, 1914-1918_t;Datasets/all_labels_train_gensim_sparse_matrix.npz
archivalia.hypotheses.org/13201;histoire et archéologie_d, sciences sociales interdisciplinaires_d, histoire_t, approches de corpus_t, enquêtes_t, archives_t;Datasets/all_labels_train_gensim_sparse_matrix.npz
tagebuch.hypotheses.org/1086;histoire et archéologie_d, histoire_d, histoire_t, époque contemporaine_t, 1914-1918_t;Datasets/all_labels_train_gensim_sparse_matrix.npz
frobeniusforster.hypotheses.org/453;histoire et archéologie_d, histoire_t, époque moderne_t, xviiie siècle_t;Datasets/all_labels_train_gensim_sparse_matrix.npz
histbav.hypotheses.org/4306;humanités pluridisciplinaires_d, histoire_d, pluridisciplinarité_d, histoire_t, monde germanique_t;Datasets/all_labels_train_gensim_sparse_matrix.npz
archivewk1.hypotheses.org/10223;histoire_d, époque contemporaine_t, 1914-1918_t;Datasets/all_labels_train_gensim_sparse_matrix.npz
gab.hypotheses.org/1102;histoire et archéologie_d, pluridisciplinarité_d, sciences sociales interdisciplinaires_d, études des sciences_t, sociologie des sciences_t, histoire_t;Datasets/all_labels_train_gensim_sparse_matrix.npz
dhtg.hypotheses.org/204;histoire et archéologie_d, sciences de l'information et de la communication_d, bibliothéconomie_d, histoire_t, sciences de l'information_t, 1939-1945_t, 1945-1989_t;Datasets/all_labels_train_gensim_sparse_matrix.npz
archivewk1.hypotheses.org/2417;histoire_d, époque contemporaine_t, 1914-1918_t;Datasets/all_labels_train_gensim_sparse_matrix.npz
grk1678.hypotheses.org/721;arts et humanités_d, humanités pluridisciplinaires_d, histoire et philosophie des sciences_d, pluridisciplinarité_d, philosophie_t, littératures_t, histoire culturelle_t, histoire de l'art_t;Datasets/all_labels_train_gensim_sparse_matrix.npz
1914lvr.hypotheses.org/1093;sciences politiques_d, histoire_t, époque contemporaine_t, 1914-1918_t;Datasets/all_labels_train_gensim_sparse_matrix.npz
archivalia.hypotheses.org/9169;histoire et archéologie_d, sciences sociales interdisciplinaires_d, histoire_t, approches de corpus_t, enquêtes_t, archives_t;Datasets/all_labels_train_gensim_sparse_matrix.npz
tagebuch.hypotheses.org/646;histoire et archéologie_d, histoire_d, histoire_t, époque contemporaine_t, 1914-1918_t;Datasets/all_labels_train_gensim_sparse_matrix.npz
inklusion.hypotheses.org/410;éducation_d, travail social et politique sociale_d, sociologie du travail_t, âges de la vie_t, information_t, sciences de l'éducation_t;Datasets/all_labels_train_gensim_sparse_matrix.npz
archivalia.hypotheses.org/9326;histoire et archéologie_d, sciences sociales interdisciplinaires_d, histoire_t, approches de corpus_t, enquêtes_t, archives_t;Datasets/all_labels_train_gensim_sparse_matrix.npz
soziologieblog.hypotheses.org/9727;sciences sociales interdisciplinaires_d, sociologie et anthropologie_d, sociologie du travail_t, sociologie urbaine_t, sociologie de la culture_t, sociologie économique_t;Datasets/all_labels_train_gensim_sparse_matrix.npz
archivewk1.hypotheses.org/10378;histoire_d, époque contemporaine_t, 1914-1918_t;Datasets/all_labels_train_gensim_sparse_matrix.npz
kinder.hypotheses.org/576;éducation et sciences de l'éducation_d, études sur la famille_d, âges de la vie_t, sciences de l'éducation_t;Datasets/all_labels_train_gensim_sparse_matrix.npz
archivalia.hypotheses.org/14142;histoire et archéologie_d, sciences sociales interdisciplinaires_d, histoire_t, approches de corpus_t, enquêtes_t, archives_t;Datasets/all_labels_train_gensim_sparse_matrix.npz
archivalia.hypotheses.org/3736;histoire et archéologie_d, sciences sociales interdisciplinaires_d, histoire_t, approches de corpus_t, enquêtes_t, archives_t;Datasets/all_labels_train_gensim_sparse_matrix.npz
archivalia.hypotheses.org/8052;histoire et archéologie_d, sciences sociales interdisciplinaires_d, histoire_t, approches de corpus_t, enquêtes_t, archives_t;Datasets/all_labels_train_gensim_sparse_matrix.npz
schotten.hypotheses.org/1151;religions_d, histoire et archéologie_d, sciences de l'information et de la communication_d, bibliothéconomie_d, histoire_t, histoire des religions_t, approches de corpus_t, enquêtes_t, archives_t, monde germanique_t;Datasets/all_labels_train_gensim_sparse_matrix.npz
dokunstlmu.hypotheses.org/1514;arts et humanités_d, histoire intellectuelle_t;Datasets/all_labels_train_gensim_sparse_matrix.npz
archivalia.hypotheses.org/55324;histoire et archéologie_d, sciences sociales interdisciplinaires_d, histoire_t, approches de corpus_t, enquêtes_t, archives_t;Datasets/all_labels_train_gensim_sparse_matrix.npz
archivalia.hypotheses.org/4496;histoire et archéologie_d, sciences sociales interdisciplinaires_d, histoire_t, approches de corpus_t, enquêtes_t, archives_t;Datasets/all_labels_train_gensim_sparse_matrix.npz
medialogic.hypotheses.org/287;arts et humanités_d, sciences de l'information et de la communication_d, bibliothéconomie_d, sociologie_t;Datasets/all_labels_train_gensim_sparse_matrix.npz
dislab.hypotheses.org/2643;sciences sociales interdisciplinaires_d, langue et linguistique_d, sociologie des sciences_t, linguistique_t;Datasets/all_labels_train_gensim_sparse_matrix.npz
histbav.hypotheses.org/2436;humanités pluridisciplinaires_d, histoire_d, pluridisciplinarité_d, histoire_t, monde germanique_t;Datasets/all_labels_train_gensim_sparse_matrix.npz
archivalia.hypotheses.org/9135;histoire et archéologie_d, sciences sociales interdisciplinaires_d, histoire_t, approches de corpus_t, enquêtes_t, archives_t;Datasets/all_labels_train_gensim_sparse_matrix.npz
histbav.hypotheses.org/1953;humanités pluridisciplinaires_d, histoire_d, pluridisciplinarité_d, histoire_t, monde germanique_t;Datasets/all_labels_train_gensim_sparse_matrix.npz
gid.hypotheses.org/602;pluridisciplinarité_d, sciences sociales interdisciplinaires_d, études des sciences_t, histoire des sciences_t, pensée_t, histoire intellectuelle_t, histoire culturelle_t, prospectives_t;Datasets/all_labels_train_gensim_sparse_matrix.npz
archivalia.hypotheses.org/3037;histoire et archéologie_d, sciences sociales interdisciplinaires_d, histoire_t, approches de corpus_t, enquêtes_t, archives_t;Datasets/all_labels_train_gensim_sparse_matrix.npz
dguw.hypotheses.org/189;histoire et archéologie_d, histoire_t, historiographie_t, digital humanities_t;Datasets/all_labels_train_gensim_sparse_matrix.npz
archivalia.hypotheses.org/11861;histoire et archéologie_d, sciences sociales interdisciplinaires_d, histoire_t, approches de corpus_t, enquêtes_t, archives_t;Datasets/all_labels_train_gensim_sparse_matrix.npz
archivewk1.hypotheses.org/30035;histoire_d, époque contemporaine_t, 1914-1918_t;Datasets/all_labels_train_gensim_sparse_matrix.npz
archivalia.hypotheses.org/11870;histoire et archéologie_d, sciences sociales interdisciplinaires_d, histoire_t, approches de corpus_t, enquêtes_t, archives_t;Datasets/all_labels_train_gensim_sparse_matrix.npz
hofordnung.hypotheses.org/89;arts et humanités_d, histoire et archéologie_d, histoire sociale_t, xvie siècle_t, xviie siècle_t, xviiie siècle_t;Datasets/all_labels_train_gensim_sparse_matrix.npz
wwc.hypotheses.org/2129;humanités pluridisciplinaires_d, pluridisciplinarité_d, études régionales_d, relations internationales_t, information_t, représentations_t;Datasets/all_labels_train_gensim_sparse_matrix.npz
amuc.hypotheses.org/1473;humanités pluridisciplinaires_d, histoire_d, histoire_t, représentations_t, patrimoine_t;Datasets/all_labels_train_gensim_sparse_matrix.npz
archivalia.hypotheses.org/8817;histoire et archéologie_d, sciences sociales interdisciplinaires_d, histoire_t, approches de corpus_t, enquêtes_t, archives_t;Datasets/all_labels_train_gensim_sparse_matrix.npz
ordensgeschichte.hypotheses.org/10815;arts et humanités_d, humanités pluridisciplinaires_d, histoire et archéologie_d, histoire et philosophie des sciences_d, histoire_t, haut moyen âge_t, bas moyen âge_t, xviie siècle_t, xviiie siècle_t;Datasets/all_labels_train_gensim_sparse_matrix.npz
jeunegen.hypotheses.org/264;histoire_d, pluridisciplinarité_d, histoire_t, vie de la recherche_t, moyen âge_t, haut moyen âge_t, bas moyen âge_t;Datasets/all_labels_train_gensim_sparse_matrix.npz
geschichtsadmin.hypotheses.org/106;éducation_d, histoire_d, sociologie du travail_t, histoire_t;Datasets/all_labels_train_gensim_sparse_matrix.npz
archivalia.hypotheses.org/12019;histoire et archéologie_d, sciences sociales interdisciplinaires_d, histoire_t, approches de corpus_t, enquêtes_t, archives_t;Datasets/all_labels_train_gensim_sparse_matrix.npz
archivalia.hypotheses.org/12566;histoire et archéologie_d, sciences sociales interdisciplinaires_d, histoire_t, approches de corpus_t, enquêtes_t, archives_t;Datasets/all_labels_train_gensim_sparse_matrix.npz
wwc.hypotheses.org/72;humanités pluridisciplinaires_d, pluridisciplinarité_d, études régionales_d, relations internationales_t, information_t, représentations_t;Datasets/all_labels_train_gensim_sparse_matrix.npz
archivalia.hypotheses.org/4427;histoire et archéologie_d, sciences sociales interdisciplinaires_d, histoire_t, approches de corpus_t, enquêtes_t, archives_t;Datasets/all_labels_train_gensim_sparse_matrix.npz
musermeku.hypotheses.org/5162;humanités pluridisciplinaires_d, pluridisciplinarité_d, sciences sociales interdisciplinaires_d, sociologie_t, sociologie de la culture_t, histoire_t, histoire politique_t;Datasets/all_labels_train_gensim_sparse_matrix.npz
grk1678.hypotheses.org/315;arts et humanités_d, humanités pluridisciplinaires_d, histoire et philosophie des sciences_d, pluridisciplinarité_d, philosophie_t, littératures_t, histoire culturelle_t, histoire de l'art_t;Datasets/all_labels_train_gensim_sparse_matrix.npz
archivalia.hypotheses.org/1108;histoire et archéologie_d, sciences sociales interdisciplinaires_d, histoire_t, approches de corpus_t, enquêtes_t, archives_t;Datasets/all_labels_train_gensim_sparse_matrix.npz
histbav.hypotheses.org/3080;humanités pluridisciplinaires_d, histoire_d, pluridisciplinarité_d, histoire_t, monde germanique_t;Datasets/all_labels_train_gensim_sparse_matrix.npz
musicaroma.hypotheses.org/321;musique_d, histoire_d, histoire_t, histoire culturelle_t, monde germanique_t;Datasets/all_labels_train_gensim_sparse_matrix.npz
medienbildung.hypotheses.org/312;éducation_d, éducation spécialisée_d, travail social_d, sociologie_t, édition électronique_t, histoire et sociologie des médias_t, éducation_t;Datasets/all_labels_train_gensim_sparse_matrix.npz
archivalia.hypotheses.org/4062;histoire et archéologie_d, sciences sociales interdisciplinaires_d, histoire_t, approches de corpus_t, enquêtes_t, archives_t;Datasets/all_labels_train_gensim_sparse_matrix.npz
archivalia.hypotheses.org/8682;histoire et archéologie_d, sciences sociales interdisciplinaires_d, histoire_t, approches de corpus_t, enquêtes_t, archives_t;Datasets/all_labels_train_gensim_sparse_matrix.npz
archivalia.hypotheses.org/53419;histoire et archéologie_d, sciences sociales interdisciplinaires_d, histoire_t, approches de corpus_t, enquêtes_t, archives_t;Datasets/all_labels_train_gensim_sparse_matrix.npz
dokunstlmu.hypotheses.org/1788;arts et humanités_d, histoire intellectuelle_t;Datasets/all_labels_train_gensim_sparse_matrix.npz
bereschitrabba.hypotheses.org/300;arts et humanités_d, religions_d, langue et linguistique_d, religions_t, histoire des religions_t;Datasets/all_labels_train_gensim_sparse_matrix.npz
archivalia.hypotheses.org/2938;histoire et archéologie_d, sciences sociales interdisciplinaires_d, histoire_t, approches de corpus_t, enquêtes_t, archives_t;Datasets/all_labels_train_gensim_sparse_matrix.npz
amuc.hypotheses.org/2174;humanités pluridisciplinaires_d, histoire_d, histoire_t, représentations_t, patrimoine_t;Datasets/all_labels_train_gensim_sparse_matrix.npz
soziologieblog.hypotheses.org/9590;sciences sociales interdisciplinaires_d, sociologie et anthropologie_d, sociologie du travail_t, sociologie urbaine_t, sociologie de la culture_t, sociologie économique_t;Datasets/all_labels_train_gensim_sparse_matrix.npz
zakunibonn.hypotheses.org/228;histoire_d, psychologie_d, histoire_t, psychisme_t, psychologie_t, méthodes de traitement et de représentation_t, monde germanique_t;Datasets/all_labels_train_gensim_sparse_matrix.npz
mgtud.hypotheses.org/117;humanités pluridisciplinaires_d, éducation_d, histoire et archéologie_d, histoire_d, histoire_t, histoire urbaine_t, édition électronique_t;Datasets/all_labels_train_gensim_sparse_matrix.npz
archivalia.hypotheses.org/10236;histoire et archéologie_d, sciences sociales interdisciplinaires_d, histoire_t, approches de corpus_t, enquêtes_t, archives_t;Datasets/all_labels_train_gensim_sparse_matrix.npz
gab.hypotheses.org/3073;histoire et archéologie_d, pluridisciplinarité_d, sciences sociales interdisciplinaires_d, études des sciences_t, sociologie des sciences_t, histoire_t;Datasets/all_labels_train_gensim_sparse_matrix.npz
archivalia.hypotheses.org/3558;histoire et archéologie_d, sciences sociales interdisciplinaires_d, histoire_t, approches de corpus_t, enquêtes_t, archives_t;Datasets/all_labels_train_gensim_sparse_matrix.npz
zakunibonn.hypotheses.org/330;histoire_d, psychologie_d, histoire_t, psychisme_t, psychologie_t, méthodes de traitement et de représentation_t, monde germanique_t;Datasets/all_labels_train_gensim_sparse_matrix.npz
dokunstlmu.hypotheses.org/343;arts et humanités_d, histoire intellectuelle_t;Datasets/all_labels_train_gensim_sparse_matrix.npz
nummer.hypotheses.org/60;histoire_d, sciences de l'information et de la communication_d, bibliothéconomie_d, histoire_t, histoire intellectuelle_t, histoire et sociologie des médias_t, histoire culturelle_t;Datasets/all_labels_train_gensim_sparse_matrix.npz
archivalia.hypotheses.org/5155;histoire et archéologie_d, sciences sociales interdisciplinaires_d, histoire_t, approches de corpus_t, enquêtes_t, archives_t;Datasets/all_labels_train_gensim_sparse_matrix.npz
tagebuch.hypotheses.org/1419;histoire et archéologie_d, histoire_d, histoire_t, époque contemporaine_t, 1914-1918_t;Datasets/all_labels_train_gensim_sparse_matrix.npz
archivalia.hypotheses.org/8855;histoire et archéologie_d, sciences sociales interdisciplinaires_d, histoire_t, approches de corpus_t, enquêtes_t, archives_t;Datasets/all_labels_train_gensim_sparse_matrix.npz
archivewk1.hypotheses.org/1143;histoire_d, époque contemporaine_t, 1914-1918_t;Datasets/all_labels_train_gensim_sparse_matrix.npz
mittelalter.hypotheses.org/6297;humanités pluridisciplinaires_d, religions_d, histoire_d, sociologie_d, histoire_t, histoire sociale_t, histoire intellectuelle_t, moyen âge_t, haut moyen âge_t, bas moyen âge_t;Datasets/all_labels_train_gensim_sparse_matrix.npz
archivalia.hypotheses.org/4187;histoire et archéologie_d, sciences sociales interdisciplinaires_d, histoire_t, approches de corpus_t, enquêtes_t, archives_t;Datasets/all_labels_train_gensim_sparse_matrix.npz
redaktionsblog.hypotheses.org/850;arts et humanités_d, humanités pluridisciplinaires_d, épistémologie et méthodes_t, digital humanities_t;Datasets/all_labels_train_gensim_sparse_matrix.npz
germanjews.hypotheses.org/53;histoire_d, histoire des sciences sociales_d, histoire économique_t, histoire urbaine_t, histoire sociale_t, époque moderne_t;Datasets/all_labels_train_gensim_sparse_matrix.npz
medienbildung.hypotheses.org/8070;éducation_d, éducation spécialisée_d, travail social_d, sociologie_t, édition électronique_t, histoire et sociologie des médias_t, éducation_t;Datasets/all_labels_train_gensim_sparse_matrix.npz
lvrafz.hypotheses.org/1778;pluridisciplinarité_d, information_t;Datasets/all_labels_train_gensim_sparse_matrix.npz
erinnern.hypotheses.org/490;éducation et sciences de l'éducation_d, histoire_d, histoire_t, éducation_t, 1918-1939_t, 1939-1945_t, 1945-1989_t;Datasets/all_labels_train_gensim_sparse_matrix.npz
archivalia.hypotheses.org/11263;histoire et archéologie_d, sciences sociales interdisciplinaires_d, histoire_t, approches de corpus_t, enquêtes_t, archives_t;Datasets/all_labels_train_gensim_sparse_matrix.npz
archivalia.hypotheses.org/7573;histoire et archéologie_d, sciences sociales interdisciplinaires_d, histoire_t, approches de corpus_t, enquêtes_t, archives_t;Datasets/all_labels_train_gensim_sparse_matrix.npz
archivalia.hypotheses.org/7860;histoire et archéologie_d, sciences sociales interdisciplinaires_d, histoire_t, approches de corpus_t, enquêtes_t, archives_t;Datasets/all_labels_train_gensim_sparse_matrix.npz
archivewk1.hypotheses.org/31902;histoire_d, époque contemporaine_t, 1914-1918_t;Datasets/all_labels_train_gensim_sparse_matrix.npz
archivalia.hypotheses.org/12258;histoire et archéologie_d, sciences sociales interdisciplinaires_d, histoire_t, approches de corpus_t, enquêtes_t, archives_t;Datasets/all_labels_train_gensim_sparse_matrix.npz
grammata.hypotheses.org/1398;études anciennes_d, religions_d, littérature_d, religions_t, littératures_t;Datasets/all_labels_train_gensim_sparse_matrix.npz
soziologieblog.hypotheses.org/760;sciences sociales interdisciplinaires_d, sociologie et anthropologie_d, sociologie du travail_t, sociologie urbaine_t, sociologie de la culture_t, sociologie économique_t;Datasets/all_labels_train_gensim_sparse_matrix.npz
archivalia.hypotheses.org/13601;histoire et archéologie_d, sciences sociales interdisciplinaires_d, histoire_t, approches de corpus_t, enquêtes_t, archives_t;Datasets/all_labels_train_gensim_sparse_matrix.npz
mindthegaps.hypotheses.org/1989;études asiatiques_d, histoire_d, histoire_t, histoire culturelle_t, asie_t, chine_t;Datasets/all_labels_train_gensim_sparse_matrix.npz
ordensgeschichte.hypotheses.org/6520;arts et humanités_d, humanités pluridisciplinaires_d, histoire et archéologie_d, histoire et philosophie des sciences_d, histoire_t, haut moyen âge_t, bas moyen âge_t, xviie siècle_t, xviiie siècle_t;Datasets/all_labels_train_gensim_sparse_matrix.npz
archivalia.hypotheses.org/10398;histoire et archéologie_d, sciences sociales interdisciplinaires_d, histoire_t, approches de corpus_t, enquêtes_t, archives_t;Datasets/all_labels_train_gensim_sparse_matrix.npz
archivewk1.hypotheses.org/366;histoire_d, époque contemporaine_t, 1914-1918_t;Datasets/all_labels_train_gensim_sparse_matrix.npz
archivewk1.hypotheses.org/4107;histoire_d, époque contemporaine_t, 1914-1918_t;Datasets/all_labels_train_gensim_sparse_matrix.npz
archivewk1.hypotheses.org/28092;histoire_d, époque contemporaine_t, 1914-1918_t;Datasets/all_labels_train_gensim_sparse_matrix.npz
vwm.hypotheses.org/176;histoire et archéologie_d, histoire_d, études sur la famille_d, histoire_t, histoire sociale_t, époque moderne_t, xviie siècle_t, xviiie siècle_t;Datasets/all_labels_train_gensim_sparse_matrix.npz
gid.hypotheses.org/403;pluridisciplinarité_d, sciences sociales interdisciplinaires_d, études des sciences_t, histoire des sciences_t, pensée_t, histoire intellectuelle_t, histoire culturelle_t, prospectives_t;Datasets/all_labels_train_gensim_sparse_matrix.npz
2wkvisuell.hypotheses.org/210;arts et humanités_d, histoire et archéologie_d, histoire sociale_t, guerres_t, conflits_t, violence_t, histoire et sociologie des médias_t, études visuelles_t, époque contemporaine_t;Datasets/all_labels_train_gensim_sparse_matrix.npz
minuseinsebene.hypotheses.org/70;archéologie_d, histoire urbaine_t, histoire des religions_t, moyen âge_t, haut moyen âge_t, monde germanique_t;Datasets/all_labels_train_gensim_sparse_matrix.npz
archivewk1.hypotheses.org/1727;histoire_d, époque contemporaine_t, 1914-1918_t;Datasets/all_labels_train_gensim_sparse_matrix.npz
digigw.hypotheses.org/937;humanités pluridisciplinaires_d, histoire_t, édition électronique_t, sciences auxiliaires de l'histoire_t, digital humanities_t;Datasets/all_labels_train_gensim_sparse_matrix.npz
wenhua.hypotheses.org/485;études asiatiques_d, humanités pluridisciplinaires_d, histoire_d, histoire culturelle_t, asie_t;Datasets/all_labels_train_gensim_sparse_matrix.npz
archivalia.hypotheses.org/11984;histoire et archéologie_d, sciences sociales interdisciplinaires_d, histoire_t, approches de corpus_t, enquêtes_t, archives_t;Datasets/all_labels_train_gensim_sparse_matrix.npz
archivalia.hypotheses.org/13896;histoire et archéologie_d, sciences sociales interdisciplinaires_d, histoire_t, approches de corpus_t, enquêtes_t, archives_t;Datasets/all_labels_train_gensim_sparse_matrix.npz
archivewk1.hypotheses.org/6889;histoire_d, époque contemporaine_t, 1914-1918_t;Datasets/all_labels_train_gensim_sparse_matrix.npz
archivalia.hypotheses.org/57610;histoire et archéologie_d, sciences sociales interdisciplinaires_d, histoire_t, approches de corpus_t, enquêtes_t, archives_t;Datasets/all_labels_train_gensim_sparse_matrix.npz
amuc.hypotheses.org/660;humanités pluridisciplinaires_d, histoire_d, histoire_t, représentations_t, patrimoine_t;Datasets/all_labels_train_gensim_sparse_matrix.npz
archivewk1.hypotheses.org/7901;histoire_d, époque contemporaine_t, 1914-1918_t;Datasets/all_labels_train_gensim_sparse_matrix.npz
archivalia.hypotheses.org/55650;histoire et archéologie_d, sciences sociales interdisciplinaires_d, histoire_t, approches de corpus_t, enquêtes_t, archives_t;Datasets/all_labels_train_gensim_sparse_matrix.npz
ockenheim.hypotheses.org/444;histoire et archéologie_d, archéologie_d, histoire_t, histoire urbaine_t, édition électronique_t, monde germanique_t;Datasets/all_labels_train_gensim_sparse_matrix.npz
1914lvr.hypotheses.org/969;sciences politiques_d, histoire_t, époque contemporaine_t, 1914-1918_t;Datasets/all_labels_train_gensim_sparse_matrix.npz
archivewk1.hypotheses.org/21513;histoire_d, époque contemporaine_t, 1914-1918_t;Datasets/all_labels_train_gensim_sparse_matrix.npz
hofkultur.hypotheses.org/671;arts et humanités_d, histoire_d, histoire sociale_t, histoire culturelle_t, histoire de l'art_t;Datasets/all_labels_train_gensim_sparse_matrix.npz
archives.hypotheses.org/1253;histoire_d, communication_d, patrimoine_t, digital humanities_t, moyen âge_t, époque moderne_t, france_t, monde germanique_t;Datasets/all_labels_train_gensim_sparse_matrix.npz
archivalia.hypotheses.org/54053;histoire et archéologie_d, sciences sociales interdisciplinaires_d, histoire_t, approches de corpus_t, enquêtes_t, archives_t;Datasets/all_labels_train_gensim_sparse_matrix.npz
archivalia.hypotheses.org/6149;histoire et archéologie_d, sciences sociales interdisciplinaires_d, histoire_t, approches de corpus_t, enquêtes_t, archives_t;Datasets/all_labels_train_gensim_sparse_matrix.npz
gab.hypotheses.org/1658;histoire et archéologie_d, pluridisciplinarité_d, sciences sociales interdisciplinaires_d, études des sciences_t, sociologie des sciences_t, histoire_t;Datasets/all_labels_train_gensim_sparse_matrix.npz
archivalia.hypotheses.org/5208;histoire et archéologie_d, sciences sociales interdisciplinaires_d, histoire_t, approches de corpus_t, enquêtes_t, archives_t;Datasets/all_labels_train_gensim_sparse_matrix.npz
mindthegaps.hypotheses.org/2112;études asiatiques_d, histoire_d, histoire_t, histoire culturelle_t, asie_t, chine_t;Datasets/all_labels_train_gensim_sparse_matrix.npz
19jhdhip.hypotheses.org/1227;histoire_d, époque contemporaine_t, prospectives_t, france_t, monde germanique_t;Datasets/all_labels_train_gensim_sparse_matrix.npz
merzdadaco.hypotheses.org/102;humanités pluridisciplinaires_d, littérature_d, littératures_t, représentations_t, histoire culturelle_t, histoire de l'art_t;Datasets/all_labels_train_gensim_sparse_matrix.npz
amuc.hypotheses.org/1578;humanités pluridisciplinaires_d, histoire_d, histoire_t, représentations_t, patrimoine_t;Datasets/all_labels_train_gensim_sparse_matrix.npz
archivalia.hypotheses.org/10750;histoire et archéologie_d, sciences sociales interdisciplinaires_d, histoire_t, approches de corpus_t, enquêtes_t, archives_t;Datasets/all_labels_train_gensim_sparse_matrix.npz
mindthegaps.hypotheses.org/1524;études asiatiques_d, histoire_d, histoire_t, histoire culturelle_t, asie_t, chine_t;Datasets/all_labels_train_gensim_sparse_matrix.npz
archivalia.hypotheses.org/732;histoire et archéologie_d, sciences sociales interdisciplinaires_d, histoire_t, approches de corpus_t, enquêtes_t, archives_t;Datasets/all_labels_train_gensim_sparse_matrix.npz
archivalia.hypotheses.org/7341;histoire et archéologie_d, sciences sociales interdisciplinaires_d, histoire_t, approches de corpus_t, enquêtes_t, archives_t;Datasets/all_labels_train_gensim_sparse_matrix.npz
games.hypotheses.org/555;arts et humanités_d, humanités pluridisciplinaires_d, psychologie expérimentale_d, sciences cognitives_t, psychisme_t, psychologie_t, représentations_t, histoire de l'art_t, études visuelles_t;Datasets/all_labels_train_gensim_sparse_matrix.npz
2wkvisuell.hypotheses.org/353;arts et humanités_d, histoire et archéologie_d, histoire sociale_t, guerres_t, conflits_t, violence_t, histoire et sociologie des médias_t, études visuelles_t, époque contemporaine_t;Datasets/all_labels_train_gensim_sparse_matrix.npz
archivewk1.hypotheses.org/26165;histoire_d, époque contemporaine_t, 1914-1918_t;Datasets/all_labels_train_gensim_sparse_matrix.npz
speyermemo.hypotheses.org/1303;histoire_d, pluridisciplinarité_d, sciences sociales interdisciplinaires_d, sociologie de la culture_t, histoire_t, 1939-1945_t, europe_t;Datasets/all_labels_train_gensim_sparse_matrix.npz
archivewk1.hypotheses.org/9642;histoire_d, époque contemporaine_t, 1914-1918_t;Datasets/all_labels_train_gensim_sparse_matrix.npz
archivewk1.hypotheses.org/18260;histoire_d, époque contemporaine_t, 1914-1918_t;Datasets/all_labels_train_gensim_sparse_matrix.npz
archivewk1.hypotheses.org/19348;histoire_d, époque contemporaine_t, 1914-1918_t;Datasets/all_labels_train_gensim_sparse_matrix.npz
hsc.hypotheses.org/253;arts et humanités_d, humanités pluridisciplinaires_d, histoire et archéologie_d, histoire_t, historiographie_t;Datasets/all_labels_train_gensim_sparse_matrix.npz
schotten.hypotheses.org/842;religions_d, histoire et archéologie_d, sciences de l'information et de la communication_d, bibliothéconomie_d, histoire_t, histoire des religions_t, approches de corpus_t, enquêtes_t, archives_t, monde germanique_t;Datasets/all_labels_train_gensim_sparse_matrix.npz
tagebuch.hypotheses.org/1251;histoire et archéologie_d, histoire_d, histoire_t, époque contemporaine_t, 1914-1918_t;Datasets/all_labels_train_gensim_sparse_matrix.npz
gab.hypotheses.org/2665;histoire et archéologie_d, pluridisciplinarité_d, sciences sociales interdisciplinaires_d, études des sciences_t, sociologie des sciences_t, histoire_t;Datasets/all_labels_train_gensim_sparse_matrix.npz
archivewk1.hypotheses.org/17332;histoire_d, époque contemporaine_t, 1914-1918_t;Datasets/all_labels_train_gensim_sparse_matrix.npz
archivalia.hypotheses.org/6646;histoire et archéologie_d, sciences sociales interdisciplinaires_d, histoire_t, approches de corpus_t, enquêtes_t, archives_t;Datasets/all_labels_train_gensim_sparse_matrix.npz
archivalia.hypotheses.org/10827;histoire et archéologie_d, sciences sociales interdisciplinaires_d, histoire_t, approches de corpus_t, enquêtes_t, archives_t;Datasets/all_labels_train_gensim_sparse_matrix.npz
bereschitrabba.hypotheses.org/188;arts et humanités_d, religions_d, langue et linguistique_d, religions_t, histoire des religions_t;Datasets/all_labels_train_gensim_sparse_matrix.npz
archivekod.hypotheses.org/777;religions_d, histoire et archéologie_d, sciences de l'information et de la communication_d, bibliothéconomie_d, communication_d, histoire_t, histoire des religions_t, patrimoine_t;Datasets/all_labels_train_gensim_sparse_matrix.npz
trafo.hypotheses.org/5325;pluridisciplinarité_d, sciences sociales interdisciplinaires_d, études régionales_d, sociologie_t, sociologie des religions_t, information_t, histoire culturelle_t;Datasets/all_labels_train_gensim_sparse_matrix.npz
dhdhi.hypotheses.org/210;histoire et archéologie_d, histoire_t, épistémologie et méthodes_t, digital humanities_t;Datasets/all_labels_train_gensim_sparse_matrix.npz
archivewk1.hypotheses.org/18898;histoire_d, époque contemporaine_t, 1914-1918_t;Datasets/all_labels_train_gensim_sparse_matrix.npz
archivalia.hypotheses.org/7405;histoire et archéologie_d, sciences sociales interdisciplinaires_d, histoire_t, approches de corpus_t, enquêtes_t, archives_t;Datasets/all_labels_train_gensim_sparse_matrix.npz
rhad.hypotheses.org/317;histoire_d, histoire des sciences sociales_d, histoire_t, époque moderne_t, révolution française_t, xviie siècle_t, xviiie siècle_t, prospectives_t;Datasets/all_labels_train_gensim_sparse_matrix.npz
archivalia.hypotheses.org/4159;histoire et archéologie_d, sciences sociales interdisciplinaires_d, histoire_t, approches de corpus_t, enquêtes_t, archives_t;Datasets/all_labels_train_gensim_sparse_matrix.npz
reichwein.hypotheses.org/892;histoire et archéologie_d, histoire des sciences_t, 1945-1989_t;Datasets/all_labels_train_gensim_sparse_matrix.npz
archivalia.hypotheses.org/10545;histoire et archéologie_d, sciences sociales interdisciplinaires_d, histoire_t, approches de corpus_t, enquêtes_t, archives_t;Datasets/all_labels_train_gensim_sparse_matrix.npz
tagebuch.hypotheses.org/789;histoire et archéologie_d, histoire_d, histoire_t, époque contemporaine_t, 1914-1918_t;Datasets/all_labels_train_gensim_sparse_matrix.npz
gra.hypotheses.org/98;arts et humanités_d, communication_d, sciences de l'information et bibliothéconomie_d, représentations_t, histoire culturelle_t, histoire de l'art_t, études visuelles_t;Datasets/all_labels_train_gensim_sparse_matrix.npz
archivewk1.hypotheses.org/7166;histoire_d, époque contemporaine_t, 1914-1918_t;Datasets/all_labels_train_gensim_sparse_matrix.npz
kristinoswald.hypotheses.org/1211;études anciennes_d, études des sciences_t, histoire_t, histoire et sociologie des médias_t, histoire culturelle_t, digital humanities_t;Datasets/all_labels_train_gensim_sparse_matrix.npz
archivalia.hypotheses.org/8890;histoire et archéologie_d, sciences sociales interdisciplinaires_d, histoire_t, approches de corpus_t, enquêtes_t, archives_t;Datasets/all_labels_train_gensim_sparse_matrix.npz
jameel.hypotheses.org/286;pluridisciplinarité_d, études régionales_d, archéologie_d, arts_d, humanités pluridisciplinaires_d, représentations_t, asie_t, digital humanities_t, histoire de l'art_t;Datasets/all_labels_train_gensim_sparse_matrix.npz
dkblog.hypotheses.org/572;histoire_d, histoire_t, époque moderne_t, xviie siècle_t;Datasets/all_labels_train_gensim_sparse_matrix.npz
archivewk1.hypotheses.org/28637;histoire_d, époque contemporaine_t, 1914-1918_t;Datasets/all_labels_train_gensim_sparse_matrix.npz
archivalia.hypotheses.org/318;histoire et archéologie_d, sciences sociales interdisciplinaires_d, histoire_t, approches de corpus_t, enquêtes_t, archives_t;Datasets/all_labels_train_gensim_sparse_matrix.npz
anthropologicalmaterialism.hypotheses.org/1695;sociologie_t, philosophie_t;Datasets/all_labels_train_gensim_sparse_matrix.npz
archivalia.hypotheses.org/5793;histoire et archéologie_d, sciences sociales interdisciplinaires_d, histoire_t, approches de corpus_t, enquêtes_t, archives_t;Datasets/all_labels_train_gensim_sparse_matrix.npz
archivewk1.hypotheses.org/21089;histoire_d, époque contemporaine_t, 1914-1918_t;Datasets/all_labels_train_gensim_sparse_matrix.npz
histbav.hypotheses.org/391;humanités pluridisciplinaires_d, histoire_d, pluridisciplinarité_d, histoire_t, monde germanique_t;Datasets/all_labels_train_gensim_sparse_matrix.npz
archivewk1.hypotheses.org/26279;histoire_d, époque contemporaine_t, 1914-1918_t;Datasets/all_labels_train_gensim_sparse_matrix.npz
wenhua.hypotheses.org/1202;études asiatiques_d, humanités pluridisciplinaires_d, histoire_d, histoire culturelle_t, asie_t;Datasets/all_labels_train_gensim_sparse_matrix.npz
trafo.hypotheses.org/1684;pluridisciplinarité_d, sciences sociales interdisciplinaires_d, études régionales_d, sociologie_t, sociologie des religions_t, information_t, histoire culturelle_t;Datasets/all_labels_train_gensim_sparse_matrix.npz
archive20.hypotheses.org/2322;pluridisciplinarité_d, sciences sociales interdisciplinaires_d, histoire_t, information_t, patrimoine_t, monde germanique_t;Datasets/all_labels_train_gensim_sparse_matrix.npz
archivalia.hypotheses.org/7081;histoire et archéologie_d, sciences sociales interdisciplinaires_d, histoire_t, approches de corpus_t, enquêtes_t, archives_t;Datasets/all_labels_train_gensim_sparse_matrix.npz
trafo.hypotheses.org/4603;pluridisciplinarité_d, sciences sociales interdisciplinaires_d, études régionales_d, sociologie_t, sociologie des religions_t, information_t, histoire culturelle_t;Datasets/all_labels_train_gensim_sparse_matrix.npz
gab.hypotheses.org/1871;histoire et archéologie_d, pluridisciplinarité_d, sciences sociales interdisciplinaires_d, études des sciences_t, sociologie des sciences_t, histoire_t;Datasets/all_labels_train_gensim_sparse_matrix.npz
archivalia.hypotheses.org/10694;histoire et archéologie_d, sciences sociales interdisciplinaires_d, histoire_t, approches de corpus_t, enquêtes_t, archives_t;Datasets/all_labels_train_gensim_sparse_matrix.npz
archivalia.hypotheses.org/13854;histoire et archéologie_d, sciences sociales interdisciplinaires_d, histoire_t, approches de corpus_t, enquêtes_t, archives_t;Datasets/all_labels_train_gensim_sparse_matrix.npz
histbav.hypotheses.org/4661;humanités pluridisciplinaires_d, histoire_d, pluridisciplinarité_d, histoire_t, monde germanique_t;Datasets/all_labels_train_gensim_sparse_matrix.npz
ordensgeschichte.hypotheses.org/8508;arts et humanités_d, humanités pluridisciplinaires_d, histoire et archéologie_d, histoire et philosophie des sciences_d, histoire_t, haut moyen âge_t, bas moyen âge_t, xviie siècle_t, xviiie siècle_t;Datasets/all_labels_train_gensim_sparse_matrix.npz
europhilomem.hypotheses.org/2314;philosophie_d, philosophie_t, histoire intellectuelle_t, xxe siècle_t, prospectives_t;Datasets/all_labels_train_gensim_sparse_matrix.npz
archivewk1.hypotheses.org/5651;histoire_d, époque contemporaine_t, 1914-1918_t;Datasets/all_labels_train_gensim_sparse_matrix.npz
rhad.hypotheses.org/188;histoire_d, histoire des sciences sociales_d, histoire_t, époque moderne_t, révolution française_t, xviie siècle_t, xviiie siècle_t, prospectives_t;Datasets/all_labels_train_gensim_sparse_matrix.npz
archivalia.hypotheses.org/11036;histoire et archéologie_d, sciences sociales interdisciplinaires_d, histoire_t, approches de corpus_t, enquêtes_t, archives_t;Datasets/all_labels_train_gensim_sparse_matrix.npz
mittelalter.hypotheses.org/4760;humanités pluridisciplinaires_d, religions_d, histoire_d, sociologie_d, histoire_t, histoire sociale_t, histoire intellectuelle_t, moyen âge_t, haut moyen âge_t, bas moyen âge_t;Datasets/all_labels_train_gensim_sparse_matrix.npz
kriegsfoto.hypotheses.org/93;arts_d, histoire_d, communication_d, guerres_t, conflits_t, violence_t, études visuelles_t, époque contemporaine_t, europe centrale et orientale_t;Datasets/all_labels_train_gensim_sparse_matrix.npz
archivalia.hypotheses.org/56841;histoire et archéologie_d, sciences sociales interdisciplinaires_d, histoire_t, approches de corpus_t, enquêtes_t, archives_t;Datasets/all_labels_train_gensim_sparse_matrix.npz
archivalia.hypotheses.org/8036;histoire et archéologie_d, sciences sociales interdisciplinaires_d, histoire_t, approches de corpus_t, enquêtes_t, archives_t;Datasets/all_labels_train_gensim_sparse_matrix.npz
soziologieblog.hypotheses.org/7239;sciences sociales interdisciplinaires_d, sociologie et anthropologie_d, sociologie du travail_t, sociologie urbaine_t, sociologie de la culture_t, sociologie économique_t;Datasets/all_labels_train_gensim_sparse_matrix.npz
archivalia.hypotheses.org/12538;histoire et archéologie_d, sciences sociales interdisciplinaires_d, histoire_t, approches de corpus_t, enquêtes_t, archives_t;Datasets/all_labels_train_gensim_sparse_matrix.npz
archivalia.hypotheses.org/6001;histoire et archéologie_d, sciences sociales interdisciplinaires_d, histoire_t, approches de corpus_t, enquêtes_t, archives_t;Datasets/all_labels_train_gensim_sparse_matrix.npz
winzen.hypotheses.org/673;histoire_d, histoire_t, études visuelles_t, 1918-1939_t, 1939-1945_t, monde germanique_t;Datasets/all_labels_train_gensim_sparse_matrix.npz
archivalia.hypotheses.org/9500;histoire et archéologie_d, sciences sociales interdisciplinaires_d, histoire_t, approches de corpus_t, enquêtes_t, archives_t;Datasets/all_labels_train_gensim_sparse_matrix.npz
archivewk1.hypotheses.org/13828;histoire_d, époque contemporaine_t, 1914-1918_t;Datasets/all_labels_train_gensim_sparse_matrix.npz
gab.hypotheses.org/1408;histoire et archéologie_d, pluridisciplinarité_d, sciences sociales interdisciplinaires_d, études des sciences_t, sociologie des sciences_t, histoire_t;Datasets/all_labels_train_gensim_sparse_matrix.npz
rkb.hypotheses.org/685;arts et humanités_d, communication_d, sciences de l'information et bibliothéconomie_d, sociologie des sciences_t, édition électronique_t, histoire et sociologie des médias_t;Datasets/all_labels_train_gensim_sparse_matrix.npz
soziologieblog.hypotheses.org/1733;sciences sociales interdisciplinaires_d, sociologie et anthropologie_d, sociologie du travail_t, sociologie urbaine_t, sociologie de la culture_t, sociologie économique_t;Datasets/all_labels_train_gensim_sparse_matrix.npz
archivalia.hypotheses.org/7046;histoire et archéologie_d, sciences sociales interdisciplinaires_d, histoire_t, approches de corpus_t, enquêtes_t, archives_t;Datasets/all_labels_train_gensim_sparse_matrix.npz
archivewk1.hypotheses.org/20666;histoire_d, époque contemporaine_t, 1914-1918_t;Datasets/all_labels_train_gensim_sparse_matrix.npz
intersex.hypotheses.org/250;histoire_d, biomédecine_d, étude des genres_t, histoire des sciences_t, histoire_t, histoire du droit_t, moyen âge_t, xxie siècle_t;Datasets/all_labels_train_gensim_sparse_matrix.npz
soziologieblog.hypotheses.org/7492;sciences sociales interdisciplinaires_d, sociologie et anthropologie_d, sociologie du travail_t, sociologie urbaine_t, sociologie de la culture_t, sociologie économique_t;Datasets/all_labels_train_gensim_sparse_matrix.npz
archivalia.hypotheses.org/14651;histoire et archéologie_d, sciences sociales interdisciplinaires_d, histoire_t, approches de corpus_t, enquêtes_t, archives_t;Datasets/all_labels_train_gensim_sparse_matrix.npz
ordensgeschichte.hypotheses.org/302;arts et humanités_d, humanités pluridisciplinaires_d, histoire et archéologie_d, histoire et philosophie des sciences_d, histoire_t, haut moyen âge_t, bas moyen âge_t, xviie siècle_t, xviiie siècle_t;Datasets/all_labels_train_gensim_sparse_matrix.npz
histbav.hypotheses.org/2826;humanités pluridisciplinaires_d, histoire_d, pluridisciplinarité_d, histoire_t, monde germanique_t;Datasets/all_labels_train_gensim_sparse_matrix.npz
soziologieblog.hypotheses.org/3176;sciences sociales interdisciplinaires_d, sociologie et anthropologie_d, sociologie du travail_t, sociologie urbaine_t, sociologie de la culture_t, sociologie économique_t;Datasets/all_labels_train_gensim_sparse_matrix.npz
bioeg.hypotheses.org/765;histoire et archéologie_d, histoire_d, histoire_t, sciences auxiliaires de l'histoire_t, europe centrale et orientale_t, monde germanique_t;Datasets/all_labels_train_gensim_sparse_matrix.npz
1914lvr.hypotheses.org/1099;sciences politiques_d, histoire_t, époque contemporaine_t, 1914-1918_t;Datasets/all_labels_train_gensim_sparse_matrix.npz
archivalia.hypotheses.org/1326;histoire et archéologie_d, sciences sociales interdisciplinaires_d, histoire_t, approches de corpus_t, enquêtes_t, archives_t;Datasets/all_labels_train_gensim_sparse_matrix.npz
archivalia.hypotheses.org/1666;histoire et archéologie_d, sciences sociales interdisciplinaires_d, histoire_t, approches de corpus_t, enquêtes_t, archives_t;Datasets/all_labels_train_gensim_sparse_matrix.npz
1914lvr.hypotheses.org/120;sciences politiques_d, histoire_t, époque contemporaine_t, 1914-1918_t;Datasets/all_labels_train_gensim_sparse_matrix.npz
archivalia.hypotheses.org/11448;histoire et archéologie_d, sciences sociales interdisciplinaires_d, histoire_t, approches de corpus_t, enquêtes_t, archives_t;Datasets/all_labels_train_gensim_sparse_matrix.npz
archivalia.hypotheses.org/10544;histoire et archéologie_d, sciences sociales interdisciplinaires_d, histoire_t, approches de corpus_t, enquêtes_t, archives_t;Datasets/all_labels_train_gensim_sparse_matrix.npz
intersex.hypotheses.org/873;histoire_d, biomédecine_d, étude des genres_t, histoire des sciences_t, histoire_t, histoire du droit_t, moyen âge_t, xxie siècle_t;Datasets/all_labels_train_gensim_sparse_matrix.npz
histbav.hypotheses.org/3363;humanités pluridisciplinaires_d, histoire_d, pluridisciplinarité_d, histoire_t, monde germanique_t;Datasets/all_labels_train_gensim_sparse_matrix.npz
archivalia.hypotheses.org/7029;histoire et archéologie_d, sciences sociales interdisciplinaires_d, histoire_t, approches de corpus_t, enquêtes_t, archives_t;Datasets/all_labels_train_gensim_sparse_matrix.npz
wwc.hypotheses.org/1672;humanités pluridisciplinaires_d, pluridisciplinarité_d, études régionales_d, relations internationales_t, information_t, représentations_t;Datasets/all_labels_train_gensim_sparse_matrix.npz
schotten.hypotheses.org/967;religions_d, histoire et archéologie_d, sciences de l'information et de la communication_d, bibliothéconomie_d, histoire_t, histoire des religions_t, approches de corpus_t, enquêtes_t, archives_t, monde germanique_t;Datasets/all_labels_train_gensim_sparse_matrix.npz
edit.hypotheses.org/149;sciences de l'information et bibliothéconomie_d, édition électronique_t, vie de la recherche_t, méthodes de traitement et de représentation_t, digital humanities_t;Datasets/all_labels_train_gensim_sparse_matrix.npz
archivewk1.hypotheses.org/30388;histoire_d, époque contemporaine_t, 1914-1918_t;Datasets/all_labels_train_gensim_sparse_matrix.npz
archivalia.hypotheses.org/14243;histoire et archéologie_d, sciences sociales interdisciplinaires_d, histoire_t, approches de corpus_t, enquêtes_t, archives_t;Datasets/all_labels_train_gensim_sparse_matrix.npz
archivalia.hypotheses.org/10006;histoire et archéologie_d, sciences sociales interdisciplinaires_d, histoire_t, approches de corpus_t, enquêtes_t, archives_t;Datasets/all_labels_train_gensim_sparse_matrix.npz
historischdenken.hypotheses.org/3428;histoire et archéologie_d, histoire_t;Datasets/all_labels_train_gensim_sparse_matrix.npz
archivalia.hypotheses.org/11856;histoire et archéologie_d, sciences sociales interdisciplinaires_d, histoire_t, approches de corpus_t, enquêtes_t, archives_t;Datasets/all_labels_train_gensim_sparse_matrix.npz
archivewk1.hypotheses.org/16450;histoire_d, époque contemporaine_t, 1914-1918_t;Datasets/all_labels_train_gensim_sparse_matrix.npz
archivalia.hypotheses.org/9679;histoire et archéologie_d, sciences sociales interdisciplinaires_d, histoire_t, approches de corpus_t, enquêtes_t, archives_t;Datasets/all_labels_train_gensim_sparse_matrix.npz
archivalia.hypotheses.org/54500;histoire et archéologie_d, sciences sociales interdisciplinaires_d, histoire_t, approches de corpus_t, enquêtes_t, archives_t;Datasets/all_labels_train_gensim_sparse_matrix.npz
soziologieblog.hypotheses.org/8755;sciences sociales interdisciplinaires_d, sociologie et anthropologie_d, sociologie du travail_t, sociologie urbaine_t, sociologie de la culture_t, sociologie économique_t;Datasets/all_labels_train_gensim_sparse_matrix.npz
archivalia.hypotheses.org/58394;histoire et archéologie_d, sciences sociales interdisciplinaires_d, histoire_t, approches de corpus_t, enquêtes_t, archives_t;Datasets/all_labels_train_gensim_sparse_matrix.npz
dokunstlmu.hypotheses.org/798;arts et humanités_d, histoire intellectuelle_t;Datasets/all_labels_train_gensim_sparse_matrix.npz
zeitraeume.hypotheses.org/361;histoire_d, histoire industrielle_t, histoire sociale_t, édition électronique_t, digital humanities_t, époque contemporaine_t;Datasets/all_labels_train_gensim_sparse_matrix.npz
gewalt.hypotheses.org/847;sciences politiques_d, sociologie_d, sociologie_t, sociologie urbaine_t, anthropologie politique_t, histoire urbaine_t, guerres_t, conflits_t, violence_t;Datasets/all_labels_train_gensim_sparse_matrix.npz
naps.hypotheses.org/336;histoire_d, histoire_t, épistémologie et méthodes_t, approches de corpus_t, enquêtes_t, archives_t, prospectives_t, france_t, monde germanique_t;Datasets/all_labels_train_gensim_sparse_matrix.npz
historischdenken.hypotheses.org/133;histoire et archéologie_d, histoire_t;Datasets/all_labels_train_gensim_sparse_matrix.npz
archivalia.hypotheses.org/12098;histoire et archéologie_d, sciences sociales interdisciplinaires_d, histoire_t, approches de corpus_t, enquêtes_t, archives_t;Datasets/all_labels_train_gensim_sparse_matrix.npz
archivewk1.hypotheses.org/15053;histoire_d, époque contemporaine_t, 1914-1918_t;Datasets/all_labels_train_gensim_sparse_matrix.npz
archivalia.hypotheses.org/59982;histoire et archéologie_d, sciences sociales interdisciplinaires_d, histoire_t, approches de corpus_t, enquêtes_t, archives_t;Datasets/all_labels_train_gensim_sparse_matrix.npz
digigw.hypotheses.org/518;humanités pluridisciplinaires_d, histoire_t, édition électronique_t, sciences auxiliaires de l'histoire_t, digital humanities_t;Datasets/all_labels_train_gensim_sparse_matrix.npz
archivewk1.hypotheses.org/36946;histoire_d, époque contemporaine_t, 1914-1918_t;Datasets/all_labels_train_gensim_sparse_matrix.npz
archivalia.hypotheses.org/4623;histoire et archéologie_d, sciences sociales interdisciplinaires_d, histoire_t, approches de corpus_t, enquêtes_t, archives_t;Datasets/all_labels_train_gensim_sparse_matrix.npz
archivamt.hypotheses.org/237;communication_d, pluridisciplinarité_d, sciences sociales interdisciplinaires_d, information_t, sciences de l'information_t, représentations_t, patrimoine_t;Datasets/all_labels_train_gensim_sparse_matrix.npz
1914lvr.hypotheses.org/1453;sciences politiques_d, histoire_t, époque contemporaine_t, 1914-1918_t;Datasets/all_labels_train_gensim_sparse_matrix.npz
archivalia.hypotheses.org/1039;histoire et archéologie_d, sciences sociales interdisciplinaires_d, histoire_t, approches de corpus_t, enquêtes_t, archives_t;Datasets/all_labels_train_gensim_sparse_matrix.npz
dkblog.hypotheses.org/767;histoire_d, histoire_t, époque moderne_t, xviie siècle_t;Datasets/all_labels_train_gensim_sparse_matrix.npz
aktenkunde.hypotheses.org/523;histoire_d, histoire_t, sciences auxiliaires de l'histoire_t;Datasets/all_labels_train_gensim_sparse_matrix.npz
archivalia.hypotheses.org/60157;histoire et archéologie_d, sciences sociales interdisciplinaires_d, histoire_t, approches de corpus_t, enquêtes_t, archives_t;Datasets/all_labels_train_gensim_sparse_matrix.npz
archivalia.hypotheses.org/1234;histoire et archéologie_d, sciences sociales interdisciplinaires_d, histoire_t, approches de corpus_t, enquêtes_t, archives_t;Datasets/all_labels_train_gensim_sparse_matrix.npz
archivalia.hypotheses.org/14498;histoire et archéologie_d, sciences sociales interdisciplinaires_d, histoire_t, approches de corpus_t, enquêtes_t, archives_t;Datasets/all_labels_train_gensim_sparse_matrix.npz
archivalia.hypotheses.org/12053;histoire et archéologie_d, sciences sociales interdisciplinaires_d, histoire_t, approches de corpus_t, enquêtes_t, archives_t;Datasets/all_labels_train_gensim_sparse_matrix.npz
games.hypotheses.org/211;arts et humanités_d, humanités pluridisciplinaires_d, psychologie expérimentale_d, sciences cognitives_t, psychisme_t, psychologie_t, représentations_t, histoire de l'art_t, études visuelles_t;Datasets/all_labels_train_gensim_sparse_matrix.npz
archivalia.hypotheses.org/7494;histoire et archéologie_d, sciences sociales interdisciplinaires_d, histoire_t, approches de corpus_t, enquêtes_t, archives_t;Datasets/all_labels_train_gensim_sparse_matrix.npz
archivewk1.hypotheses.org/31844;histoire_d, époque contemporaine_t, 1914-1918_t;Datasets/all_labels_train_gensim_sparse_matrix.npz
archivalia.hypotheses.org/6742;histoire et archéologie_d, sciences sociales interdisciplinaires_d, histoire_t, approches de corpus_t, enquêtes_t, archives_t;Datasets/all_labels_train_gensim_sparse_matrix.npz
1914lvr.hypotheses.org/129;sciences politiques_d, histoire_t, époque contemporaine_t, 1914-1918_t;Datasets/all_labels_train_gensim_sparse_matrix.npz
schotten.hypotheses.org/426;religions_d, histoire et archéologie_d, sciences de l'information et de la communication_d, bibliothéconomie_d, histoire_t, histoire des religions_t, approches de corpus_t, enquêtes_t, archives_t, monde germanique_t;Datasets/all_labels_train_gensim_sparse_matrix.npz
dighist.hypotheses.org/1;histoire_d, sciences sociales interdisciplinaires_d, études sur la famille_d, sociologie_d, histoire urbaine_t, histoire sociale_t, europe centrale et orientale_t;Datasets/all_labels_train_gensim_sparse_matrix.npz
1914lvr.hypotheses.org/912;sciences politiques_d, histoire_t, époque contemporaine_t, 1914-1918_t;Datasets/all_labels_train_gensim_sparse_matrix.npz
francofil.hypotheses.org/2991;pluridisciplinarité_d, sciences sociales interdisciplinaires_d, histoire_t, épistémologie et méthodes_t, approches de corpus_t, enquêtes_t, archives_t, france_t;Datasets/all_labels_train_gensim_sparse_matrix.npz
archivewk1.hypotheses.org/2459;histoire_d, époque contemporaine_t, 1914-1918_t;Datasets/all_labels_train_gensim_sparse_matrix.npz
archive20.hypotheses.org/2107;pluridisciplinarité_d, sciences sociales interdisciplinaires_d, histoire_t, information_t, patrimoine_t, monde germanique_t;Datasets/all_labels_train_gensim_sparse_matrix.npz
erinnern.hypotheses.org/401;éducation et sciences de l'éducation_d, histoire_d, histoire_t, éducation_t, 1918-1939_t, 1939-1945_t, 1945-1989_t;Datasets/all_labels_train_gensim_sparse_matrix.npz
archivalia.hypotheses.org/14352;histoire et archéologie_d, sciences sociales interdisciplinaires_d, histoire_t, approches de corpus_t, enquêtes_t, archives_t;Datasets/all_labels_train_gensim_sparse_matrix.npz
archivewk1.hypotheses.org/13090;histoire_d, époque contemporaine_t, 1914-1918_t;Datasets/all_labels_train_gensim_sparse_matrix.npz
archivalia.hypotheses.org/1263;histoire et archéologie_d, sciences sociales interdisciplinaires_d, histoire_t, approches de corpus_t, enquêtes_t, archives_t;Datasets/all_labels_train_gensim_sparse_matrix.npz
digitalintellectuals.hypotheses.org/765;études anciennes_d, histoire et philosophie des sciences_d, pluridisciplinarité_d, littérature_d, histoire intellectuelle_t, approches de corpus_t, enquêtes_t, archives_t, époque moderne_t, prospectives_t, monde germanique_t;Datasets/all_labels_train_gensim_sparse_matrix.npz
merzdadaco.hypotheses.org/59;humanités pluridisciplinaires_d, littérature_d, littératures_t, représentations_t, histoire culturelle_t, histoire de l'art_t;Datasets/all_labels_train_gensim_sparse_matrix.npz
archivalia.hypotheses.org/11766;histoire et archéologie_d, sciences sociales interdisciplinaires_d, histoire_t, approches de corpus_t, enquêtes_t, archives_t;Datasets/all_labels_train_gensim_sparse_matrix.npz
archivewk1.hypotheses.org/5268;histoire_d, époque contemporaine_t, 1914-1918_t;Datasets/all_labels_train_gensim_sparse_matrix.npz
archivewk1.hypotheses.org/10695;histoire_d, époque contemporaine_t, 1914-1918_t;Datasets/all_labels_train_gensim_sparse_matrix.npz
netzwerk.hypotheses.org/2120;histoire et archéologie_d, histoire urbaine_t, histoire sociale_t, histoire intellectuelle_t, époque contemporaine_t;Datasets/all_labels_train_gensim_sparse_matrix.npz
inklusion.hypotheses.org/306;éducation_d, travail social et politique sociale_d, sociologie du travail_t, âges de la vie_t, information_t, sciences de l'éducation_t;Datasets/all_labels_train_gensim_sparse_matrix.npz
archiskop.hypotheses.org/23;archéologie_d, bas moyen âge_t;Datasets/all_labels_train_gensim_sparse_matrix.npz
gab.hypotheses.org/740;histoire et archéologie_d, pluridisciplinarité_d, sciences sociales interdisciplinaires_d, études des sciences_t, sociologie des sciences_t, histoire_t;Datasets/all_labels_train_gensim_sparse_matrix.npz
jeunegen.hypotheses.org/236;histoire_d, pluridisciplinarité_d, histoire_t, vie de la recherche_t, moyen âge_t, haut moyen âge_t, bas moyen âge_t;Datasets/all_labels_train_gensim_sparse_matrix.npz
archivalia.hypotheses.org/5801;histoire et archéologie_d, sciences sociales interdisciplinaires_d, histoire_t, approches de corpus_t, enquêtes_t, archives_t;Datasets/all_labels_train_gensim_sparse_matrix.npz
tagebuch.hypotheses.org/1237;histoire et archéologie_d, histoire_d, histoire_t, époque contemporaine_t, 1914-1918_t;Datasets/all_labels_train_gensim_sparse_matrix.npz
pophistory.hypotheses.org/522;humanités pluridisciplinaires_d, histoire et archéologie_d, sociologie de la culture_t, histoire sociale_t, histoire culturelle_t, époque contemporaine_t;Datasets/all_labels_train_gensim_sparse_matrix.npz
1914lvr.hypotheses.org/341;sciences politiques_d, histoire_t, époque contemporaine_t, 1914-1918_t;Datasets/all_labels_train_gensim_sparse_matrix.npz
erinnerung.hypotheses.org/1067;histoire et archéologie_d, histoire_t, xxe siècle_t, prospectives_t, europe_t;Datasets/all_labels_train_gensim_sparse_matrix.npz
archivalia.hypotheses.org/1051;histoire et archéologie_d, sciences sociales interdisciplinaires_d, histoire_t, approches de corpus_t, enquêtes_t, archives_t;Datasets/all_labels_train_gensim_sparse_matrix.npz
histbav.hypotheses.org/2579;humanités pluridisciplinaires_d, histoire_d, pluridisciplinarité_d, histoire_t, monde germanique_t;Datasets/all_labels_train_gensim_sparse_matrix.npz
intersex.hypotheses.org/628;histoire_d, biomédecine_d, étude des genres_t, histoire des sciences_t, histoire_t, histoire du droit_t, moyen âge_t, xxie siècle_t;Datasets/all_labels_train_gensim_sparse_matrix.npz
1914lvr.hypotheses.org/973;sciences politiques_d, histoire_t, époque contemporaine_t, 1914-1918_t;Datasets/all_labels_train_gensim_sparse_matrix.npz
archive20.hypotheses.org/2440;pluridisciplinarité_d, sciences sociales interdisciplinaires_d, histoire_t, information_t, patrimoine_t, monde germanique_t;Datasets/all_labels_train_gensim_sparse_matrix.npz
archivalia.hypotheses.org/52128;histoire et archéologie_d, sciences sociales interdisciplinaires_d, histoire_t, approches de corpus_t, enquêtes_t, archives_t;Datasets/all_labels_train_gensim_sparse_matrix.npz
dhtg.hypotheses.org/258;histoire et archéologie_d, sciences de l'information et de la communication_d, bibliothéconomie_d, histoire_t, sciences de l'information_t, 1939-1945_t, 1945-1989_t;Datasets/all_labels_train_gensim_sparse_matrix.npz
dkblog.hypotheses.org/165;histoire_d, histoire_t, époque moderne_t, xviie siècle_t;Datasets/all_labels_train_gensim_sparse_matrix.npz
archivalia.hypotheses.org/3554;histoire et archéologie_d, sciences sociales interdisciplinaires_d, histoire_t, approches de corpus_t, enquêtes_t, archives_t;Datasets/all_labels_train_gensim_sparse_matrix.npz
archivalia.hypotheses.org/11630;histoire et archéologie_d, sciences sociales interdisciplinaires_d, histoire_t, approches de corpus_t, enquêtes_t, archives_t;Datasets/all_labels_train_gensim_sparse_matrix.npz
archivewk1.hypotheses.org/18830;histoire_d, époque contemporaine_t, 1914-1918_t;Datasets/all_labels_train_gensim_sparse_matrix.npz
archivalia.hypotheses.org/60732;histoire et archéologie_d, sciences sociales interdisciplinaires_d, histoire_t, approches de corpus_t, enquêtes_t, archives_t;Datasets/all_labels_train_gensim_sparse_matrix.npz
archivalia.hypotheses.org/7314;histoire et archéologie_d, sciences sociales interdisciplinaires_d, histoire_t, approches de corpus_t, enquêtes_t, archives_t;Datasets/all_labels_train_gensim_sparse_matrix.npz
archivalia.hypotheses.org/6027;histoire et archéologie_d, sciences sociales interdisciplinaires_d, histoire_t, approches de corpus_t, enquêtes_t, archives_t;Datasets/all_labels_train_gensim_sparse_matrix.npz
dokunstlmu.hypotheses.org/1107;arts et humanités_d, histoire intellectuelle_t;Datasets/all_labels_train_gensim_sparse_matrix.npz
futurecity.hypotheses.org/96;sciences politiques_d, administration publique et développement_d, sociologie urbaine_t;Datasets/all_labels_train_gensim_sparse_matrix.npz
archivalia.hypotheses.org/11713;histoire et archéologie_d, sciences sociales interdisciplinaires_d, histoire_t, approches de corpus_t, enquêtes_t, archives_t;Datasets/all_labels_train_gensim_sparse_matrix.npz
archivalia.hypotheses.org/55015;histoire et archéologie_d, sciences sociales interdisciplinaires_d, histoire_t, approches de corpus_t, enquêtes_t, archives_t;Datasets/all_labels_train_gensim_sparse_matrix.npz
dislab.hypotheses.org/1571;sciences sociales interdisciplinaires_d, langue et linguistique_d, sociologie des sciences_t, linguistique_t;Datasets/all_labels_train_gensim_sparse_matrix.npz
mindthegaps.hypotheses.org/1832;études asiatiques_d, histoire_d, histoire_t, histoire culturelle_t, asie_t, chine_t;Datasets/all_labels_train_gensim_sparse_matrix.npz
archivekod.hypotheses.org/501;religions_d, histoire et archéologie_d, sciences de l'information et de la communication_d, bibliothéconomie_d, communication_d, histoire_t, histoire des religions_t, patrimoine_t;Datasets/all_labels_train_gensim_sparse_matrix.npz
jeunegen.hypotheses.org/877;histoire_d, pluridisciplinarité_d, histoire_t, vie de la recherche_t, moyen âge_t, haut moyen âge_t, bas moyen âge_t;Datasets/all_labels_train_gensim_sparse_matrix.npz
leibnizarc.hypotheses.org/785;éducation_d, histoire et archéologie_d, sciences de l'information et bibliothéconomie_d, études des sciences_t, histoire industrielle_t, histoire de l'art_t;Datasets/all_labels_train_gensim_sparse_matrix.npz
archive20.hypotheses.org/1095;pluridisciplinarité_d, sciences sociales interdisciplinaires_d, histoire_t, information_t, patrimoine_t, monde germanique_t;Datasets/all_labels_train_gensim_sparse_matrix.npz
archivalia.hypotheses.org/12634;histoire et archéologie_d, sciences sociales interdisciplinaires_d, histoire_t, approches de corpus_t, enquêtes_t, archives_t;Datasets/all_labels_train_gensim_sparse_matrix.npz
grk1678.hypotheses.org/656;arts et humanités_d, humanités pluridisciplinaires_d, histoire et philosophie des sciences_d, pluridisciplinarité_d, philosophie_t, littératures_t, histoire culturelle_t, histoire de l'art_t;Datasets/all_labels_train_gensim_sparse_matrix.npz
digigw.hypotheses.org/422;humanités pluridisciplinaires_d, histoire_t, édition électronique_t, sciences auxiliaires de l'histoire_t, digital humanities_t;Datasets/all_labels_train_gensim_sparse_matrix.npz
medienbildung.hypotheses.org/3167;éducation_d, éducation spécialisée_d, travail social_d, sociologie_t, édition électronique_t, histoire et sociologie des médias_t, éducation_t;Datasets/all_labels_train_gensim_sparse_matrix.npz
archivewk1.hypotheses.org/9451;histoire_d, époque contemporaine_t, 1914-1918_t;Datasets/all_labels_train_gensim_sparse_matrix.npz
archivalia.hypotheses.org/7595;histoire et archéologie_d, sciences sociales interdisciplinaires_d, histoire_t, approches de corpus_t, enquêtes_t, archives_t;Datasets/all_labels_train_gensim_sparse_matrix.npz
archivewk1.hypotheses.org/3012;histoire_d, époque contemporaine_t, 1914-1918_t;Datasets/all_labels_train_gensim_sparse_matrix.npz
archivewk1.hypotheses.org/18614;histoire_d, époque contemporaine_t, 1914-1918_t;Datasets/all_labels_train_gensim_sparse_matrix.npz
archivamt.hypotheses.org/3158;communication_d, pluridisciplinarité_d, sciences sociales interdisciplinaires_d, information_t, sciences de l'information_t, représentations_t, patrimoine_t;Datasets/all_labels_train_gensim_sparse_matrix.npz
majerus.hypotheses.org/766;histoire et archéologie_d, histoire des sciences sociales_d, histoire sociale_t, digital humanities_t, époque contemporaine_t, xxe siècle_t;Datasets/all_labels_train_gensim_sparse_matrix.npz
archivewk1.hypotheses.org/4665;histoire_d, époque contemporaine_t, 1914-1918_t;Datasets/all_labels_train_gensim_sparse_matrix.npz
kristinoswald.hypotheses.org/1683;études anciennes_d, études des sciences_t, histoire_t, histoire et sociologie des médias_t, histoire culturelle_t, digital humanities_t;Datasets/all_labels_train_gensim_sparse_matrix.npz
digigw.hypotheses.org/73;humanités pluridisciplinaires_d, histoire_t, édition électronique_t, sciences auxiliaires de l'histoire_t, digital humanities_t;Datasets/all_labels_train_gensim_sparse_matrix.npz
archivtag.hypotheses.org/441;pluridisciplinarité_d, sciences sociales interdisciplinaires_d, histoire_t, information_t, monde germanique_t;Datasets/all_labels_train_gensim_sparse_matrix.npz
dhc.hypotheses.org/18;sciences sociales interdisciplinaires_d, études des sciences_t, information_t, vie de la recherche_t;Datasets/all_labels_train_gensim_sparse_matrix.npz
archivalia.hypotheses.org/10709;histoire et archéologie_d, sciences sociales interdisciplinaires_d, histoire_t, approches de corpus_t, enquêtes_t, archives_t;Datasets/all_labels_train_gensim_sparse_matrix.npz
dislab.hypotheses.org/2527;sciences sociales interdisciplinaires_d, langue et linguistique_d, sociologie des sciences_t, linguistique_t;Datasets/all_labels_train_gensim_sparse_matrix.npz
ordensgeschichte.hypotheses.org/282;arts et humanités_d, humanités pluridisciplinaires_d, histoire et archéologie_d, histoire et philosophie des sciences_d, histoire_t, haut moyen âge_t, bas moyen âge_t, xviie siècle_t, xviiie siècle_t;Datasets/all_labels_train_gensim_sparse_matrix.npz
archivalia.hypotheses.org/2587;histoire et archéologie_d, sciences sociales interdisciplinaires_d, histoire_t, approches de corpus_t, enquêtes_t, archives_t;Datasets/all_labels_train_gensim_sparse_matrix.npz
dislab.hypotheses.org/2520;sciences sociales interdisciplinaires_d, langue et linguistique_d, sociologie des sciences_t, linguistique_t;Datasets/all_labels_train_gensim_sparse_matrix.npz
trafo.hypotheses.org/2533;pluridisciplinarité_d, sciences sociales interdisciplinaires_d, études régionales_d, sociologie_t, sociologie des religions_t, information_t, histoire culturelle_t;Datasets/all_labels_train_gensim_sparse_matrix.npz
archivalia.hypotheses.org/13961;histoire et archéologie_d, sciences sociales interdisciplinaires_d, histoire_t, approches de corpus_t, enquêtes_t, archives_t;Datasets/all_labels_train_gensim_sparse_matrix.npz
mobilvideo.hypotheses.org/361;humanités pluridisciplinaires_d, éducation_d, sciences sociales interdisciplinaires_d, histoire et sociologie des médias_t, études visuelles_t, éducation_t, sciences de l'éducation_t;Datasets/all_labels_train_gensim_sparse_matrix.npz
geschichtsadmin.hypotheses.org/397;éducation_d, histoire_d, sociologie du travail_t, histoire_t;Datasets/all_labels_train_gensim_sparse_matrix.npz
rhad.hypotheses.org/446;histoire_d, histoire des sciences sociales_d, histoire_t, époque moderne_t, révolution française_t, xviie siècle_t, xviiie siècle_t, prospectives_t;Datasets/all_labels_train_gensim_sparse_matrix.npz
archivewk1.hypotheses.org/29414;histoire_d, époque contemporaine_t, 1914-1918_t;Datasets/all_labels_train_gensim_sparse_matrix.npz
archivalia.hypotheses.org/13985;histoire et archéologie_d, sciences sociales interdisciplinaires_d, histoire_t, approches de corpus_t, enquêtes_t, archives_t;Datasets/all_labels_train_gensim_sparse_matrix.npz
histbav.hypotheses.org/1494;humanités pluridisciplinaires_d, histoire_d, pluridisciplinarité_d, histoire_t, monde germanique_t;Datasets/all_labels_train_gensim_sparse_matrix.npz
archivalia.hypotheses.org/12005;histoire et archéologie_d, sciences sociales interdisciplinaires_d, histoire_t, approches de corpus_t, enquêtes_t, archives_t;Datasets/all_labels_train_gensim_sparse_matrix.npz
ordensgeschichte.hypotheses.org/10335;arts et humanités_d, humanités pluridisciplinaires_d, histoire et archéologie_d, histoire et philosophie des sciences_d, histoire_t, haut moyen âge_t, bas moyen âge_t, xviie siècle_t, xviiie siècle_t;Datasets/all_labels_train_gensim_sparse_matrix.npz
histbav.hypotheses.org/3493;humanités pluridisciplinaires_d, histoire_d, pluridisciplinarité_d, histoire_t, monde germanique_t;Datasets/all_labels_train_gensim_sparse_matrix.npz
archivalia.hypotheses.org/11886;histoire et archéologie_d, sciences sociales interdisciplinaires_d, histoire_t, approches de corpus_t, enquêtes_t, archives_t;Datasets/all_labels_train_gensim_sparse_matrix.npz
archivalia.hypotheses.org/14556;histoire et archéologie_d, sciences sociales interdisciplinaires_d, histoire_t, approches de corpus_t, enquêtes_t, archives_t;Datasets/all_labels_train_gensim_sparse_matrix.npz
bioeg.hypotheses.org/1707;histoire et archéologie_d, histoire_d, histoire_t, sciences auxiliaires de l'histoire_t, europe centrale et orientale_t, monde germanique_t;Datasets/all_labels_train_gensim_sparse_matrix.npz
bereschitrabba.hypotheses.org/963;arts et humanités_d, religions_d, langue et linguistique_d, religions_t, histoire des religions_t;Datasets/all_labels_train_gensim_sparse_matrix.npz
archivewk1.hypotheses.org/330;histoire_d, époque contemporaine_t, 1914-1918_t;Datasets/all_labels_train_gensim_sparse_matrix.npz
archivalia.hypotheses.org/8949;histoire et archéologie_d, sciences sociales interdisciplinaires_d, histoire_t, approches de corpus_t, enquêtes_t, archives_t;Datasets/all_labels_train_gensim_sparse_matrix.npz
archivewk1.hypotheses.org/9330;histoire_d, époque contemporaine_t, 1914-1918_t;Datasets/all_labels_train_gensim_sparse_matrix.npz
archivewk1.hypotheses.org/11694;histoire_d, époque contemporaine_t, 1914-1918_t;Datasets/all_labels_train_gensim_sparse_matrix.npz
archivamt.hypotheses.org/4238;communication_d, pluridisciplinarité_d, sciences sociales interdisciplinaires_d, information_t, sciences de l'information_t, représentations_t, patrimoine_t;Datasets/all_labels_train_gensim_sparse_matrix.npz
maxweber.hypotheses.org/88;humanités pluridisciplinaires_d, histoire et archéologie_d, histoire et philosophie des sciences_d, sociologie et anthropologie_d, histoire sociale_t, histoire intellectuelle_t, sociologie des religions_t, vie de la recherche_t;Datasets/all_labels_train_gensim_sparse_matrix.npz
archivalia.hypotheses.org/10589;histoire et archéologie_d, sciences sociales interdisciplinaires_d, histoire_t, approches de corpus_t, enquêtes_t, archives_t;Datasets/all_labels_train_gensim_sparse_matrix.npz
archivalia.hypotheses.org/9402;histoire et archéologie_d, sciences sociales interdisciplinaires_d, histoire_t, approches de corpus_t, enquêtes_t, archives_t;Datasets/all_labels_train_gensim_sparse_matrix.npz
bloghaus.hypotheses.org/1579;pluridisciplinarité_d, sciences sociales interdisciplinaires_d, information_t, digital humanities_t;Datasets/all_labels_train_gensim_sparse_matrix.npz
archivalia.hypotheses.org/62367;histoire et archéologie_d, sciences sociales interdisciplinaires_d, histoire_t, approches de corpus_t, enquêtes_t, archives_t;Datasets/all_labels_train_gensim_sparse_matrix.npz
archivalia.hypotheses.org/1321;histoire et archéologie_d, sciences sociales interdisciplinaires_d, histoire_t, approches de corpus_t, enquêtes_t, archives_t;Datasets/all_labels_train_gensim_sparse_matrix.npz
grandeguerre.hypotheses.org/1244;histoire et archéologie_d, histoire_t, 1914-1918_t, prospectives_t, france_t, monde germanique_t;Datasets/all_labels_train_gensim_sparse_matrix.npz
dislab.hypotheses.org/1994;sciences sociales interdisciplinaires_d, langue et linguistique_d, sociologie des sciences_t, linguistique_t;Datasets/all_labels_train_gensim_sparse_matrix.npz
histbav.hypotheses.org/2889;humanités pluridisciplinaires_d, histoire_d, pluridisciplinarité_d, histoire_t, monde germanique_t;Datasets/all_labels_train_gensim_sparse_matrix.npz
dhdhi.hypotheses.org/214;histoire et archéologie_d, histoire_t, épistémologie et méthodes_t, digital humanities_t;Datasets/all_labels_train_gensim_sparse_matrix.npz
wwc.hypotheses.org/335;humanités pluridisciplinaires_d, pluridisciplinarité_d, études régionales_d, relations internationales_t, information_t, représentations_t;Datasets/all_labels_train_gensim_sparse_matrix.npz
archivalia.hypotheses.org/13908;histoire et archéologie_d, sciences sociales interdisciplinaires_d, histoire_t, approches de corpus_t, enquêtes_t, archives_t;Datasets/all_labels_train_gensim_sparse_matrix.npz
archivalia.hypotheses.org/58029;histoire et archéologie_d, sciences sociales interdisciplinaires_d, histoire_t, approches de corpus_t, enquêtes_t, archives_t;Datasets/all_labels_train_gensim_sparse_matrix.npz
archivalia.hypotheses.org/5009;histoire et archéologie_d, sciences sociales interdisciplinaires_d, histoire_t, approches de corpus_t, enquêtes_t, archives_t;Datasets/all_labels_train_gensim_sparse_matrix.npz
archivewk1.hypotheses.org/2393;histoire_d, époque contemporaine_t, 1914-1918_t;Datasets/all_labels_train_gensim_sparse_matrix.npz
bioeg.hypotheses.org/1035;histoire et archéologie_d, histoire_d, histoire_t, sciences auxiliaires de l'histoire_t, europe centrale et orientale_t, monde germanique_t;Datasets/all_labels_train_gensim_sparse_matrix.npz
archivalia.hypotheses.org/8064;histoire et archéologie_d, sciences sociales interdisciplinaires_d, histoire_t, approches de corpus_t, enquêtes_t, archives_t;Datasets/all_labels_train_gensim_sparse_matrix.npz
tagebuch.hypotheses.org/126;histoire et archéologie_d, histoire_d, histoire_t, époque contemporaine_t, 1914-1918_t;Datasets/all_labels_train_gensim_sparse_matrix.npz
archivewk1.hypotheses.org/1471;histoire_d, époque contemporaine_t, 1914-1918_t;Datasets/all_labels_train_gensim_sparse_matrix.npz
histbav.hypotheses.org/4058;humanités pluridisciplinaires_d, histoire_d, pluridisciplinarité_d, histoire_t, monde germanique_t;Datasets/all_labels_train_gensim_sparse_matrix.npz
ordensgeschichte.hypotheses.org/6950;arts et humanités_d, humanités pluridisciplinaires_d, histoire et archéologie_d, histoire et philosophie des sciences_d, histoire_t, haut moyen âge_t, bas moyen âge_t, xviie siècle_t, xviiie siècle_t;Datasets/all_labels_train_gensim_sparse_matrix.npz
archivewk1.hypotheses.org/4670;histoire_d, époque contemporaine_t, 1914-1918_t;Datasets/all_labels_train_gensim_sparse_matrix.npz
medienbildung.hypotheses.org/2423;éducation_d, éducation spécialisée_d, travail social_d, sociologie_t, édition électronique_t, histoire et sociologie des médias_t, éducation_t;Datasets/all_labels_train_gensim_sparse_matrix.npz
archivalia.hypotheses.org/12084;histoire et archéologie_d, sciences sociales interdisciplinaires_d, histoire_t, approches de corpus_t, enquêtes_t, archives_t;Datasets/all_labels_train_gensim_sparse_matrix.npz
archivalia.hypotheses.org/7945;histoire et archéologie_d, sciences sociales interdisciplinaires_d, histoire_t, approches de corpus_t, enquêtes_t, archives_t;Datasets/all_labels_train_gensim_sparse_matrix.npz
tagebuch.hypotheses.org/914;histoire et archéologie_d, histoire_d, histoire_t, époque contemporaine_t, 1914-1918_t;Datasets/all_labels_train_gensim_sparse_matrix.npz
archivewk1.hypotheses.org/1731;histoire_d, époque contemporaine_t, 1914-1918_t;Datasets/all_labels_train_gensim_sparse_matrix.npz
1914lvr.hypotheses.org/1493;sciences politiques_d, histoire_t, époque contemporaine_t, 1914-1918_t;Datasets/all_labels_train_gensim_sparse_matrix.npz
dokunstlmu.hypotheses.org/603;arts et humanités_d, histoire intellectuelle_t;Datasets/all_labels_train_gensim_sparse_matrix.npz
lacriee.hypotheses.org/63759;sciences sociales interdisciplinaires_d, édition électronique_t;Datasets/all_labels_train_gensim_sparse_matrix.npz
nofoblog.hypotheses.org/112;arts et humanités_d, sciences sociales interdisciplinaires_d, sciences politiques_d, administration publique et développement_d, relations internationales_t, histoire intellectuelle_t, information_t, histoire culturelle_t, pays baltes et scandinaves_t;Datasets/all_labels_train_gensim_sparse_matrix.npz
ordensgeschichte.hypotheses.org/4280;arts et humanités_d, humanités pluridisciplinaires_d, histoire et archéologie_d, histoire et philosophie des sciences_d, histoire_t, haut moyen âge_t, bas moyen âge_t, xviie siècle_t, xviiie siècle_t;Datasets/all_labels_train_gensim_sparse_matrix.npz
archivewk1.hypotheses.org/34803;histoire_d, époque contemporaine_t, 1914-1918_t;Datasets/all_labels_train_gensim_sparse_matrix.npz
1914lvr.hypotheses.org/1626;sciences politiques_d, histoire_t, époque contemporaine_t, 1914-1918_t;Datasets/all_labels_train_gensim_sparse_matrix.npz
archivamt.hypotheses.org/351;communication_d, pluridisciplinarité_d, sciences sociales interdisciplinaires_d, information_t, sciences de l'information_t, représentations_t, patrimoine_t;Datasets/all_labels_train_gensim_sparse_matrix.npz
schlehen.hypotheses.org/943;éducation_d, langage_t, éducation_t, sciences de l'éducation_t, linguistique_t;Datasets/all_labels_train_gensim_sparse_matrix.npz
europhilomem.hypotheses.org/1792;philosophie_d, philosophie_t, histoire intellectuelle_t, xxe siècle_t, prospectives_t;Datasets/all_labels_train_gensim_sparse_matrix.npz
soziologieblog.hypotheses.org/5465;sciences sociales interdisciplinaires_d, sociologie et anthropologie_d, sociologie du travail_t, sociologie urbaine_t, sociologie de la culture_t, sociologie économique_t;Datasets/all_labels_train_gensim_sparse_matrix.npz
archivalia.hypotheses.org/4811;histoire et archéologie_d, sciences sociales interdisciplinaires_d, histoire_t, approches de corpus_t, enquêtes_t, archives_t;Datasets/all_labels_train_gensim_sparse_matrix.npz
archivewk1.hypotheses.org/27632;histoire_d, époque contemporaine_t, 1914-1918_t;Datasets/all_labels_train_gensim_sparse_matrix.npz
nachhaltig.hypotheses.org/156;pluridisciplinarité_d, philosophie_d, sciences sociales interdisciplinaires_d, france_t, monde germanique_t;Datasets/all_labels_train_gensim_sparse_matrix.npz
umstrittenesgedaechtnis.hypotheses.org/84;arts et humanités_d, histoire et archéologie_d, représentations_t, époque contemporaine_t;Datasets/all_labels_train_gensim_sparse_matrix.npz
archivalia.hypotheses.org/1120;histoire et archéologie_d, sciences sociales interdisciplinaires_d, histoire_t, approches de corpus_t, enquêtes_t, archives_t;Datasets/all_labels_train_gensim_sparse_matrix.npz
jeunegen.hypotheses.org/1551;histoire_d, pluridisciplinarité_d, histoire_t, vie de la recherche_t, moyen âge_t, haut moyen âge_t, bas moyen âge_t;Datasets/all_labels_train_gensim_sparse_matrix.npz
archivewk1.hypotheses.org/15025;histoire_d, époque contemporaine_t, 1914-1918_t;Datasets/all_labels_train_gensim_sparse_matrix.npz
reichwein.hypotheses.org/1143;histoire et archéologie_d, histoire des sciences_t, 1945-1989_t;Datasets/all_labels_train_gensim_sparse_matrix.npz
fortifica.hypotheses.org/1214;histoire et archéologie_d, histoire_d, histoire urbaine_t, xvie siècle_t, xviie siècle_t, xviiie siècle_t;Datasets/all_labels_train_gensim_sparse_matrix.npz
archivewk1.hypotheses.org/32372;histoire_d, époque contemporaine_t, 1914-1918_t;Datasets/all_labels_train_gensim_sparse_matrix.npz
dss.hypotheses.org/1581;arts et humanités_d, communication_d, sciences de l'information et bibliothéconomie_d, information_t, édition électronique_t, représentations_t, histoire de l'art_t, patrimoine_t, prospectives_t;Datasets/all_labels_train_gensim_sparse_matrix.npz
soziologieblog.hypotheses.org/6810;sciences sociales interdisciplinaires_d, sociologie et anthropologie_d, sociologie du travail_t, sociologie urbaine_t, sociologie de la culture_t, sociologie économique_t;Datasets/all_labels_train_gensim_sparse_matrix.npz
dguw.hypotheses.org/380;histoire et archéologie_d, histoire_t, historiographie_t, digital humanities_t;Datasets/all_labels_train_gensim_sparse_matrix.npz
dkblog.hypotheses.org/514;histoire_d, histoire_t, époque moderne_t, xviie siècle_t;Datasets/all_labels_train_gensim_sparse_matrix.npz
archivalia.hypotheses.org/5994;histoire et archéologie_d, sciences sociales interdisciplinaires_d, histoire_t, approches de corpus_t, enquêtes_t, archives_t;Datasets/all_labels_train_gensim_sparse_matrix.npz
archivewk1.hypotheses.org/13621;histoire_d, époque contemporaine_t, 1914-1918_t;Datasets/all_labels_train_gensim_sparse_matrix.npz
archivalia.hypotheses.org/12521;histoire et archéologie_d, sciences sociales interdisciplinaires_d, histoire_t, approches de corpus_t, enquêtes_t, archives_t;Datasets/all_labels_train_gensim_sparse_matrix.npz
archivalia.hypotheses.org/5946;histoire et archéologie_d, sciences sociales interdisciplinaires_d, histoire_t, approches de corpus_t, enquêtes_t, archives_t;Datasets/all_labels_train_gensim_sparse_matrix.npz
redaktionsblog.hypotheses.org/558;arts et humanités_d, humanités pluridisciplinaires_d, épistémologie et méthodes_t, digital humanities_t;Datasets/all_labels_train_gensim_sparse_matrix.npz
archivewk1.hypotheses.org/22925;histoire_d, époque contemporaine_t, 1914-1918_t;Datasets/all_labels_train_gensim_sparse_matrix.npz
dokunstlmu.hypotheses.org/794;arts et humanités_d, histoire intellectuelle_t;Datasets/all_labels_train_gensim_sparse_matrix.npz
archivalia.hypotheses.org/9465;histoire et archéologie_d, sciences sociales interdisciplinaires_d, histoire_t, approches de corpus_t, enquêtes_t, archives_t;Datasets/all_labels_train_gensim_sparse_matrix.npz
soziologieblog.hypotheses.org/2220;sciences sociales interdisciplinaires_d, sociologie et anthropologie_d, sociologie du travail_t, sociologie urbaine_t, sociologie de la culture_t, sociologie économique_t;Datasets/all_labels_train_gensim_sparse_matrix.npz
archivewk1.hypotheses.org/16097;histoire_d, époque contemporaine_t, 1914-1918_t;Datasets/all_labels_train_gensim_sparse_matrix.npz
archivalia.hypotheses.org/1222;histoire et archéologie_d, sciences sociales interdisciplinaires_d, histoire_t, approches de corpus_t, enquêtes_t, archives_t;Datasets/all_labels_train_gensim_sparse_matrix.npz
archivalia.hypotheses.org/13545;histoire et archéologie_d, sciences sociales interdisciplinaires_d, histoire_t, approches de corpus_t, enquêtes_t, archives_t;Datasets/all_labels_train_gensim_sparse_matrix.npz
intersex.hypotheses.org/1023;histoire_d, biomédecine_d, étude des genres_t, histoire des sciences_t, histoire_t, histoire du droit_t, moyen âge_t, xxie siècle_t;Datasets/all_labels_train_gensim_sparse_matrix.npz
archivewk1.hypotheses.org/15098;histoire_d, époque contemporaine_t, 1914-1918_t;Datasets/all_labels_train_gensim_sparse_matrix.npz
cereg.hypotheses.org/359;arts et humanités_d, histoire_d, littérature_d, monde germanique_t;Datasets/all_labels_train_gensim_sparse_matrix.npz
redaktionsblog.hypotheses.org/622;arts et humanités_d, humanités pluridisciplinaires_d, épistémologie et méthodes_t, digital humanities_t;Datasets/all_labels_train_gensim_sparse_matrix.npz
archivalia.hypotheses.org/57522;histoire et archéologie_d, sciences sociales interdisciplinaires_d, histoire_t, approches de corpus_t, enquêtes_t, archives_t;Datasets/all_labels_train_gensim_sparse_matrix.npz
archivalia.hypotheses.org/5833;histoire et archéologie_d, sciences sociales interdisciplinaires_d, histoire_t, approches de corpus_t, enquêtes_t, archives_t;Datasets/all_labels_train_gensim_sparse_matrix.npz
archivalia.hypotheses.org/13535;histoire et archéologie_d, sciences sociales interdisciplinaires_d, histoire_t, approches de corpus_t, enquêtes_t, archives_t;Datasets/all_labels_train_gensim_sparse_matrix.npz
archivalia.hypotheses.org/2521;histoire et archéologie_d, sciences sociales interdisciplinaires_d, histoire_t, approches de corpus_t, enquêtes_t, archives_t;Datasets/all_labels_train_gensim_sparse_matrix.npz
archivalia.hypotheses.org/3348;histoire et archéologie_d, sciences sociales interdisciplinaires_d, histoire_t, approches de corpus_t, enquêtes_t, archives_t;Datasets/all_labels_train_gensim_sparse_matrix.npz
archivalia.hypotheses.org/8192;histoire et archéologie_d, sciences sociales interdisciplinaires_d, histoire_t, approches de corpus_t, enquêtes_t, archives_t;Datasets/all_labels_train_gensim_sparse_matrix.npz
archivewk1.hypotheses.org/4111;histoire_d, époque contemporaine_t, 1914-1918_t;Datasets/all_labels_train_gensim_sparse_matrix.npz
digigw.hypotheses.org/1129;humanités pluridisciplinaires_d, histoire_t, édition électronique_t, sciences auxiliaires de l'histoire_t, digital humanities_t;Datasets/all_labels_train_gensim_sparse_matrix.npz
games.hypotheses.org/104;arts et humanités_d, humanités pluridisciplinaires_d, psychologie expérimentale_d, sciences cognitives_t, psychisme_t, psychologie_t, représentations_t, histoire de l'art_t, études visuelles_t;Datasets/all_labels_train_gensim_sparse_matrix.npz
archivalia.hypotheses.org/5286;histoire et archéologie_d, sciences sociales interdisciplinaires_d, histoire_t, approches de corpus_t, enquêtes_t, archives_t;Datasets/all_labels_train_gensim_sparse_matrix.npz
moraleconomy.hypotheses.org/247;histoire et archéologie_d, histoire_d, histoire économique_t, histoire sociale_t, prospectives_t, france_t;Datasets/all_labels_train_gensim_sparse_matrix.npz
archivalia.hypotheses.org/741;histoire et archéologie_d, sciences sociales interdisciplinaires_d, histoire_t, approches de corpus_t, enquêtes_t, archives_t;Datasets/all_labels_train_gensim_sparse_matrix.npz
archivtag.hypotheses.org/426;pluridisciplinarité_d, sciences sociales interdisciplinaires_d, histoire_t, information_t, monde germanique_t;Datasets/all_labels_train_gensim_sparse_matrix.npz
gab.hypotheses.org/3036;histoire et archéologie_d, pluridisciplinarité_d, sciences sociales interdisciplinaires_d, études des sciences_t, sociologie des sciences_t, histoire_t;Datasets/all_labels_train_gensim_sparse_matrix.npz
soziologieblog.hypotheses.org/7903;sciences sociales interdisciplinaires_d, sociologie et anthropologie_d, sociologie du travail_t, sociologie urbaine_t, sociologie de la culture_t, sociologie économique_t;Datasets/all_labels_train_gensim_sparse_matrix.npz
dgl.hypotheses.org/479;éducation spécialisée_d, histoire_d, histoire_t, histoire et sociologie des médias_t, éducation_t;Datasets/all_labels_train_gensim_sparse_matrix.npz
archivamt.hypotheses.org/3613;communication_d, pluridisciplinarité_d, sciences sociales interdisciplinaires_d, information_t, sciences de l'information_t, représentations_t, patrimoine_t;Datasets/all_labels_train_gensim_sparse_matrix.npz
bereschitrabba.hypotheses.org/1254;arts et humanités_d, religions_d, langue et linguistique_d, religions_t, histoire des religions_t;Datasets/all_labels_train_gensim_sparse_matrix.npz
archivewk1.hypotheses.org/16957;histoire_d, époque contemporaine_t, 1914-1918_t;Datasets/all_labels_train_gensim_sparse_matrix.npz
games.hypotheses.org/1889;arts et humanités_d, humanités pluridisciplinaires_d, psychologie expérimentale_d, sciences cognitives_t, psychisme_t, psychologie_t, représentations_t, histoire de l'art_t, études visuelles_t;Datasets/all_labels_train_gensim_sparse_matrix.npz
mittelalter.hypotheses.org/9563;humanités pluridisciplinaires_d, religions_d, histoire_d, sociologie_d, histoire_t, histoire sociale_t, histoire intellectuelle_t, moyen âge_t, haut moyen âge_t, bas moyen âge_t;Datasets/all_labels_train_gensim_sparse_matrix.npz
archivalia.hypotheses.org/6023;histoire et archéologie_d, sciences sociales interdisciplinaires_d, histoire_t, approches de corpus_t, enquêtes_t, archives_t;Datasets/all_labels_train_gensim_sparse_matrix.npz
archivalia.hypotheses.org/6088;histoire et archéologie_d, sciences sociales interdisciplinaires_d, histoire_t, approches de corpus_t, enquêtes_t, archives_t;Datasets/all_labels_train_gensim_sparse_matrix.npz
kriegsfoto.hypotheses.org/218;arts_d, histoire_d, communication_d, guerres_t, conflits_t, violence_t, études visuelles_t, époque contemporaine_t, europe centrale et orientale_t;Datasets/all_labels_train_gensim_sparse_matrix.npz
kulturgut.hypotheses.org/397;humanités pluridisciplinaires_d, études des sciences_t, histoire_t, approches de corpus_t, enquêtes_t, archives_t;Datasets/all_labels_train_gensim_sparse_matrix.npz
hofordnung.hypotheses.org/170;arts et humanités_d, histoire et archéologie_d, histoire sociale_t, xvie siècle_t, xviie siècle_t, xviiie siècle_t;Datasets/all_labels_train_gensim_sparse_matrix.npz
archivewk1.hypotheses.org/19261;histoire_d, époque contemporaine_t, 1914-1918_t;Datasets/all_labels_train_gensim_sparse_matrix.npz
ordensgeschichte.hypotheses.org/7481;arts et humanités_d, humanités pluridisciplinaires_d, histoire et archéologie_d, histoire et philosophie des sciences_d, histoire_t, haut moyen âge_t, bas moyen âge_t, xviie siècle_t, xviiie siècle_t;Datasets/all_labels_train_gensim_sparse_matrix.npz
grandeguerre.hypotheses.org/914;histoire et archéologie_d, histoire_t, 1914-1918_t, prospectives_t, france_t, monde germanique_t;Datasets/all_labels_train_gensim_sparse_matrix.npz
archivalia.hypotheses.org/7731;histoire et archéologie_d, sciences sociales interdisciplinaires_d, histoire_t, approches de corpus_t, enquêtes_t, archives_t;Datasets/all_labels_train_gensim_sparse_matrix.npz
gab.hypotheses.org/604;histoire et archéologie_d, pluridisciplinarité_d, sciences sociales interdisciplinaires_d, études des sciences_t, sociologie des sciences_t, histoire_t;Datasets/all_labels_train_gensim_sparse_matrix.npz
speyermemo.hypotheses.org/2699;histoire_d, pluridisciplinarité_d, sciences sociales interdisciplinaires_d, sociologie de la culture_t, histoire_t, 1939-1945_t, europe_t;Datasets/all_labels_train_gensim_sparse_matrix.npz
feldpost.hypotheses.org/569;histoire_d, histoire_t, guerres_t, conflits_t, violence_t, histoire culturelle_t, 1914-1918_t, monde germanique_t;Datasets/all_labels_train_gensim_sparse_matrix.npz
uegg.hypotheses.org/56;histoire_d, histoire_t, histoire politique_t, époque contemporaine_t, xxe siècle_t, prospectives_t;Datasets/all_labels_train_gensim_sparse_matrix.npz
archivalia.hypotheses.org/5097;histoire et archéologie_d, sciences sociales interdisciplinaires_d, histoire_t, approches de corpus_t, enquêtes_t, archives_t;Datasets/all_labels_train_gensim_sparse_matrix.npz
archive20.hypotheses.org/1543;pluridisciplinarité_d, sciences sociales interdisciplinaires_d, histoire_t, information_t, patrimoine_t, monde germanique_t;Datasets/all_labels_train_gensim_sparse_matrix.npz
archivalia.hypotheses.org/11175;histoire et archéologie_d, sciences sociales interdisciplinaires_d, histoire_t, approches de corpus_t, enquêtes_t, archives_t;Datasets/all_labels_train_gensim_sparse_matrix.npz
wppluslw.hypotheses.org/463;littérature_d, littératures_t, édition électronique_t, épistémologie et méthodes_t, approches de corpus_t, enquêtes_t, archives_t, monde germanique_t;Datasets/all_labels_train_gensim_sparse_matrix.npz
archivalia.hypotheses.org/7850;histoire et archéologie_d, sciences sociales interdisciplinaires_d, histoire_t, approches de corpus_t, enquêtes_t, archives_t;Datasets/all_labels_train_gensim_sparse_matrix.npz
mittelalter.hypotheses.org/4699;humanités pluridisciplinaires_d, religions_d, histoire_d, sociologie_d, histoire_t, histoire sociale_t, histoire intellectuelle_t, moyen âge_t, haut moyen âge_t, bas moyen âge_t;Datasets/all_labels_train_gensim_sparse_matrix.npz
bioeg.hypotheses.org/1933;histoire et archéologie_d, histoire_d, histoire_t, sciences auxiliaires de l'histoire_t, europe centrale et orientale_t, monde germanique_t;Datasets/all_labels_train_gensim_sparse_matrix.npz
archivewk1.hypotheses.org/29185;histoire_d, époque contemporaine_t, 1914-1918_t;Datasets/all_labels_train_gensim_sparse_matrix.npz
bereschitrabba.hypotheses.org/394;arts et humanités_d, religions_d, langue et linguistique_d, religions_t, histoire des religions_t;Datasets/all_labels_train_gensim_sparse_matrix.npz
mittelalter.hypotheses.org/8653;humanités pluridisciplinaires_d, religions_d, histoire_d, sociologie_d, histoire_t, histoire sociale_t, histoire intellectuelle_t, moyen âge_t, haut moyen âge_t, bas moyen âge_t;Datasets/all_labels_train_gensim_sparse_matrix.npz
bereschitrabba.hypotheses.org/879;arts et humanités_d, religions_d, langue et linguistique_d, religions_t, histoire des religions_t;Datasets/all_labels_train_gensim_sparse_matrix.npz
archivewk1.hypotheses.org/17112;histoire_d, époque contemporaine_t, 1914-1918_t;Datasets/all_labels_train_gensim_sparse_matrix.npz
musermeku.hypotheses.org/144;humanités pluridisciplinaires_d, pluridisciplinarité_d, sciences sociales interdisciplinaires_d, sociologie_t, sociologie de la culture_t, histoire_t, histoire politique_t;Datasets/all_labels_train_gensim_sparse_matrix.npz
histbav.hypotheses.org/3328;humanités pluridisciplinaires_d, histoire_d, pluridisciplinarité_d, histoire_t, monde germanique_t;Datasets/all_labels_train_gensim_sparse_matrix.npz
grammata.hypotheses.org/1457;études anciennes_d, religions_d, littérature_d, religions_t, littératures_t;Datasets/all_labels_train_gensim_sparse_matrix.npz
francofil.hypotheses.org/3297;pluridisciplinarité_d, sciences sociales interdisciplinaires_d, histoire_t, épistémologie et méthodes_t, approches de corpus_t, enquêtes_t, archives_t, france_t;Datasets/all_labels_train_gensim_sparse_matrix.npz
soziologieblog.hypotheses.org/2337;sciences sociales interdisciplinaires_d, sociologie et anthropologie_d, sociologie du travail_t, sociologie urbaine_t, sociologie de la culture_t, sociologie économique_t;Datasets/all_labels_train_gensim_sparse_matrix.npz
archivewk1.hypotheses.org/13906;histoire_d, époque contemporaine_t, 1914-1918_t;Datasets/all_labels_train_gensim_sparse_matrix.npz
archivalia.hypotheses.org/8109;histoire et archéologie_d, sciences sociales interdisciplinaires_d, histoire_t, approches de corpus_t, enquêtes_t, archives_t;Datasets/all_labels_train_gensim_sparse_matrix.npz
mittelalter.hypotheses.org/2403;humanités pluridisciplinaires_d, religions_d, histoire_d, sociologie_d, histoire_t, histoire sociale_t, histoire intellectuelle_t, moyen âge_t, haut moyen âge_t, bas moyen âge_t;Datasets/all_labels_train_gensim_sparse_matrix.npz
liparchiv.hypotheses.org/750;histoire et archéologie_d, sciences politiques_d, administration publique et développement_d, histoire urbaine_t, patrimoine_t, sciences auxiliaires de l'histoire_t, approches de corpus_t, enquêtes_t, archives_t, europe_t;Datasets/all_labels_train_gensim_sparse_matrix.npz
speyermemo.hypotheses.org/2445;histoire_d, pluridisciplinarité_d, sciences sociales interdisciplinaires_d, sociologie de la culture_t, histoire_t, 1939-1945_t, europe_t;Datasets/all_labels_train_gensim_sparse_matrix.npz
dfmfa.hypotheses.org/2343;humanités pluridisciplinaires_d, sciences sociales interdisciplinaires_d, histoire_t, moyen âge_t, haut moyen âge_t, bas moyen âge_t;Datasets/all_labels_train_gensim_sparse_matrix.npz
archivalia.hypotheses.org/56448;histoire et archéologie_d, sciences sociales interdisciplinaires_d, histoire_t, approches de corpus_t, enquêtes_t, archives_t;Datasets/all_labels_train_gensim_sparse_matrix.npz
archivewk1.hypotheses.org/6929;histoire_d, époque contemporaine_t, 1914-1918_t;Datasets/all_labels_train_gensim_sparse_matrix.npz
archivalia.hypotheses.org/5121;histoire et archéologie_d, sciences sociales interdisciplinaires_d, histoire_t, approches de corpus_t, enquêtes_t, archives_t;Datasets/all_labels_train_gensim_sparse_matrix.npz
archivalia.hypotheses.org/53647;histoire et archéologie_d, sciences sociales interdisciplinaires_d, histoire_t, approches de corpus_t, enquêtes_t, archives_t;Datasets/all_labels_train_gensim_sparse_matrix.npz
archivalia.hypotheses.org/359;histoire et archéologie_d, sciences sociales interdisciplinaires_d, histoire_t, approches de corpus_t, enquêtes_t, archives_t;Datasets/all_labels_train_gensim_sparse_matrix.npz
soziologieblog.hypotheses.org/4990;sciences sociales interdisciplinaires_d, sociologie et anthropologie_d, sociologie du travail_t, sociologie urbaine_t, sociologie de la culture_t, sociologie économique_t;Datasets/all_labels_train_gensim_sparse_matrix.npz
histbav.hypotheses.org/4081;humanités pluridisciplinaires_d, histoire_d, pluridisciplinarité_d, histoire_t, monde germanique_t;Datasets/all_labels_train_gensim_sparse_matrix.npz
bereschitrabba.hypotheses.org/415;arts et humanités_d, religions_d, langue et linguistique_d, religions_t, histoire des religions_t;Datasets/all_labels_train_gensim_sparse_matrix.npz
mittelalter.hypotheses.org/5995;humanités pluridisciplinaires_d, religions_d, histoire_d, sociologie_d, histoire_t, histoire sociale_t, histoire intellectuelle_t, moyen âge_t, haut moyen âge_t, bas moyen âge_t;Datasets/all_labels_train_gensim_sparse_matrix.npz
archivalia.hypotheses.org/10706;histoire et archéologie_d, sciences sociales interdisciplinaires_d, histoire_t, approches de corpus_t, enquêtes_t, archives_t;Datasets/all_labels_train_gensim_sparse_matrix.npz
archive20.hypotheses.org/770;pluridisciplinarité_d, sciences sociales interdisciplinaires_d, histoire_t, information_t, patrimoine_t, monde germanique_t;Datasets/all_labels_train_gensim_sparse_matrix.npz
archivalia.hypotheses.org/8245;histoire et archéologie_d, sciences sociales interdisciplinaires_d, histoire_t, approches de corpus_t, enquêtes_t, archives_t;Datasets/all_labels_train_gensim_sparse_matrix.npz
archivalia.hypotheses.org/5028;histoire et archéologie_d, sciences sociales interdisciplinaires_d, histoire_t, approches de corpus_t, enquêtes_t, archives_t;Datasets/all_labels_train_gensim_sparse_matrix.npz
vgdrp.hypotheses.org/131;éducation_d, histoire des sciences sociales_d, histoire_t, histoire économique_t, histoire industrielle_t, histoire urbaine_t, histoire sociale_t;Datasets/all_labels_train_gensim_sparse_matrix.npz
archivewk1.hypotheses.org/20089;histoire_d, époque contemporaine_t, 1914-1918_t;Datasets/all_labels_train_gensim_sparse_matrix.npz
archivalia.hypotheses.org/6719;histoire et archéologie_d, sciences sociales interdisciplinaires_d, histoire_t, approches de corpus_t, enquêtes_t, archives_t;Datasets/all_labels_train_gensim_sparse_matrix.npz
archivalia.hypotheses.org/12111;histoire et archéologie_d, sciences sociales interdisciplinaires_d, histoire_t, approches de corpus_t, enquêtes_t, archives_t;Datasets/all_labels_train_gensim_sparse_matrix.npz
dkblog.hypotheses.org/787;histoire_d, histoire_t, époque moderne_t, xviie siècle_t;Datasets/all_labels_train_gensim_sparse_matrix.npz
archivalia.hypotheses.org/62014;histoire et archéologie_d, sciences sociales interdisciplinaires_d, histoire_t, approches de corpus_t, enquêtes_t, archives_t;Datasets/all_labels_train_gensim_sparse_matrix.npz
unibloggt.hypotheses.org/640;histoire et archéologie_d, pluridisciplinarité_d, histoire_t, information_t;Datasets/all_labels_train_gensim_sparse_matrix.npz
archivalia.hypotheses.org/9250;histoire et archéologie_d, sciences sociales interdisciplinaires_d, histoire_t, approches de corpus_t, enquêtes_t, archives_t;Datasets/all_labels_train_gensim_sparse_matrix.npz
dislab.hypotheses.org/1511;sciences sociales interdisciplinaires_d, langue et linguistique_d, sociologie des sciences_t, linguistique_t;Datasets/all_labels_train_gensim_sparse_matrix.npz
amuc.hypotheses.org/438;humanités pluridisciplinaires_d, histoire_d, histoire_t, représentations_t, patrimoine_t;Datasets/all_labels_train_gensim_sparse_matrix.npz
archivalia.hypotheses.org/11758;histoire et archéologie_d, sciences sociales interdisciplinaires_d, histoire_t, approches de corpus_t, enquêtes_t, archives_t;Datasets/all_labels_train_gensim_sparse_matrix.npz
wenhua.hypotheses.org/1118;études asiatiques_d, humanités pluridisciplinaires_d, histoire_d, histoire culturelle_t, asie_t;Datasets/all_labels_train_gensim_sparse_matrix.npz
intersex.hypotheses.org/175;histoire_d, biomédecine_d, étude des genres_t, histoire des sciences_t, histoire_t, histoire du droit_t, moyen âge_t, xxie siècle_t;Datasets/all_labels_train_gensim_sparse_matrix.npz
archivalia.hypotheses.org/60381;histoire et archéologie_d, sciences sociales interdisciplinaires_d, histoire_t, approches de corpus_t, enquêtes_t, archives_t;Datasets/all_labels_train_gensim_sparse_matrix.npz
archivalia.hypotheses.org/8972;histoire et archéologie_d, sciences sociales interdisciplinaires_d, histoire_t, approches de corpus_t, enquêtes_t, archives_t;Datasets/all_labels_train_gensim_sparse_matrix.npz
archivalia.hypotheses.org/8131;histoire et archéologie_d, sciences sociales interdisciplinaires_d, histoire_t, approches de corpus_t, enquêtes_t, archives_t;Datasets/all_labels_train_gensim_sparse_matrix.npz
archivalia.hypotheses.org/10515;histoire et archéologie_d, sciences sociales interdisciplinaires_d, histoire_t, approches de corpus_t, enquêtes_t, archives_t;Datasets/all_labels_train_gensim_sparse_matrix.npz
astrologiefnz.hypotheses.org/478;arts et humanités_d, humanités pluridisciplinaires_d, histoire et archéologie_d, histoire et philosophie des sciences_d, études des sciences_t, histoire intellectuelle_t, époque moderne_t, xviie siècle_t;Datasets/all_labels_train_gensim_sparse_matrix.npz
lvrafz.hypotheses.org/700;pluridisciplinarité_d, information_t;Datasets/all_labels_train_gensim_sparse_matrix.npz
archivalia.hypotheses.org/11229;histoire et archéologie_d, sciences sociales interdisciplinaires_d, histoire_t, approches de corpus_t, enquêtes_t, archives_t;Datasets/all_labels_train_gensim_sparse_matrix.npz
reichtum.hypotheses.org/522;économie_d, économie_d, histoire_d, histoire économique_t, histoire sociale_t;Datasets/all_labels_train_gensim_sparse_matrix.npz
archivalia.hypotheses.org/60249;histoire et archéologie_d, sciences sociales interdisciplinaires_d, histoire_t, approches de corpus_t, enquêtes_t, archives_t;Datasets/all_labels_train_gensim_sparse_matrix.npz
archivalia.hypotheses.org/9708;histoire et archéologie_d, sciences sociales interdisciplinaires_d, histoire_t, approches de corpus_t, enquêtes_t, archives_t;Datasets/all_labels_train_gensim_sparse_matrix.npz
moraleconomy.hypotheses.org/230;histoire et archéologie_d, histoire_d, histoire économique_t, histoire sociale_t, prospectives_t, france_t;Datasets/all_labels_train_gensim_sparse_matrix.npz
archivalia.hypotheses.org/8139;histoire et archéologie_d, sciences sociales interdisciplinaires_d, histoire_t, approches de corpus_t, enquêtes_t, archives_t;Datasets/all_labels_train_gensim_sparse_matrix.npz
feldpost.hypotheses.org/242;histoire_d, histoire_t, guerres_t, conflits_t, violence_t, histoire culturelle_t, 1914-1918_t, monde germanique_t;Datasets/all_labels_train_gensim_sparse_matrix.npz
inklusion.hypotheses.org/2125;éducation_d, travail social et politique sociale_d, sociologie du travail_t, âges de la vie_t, information_t, sciences de l'éducation_t;Datasets/all_labels_train_gensim_sparse_matrix.npz
histbav.hypotheses.org/2703;humanités pluridisciplinaires_d, histoire_d, pluridisciplinarité_d, histoire_t, monde germanique_t;Datasets/all_labels_train_gensim_sparse_matrix.npz
mittelalter.hypotheses.org/7911;humanités pluridisciplinaires_d, religions_d, histoire_d, sociologie_d, histoire_t, histoire sociale_t, histoire intellectuelle_t, moyen âge_t, haut moyen âge_t, bas moyen âge_t;Datasets/all_labels_train_gensim_sparse_matrix.npz
archivalia.hypotheses.org/4221;histoire et archéologie_d, sciences sociales interdisciplinaires_d, histoire_t, approches de corpus_t, enquêtes_t, archives_t;Datasets/all_labels_train_gensim_sparse_matrix.npz
nordichistoryblog.hypotheses.org/2137;arts et humanités_d, histoire et archéologie_d, histoire_t, édition électronique_t, vie de la recherche_t, approches de corpus_t, enquêtes_t, archives_t, europe_t, pays baltes et scandinaves_t;Datasets/all_labels_train_gensim_sparse_matrix.npz
bioeg.hypotheses.org/2041;histoire et archéologie_d, histoire_d, histoire_t, sciences auxiliaires de l'histoire_t, europe centrale et orientale_t, monde germanique_t;Datasets/all_labels_train_gensim_sparse_matrix.npz
archivewk1.hypotheses.org/19163;histoire_d, époque contemporaine_t, 1914-1918_t;Datasets/all_labels_train_gensim_sparse_matrix.npz
archive20.hypotheses.org/1081;pluridisciplinarité_d, sciences sociales interdisciplinaires_d, histoire_t, information_t, patrimoine_t, monde germanique_t;Datasets/all_labels_train_gensim_sparse_matrix.npz
archivewk1.hypotheses.org/16596;histoire_d, époque contemporaine_t, 1914-1918_t;Datasets/all_labels_train_gensim_sparse_matrix.npz
archive20.hypotheses.org/2869;pluridisciplinarité_d, sciences sociales interdisciplinaires_d, histoire_t, information_t, patrimoine_t, monde germanique_t;Datasets/all_labels_train_gensim_sparse_matrix.npz
merzdadaco.hypotheses.org/91;humanités pluridisciplinaires_d, littérature_d, littératures_t, représentations_t, histoire culturelle_t, histoire de l'art_t;Datasets/all_labels_train_gensim_sparse_matrix.npz
archivalia.hypotheses.org/56716;histoire et archéologie_d, sciences sociales interdisciplinaires_d, histoire_t, approches de corpus_t, enquêtes_t, archives_t;Datasets/all_labels_train_gensim_sparse_matrix.npz
erinnerung.hypotheses.org/48;histoire et archéologie_d, histoire_t, xxe siècle_t, prospectives_t, europe_t;Datasets/all_labels_train_gensim_sparse_matrix.npz
archivalia.hypotheses.org/13912;histoire et archéologie_d, sciences sociales interdisciplinaires_d, histoire_t, approches de corpus_t, enquêtes_t, archives_t;Datasets/all_labels_train_gensim_sparse_matrix.npz
fortifica.hypotheses.org/1458;histoire et archéologie_d, histoire_d, histoire urbaine_t, xvie siècle_t, xviie siècle_t, xviiie siècle_t;Datasets/all_labels_train_gensim_sparse_matrix.npz
tagebuch.hypotheses.org/1230;histoire et archéologie_d, histoire_d, histoire_t, époque contemporaine_t, 1914-1918_t;Datasets/all_labels_train_gensim_sparse_matrix.npz
medienbildung.hypotheses.org/6859;éducation_d, éducation spécialisée_d, travail social_d, sociologie_t, édition électronique_t, histoire et sociologie des médias_t, éducation_t;Datasets/all_labels_train_gensim_sparse_matrix.npz
dokunstlmu.hypotheses.org/207;arts et humanités_d, histoire intellectuelle_t;Datasets/all_labels_train_gensim_sparse_matrix.npz
archivalia.hypotheses.org/5816;histoire et archéologie_d, sciences sociales interdisciplinaires_d, histoire_t, approches de corpus_t, enquêtes_t, archives_t;Datasets/all_labels_train_gensim_sparse_matrix.npz
archivewk1.hypotheses.org/16243;histoire_d, époque contemporaine_t, 1914-1918_t;Datasets/all_labels_train_gensim_sparse_matrix.npz
beruf.hypotheses.org/374;histoire et archéologie_d, histoire_d, histoire_t;Datasets/all_labels_train_gensim_sparse_matrix.npz
archivalia.hypotheses.org/8046;histoire et archéologie_d, sciences sociales interdisciplinaires_d, histoire_t, approches de corpus_t, enquêtes_t, archives_t;Datasets/all_labels_train_gensim_sparse_matrix.npz
mindthegaps.hypotheses.org/106;études asiatiques_d, histoire_d, histoire_t, histoire culturelle_t, asie_t, chine_t;Datasets/all_labels_train_gensim_sparse_matrix.npz
gab.hypotheses.org/2291;histoire et archéologie_d, pluridisciplinarité_d, sciences sociales interdisciplinaires_d, études des sciences_t, sociologie des sciences_t, histoire_t;Datasets/all_labels_train_gensim_sparse_matrix.npz
archivewk1.hypotheses.org/12257;histoire_d, époque contemporaine_t, 1914-1918_t;Datasets/all_labels_train_gensim_sparse_matrix.npz
francofil.hypotheses.org/1936;pluridisciplinarité_d, sciences sociales interdisciplinaires_d, histoire_t, épistémologie et méthodes_t, approches de corpus_t, enquêtes_t, archives_t, france_t;Datasets/all_labels_train_gensim_sparse_matrix.npz
archivewk1.hypotheses.org/21589;histoire_d, époque contemporaine_t, 1914-1918_t;Datasets/all_labels_train_gensim_sparse_matrix.npz
achtundvierzig.hypotheses.org/575;sciences politiques_d, histoire_d, époque contemporaine_t, prospectives_t, histoire politique_t, monde germanique_t;Datasets/all_labels_train_gensim_sparse_matrix.npz
archivalia.hypotheses.org/57486;histoire et archéologie_d, sciences sociales interdisciplinaires_d, histoire_t, approches de corpus_t, enquêtes_t, archives_t;Datasets/all_labels_train_gensim_sparse_matrix.npz
archivewk1.hypotheses.org/24687;histoire_d, époque contemporaine_t, 1914-1918_t;Datasets/all_labels_train_gensim_sparse_matrix.npz
histbav.hypotheses.org/3545;humanités pluridisciplinaires_d, histoire_d, pluridisciplinarité_d, histoire_t, monde germanique_t;Datasets/all_labels_train_gensim_sparse_matrix.npz
archivalia.hypotheses.org/6362;histoire et archéologie_d, sciences sociales interdisciplinaires_d, histoire_t, approches de corpus_t, enquêtes_t, archives_t;Datasets/all_labels_train_gensim_sparse_matrix.npz
gid.hypotheses.org/751;pluridisciplinarité_d, sciences sociales interdisciplinaires_d, études des sciences_t, histoire des sciences_t, pensée_t, histoire intellectuelle_t, histoire culturelle_t, prospectives_t;Datasets/all_labels_train_gensim_sparse_matrix.npz
reichwein.hypotheses.org/1975;histoire et archéologie_d, histoire des sciences_t, 1945-1989_t;Datasets/all_labels_train_gensim_sparse_matrix.npz
archivalia.hypotheses.org/8195;histoire et archéologie_d, sciences sociales interdisciplinaires_d, histoire_t, approches de corpus_t, enquêtes_t, archives_t;Datasets/all_labels_train_gensim_sparse_matrix.npz
archivewk1.hypotheses.org/19371;histoire_d, époque contemporaine_t, 1914-1918_t;Datasets/all_labels_train_gensim_sparse_matrix.npz
archivewk1.hypotheses.org/29921;histoire_d, époque contemporaine_t, 1914-1918_t;Datasets/all_labels_train_gensim_sparse_matrix.npz
ordensgeschichte.hypotheses.org/8131;arts et humanités_d, humanités pluridisciplinaires_d, histoire et archéologie_d, histoire et philosophie des sciences_d, histoire_t, haut moyen âge_t, bas moyen âge_t, xviie siècle_t, xviiie siècle_t;Datasets/all_labels_train_gensim_sparse_matrix.npz
archivekod.hypotheses.org/629;religions_d, histoire et archéologie_d, sciences de l'information et de la communication_d, bibliothéconomie_d, communication_d, histoire_t, histoire des religions_t, patrimoine_t;Datasets/all_labels_train_gensim_sparse_matrix.npz
archivalia.hypotheses.org/10837;histoire et archéologie_d, sciences sociales interdisciplinaires_d, histoire_t, approches de corpus_t, enquêtes_t, archives_t;Datasets/all_labels_train_gensim_sparse_matrix.npz
archivalia.hypotheses.org/13666;histoire et archéologie_d, sciences sociales interdisciplinaires_d, histoire_t, approches de corpus_t, enquêtes_t, archives_t;Datasets/all_labels_train_gensim_sparse_matrix.npz
babyvision.hypotheses.org/200;psychologie_d, études des sciences_t, psychisme_t;Datasets/all_labels_train_gensim_sparse_matrix.npz
nordichistoryblog.hypotheses.org/1594;arts et humanités_d, histoire et archéologie_d, histoire_t, édition électronique_t, vie de la recherche_t, approches de corpus_t, enquêtes_t, archives_t, europe_t, pays baltes et scandinaves_t;Datasets/all_labels_train_gensim_sparse_matrix.npz
archivalia.hypotheses.org/4363;histoire et archéologie_d, sciences sociales interdisciplinaires_d, histoire_t, approches de corpus_t, enquêtes_t, archives_t;Datasets/all_labels_train_gensim_sparse_matrix.npz
tagebuch.hypotheses.org/720;histoire et archéologie_d, histoire_d, histoire_t, époque contemporaine_t, 1914-1918_t;Datasets/all_labels_train_gensim_sparse_matrix.npz
archive20.hypotheses.org/1486;pluridisciplinarité_d, sciences sociales interdisciplinaires_d, histoire_t, information_t, patrimoine_t, monde germanique_t;Datasets/all_labels_train_gensim_sparse_matrix.npz
irhis.hypotheses.org/12026;arts et humanités_d, histoire et archéologie_d, histoire économique_t, histoire sociale_t, études visuelles_t;Datasets/all_labels_train_gensim_sparse_matrix.npz
historischdenken.hypotheses.org/2621;histoire et archéologie_d, histoire_t;Datasets/all_labels_train_gensim_sparse_matrix.npz
dhdhi.hypotheses.org/182;histoire et archéologie_d, histoire_t, épistémologie et méthodes_t, digital humanities_t;Datasets/all_labels_train_gensim_sparse_matrix.npz
archivewk1.hypotheses.org/9429;histoire_d, époque contemporaine_t, 1914-1918_t;Datasets/all_labels_train_gensim_sparse_matrix.npz
nordichistoryblog.hypotheses.org/2860;arts et humanités_d, histoire et archéologie_d, histoire_t, édition électronique_t, vie de la recherche_t, approches de corpus_t, enquêtes_t, archives_t, europe_t, pays baltes et scandinaves_t;Datasets/all_labels_train_gensim_sparse_matrix.npz
gra.hypotheses.org/1887;arts et humanités_d, communication_d, sciences de l'information et bibliothéconomie_d, représentations_t, histoire culturelle_t, histoire de l'art_t, études visuelles_t;Datasets/all_labels_train_gensim_sparse_matrix.npz
archivalia.hypotheses.org/14447;histoire et archéologie_d, sciences sociales interdisciplinaires_d, histoire_t, approches de corpus_t, enquêtes_t, archives_t;Datasets/all_labels_train_gensim_sparse_matrix.npz
archivamt.hypotheses.org/1840;communication_d, pluridisciplinarité_d, sciences sociales interdisciplinaires_d, information_t, sciences de l'information_t, représentations_t, patrimoine_t;Datasets/all_labels_train_gensim_sparse_matrix.npz
archivewk1.hypotheses.org/4866;histoire_d, époque contemporaine_t, 1914-1918_t;Datasets/all_labels_train_gensim_sparse_matrix.npz
archivamt.hypotheses.org/2407;communication_d, pluridisciplinarité_d, sciences sociales interdisciplinaires_d, information_t, sciences de l'information_t, représentations_t, patrimoine_t;Datasets/all_labels_train_gensim_sparse_matrix.npz
tagebuch.hypotheses.org/935;histoire et archéologie_d, histoire_d, histoire_t, époque contemporaine_t, 1914-1918_t;Datasets/all_labels_train_gensim_sparse_matrix.npz
archivalia.hypotheses.org/2529;histoire et archéologie_d, sciences sociales interdisciplinaires_d, histoire_t, approches de corpus_t, enquêtes_t, archives_t;Datasets/all_labels_train_gensim_sparse_matrix.npz
francofil.hypotheses.org/3946;pluridisciplinarité_d, sciences sociales interdisciplinaires_d, histoire_t, épistémologie et méthodes_t, approches de corpus_t, enquêtes_t, archives_t, france_t;Datasets/all_labels_train_gensim_sparse_matrix.npz
reichwein.hypotheses.org/1354;histoire et archéologie_d, histoire des sciences_t, 1945-1989_t;Datasets/all_labels_train_gensim_sparse_matrix.npz
archivalia.hypotheses.org/11288;histoire et archéologie_d, sciences sociales interdisciplinaires_d, histoire_t, approches de corpus_t, enquêtes_t, archives_t;Datasets/all_labels_train_gensim_sparse_matrix.npz
archivalia.hypotheses.org/5367;histoire et archéologie_d, sciences sociales interdisciplinaires_d, histoire_t, approches de corpus_t, enquêtes_t, archives_t;Datasets/all_labels_train_gensim_sparse_matrix.npz
archivalia.hypotheses.org/1601;histoire et archéologie_d, sciences sociales interdisciplinaires_d, histoire_t, approches de corpus_t, enquêtes_t, archives_t;Datasets/all_labels_train_gensim_sparse_matrix.npz
archivalia.hypotheses.org/3694;histoire et archéologie_d, sciences sociales interdisciplinaires_d, histoire_t, approches de corpus_t, enquêtes_t, archives_t;Datasets/all_labels_train_gensim_sparse_matrix.npz
bloghaus.hypotheses.org/1260;pluridisciplinarité_d, sciences sociales interdisciplinaires_d, information_t, digital humanities_t;Datasets/all_labels_train_gensim_sparse_matrix.npz
tagebuch.hypotheses.org/899;histoire et archéologie_d, histoire_d, histoire_t, époque contemporaine_t, 1914-1918_t;Datasets/all_labels_train_gensim_sparse_matrix.npz
speyermemo.hypotheses.org/2503;histoire_d, pluridisciplinarité_d, sciences sociales interdisciplinaires_d, sociologie de la culture_t, histoire_t, 1939-1945_t, europe_t;Datasets/all_labels_train_gensim_sparse_matrix.npz
archivamt.hypotheses.org/1539;communication_d, pluridisciplinarité_d, sciences sociales interdisciplinaires_d, information_t, sciences de l'information_t, représentations_t, patrimoine_t;Datasets/all_labels_train_gensim_sparse_matrix.npz
gid.hypotheses.org/323;pluridisciplinarité_d, sciences sociales interdisciplinaires_d, études des sciences_t, histoire des sciences_t, pensée_t, histoire intellectuelle_t, histoire culturelle_t, prospectives_t;Datasets/all_labels_train_gensim_sparse_matrix.npz
histgymbib.hypotheses.org/1716;arts et humanités_d, humanités pluridisciplinaires_d, sciences de l'information et de la communication_d, bibliothéconomie_d, sciences sociales interdisciplinaires_d, éducation_t, xvie siècle_t, xviie siècle_t, xviiie siècle_t, prospectives_t;Datasets/all_labels_train_gensim_sparse_matrix.npz
archivalia.hypotheses.org/12168;histoire et archéologie_d, sciences sociales interdisciplinaires_d, histoire_t, approches de corpus_t, enquêtes_t, archives_t;Datasets/all_labels_train_gensim_sparse_matrix.npz
texperimentales.hypotheses.org/865;linguistique appliquée_d, langue et linguistique_d, langage_t, linguistique_t, information_t, sciences de l'information_t, digital humanities_t;Datasets/all_labels_train_gensim_sparse_matrix.npz
reichwein.hypotheses.org/1242;histoire et archéologie_d, histoire des sciences_t, 1945-1989_t;Datasets/all_labels_train_gensim_sparse_matrix.npz
archivalia.hypotheses.org/6633;histoire et archéologie_d, sciences sociales interdisciplinaires_d, histoire_t, approches de corpus_t, enquêtes_t, archives_t;Datasets/all_labels_train_gensim_sparse_matrix.npz
soziologieblog.hypotheses.org/9098;sciences sociales interdisciplinaires_d, sociologie et anthropologie_d, sociologie du travail_t, sociologie urbaine_t, sociologie de la culture_t, sociologie économique_t;Datasets/all_labels_train_gensim_sparse_matrix.npz
rkb.hypotheses.org/808;arts et humanités_d, communication_d, sciences de l'information et bibliothéconomie_d, sociologie des sciences_t, édition électronique_t, histoire et sociologie des médias_t;Datasets/all_labels_train_gensim_sparse_matrix.npz
archivalia.hypotheses.org/5670;histoire et archéologie_d, sciences sociales interdisciplinaires_d, histoire_t, approches de corpus_t, enquêtes_t, archives_t;Datasets/all_labels_train_gensim_sparse_matrix.npz
1914lvr.hypotheses.org/114;sciences politiques_d, histoire_t, époque contemporaine_t, 1914-1918_t;Datasets/all_labels_train_gensim_sparse_matrix.npz
archivalia.hypotheses.org/11439;histoire et archéologie_d, sciences sociales interdisciplinaires_d, histoire_t, approches de corpus_t, enquêtes_t, archives_t;Datasets/all_labels_train_gensim_sparse_matrix.npz
archivewk1.hypotheses.org/15791;histoire_d, époque contemporaine_t, 1914-1918_t;Datasets/all_labels_train_gensim_sparse_matrix.npz
archivalia.hypotheses.org/12248;histoire et archéologie_d, sciences sociales interdisciplinaires_d, histoire_t, approches de corpus_t, enquêtes_t, archives_t;Datasets/all_labels_train_gensim_sparse_matrix.npz
archivalia.hypotheses.org/386;histoire et archéologie_d, sciences sociales interdisciplinaires_d, histoire_t, approches de corpus_t, enquêtes_t, archives_t;Datasets/all_labels_train_gensim_sparse_matrix.npz
kristinoswald.hypotheses.org/1865;études anciennes_d, études des sciences_t, histoire_t, histoire et sociologie des médias_t, histoire culturelle_t, digital humanities_t;Datasets/all_labels_train_gensim_sparse_matrix.npz
archivalia.hypotheses.org/3815;histoire et archéologie_d, sciences sociales interdisciplinaires_d, histoire_t, approches de corpus_t, enquêtes_t, archives_t;Datasets/all_labels_train_gensim_sparse_matrix.npz
archivalia.hypotheses.org/10375;histoire et archéologie_d, sciences sociales interdisciplinaires_d, histoire_t, approches de corpus_t, enquêtes_t, archives_t;Datasets/all_labels_train_gensim_sparse_matrix.npz
kinder.hypotheses.org/1249;éducation et sciences de l'éducation_d, études sur la famille_d, âges de la vie_t, sciences de l'éducation_t;Datasets/all_labels_train_gensim_sparse_matrix.npz
archivalia.hypotheses.org/510;histoire et archéologie_d, sciences sociales interdisciplinaires_d, histoire_t, approches de corpus_t, enquêtes_t, archives_t;Datasets/all_labels_train_gensim_sparse_matrix.npz
archivalia.hypotheses.org/9615;histoire et archéologie_d, sciences sociales interdisciplinaires_d, histoire_t, approches de corpus_t, enquêtes_t, archives_t;Datasets/all_labels_train_gensim_sparse_matrix.npz
bioeg.hypotheses.org/1959;histoire et archéologie_d, histoire_d, histoire_t, sciences auxiliaires de l'histoire_t, europe centrale et orientale_t, monde germanique_t;Datasets/all_labels_train_gensim_sparse_matrix.npz
archivalia.hypotheses.org/11109;histoire et archéologie_d, sciences sociales interdisciplinaires_d, histoire_t, approches de corpus_t, enquêtes_t, archives_t;Datasets/all_labels_train_gensim_sparse_matrix.npz
amuc.hypotheses.org/1715;humanités pluridisciplinaires_d, histoire_d, histoire_t, représentations_t, patrimoine_t;Datasets/all_labels_train_gensim_sparse_matrix.npz
mittelalter.hypotheses.org/8353;humanités pluridisciplinaires_d, religions_d, histoire_d, sociologie_d, histoire_t, histoire sociale_t, histoire intellectuelle_t, moyen âge_t, haut moyen âge_t, bas moyen âge_t;Datasets/all_labels_train_gensim_sparse_matrix.npz
archivalia.hypotheses.org/2728;histoire et archéologie_d, sciences sociales interdisciplinaires_d, histoire_t, approches de corpus_t, enquêtes_t, archives_t;Datasets/all_labels_train_gensim_sparse_matrix.npz
mindthegaps.hypotheses.org/1284;études asiatiques_d, histoire_d, histoire_t, histoire culturelle_t, asie_t, chine_t;Datasets/all_labels_train_gensim_sparse_matrix.npz
reichwein.hypotheses.org/1184;histoire et archéologie_d, histoire des sciences_t, 1945-1989_t;Datasets/all_labels_train_gensim_sparse_matrix.npz
medienbildung.hypotheses.org/7505;éducation_d, éducation spécialisée_d, travail social_d, sociologie_t, édition électronique_t, histoire et sociologie des médias_t, éducation_t;Datasets/all_labels_train_gensim_sparse_matrix.npz
archivekod.hypotheses.org/802;religions_d, histoire et archéologie_d, sciences de l'information et de la communication_d, bibliothéconomie_d, communication_d, histoire_t, histoire des religions_t, patrimoine_t;Datasets/all_labels_train_gensim_sparse_matrix.npz
archivalia.hypotheses.org/6658;histoire et archéologie_d, sciences sociales interdisciplinaires_d, histoire_t, approches de corpus_t, enquêtes_t, archives_t;Datasets/all_labels_train_gensim_sparse_matrix.npz
bioeg.hypotheses.org/1901;histoire et archéologie_d, histoire_d, histoire_t, sciences auxiliaires de l'histoire_t, europe centrale et orientale_t, monde germanique_t;Datasets/all_labels_train_gensim_sparse_matrix.npz
gid.hypotheses.org/944;pluridisciplinarité_d, sciences sociales interdisciplinaires_d, études des sciences_t, histoire des sciences_t, pensée_t, histoire intellectuelle_t, histoire culturelle_t, prospectives_t;Datasets/all_labels_train_gensim_sparse_matrix.npz
archivalia.hypotheses.org/8061;histoire et archéologie_d, sciences sociales interdisciplinaires_d, histoire_t, approches de corpus_t, enquêtes_t, archives_t;Datasets/all_labels_train_gensim_sparse_matrix.npz
mittelalter.hypotheses.org/6765;humanités pluridisciplinaires_d, religions_d, histoire_d, sociologie_d, histoire_t, histoire sociale_t, histoire intellectuelle_t, moyen âge_t, haut moyen âge_t, bas moyen âge_t;Datasets/all_labels_train_gensim_sparse_matrix.npz
nordichistoryblog.hypotheses.org/3183;arts et humanités_d, histoire et archéologie_d, histoire_t, édition électronique_t, vie de la recherche_t, approches de corpus_t, enquêtes_t, archives_t, europe_t, pays baltes et scandinaves_t;Datasets/all_labels_train_gensim_sparse_matrix.npz
grk1678.hypotheses.org/811;arts et humanités_d, humanités pluridisciplinaires_d, histoire et philosophie des sciences_d, pluridisciplinarité_d, philosophie_t, littératures_t, histoire culturelle_t, histoire de l'art_t;Datasets/all_labels_train_gensim_sparse_matrix.npz
mittelalter.hypotheses.org/7535;humanités pluridisciplinaires_d, religions_d, histoire_d, sociologie_d, histoire_t, histoire sociale_t, histoire intellectuelle_t, moyen âge_t, haut moyen âge_t, bas moyen âge_t;Datasets/all_labels_train_gensim_sparse_matrix.npz
archivalia.hypotheses.org/4816;histoire et archéologie_d, sciences sociales interdisciplinaires_d, histoire_t, approches de corpus_t, enquêtes_t, archives_t;Datasets/all_labels_train_gensim_sparse_matrix.npz
archive20.hypotheses.org/167;pluridisciplinarité_d, sciences sociales interdisciplinaires_d, histoire_t, information_t, patrimoine_t, monde germanique_t;Datasets/all_labels_train_gensim_sparse_matrix.npz
archivewk1.hypotheses.org/7062;histoire_d, époque contemporaine_t, 1914-1918_t;Datasets/all_labels_train_gensim_sparse_matrix.npz
archivalia.hypotheses.org/3546;histoire et archéologie_d, sciences sociales interdisciplinaires_d, histoire_t, approches de corpus_t, enquêtes_t, archives_t;Datasets/all_labels_train_gensim_sparse_matrix.npz
archivalia.hypotheses.org/10258;histoire et archéologie_d, sciences sociales interdisciplinaires_d, histoire_t, approches de corpus_t, enquêtes_t, archives_t;Datasets/all_labels_train_gensim_sparse_matrix.npz
metablock.hypotheses.org/906;sciences sociales interdisciplinaires_d, linguistique appliquée_d, langue et linguistique_d, sociologie des sciences_t, langage_t, linguistique_t, édition électronique_t, histoire et sociologie des médias_t;Datasets/all_labels_train_gensim_sparse_matrix.npz
moraleconomy.hypotheses.org/310;histoire et archéologie_d, histoire_d, histoire économique_t, histoire sociale_t, prospectives_t, france_t;Datasets/all_labels_train_gensim_sparse_matrix.npz
nummer.hypotheses.org/148;histoire_d, sciences de l'information et de la communication_d, bibliothéconomie_d, histoire_t, histoire intellectuelle_t, histoire et sociologie des médias_t, histoire culturelle_t;Datasets/all_labels_train_gensim_sparse_matrix.npz
archivalia.hypotheses.org/56161;histoire et archéologie_d, sciences sociales interdisciplinaires_d, histoire_t, approches de corpus_t, enquêtes_t, archives_t;Datasets/all_labels_train_gensim_sparse_matrix.npz
archivewk1.hypotheses.org/2498;histoire_d, époque contemporaine_t, 1914-1918_t;Datasets/all_labels_train_gensim_sparse_matrix.npz
archivalia.hypotheses.org/1077;histoire et archéologie_d, sciences sociales interdisciplinaires_d, histoire_t, approches de corpus_t, enquêtes_t, archives_t;Datasets/all_labels_train_gensim_sparse_matrix.npz
archivalia.hypotheses.org/54478;histoire et archéologie_d, sciences sociales interdisciplinaires_d, histoire_t, approches de corpus_t, enquêtes_t, archives_t;Datasets/all_labels_train_gensim_sparse_matrix.npz
inklusion.hypotheses.org/2164;éducation_d, travail social et politique sociale_d, sociologie du travail_t, âges de la vie_t, information_t, sciences de l'éducation_t;Datasets/all_labels_train_gensim_sparse_matrix.npz
fortifica.hypotheses.org/1510;histoire et archéologie_d, histoire_d, histoire urbaine_t, xvie siècle_t, xviie siècle_t, xviiie siècle_t;Datasets/all_labels_train_gensim_sparse_matrix.npz
archivamt.hypotheses.org/2732;communication_d, pluridisciplinarité_d, sciences sociales interdisciplinaires_d, information_t, sciences de l'information_t, représentations_t, patrimoine_t;Datasets/all_labels_train_gensim_sparse_matrix.npz
metablock.hypotheses.org/123;sciences sociales interdisciplinaires_d, linguistique appliquée_d, langue et linguistique_d, sociologie des sciences_t, langage_t, linguistique_t, édition électronique_t, histoire et sociologie des médias_t;Datasets/all_labels_train_gensim_sparse_matrix.npz
texperimentales.hypotheses.org/1578;linguistique appliquée_d, langue et linguistique_d, langage_t, linguistique_t, information_t, sciences de l'information_t, digital humanities_t;Datasets/all_labels_train_gensim_sparse_matrix.npz
nordichistoryblog.hypotheses.org/2399;arts et humanités_d, histoire et archéologie_d, histoire_t, édition électronique_t, vie de la recherche_t, approches de corpus_t, enquêtes_t, archives_t, europe_t, pays baltes et scandinaves_t;Datasets/all_labels_train_gensim_sparse_matrix.npz
archivalia.hypotheses.org/54782;histoire et archéologie_d, sciences sociales interdisciplinaires_d, histoire_t, approches de corpus_t, enquêtes_t, archives_t;Datasets/all_labels_train_gensim_sparse_matrix.npz
archivewk1.hypotheses.org/15970;histoire_d, époque contemporaine_t, 1914-1918_t;Datasets/all_labels_train_gensim_sparse_matrix.npz
archivalia.hypotheses.org/7271;histoire et archéologie_d, sciences sociales interdisciplinaires_d, histoire_t, approches de corpus_t, enquêtes_t, archives_t;Datasets/all_labels_train_gensim_sparse_matrix.npz
zakunibonn.hypotheses.org/932;histoire_d, psychologie_d, histoire_t, psychisme_t, psychologie_t, méthodes de traitement et de représentation_t, monde germanique_t;Datasets/all_labels_train_gensim_sparse_matrix.npz
soziologieblog.hypotheses.org/9945;sciences sociales interdisciplinaires_d, sociologie et anthropologie_d, sociologie du travail_t, sociologie urbaine_t, sociologie de la culture_t, sociologie économique_t;Datasets/all_labels_train_gensim_sparse_matrix.npz
francofil.hypotheses.org/3771;pluridisciplinarité_d, sciences sociales interdisciplinaires_d, histoire_t, épistémologie et méthodes_t, approches de corpus_t, enquêtes_t, archives_t, france_t;Datasets/all_labels_train_gensim_sparse_matrix.npz
pophistory.hypotheses.org/2017;humanités pluridisciplinaires_d, histoire et archéologie_d, sociologie de la culture_t, histoire sociale_t, histoire culturelle_t, époque contemporaine_t;Datasets/all_labels_train_gensim_sparse_matrix.npz
rhad.hypotheses.org/215;histoire_d, histoire des sciences sociales_d, histoire_t, époque moderne_t, révolution française_t, xviie siècle_t, xviiie siècle_t, prospectives_t;Datasets/all_labels_train_gensim_sparse_matrix.npz
nummer.hypotheses.org/78;histoire_d, sciences de l'information et de la communication_d, bibliothéconomie_d, histoire_t, histoire intellectuelle_t, histoire et sociologie des médias_t, histoire culturelle_t;Datasets/all_labels_train_gensim_sparse_matrix.npz
archivewk1.hypotheses.org/26670;histoire_d, époque contemporaine_t, 1914-1918_t;Datasets/all_labels_train_gensim_sparse_matrix.npz
grammata.hypotheses.org/465;études anciennes_d, religions_d, littérature_d, religions_t, littératures_t;Datasets/all_labels_train_gensim_sparse_matrix.npz
achtundvierzig.hypotheses.org/677;sciences politiques_d, histoire_d, époque contemporaine_t, prospectives_t, histoire politique_t, monde germanique_t;Datasets/all_labels_train_gensim_sparse_matrix.npz
archive20.hypotheses.org/3884;pluridisciplinarité_d, sciences sociales interdisciplinaires_d, histoire_t, information_t, patrimoine_t, monde germanique_t;Datasets/all_labels_train_gensim_sparse_matrix.npz
archivewk1.hypotheses.org/21204;histoire_d, époque contemporaine_t, 1914-1918_t;Datasets/all_labels_train_gensim_sparse_matrix.npz
barblog.hypotheses.org/1297;sciences sociales interdisciplinaires_d, sciences politiques_d, sociologie_d, anthropologie politique_t;Datasets/all_labels_train_gensim_sparse_matrix.npz
archivalia.hypotheses.org/256;histoire et archéologie_d, sciences sociales interdisciplinaires_d, histoire_t, approches de corpus_t, enquêtes_t, archives_t;Datasets/all_labels_train_gensim_sparse_matrix.npz
medienbildung.hypotheses.org/3251;éducation_d, éducation spécialisée_d, travail social_d, sociologie_t, édition électronique_t, histoire et sociologie des médias_t, éducation_t;Datasets/all_labels_train_gensim_sparse_matrix.npz
1914lvr.hypotheses.org/1719;sciences politiques_d, histoire_t, époque contemporaine_t, 1914-1918_t;Datasets/all_labels_train_gensim_sparse_matrix.npz
mittelalter.hypotheses.org/6886;humanités pluridisciplinaires_d, religions_d, histoire_d, sociologie_d, histoire_t, histoire sociale_t, histoire intellectuelle_t, moyen âge_t, haut moyen âge_t, bas moyen âge_t;Datasets/all_labels_train_gensim_sparse_matrix.npz
archivewk1.hypotheses.org/26603;histoire_d, époque contemporaine_t, 1914-1918_t;Datasets/all_labels_train_gensim_sparse_matrix.npz
archivalia.hypotheses.org/13942;histoire et archéologie_d, sciences sociales interdisciplinaires_d, histoire_t, approches de corpus_t, enquêtes_t, archives_t;Datasets/all_labels_train_gensim_sparse_matrix.npz
bioeg.hypotheses.org/566;histoire et archéologie_d, histoire_d, histoire_t, sciences auxiliaires de l'histoire_t, europe centrale et orientale_t, monde germanique_t;Datasets/all_labels_train_gensim_sparse_matrix.npz
inklusion.hypotheses.org/1695;éducation_d, travail social et politique sociale_d, sociologie du travail_t, âges de la vie_t, information_t, sciences de l'éducation_t;Datasets/all_labels_train_gensim_sparse_matrix.npz
archivewk1.hypotheses.org/13071;histoire_d, époque contemporaine_t, 1914-1918_t;Datasets/all_labels_train_gensim_sparse_matrix.npz
archivalia.hypotheses.org/6954;histoire et archéologie_d, sciences sociales interdisciplinaires_d, histoire_t, approches de corpus_t, enquêtes_t, archives_t;Datasets/all_labels_train_gensim_sparse_matrix.npz
grk1919.hypotheses.org/155;histoire et archéologie_d, histoire et philosophie des sciences_d, histoire_t;Datasets/all_labels_train_gensim_sparse_matrix.npz
archivalia.hypotheses.org/6436;histoire et archéologie_d, sciences sociales interdisciplinaires_d, histoire_t, approches de corpus_t, enquêtes_t, archives_t;Datasets/all_labels_train_gensim_sparse_matrix.npz
mindthegaps.hypotheses.org/193;études asiatiques_d, histoire_d, histoire_t, histoire culturelle_t, asie_t, chine_t;Datasets/all_labels_train_gensim_sparse_matrix.npz
barblog.hypotheses.org/1066;sciences sociales interdisciplinaires_d, sciences politiques_d, sociologie_d, anthropologie politique_t;Datasets/all_labels_train_gensim_sparse_matrix.npz
archivalia.hypotheses.org/11271;histoire et archéologie_d, sciences sociales interdisciplinaires_d, histoire_t, approches de corpus_t, enquêtes_t, archives_t;Datasets/all_labels_train_gensim_sparse_matrix.npz
archivalia.hypotheses.org/12533;histoire et archéologie_d, sciences sociales interdisciplinaires_d, histoire_t, approches de corpus_t, enquêtes_t, archives_t;Datasets/all_labels_train_gensim_sparse_matrix.npz
archivalia.hypotheses.org/54285;histoire et archéologie_d, sciences sociales interdisciplinaires_d, histoire_t, approches de corpus_t, enquêtes_t, archives_t;Datasets/all_labels_train_gensim_sparse_matrix.npz
archivalia.hypotheses.org/5666;histoire et archéologie_d, sciences sociales interdisciplinaires_d, histoire_t, approches de corpus_t, enquêtes_t, archives_t;Datasets/all_labels_train_gensim_sparse_matrix.npz
ordensgeschichte.hypotheses.org/2232;arts et humanités_d, humanités pluridisciplinaires_d, histoire et archéologie_d, histoire et philosophie des sciences_d, histoire_t, haut moyen âge_t, bas moyen âge_t, xviie siècle_t, xviiie siècle_t;Datasets/all_labels_train_gensim_sparse_matrix.npz
archivewk1.hypotheses.org/24407;histoire_d, époque contemporaine_t, 1914-1918_t;Datasets/all_labels_train_gensim_sparse_matrix.npz
inklusion.hypotheses.org/1767;éducation_d, travail social et politique sociale_d, sociologie du travail_t, âges de la vie_t, information_t, sciences de l'éducation_t;Datasets/all_labels_train_gensim_sparse_matrix.npz
archivtag.hypotheses.org/355;pluridisciplinarité_d, sciences sociales interdisciplinaires_d, histoire_t, information_t, monde germanique_t;Datasets/all_labels_train_gensim_sparse_matrix.npz
archivalia.hypotheses.org/9123;histoire et archéologie_d, sciences sociales interdisciplinaires_d, histoire_t, approches de corpus_t, enquêtes_t, archives_t;Datasets/all_labels_train_gensim_sparse_matrix.npz
archivalia.hypotheses.org/2622;histoire et archéologie_d, sciences sociales interdisciplinaires_d, histoire_t, approches de corpus_t, enquêtes_t, archives_t;Datasets/all_labels_train_gensim_sparse_matrix.npz
histbav.hypotheses.org/2328;humanités pluridisciplinaires_d, histoire_d, pluridisciplinarité_d, histoire_t, monde germanique_t;Datasets/all_labels_train_gensim_sparse_matrix.npz
soziologieblog.hypotheses.org/5742;sciences sociales interdisciplinaires_d, sociologie et anthropologie_d, sociologie du travail_t, sociologie urbaine_t, sociologie de la culture_t, sociologie économique_t;Datasets/all_labels_train_gensim_sparse_matrix.npz
archivalia.hypotheses.org/8992;histoire et archéologie_d, sciences sociales interdisciplinaires_d, histoire_t, approches de corpus_t, enquêtes_t, archives_t;Datasets/all_labels_train_gensim_sparse_matrix.npz
archive20.hypotheses.org/1970;pluridisciplinarité_d, sciences sociales interdisciplinaires_d, histoire_t, information_t, patrimoine_t, monde germanique_t;Datasets/all_labels_train_gensim_sparse_matrix.npz
philophiso.hypotheses.org/106;philosophie_d, éducation_d, éducation spécialisée_d, pensée_t, philosophie_t, représentations_t, patrimoine_t;Datasets/all_labels_train_gensim_sparse_matrix.npz
archivalia.hypotheses.org/13626;histoire et archéologie_d, sciences sociales interdisciplinaires_d, histoire_t, approches de corpus_t, enquêtes_t, archives_t;Datasets/all_labels_train_gensim_sparse_matrix.npz
archivalia.hypotheses.org/4545;histoire et archéologie_d, sciences sociales interdisciplinaires_d, histoire_t, approches de corpus_t, enquêtes_t, archives_t;Datasets/all_labels_train_gensim_sparse_matrix.npz
histgymbib.hypotheses.org/1;arts et humanités_d, humanités pluridisciplinaires_d, sciences de l'information et de la communication_d, bibliothéconomie_d, sciences sociales interdisciplinaires_d, éducation_t, xvie siècle_t, xviie siècle_t, xviiie siècle_t, prospectives_t;Datasets/all_labels_train_gensim_sparse_matrix.npz
archivalia.hypotheses.org/14125;histoire et archéologie_d, sciences sociales interdisciplinaires_d, histoire_t, approches de corpus_t, enquêtes_t, archives_t;Datasets/all_labels_train_gensim_sparse_matrix.npz
archivalia.hypotheses.org/56354;histoire et archéologie_d, sciences sociales interdisciplinaires_d, histoire_t, approches de corpus_t, enquêtes_t, archives_t;Datasets/all_labels_train_gensim_sparse_matrix.npz
resilienz.hypotheses.org/504;pluridisciplinarité_d, sciences sociales interdisciplinaires_d, études des sciences_t, épistémologie et méthodes_t, vie de la recherche_t, prospectives_t;Datasets/all_labels_train_gensim_sparse_matrix.npz
archivalia.hypotheses.org/13443;histoire et archéologie_d, sciences sociales interdisciplinaires_d, histoire_t, approches de corpus_t, enquêtes_t, archives_t;Datasets/all_labels_train_gensim_sparse_matrix.npz
maxweber.hypotheses.org/718;humanités pluridisciplinaires_d, histoire et archéologie_d, histoire et philosophie des sciences_d, sociologie et anthropologie_d, histoire sociale_t, histoire intellectuelle_t, sociologie des religions_t, vie de la recherche_t;Datasets/all_labels_train_gensim_sparse_matrix.npz
trafo.hypotheses.org/1255;pluridisciplinarité_d, sciences sociales interdisciplinaires_d, études régionales_d, sociologie_t, sociologie des religions_t, information_t, histoire culturelle_t;Datasets/all_labels_train_gensim_sparse_matrix.npz
archivewk1.hypotheses.org/19210;histoire_d, époque contemporaine_t, 1914-1918_t;Datasets/all_labels_train_gensim_sparse_matrix.npz
archivalia.hypotheses.org/6572;histoire et archéologie_d, sciences sociales interdisciplinaires_d, histoire_t, approches de corpus_t, enquêtes_t, archives_t;Datasets/all_labels_train_gensim_sparse_matrix.npz
intersex.hypotheses.org/2418;histoire_d, biomédecine_d, étude des genres_t, histoire des sciences_t, histoire_t, histoire du droit_t, moyen âge_t, xxie siècle_t;Datasets/all_labels_train_gensim_sparse_matrix.npz
archivekod.hypotheses.org/23;religions_d, histoire et archéologie_d, sciences de l'information et de la communication_d, bibliothéconomie_d, communication_d, histoire_t, histoire des religions_t, patrimoine_t;Datasets/all_labels_train_gensim_sparse_matrix.npz
dkblog.hypotheses.org/315;histoire_d, histoire_t, époque moderne_t, xviie siècle_t;Datasets/all_labels_train_gensim_sparse_matrix.npz
archivalia.hypotheses.org/11025;histoire et archéologie_d, sciences sociales interdisciplinaires_d, histoire_t, approches de corpus_t, enquêtes_t, archives_t;Datasets/all_labels_train_gensim_sparse_matrix.npz
pophistory.hypotheses.org/2091;humanités pluridisciplinaires_d, histoire et archéologie_d, sociologie de la culture_t, histoire sociale_t, histoire culturelle_t, époque contemporaine_t;Datasets/all_labels_train_gensim_sparse_matrix.npz
dislab.hypotheses.org/1840;sciences sociales interdisciplinaires_d, langue et linguistique_d, sociologie des sciences_t, linguistique_t;Datasets/all_labels_train_gensim_sparse_matrix.npz
maxweber.hypotheses.org/726;humanités pluridisciplinaires_d, histoire et archéologie_d, histoire et philosophie des sciences_d, sociologie et anthropologie_d, histoire sociale_t, histoire intellectuelle_t, sociologie des religions_t, vie de la recherche_t;Datasets/all_labels_train_gensim_sparse_matrix.npz
archivalia.hypotheses.org/13922;histoire et archéologie_d, sciences sociales interdisciplinaires_d, histoire_t, approches de corpus_t, enquêtes_t, archives_t;Datasets/all_labels_train_gensim_sparse_matrix.npz
dkblog.hypotheses.org/351;histoire_d, histoire_t, époque moderne_t, xviie siècle_t;Datasets/all_labels_train_gensim_sparse_matrix.npz
19jhdhip.hypotheses.org/218;histoire_d, époque contemporaine_t, prospectives_t, france_t, monde germanique_t;Datasets/all_labels_train_gensim_sparse_matrix.npz
dokunstlmu.hypotheses.org/963;arts et humanités_d, histoire intellectuelle_t;Datasets/all_labels_train_gensim_sparse_matrix.npz
2wkvisuell.hypotheses.org/706;arts et humanités_d, histoire et archéologie_d, histoire sociale_t, guerres_t, conflits_t, violence_t, histoire et sociologie des médias_t, études visuelles_t, époque contemporaine_t;Datasets/all_labels_train_gensim_sparse_matrix.npz
archivewk1.hypotheses.org/22901;histoire_d, époque contemporaine_t, 1914-1918_t;Datasets/all_labels_train_gensim_sparse_matrix.npz
soziologieblog.hypotheses.org/5266;sciences sociales interdisciplinaires_d, sociologie et anthropologie_d, sociologie du travail_t, sociologie urbaine_t, sociologie de la culture_t, sociologie économique_t;Datasets/all_labels_train_gensim_sparse_matrix.npz
bioeg.hypotheses.org/1040;histoire et archéologie_d, histoire_d, histoire_t, sciences auxiliaires de l'histoire_t, europe centrale et orientale_t, monde germanique_t;Datasets/all_labels_train_gensim_sparse_matrix.npz
archivalia.hypotheses.org/5021;histoire et archéologie_d, sciences sociales interdisciplinaires_d, histoire_t, approches de corpus_t, enquêtes_t, archives_t;Datasets/all_labels_train_gensim_sparse_matrix.npz
archivewk1.hypotheses.org/12674;histoire_d, époque contemporaine_t, 1914-1918_t;Datasets/all_labels_train_gensim_sparse_matrix.npz
archivalia.hypotheses.org/5876;histoire et archéologie_d, sciences sociales interdisciplinaires_d, histoire_t, approches de corpus_t, enquêtes_t, archives_t;Datasets/all_labels_train_gensim_sparse_matrix.npz
medienbildung.hypotheses.org/3059;éducation_d, éducation spécialisée_d, travail social_d, sociologie_t, édition électronique_t, histoire et sociologie des médias_t, éducation_t;Datasets/all_labels_train_gensim_sparse_matrix.npz
tagebuch.hypotheses.org/648;histoire et archéologie_d, histoire_d, histoire_t, époque contemporaine_t, 1914-1918_t;Datasets/all_labels_train_gensim_sparse_matrix.npz
archives.hypotheses.org/1032;histoire_d, communication_d, patrimoine_t, digital humanities_t, moyen âge_t, époque moderne_t, france_t, monde germanique_t;Datasets/all_labels_train_gensim_sparse_matrix.npz
digigw.hypotheses.org/1434;humanités pluridisciplinaires_d, histoire_t, édition électronique_t, sciences auxiliaires de l'histoire_t, digital humanities_t;Datasets/all_labels_train_gensim_sparse_matrix.npz
archivalia.hypotheses.org/62772;histoire et archéologie_d, sciences sociales interdisciplinaires_d, histoire_t, approches de corpus_t, enquêtes_t, archives_t;Datasets/all_labels_train_gensim_sparse_matrix.npz
archivalia.hypotheses.org/54038;histoire et archéologie_d, sciences sociales interdisciplinaires_d, histoire_t, approches de corpus_t, enquêtes_t, archives_t;Datasets/all_labels_train_gensim_sparse_matrix.npz
sammeln.hypotheses.org/302;sciences sociales interdisciplinaires_d, histoire des sciences_t, patrimoine_t, sciences auxiliaires de l'histoire_t, approches de corpus_t, enquêtes_t, archives_t;Datasets/all_labels_train_gensim_sparse_matrix.npz
trafo.hypotheses.org/1380;pluridisciplinarité_d, sciences sociales interdisciplinaires_d, études régionales_d, sociologie_t, sociologie des religions_t, information_t, histoire culturelle_t;Datasets/all_labels_train_gensim_sparse_matrix.npz
artincrisis.hypotheses.org/1;arts et humanités_d, représentations_t, histoire de l'art_t, époque contemporaine_t, 1939-1945_t, monde germanique_t;Datasets/all_labels_train_gensim_sparse_matrix.npz
archivalia.hypotheses.org/5652;histoire et archéologie_d, sciences sociales interdisciplinaires_d, histoire_t, approches de corpus_t, enquêtes_t, archives_t;Datasets/all_labels_train_gensim_sparse_matrix.npz
archivalia.hypotheses.org/3923;histoire et archéologie_d, sciences sociales interdisciplinaires_d, histoire_t, approches de corpus_t, enquêtes_t, archives_t;Datasets/all_labels_train_gensim_sparse_matrix.npz
archivalia.hypotheses.org/3854;histoire et archéologie_d, sciences sociales interdisciplinaires_d, histoire_t, approches de corpus_t, enquêtes_t, archives_t;Datasets/all_labels_train_gensim_sparse_matrix.npz
vgdrp.hypotheses.org/174;éducation_d, histoire des sciences sociales_d, histoire_t, histoire économique_t, histoire industrielle_t, histoire urbaine_t, histoire sociale_t;Datasets/all_labels_train_gensim_sparse_matrix.npz
dkblog.hypotheses.org/932;histoire_d, histoire_t, époque moderne_t, xviie siècle_t;Datasets/all_labels_train_gensim_sparse_matrix.npz
pophistory.hypotheses.org/1726;humanités pluridisciplinaires_d, histoire et archéologie_d, sociologie de la culture_t, histoire sociale_t, histoire culturelle_t, époque contemporaine_t;Datasets/all_labels_train_gensim_sparse_matrix.npz
medienbildung.hypotheses.org/7637;éducation_d, éducation spécialisée_d, travail social_d, sociologie_t, édition électronique_t, histoire et sociologie des médias_t, éducation_t;Datasets/all_labels_train_gensim_sparse_matrix.npz
archivalia.hypotheses.org/12554;histoire et archéologie_d, sciences sociales interdisciplinaires_d, histoire_t, approches de corpus_t, enquêtes_t, archives_t;Datasets/all_labels_train_gensim_sparse_matrix.npz
archive20.hypotheses.org/3220;pluridisciplinarité_d, sciences sociales interdisciplinaires_d, histoire_t, information_t, patrimoine_t, monde germanique_t;Datasets/all_labels_train_gensim_sparse_matrix.npz
archive20.hypotheses.org/2658;pluridisciplinarité_d, sciences sociales interdisciplinaires_d, histoire_t, information_t, patrimoine_t, monde germanique_t;Datasets/all_labels_train_gensim_sparse_matrix.npz
archivalia.hypotheses.org/8732;histoire et archéologie_d, sciences sociales interdisciplinaires_d, histoire_t, approches de corpus_t, enquêtes_t, archives_t;Datasets/all_labels_train_gensim_sparse_matrix.npz
archivalia.hypotheses.org/54728;histoire et archéologie_d, sciences sociales interdisciplinaires_d, histoire_t, approches de corpus_t, enquêtes_t, archives_t;Datasets/all_labels_train_gensim_sparse_matrix.npz
archivalia.hypotheses.org/8145;histoire et archéologie_d, sciences sociales interdisciplinaires_d, histoire_t, approches de corpus_t, enquêtes_t, archives_t;Datasets/all_labels_train_gensim_sparse_matrix.npz
archivalia.hypotheses.org/11174;histoire et archéologie_d, sciences sociales interdisciplinaires_d, histoire_t, approches de corpus_t, enquêtes_t, archives_t;Datasets/all_labels_train_gensim_sparse_matrix.npz
archivewk1.hypotheses.org/6389;histoire_d, époque contemporaine_t, 1914-1918_t;Datasets/all_labels_train_gensim_sparse_matrix.npz
futurecity.hypotheses.org/236;sciences politiques_d, administration publique et développement_d, sociologie urbaine_t;Datasets/all_labels_train_gensim_sparse_matrix.npz
dhdhi.hypotheses.org/902;histoire et archéologie_d, histoire_t, épistémologie et méthodes_t, digital humanities_t;Datasets/all_labels_train_gensim_sparse_matrix.npz
ordensgeschichte.hypotheses.org/482;arts et humanités_d, humanités pluridisciplinaires_d, histoire et archéologie_d, histoire et philosophie des sciences_d, histoire_t, haut moyen âge_t, bas moyen âge_t, xviie siècle_t, xviiie siècle_t;Datasets/all_labels_train_gensim_sparse_matrix.npz
tagebuch.hypotheses.org/895;histoire et archéologie_d, histoire_d, histoire_t, époque contemporaine_t, 1914-1918_t;Datasets/all_labels_train_gensim_sparse_matrix.npz
dkblog.hypotheses.org/986;histoire_d, histoire_t, époque moderne_t, xviie siècle_t;Datasets/all_labels_train_gensim_sparse_matrix.npz
soziologieblog.hypotheses.org/5396;sciences sociales interdisciplinaires_d, sociologie et anthropologie_d, sociologie du travail_t, sociologie urbaine_t, sociologie de la culture_t, sociologie économique_t;Datasets/all_labels_train_gensim_sparse_matrix.npz
jeunegen.hypotheses.org/1440;histoire_d, pluridisciplinarité_d, histoire_t, vie de la recherche_t, moyen âge_t, haut moyen âge_t, bas moyen âge_t;Datasets/all_labels_train_gensim_sparse_matrix.npz
histbav.hypotheses.org/1072;humanités pluridisciplinaires_d, histoire_d, pluridisciplinarité_d, histoire_t, monde germanique_t;Datasets/all_labels_train_gensim_sparse_matrix.npz
archivalia.hypotheses.org/4918;histoire et archéologie_d, sciences sociales interdisciplinaires_d, histoire_t, approches de corpus_t, enquêtes_t, archives_t;Datasets/all_labels_train_gensim_sparse_matrix.npz
archivewk1.hypotheses.org/1678;histoire_d, époque contemporaine_t, 1914-1918_t;Datasets/all_labels_train_gensim_sparse_matrix.npz
uegg.hypotheses.org/65;histoire_d, histoire_t, histoire politique_t, époque contemporaine_t, xxe siècle_t, prospectives_t;Datasets/all_labels_train_gensim_sparse_matrix.npz
mittelalter.hypotheses.org/4043;humanités pluridisciplinaires_d, religions_d, histoire_d, sociologie_d, histoire_t, histoire sociale_t, histoire intellectuelle_t, moyen âge_t, haut moyen âge_t, bas moyen âge_t;Datasets/all_labels_train_gensim_sparse_matrix.npz
dighist.hypotheses.org/49;histoire_d, sciences sociales interdisciplinaires_d, études sur la famille_d, sociologie_d, histoire urbaine_t, histoire sociale_t, europe centrale et orientale_t;Datasets/all_labels_train_gensim_sparse_matrix.npz
archivalia.hypotheses.org/6072;histoire et archéologie_d, sciences sociales interdisciplinaires_d, histoire_t, approches de corpus_t, enquêtes_t, archives_t;Datasets/all_labels_train_gensim_sparse_matrix.npz
cereg.hypotheses.org/247;arts et humanités_d, histoire_d, littérature_d, monde germanique_t;Datasets/all_labels_train_gensim_sparse_matrix.npz
archivalia.hypotheses.org/3231;histoire et archéologie_d, sciences sociales interdisciplinaires_d, histoire_t, approches de corpus_t, enquêtes_t, archives_t;Datasets/all_labels_train_gensim_sparse_matrix.npz
archivalia.hypotheses.org/6657;histoire et archéologie_d, sciences sociales interdisciplinaires_d, histoire_t, approches de corpus_t, enquêtes_t, archives_t;Datasets/all_labels_train_gensim_sparse_matrix.npz
archivalia.hypotheses.org/13157;histoire et archéologie_d, sciences sociales interdisciplinaires_d, histoire_t, approches de corpus_t, enquêtes_t, archives_t;Datasets/all_labels_train_gensim_sparse_matrix.npz
archivewk1.hypotheses.org/16998;histoire_d, époque contemporaine_t, 1914-1918_t;Datasets/all_labels_train_gensim_sparse_matrix.npz
archivewk1.hypotheses.org/15087;histoire_d, époque contemporaine_t, 1914-1918_t;Datasets/all_labels_train_gensim_sparse_matrix.npz
archivalia.hypotheses.org/7631;histoire et archéologie_d, sciences sociales interdisciplinaires_d, histoire_t, approches de corpus_t, enquêtes_t, archives_t;Datasets/all_labels_train_gensim_sparse_matrix.npz
bioeg.hypotheses.org/1644;histoire et archéologie_d, histoire_d, histoire_t, sciences auxiliaires de l'histoire_t, europe centrale et orientale_t, monde germanique_t;Datasets/all_labels_train_gensim_sparse_matrix.npz
dhdhi.hypotheses.org/1165;histoire et archéologie_d, histoire_t, épistémologie et méthodes_t, digital humanities_t;Datasets/all_labels_train_gensim_sparse_matrix.npz
archivewk1.hypotheses.org/12244;histoire_d, époque contemporaine_t, 1914-1918_t;Datasets/all_labels_train_gensim_sparse_matrix.npz
archivalia.hypotheses.org/5006;histoire et archéologie_d, sciences sociales interdisciplinaires_d, histoire_t, approches de corpus_t, enquêtes_t, archives_t;Datasets/all_labels_train_gensim_sparse_matrix.npz
dokunstlmu.hypotheses.org/1615;arts et humanités_d, histoire intellectuelle_t;Datasets/all_labels_train_gensim_sparse_matrix.npz
archivewk1.hypotheses.org/13397;histoire_d, époque contemporaine_t, 1914-1918_t;Datasets/all_labels_train_gensim_sparse_matrix.npz
heraldica.hypotheses.org/4733;histoire_d, histoire_t, historiographie_t, sciences auxiliaires de l'histoire_t, moyen âge_t, haut moyen âge_t;Datasets/all_labels_train_gensim_sparse_matrix.npz
naps.hypotheses.org/382;histoire_d, histoire_t, épistémologie et méthodes_t, approches de corpus_t, enquêtes_t, archives_t, prospectives_t, france_t, monde germanique_t;Datasets/all_labels_train_gensim_sparse_matrix.npz
histbav.hypotheses.org/3554;humanités pluridisciplinaires_d, histoire_d, pluridisciplinarité_d, histoire_t, monde germanique_t;Datasets/all_labels_train_gensim_sparse_matrix.npz
archivalia.hypotheses.org/1419;histoire et archéologie_d, sciences sociales interdisciplinaires_d, histoire_t, approches de corpus_t, enquêtes_t, archives_t;Datasets/all_labels_train_gensim_sparse_matrix.npz
lvrafz.hypotheses.org/2097;pluridisciplinarité_d, information_t;Datasets/all_labels_train_gensim_sparse_matrix.npz
wppluslw.hypotheses.org/287;littérature_d, littératures_t, édition électronique_t, épistémologie et méthodes_t, approches de corpus_t, enquêtes_t, archives_t, monde germanique_t;Datasets/all_labels_train_gensim_sparse_matrix.npz
lvrafz.hypotheses.org/2187;pluridisciplinarité_d, information_t;Datasets/all_labels_train_gensim_sparse_matrix.npz
medialogic.hypotheses.org/555;arts et humanités_d, sciences de l'information et de la communication_d, bibliothéconomie_d, sociologie_t;Datasets/all_labels_train_gensim_sparse_matrix.npz
archivalia.hypotheses.org/8116;histoire et archéologie_d, sciences sociales interdisciplinaires_d, histoire_t, approches de corpus_t, enquêtes_t, archives_t;Datasets/all_labels_train_gensim_sparse_matrix.npz
maxweber.hypotheses.org/508;humanités pluridisciplinaires_d, histoire et archéologie_d, histoire et philosophie des sciences_d, sociologie et anthropologie_d, histoire sociale_t, histoire intellectuelle_t, sociologie des religions_t, vie de la recherche_t;Datasets/all_labels_train_gensim_sparse_matrix.npz
archivalia.hypotheses.org/12124;histoire et archéologie_d, sciences sociales interdisciplinaires_d, histoire_t, approches de corpus_t, enquêtes_t, archives_t;Datasets/all_labels_train_gensim_sparse_matrix.npz
geschichtsadmin.hypotheses.org/64;éducation_d, histoire_d, sociologie du travail_t, histoire_t;Datasets/all_labels_train_gensim_sparse_matrix.npz
archivalia.hypotheses.org/8970;histoire et archéologie_d, sciences sociales interdisciplinaires_d, histoire_t, approches de corpus_t, enquêtes_t, archives_t;Datasets/all_labels_train_gensim_sparse_matrix.npz
archivalia.hypotheses.org/54000;histoire et archéologie_d, sciences sociales interdisciplinaires_d, histoire_t, approches de corpus_t, enquêtes_t, archives_t;Datasets/all_labels_train_gensim_sparse_matrix.npz
bloghaus.hypotheses.org/1496;pluridisciplinarité_d, sciences sociales interdisciplinaires_d, information_t, digital humanities_t;Datasets/all_labels_train_gensim_sparse_matrix.npz
tagebuch.hypotheses.org/1277;histoire et archéologie_d, histoire_d, histoire_t, époque contemporaine_t, 1914-1918_t;Datasets/all_labels_train_gensim_sparse_matrix.npz
archivewk1.hypotheses.org/1052;histoire_d, époque contemporaine_t, 1914-1918_t;Datasets/all_labels_train_gensim_sparse_matrix.npz
archivalia.hypotheses.org/59528;histoire et archéologie_d, sciences sociales interdisciplinaires_d, histoire_t, approches de corpus_t, enquêtes_t, archives_t;Datasets/all_labels_train_gensim_sparse_matrix.npz
archivalia.hypotheses.org/56684;histoire et archéologie_d, sciences sociales interdisciplinaires_d, histoire_t, approches de corpus_t, enquêtes_t, archives_t;Datasets/all_labels_train_gensim_sparse_matrix.npz
1914lvr.hypotheses.org/324;sciences politiques_d, histoire_t, époque contemporaine_t, 1914-1918_t;Datasets/all_labels_train_gensim_sparse_matrix.npz
histbav.hypotheses.org/2763;humanités pluridisciplinaires_d, histoire_d, pluridisciplinarité_d, histoire_t, monde germanique_t;Datasets/all_labels_train_gensim_sparse_matrix.npz
dkblog.hypotheses.org/139;histoire_d, histoire_t, époque moderne_t, xviie siècle_t;Datasets/all_labels_train_gensim_sparse_matrix.npz
archivalia.hypotheses.org/9870;histoire et archéologie_d, sciences sociales interdisciplinaires_d, histoire_t, approches de corpus_t, enquêtes_t, archives_t;Datasets/all_labels_train_gensim_sparse_matrix.npz
speyermemo.hypotheses.org/2869;histoire_d, pluridisciplinarité_d, sciences sociales interdisciplinaires_d, sociologie de la culture_t, histoire_t, 1939-1945_t, europe_t;Datasets/all_labels_train_gensim_sparse_matrix.npz
mittelalter.hypotheses.org/8903;humanités pluridisciplinaires_d, religions_d, histoire_d, sociologie_d, histoire_t, histoire sociale_t, histoire intellectuelle_t, moyen âge_t, haut moyen âge_t, bas moyen âge_t;Datasets/all_labels_train_gensim_sparse_matrix.npz
dss.hypotheses.org/163;arts et humanités_d, communication_d, sciences de l'information et bibliothéconomie_d, information_t, édition électronique_t, représentations_t, histoire de l'art_t, patrimoine_t, prospectives_t;Datasets/all_labels_train_gensim_sparse_matrix.npz
histbav.hypotheses.org/4151;humanités pluridisciplinaires_d, histoire_d, pluridisciplinarité_d, histoire_t, monde germanique_t;Datasets/all_labels_train_gensim_sparse_matrix.npz
grammata.hypotheses.org/1797;études anciennes_d, religions_d, littérature_d, religions_t, littératures_t;Datasets/all_labels_train_gensim_sparse_matrix.npz
jameel.hypotheses.org/866;pluridisciplinarité_d, études régionales_d, archéologie_d, arts_d, humanités pluridisciplinaires_d, représentations_t, asie_t, digital humanities_t, histoire de l'art_t;Datasets/all_labels_train_gensim_sparse_matrix.npz
dhtg.hypotheses.org/198;histoire et archéologie_d, sciences de l'information et de la communication_d, bibliothéconomie_d, histoire_t, sciences de l'information_t, 1939-1945_t, 1945-1989_t;Datasets/all_labels_train_gensim_sparse_matrix.npz
archivalia.hypotheses.org/5917;histoire et archéologie_d, sciences sociales interdisciplinaires_d, histoire_t, approches de corpus_t, enquêtes_t, archives_t;Datasets/all_labels_train_gensim_sparse_matrix.npz
archivalia.hypotheses.org/6857;histoire et archéologie_d, sciences sociales interdisciplinaires_d, histoire_t, approches de corpus_t, enquêtes_t, archives_t;Datasets/all_labels_train_gensim_sparse_matrix.npz
1914lvr.hypotheses.org/1513;sciences politiques_d, histoire_t, époque contemporaine_t, 1914-1918_t;Datasets/all_labels_train_gensim_sparse_matrix.npz
archivewk1.hypotheses.org/11728;histoire_d, époque contemporaine_t, 1914-1918_t;Datasets/all_labels_train_gensim_sparse_matrix.npz
1914lvr.hypotheses.org/1630;sciences politiques_d, histoire_t, époque contemporaine_t, 1914-1918_t;Datasets/all_labels_train_gensim_sparse_matrix.npz
redaktionsblog.hypotheses.org/1566;arts et humanités_d, humanités pluridisciplinaires_d, épistémologie et méthodes_t, digital humanities_t;Datasets/all_labels_train_gensim_sparse_matrix.npz
archivalia.hypotheses.org/5817;histoire et archéologie_d, sciences sociales interdisciplinaires_d, histoire_t, approches de corpus_t, enquêtes_t, archives_t;Datasets/all_labels_train_gensim_sparse_matrix.npz
nachhaltig.hypotheses.org/437;pluridisciplinarité_d, philosophie_d, sciences sociales interdisciplinaires_d, france_t, monde germanique_t;Datasets/all_labels_train_gensim_sparse_matrix.npz
minuseinsebene.hypotheses.org/642;archéologie_d, histoire urbaine_t, histoire des religions_t, moyen âge_t, haut moyen âge_t, monde germanique_t;Datasets/all_labels_train_gensim_sparse_matrix.npz
archivalia.hypotheses.org/3762;histoire et archéologie_d, sciences sociales interdisciplinaires_d, histoire_t, approches de corpus_t, enquêtes_t, archives_t;Datasets/all_labels_train_gensim_sparse_matrix.npz
archivalia.hypotheses.org/13114;histoire et archéologie_d, sciences sociales interdisciplinaires_d, histoire_t, approches de corpus_t, enquêtes_t, archives_t;Datasets/all_labels_train_gensim_sparse_matrix.npz
aes.hypotheses.org/29;histoire_t, religions_t;Datasets/all_labels_train_gensim_sparse_matrix.npz
soziologieblog.hypotheses.org/8777;sciences sociales interdisciplinaires_d, sociologie et anthropologie_d, sociologie du travail_t, sociologie urbaine_t, sociologie de la culture_t, sociologie économique_t;Datasets/all_labels_train_gensim_sparse_matrix.npz
archive20.hypotheses.org/699;pluridisciplinarité_d, sciences sociales interdisciplinaires_d, histoire_t, information_t, patrimoine_t, monde germanique_t;Datasets/all_labels_train_gensim_sparse_matrix.npz
archivalia.hypotheses.org/14283;histoire et archéologie_d, sciences sociales interdisciplinaires_d, histoire_t, approches de corpus_t, enquêtes_t, archives_t;Datasets/all_labels_train_gensim_sparse_matrix.npz
archivalia.hypotheses.org/5482;histoire et archéologie_d, sciences sociales interdisciplinaires_d, histoire_t, approches de corpus_t, enquêtes_t, archives_t;Datasets/all_labels_train_gensim_sparse_matrix.npz
etatsocial.hypotheses.org/699;histoire_d, histoire des sciences sociales_d, sociologie_d, économie_d, sociologie du travail_t, âges de la vie_t, xxe siècle_t;Datasets/all_labels_train_gensim_sparse_matrix.npz
trivium.hypotheses.org/640;arts et humanités_d, humanités pluridisciplinaires_d, pluridisciplinarité_d, sciences sociales interdisciplinaires_d, représentations_t, histoire culturelle_t, épistémologie et méthodes_t, vie de la recherche_t;Datasets/all_labels_train_gensim_sparse_matrix.npz
winzen.hypotheses.org/161;histoire_d, histoire_t, études visuelles_t, 1918-1939_t, 1939-1945_t, monde germanique_t;Datasets/all_labels_train_gensim_sparse_matrix.npz
soziologieblog.hypotheses.org/3749;sciences sociales interdisciplinaires_d, sociologie et anthropologie_d, sociologie du travail_t, sociologie urbaine_t, sociologie de la culture_t, sociologie économique_t;Datasets/all_labels_train_gensim_sparse_matrix.npz
archivalia.hypotheses.org/7072;histoire et archéologie_d, sciences sociales interdisciplinaires_d, histoire_t, approches de corpus_t, enquêtes_t, archives_t;Datasets/all_labels_train_gensim_sparse_matrix.npz
medialogic.hypotheses.org/763;arts et humanités_d, sciences de l'information et de la communication_d, bibliothéconomie_d, sociologie_t;Datasets/all_labels_train_gensim_sparse_matrix.npz
medialogic.hypotheses.org/434;arts et humanités_d, sciences de l'information et de la communication_d, bibliothéconomie_d, sociologie_t;Datasets/all_labels_train_gensim_sparse_matrix.npz
archivalia.hypotheses.org/4910;histoire et archéologie_d, sciences sociales interdisciplinaires_d, histoire_t, approches de corpus_t, enquêtes_t, archives_t;Datasets/all_labels_train_gensim_sparse_matrix.npz
archivalia.hypotheses.org/8584;histoire et archéologie_d, sciences sociales interdisciplinaires_d, histoire_t, approches de corpus_t, enquêtes_t, archives_t;Datasets/all_labels_train_gensim_sparse_matrix.npz
netzwerk.hypotheses.org/1436;histoire et archéologie_d, histoire urbaine_t, histoire sociale_t, histoire intellectuelle_t, époque contemporaine_t;Datasets/all_labels_train_gensim_sparse_matrix.npz
archivalia.hypotheses.org/12482;histoire et archéologie_d, sciences sociales interdisciplinaires_d, histoire_t, approches de corpus_t, enquêtes_t, archives_t;Datasets/all_labels_train_gensim_sparse_matrix.npz
astrologiefnz.hypotheses.org/233;arts et humanités_d, humanités pluridisciplinaires_d, histoire et archéologie_d, histoire et philosophie des sciences_d, études des sciences_t, histoire intellectuelle_t, époque moderne_t, xviie siècle_t;Datasets/all_labels_train_gensim_sparse_matrix.npz
archivalia.hypotheses.org/9661;histoire et archéologie_d, sciences sociales interdisciplinaires_d, histoire_t, approches de corpus_t, enquêtes_t, archives_t;Datasets/all_labels_train_gensim_sparse_matrix.npz
fortifica.hypotheses.org/818;histoire et archéologie_d, histoire_d, histoire urbaine_t, xvie siècle_t, xviie siècle_t, xviiie siècle_t;Datasets/all_labels_train_gensim_sparse_matrix.npz
archivalia.hypotheses.org/5408;histoire et archéologie_d, sciences sociales interdisciplinaires_d, histoire_t, approches de corpus_t, enquêtes_t, archives_t;Datasets/all_labels_train_gensim_sparse_matrix.npz
ordensgeschichte.hypotheses.org/6160;arts et humanités_d, humanités pluridisciplinaires_d, histoire et archéologie_d, histoire et philosophie des sciences_d, histoire_t, haut moyen âge_t, bas moyen âge_t, xviie siècle_t, xviiie siècle_t;Datasets/all_labels_train_gensim_sparse_matrix.npz
archivalia.hypotheses.org/11689;histoire et archéologie_d, sciences sociales interdisciplinaires_d, histoire_t, approches de corpus_t, enquêtes_t, archives_t;Datasets/all_labels_train_gensim_sparse_matrix.npz
archivalia.hypotheses.org/4787;histoire et archéologie_d, sciences sociales interdisciplinaires_d, histoire_t, approches de corpus_t, enquêtes_t, archives_t;Datasets/all_labels_train_gensim_sparse_matrix.npz
archivalia.hypotheses.org/12234;histoire et archéologie_d, sciences sociales interdisciplinaires_d, histoire_t, approches de corpus_t, enquêtes_t, archives_t;Datasets/all_labels_train_gensim_sparse_matrix.npz
archivalia.hypotheses.org/7376;histoire et archéologie_d, sciences sociales interdisciplinaires_d, histoire_t, approches de corpus_t, enquêtes_t, archives_t;Datasets/all_labels_train_gensim_sparse_matrix.npz
antisem19c.hypotheses.org/602;histoire et archéologie_d, histoire sociale_t, prospectives_t;Datasets/all_labels_train_gensim_sparse_matrix.npz
19jhdhip.hypotheses.org/2523;histoire_d, époque contemporaine_t, prospectives_t, france_t, monde germanique_t;Datasets/all_labels_train_gensim_sparse_matrix.npz
archivalia.hypotheses.org/3812;histoire et archéologie_d, sciences sociales interdisciplinaires_d, histoire_t, approches de corpus_t, enquêtes_t, archives_t;Datasets/all_labels_train_gensim_sparse_matrix.npz
dislab.hypotheses.org/2559;sciences sociales interdisciplinaires_d, langue et linguistique_d, sociologie des sciences_t, linguistique_t;Datasets/all_labels_train_gensim_sparse_matrix.npz
archivalia.hypotheses.org/5074;histoire et archéologie_d, sciences sociales interdisciplinaires_d, histoire_t, approches de corpus_t, enquêtes_t, archives_t;Datasets/all_labels_train_gensim_sparse_matrix.npz
ordensgeschichte.hypotheses.org/7050;arts et humanités_d, humanités pluridisciplinaires_d, histoire et archéologie_d, histoire et philosophie des sciences_d, histoire_t, haut moyen âge_t, bas moyen âge_t, xviie siècle_t, xviiie siècle_t;Datasets/all_labels_train_gensim_sparse_matrix.npz
archivalia.hypotheses.org/4633;histoire et archéologie_d, sciences sociales interdisciplinaires_d, histoire_t, approches de corpus_t, enquêtes_t, archives_t;Datasets/all_labels_train_gensim_sparse_matrix.npz
trafo.hypotheses.org/2406;pluridisciplinarité_d, sciences sociales interdisciplinaires_d, études régionales_d, sociologie_t, sociologie des religions_t, information_t, histoire culturelle_t;Datasets/all_labels_train_gensim_sparse_matrix.npz
archivalia.hypotheses.org/11049;histoire et archéologie_d, sciences sociales interdisciplinaires_d, histoire_t, approches de corpus_t, enquêtes_t, archives_t;Datasets/all_labels_train_gensim_sparse_matrix.npz
dss.hypotheses.org/1175;arts et humanités_d, communication_d, sciences de l'information et bibliothéconomie_d, information_t, édition électronique_t, représentations_t, histoire de l'art_t, patrimoine_t, prospectives_t;Datasets/all_labels_train_gensim_sparse_matrix.npz
archivalia.hypotheses.org/13957;histoire et archéologie_d, sciences sociales interdisciplinaires_d, histoire_t, approches de corpus_t, enquêtes_t, archives_t;Datasets/all_labels_train_gensim_sparse_matrix.npz
archivalia.hypotheses.org/58360;histoire et archéologie_d, sciences sociales interdisciplinaires_d, histoire_t, approches de corpus_t, enquêtes_t, archives_t;Datasets/all_labels_train_gensim_sparse_matrix.npz
archivalia.hypotheses.org/13438;histoire et archéologie_d, sciences sociales interdisciplinaires_d, histoire_t, approches de corpus_t, enquêtes_t, archives_t;Datasets/all_labels_train_gensim_sparse_matrix.npz
trafo.hypotheses.org/1349;pluridisciplinarité_d, sciences sociales interdisciplinaires_d, études régionales_d, sociologie_t, sociologie des religions_t, information_t, histoire culturelle_t;Datasets/all_labels_train_gensim_sparse_matrix.npz
archivewk1.hypotheses.org/586;histoire_d, époque contemporaine_t, 1914-1918_t;Datasets/all_labels_train_gensim_sparse_matrix.npz
archivewk1.hypotheses.org/30473;histoire_d, époque contemporaine_t, 1914-1918_t;Datasets/all_labels_train_gensim_sparse_matrix.npz
nachhaltig.hypotheses.org/427;pluridisciplinarité_d, philosophie_d, sciences sociales interdisciplinaires_d, france_t, monde germanique_t;Datasets/all_labels_train_gensim_sparse_matrix.npz
etatsocial.hypotheses.org/1266;histoire_d, histoire des sciences sociales_d, sociologie_d, économie_d, sociologie du travail_t, âges de la vie_t, xxe siècle_t;Datasets/all_labels_train_gensim_sparse_matrix.npz
histbav.hypotheses.org/1823;humanités pluridisciplinaires_d, histoire_d, pluridisciplinarité_d, histoire_t, monde germanique_t;Datasets/all_labels_train_gensim_sparse_matrix.npz
archivalia.hypotheses.org/62906;histoire et archéologie_d, sciences sociales interdisciplinaires_d, histoire_t, approches de corpus_t, enquêtes_t, archives_t;Datasets/all_labels_train_gensim_sparse_matrix.npz
archivalia.hypotheses.org/12863;histoire et archéologie_d, sciences sociales interdisciplinaires_d, histoire_t, approches de corpus_t, enquêtes_t, archives_t;Datasets/all_labels_train_gensim_sparse_matrix.npz
dkblog.hypotheses.org/886;histoire_d, histoire_t, époque moderne_t, xviie siècle_t;Datasets/all_labels_train_gensim_sparse_matrix.npz
ordensgeschichte.hypotheses.org/10255;arts et humanités_d, humanités pluridisciplinaires_d, histoire et archéologie_d, histoire et philosophie des sciences_d, histoire_t, haut moyen âge_t, bas moyen âge_t, xviie siècle_t, xviiie siècle_t;Datasets/all_labels_train_gensim_sparse_matrix.npz
historischdenken.hypotheses.org/1132;histoire et archéologie_d, histoire_t;Datasets/all_labels_train_gensim_sparse_matrix.npz
archivewk1.hypotheses.org/24471;histoire_d, époque contemporaine_t, 1914-1918_t;Datasets/all_labels_train_gensim_sparse_matrix.npz
jeunegen.hypotheses.org/797;histoire_d, pluridisciplinarité_d, histoire_t, vie de la recherche_t, moyen âge_t, haut moyen âge_t, bas moyen âge_t;Datasets/all_labels_train_gensim_sparse_matrix.npz
archivalia.hypotheses.org/53592;histoire et archéologie_d, sciences sociales interdisciplinaires_d, histoire_t, approches de corpus_t, enquêtes_t, archives_t;Datasets/all_labels_train_gensim_sparse_matrix.npz
merzdadaco.hypotheses.org/165;humanités pluridisciplinaires_d, littérature_d, littératures_t, représentations_t, histoire culturelle_t, histoire de l'art_t;Datasets/all_labels_train_gensim_sparse_matrix.npz
archivalia.hypotheses.org/12189;histoire et archéologie_d, sciences sociales interdisciplinaires_d, histoire_t, approches de corpus_t, enquêtes_t, archives_t;Datasets/all_labels_train_gensim_sparse_matrix.npz
redaktionsblog.hypotheses.org/1167;arts et humanités_d, humanités pluridisciplinaires_d, épistémologie et méthodes_t, digital humanities_t;Datasets/all_labels_train_gensim_sparse_matrix.npz
inklusion.hypotheses.org/75;éducation_d, travail social et politique sociale_d, sociologie du travail_t, âges de la vie_t, information_t, sciences de l'éducation_t;Datasets/all_labels_train_gensim_sparse_matrix.npz
hofkultur.hypotheses.org/554;arts et humanités_d, histoire_d, histoire sociale_t, histoire culturelle_t, histoire de l'art_t;Datasets/all_labels_train_gensim_sparse_matrix.npz
archivalia.hypotheses.org/13182;histoire et archéologie_d, sciences sociales interdisciplinaires_d, histoire_t, approches de corpus_t, enquêtes_t, archives_t;Datasets/all_labels_train_gensim_sparse_matrix.npz
archivalia.hypotheses.org/6485;histoire et archéologie_d, sciences sociales interdisciplinaires_d, histoire_t, approches de corpus_t, enquêtes_t, archives_t;Datasets/all_labels_train_gensim_sparse_matrix.npz
archivalia.hypotheses.org/10327;histoire et archéologie_d, sciences sociales interdisciplinaires_d, histoire_t, approches de corpus_t, enquêtes_t, archives_t;Datasets/all_labels_train_gensim_sparse_matrix.npz
archives.hypotheses.org/911;histoire_d, communication_d, patrimoine_t, digital humanities_t, moyen âge_t, époque moderne_t, france_t, monde germanique_t;Datasets/all_labels_train_gensim_sparse_matrix.npz
1914lvr.hypotheses.org/473;sciences politiques_d, histoire_t, époque contemporaine_t, 1914-1918_t;Datasets/all_labels_train_gensim_sparse_matrix.npz
gid.hypotheses.org/1129;pluridisciplinarité_d, sciences sociales interdisciplinaires_d, études des sciences_t, histoire des sciences_t, pensée_t, histoire intellectuelle_t, histoire culturelle_t, prospectives_t;Datasets/all_labels_train_gensim_sparse_matrix.npz
quadrivium.hypotheses.org/34;pluridisciplinarité_d, histoire des sciences_t, histoire_t, histoire et sociologie des médias_t, historiographie_t, moyen âge_t, haut moyen âge_t;Datasets/all_labels_train_gensim_sparse_matrix.npz
archivalia.hypotheses.org/14012;histoire et archéologie_d, sciences sociales interdisciplinaires_d, histoire_t, approches de corpus_t, enquêtes_t, archives_t;Datasets/all_labels_train_gensim_sparse_matrix.npz
archivewk1.hypotheses.org/10589;histoire_d, époque contemporaine_t, 1914-1918_t;Datasets/all_labels_train_gensim_sparse_matrix.npz
nordichistoryblog.hypotheses.org/136;arts et humanités_d, histoire et archéologie_d, histoire_t, édition électronique_t, vie de la recherche_t, approches de corpus_t, enquêtes_t, archives_t, europe_t, pays baltes et scandinaves_t;Datasets/all_labels_train_gensim_sparse_matrix.npz
archivewk1.hypotheses.org/28054;histoire_d, époque contemporaine_t, 1914-1918_t;Datasets/all_labels_train_gensim_sparse_matrix.npz
archivalia.hypotheses.org/633;histoire et archéologie_d, sciences sociales interdisciplinaires_d, histoire_t, approches de corpus_t, enquêtes_t, archives_t;Datasets/all_labels_train_gensim_sparse_matrix.npz
intersex.hypotheses.org/4795;histoire_d, biomédecine_d, étude des genres_t, histoire des sciences_t, histoire_t, histoire du droit_t, moyen âge_t, xxie siècle_t;Datasets/all_labels_train_gensim_sparse_matrix.npz
soziologieblog.hypotheses.org/8335;sciences sociales interdisciplinaires_d, sociologie et anthropologie_d, sociologie du travail_t, sociologie urbaine_t, sociologie de la culture_t, sociologie économique_t;Datasets/all_labels_train_gensim_sparse_matrix.npz
nofoblog.hypotheses.org/1;arts et humanités_d, sciences sociales interdisciplinaires_d, sciences politiques_d, administration publique et développement_d, relations internationales_t, histoire intellectuelle_t, information_t, histoire culturelle_t, pays baltes et scandinaves_t;Datasets/all_labels_train_gensim_sparse_matrix.npz
histgymbib.hypotheses.org/1523;arts et humanités_d, humanités pluridisciplinaires_d, sciences de l'information et de la communication_d, bibliothéconomie_d, sciences sociales interdisciplinaires_d, éducation_t, xvie siècle_t, xviie siècle_t, xviiie siècle_t, prospectives_t;Datasets/all_labels_train_gensim_sparse_matrix.npz
astrologiefnz.hypotheses.org/112;arts et humanités_d, humanités pluridisciplinaires_d, histoire et archéologie_d, histoire et philosophie des sciences_d, études des sciences_t, histoire intellectuelle_t, époque moderne_t, xviie siècle_t;Datasets/all_labels_train_gensim_sparse_matrix.npz
medienbildung.hypotheses.org/2507;éducation_d, éducation spécialisée_d, travail social_d, sociologie_t, édition électronique_t, histoire et sociologie des médias_t, éducation_t;Datasets/all_labels_train_gensim_sparse_matrix.npz
archivalia.hypotheses.org/8679;histoire et archéologie_d, sciences sociales interdisciplinaires_d, histoire_t, approches de corpus_t, enquêtes_t, archives_t;Datasets/all_labels_train_gensim_sparse_matrix.npz
rhad.hypotheses.org/91;histoire_d, histoire des sciences sociales_d, histoire_t, époque moderne_t, révolution française_t, xviie siècle_t, xviiie siècle_t, prospectives_t;Datasets/all_labels_train_gensim_sparse_matrix.npz
neuburg.hypotheses.org/272;histoire_d, histoire urbaine_t, époque contemporaine_t;Datasets/all_labels_train_gensim_sparse_matrix.npz
histbav.hypotheses.org/4628;humanités pluridisciplinaires_d, histoire_d, pluridisciplinarité_d, histoire_t, monde germanique_t;Datasets/all_labels_train_gensim_sparse_matrix.npz
archivalia.hypotheses.org/60369;histoire et archéologie_d, sciences sociales interdisciplinaires_d, histoire_t, approches de corpus_t, enquêtes_t, archives_t;Datasets/all_labels_train_gensim_sparse_matrix.npz
archivalia.hypotheses.org/52143;histoire et archéologie_d, sciences sociales interdisciplinaires_d, histoire_t, approches de corpus_t, enquêtes_t, archives_t;Datasets/all_labels_train_gensim_sparse_matrix.npz
archivalia.hypotheses.org/7786;histoire et archéologie_d, sciences sociales interdisciplinaires_d, histoire_t, approches de corpus_t, enquêtes_t, archives_t;Datasets/all_labels_train_gensim_sparse_matrix.npz
archivalia.hypotheses.org/3314;histoire et archéologie_d, sciences sociales interdisciplinaires_d, histoire_t, approches de corpus_t, enquêtes_t, archives_t;Datasets/all_labels_train_gensim_sparse_matrix.npz
hsc.hypotheses.org/192;arts et humanités_d, humanités pluridisciplinaires_d, histoire et archéologie_d, histoire_t, historiographie_t;Datasets/all_labels_train_gensim_sparse_matrix.npz
amuc.hypotheses.org/1369;humanités pluridisciplinaires_d, histoire_d, histoire_t, représentations_t, patrimoine_t;Datasets/all_labels_train_gensim_sparse_matrix.npz
archivalia.hypotheses.org/59243;histoire et archéologie_d, sciences sociales interdisciplinaires_d, histoire_t, approches de corpus_t, enquêtes_t, archives_t;Datasets/all_labels_train_gensim_sparse_matrix.npz
soziologieblog.hypotheses.org/5953;sciences sociales interdisciplinaires_d, sociologie et anthropologie_d, sociologie du travail_t, sociologie urbaine_t, sociologie de la culture_t, sociologie économique_t;Datasets/all_labels_train_gensim_sparse_matrix.npz
19jhdhip.hypotheses.org/133;histoire_d, époque contemporaine_t, prospectives_t, france_t, monde germanique_t;Datasets/all_labels_train_gensim_sparse_matrix.npz
archivalia.hypotheses.org/57189;histoire et archéologie_d, sciences sociales interdisciplinaires_d, histoire_t, approches de corpus_t, enquêtes_t, archives_t;Datasets/all_labels_train_gensim_sparse_matrix.npz
mittelalter.hypotheses.org/3470;humanités pluridisciplinaires_d, religions_d, histoire_d, sociologie_d, histoire_t, histoire sociale_t, histoire intellectuelle_t, moyen âge_t, haut moyen âge_t, bas moyen âge_t;Datasets/all_labels_train_gensim_sparse_matrix.npz
archivalia.hypotheses.org/6250;histoire et archéologie_d, sciences sociales interdisciplinaires_d, histoire_t, approches de corpus_t, enquêtes_t, archives_t;Datasets/all_labels_train_gensim_sparse_matrix.npz
soziologieblog.hypotheses.org/922;sciences sociales interdisciplinaires_d, sociologie et anthropologie_d, sociologie du travail_t, sociologie urbaine_t, sociologie de la culture_t, sociologie économique_t;Datasets/all_labels_train_gensim_sparse_matrix.npz
archivewk1.hypotheses.org/10633;histoire_d, époque contemporaine_t, 1914-1918_t;Datasets/all_labels_train_gensim_sparse_matrix.npz
gelerndig.hypotheses.org/511;éducation_d, éducation spécialisée_d, histoire_d, histoire_t, éducation_t, édition électronique_t, histoire et sociologie des médias_t;Datasets/all_labels_train_gensim_sparse_matrix.npz
ordensgeschichte.hypotheses.org/8875;arts et humanités_d, humanités pluridisciplinaires_d, histoire et archéologie_d, histoire et philosophie des sciences_d, histoire_t, haut moyen âge_t, bas moyen âge_t, xviie siècle_t, xviiie siècle_t;Datasets/all_labels_train_gensim_sparse_matrix.npz
medienbildung.hypotheses.org/6605;éducation_d, éducation spécialisée_d, travail social_d, sociologie_t, édition électronique_t, histoire et sociologie des médias_t, éducation_t;Datasets/all_labels_train_gensim_sparse_matrix.npz
aes.hypotheses.org/165;histoire_t, religions_t;Datasets/all_labels_train_gensim_sparse_matrix.npz
games.hypotheses.org/1284;arts et humanités_d, humanités pluridisciplinaires_d, psychologie expérimentale_d, sciences cognitives_t, psychisme_t, psychologie_t, représentations_t, histoire de l'art_t, études visuelles_t;Datasets/all_labels_train_gensim_sparse_matrix.npz
archivewk1.hypotheses.org/23001;histoire_d, époque contemporaine_t, 1914-1918_t;Datasets/all_labels_train_gensim_sparse_matrix.npz
archivalia.hypotheses.org/3924;histoire et archéologie_d, sciences sociales interdisciplinaires_d, histoire_t, approches de corpus_t, enquêtes_t, archives_t;Datasets/all_labels_train_gensim_sparse_matrix.npz
mindthegaps.hypotheses.org/1569;études asiatiques_d, histoire_d, histoire_t, histoire culturelle_t, asie_t, chine_t;Datasets/all_labels_train_gensim_sparse_matrix.npz
archivalia.hypotheses.org/7881;histoire et archéologie_d, sciences sociales interdisciplinaires_d, histoire_t, approches de corpus_t, enquêtes_t, archives_t;Datasets/all_labels_train_gensim_sparse_matrix.npz
archivewk1.hypotheses.org/35185;histoire_d, époque contemporaine_t, 1914-1918_t;Datasets/all_labels_train_gensim_sparse_matrix.npz
archivalia.hypotheses.org/10864;histoire et archéologie_d, sciences sociales interdisciplinaires_d, histoire_t, approches de corpus_t, enquêtes_t, archives_t;Datasets/all_labels_train_gensim_sparse_matrix.npz
mittelalter.hypotheses.org/8335;humanités pluridisciplinaires_d, religions_d, histoire_d, sociologie_d, histoire_t, histoire sociale_t, histoire intellectuelle_t, moyen âge_t, haut moyen âge_t, bas moyen âge_t;Datasets/all_labels_train_gensim_sparse_matrix.npz
archivalia.hypotheses.org/57821;histoire et archéologie_d, sciences sociales interdisciplinaires_d, histoire_t, approches de corpus_t, enquêtes_t, archives_t;Datasets/all_labels_train_gensim_sparse_matrix.npz
archivalia.hypotheses.org/9194;histoire et archéologie_d, sciences sociales interdisciplinaires_d, histoire_t, approches de corpus_t, enquêtes_t, archives_t;Datasets/all_labels_train_gensim_sparse_matrix.npz
archivalia.hypotheses.org/6697;histoire et archéologie_d, sciences sociales interdisciplinaires_d, histoire_t, approches de corpus_t, enquêtes_t, archives_t;Datasets/all_labels_train_gensim_sparse_matrix.npz
histbav.hypotheses.org/4199;humanités pluridisciplinaires_d, histoire_d, pluridisciplinarité_d, histoire_t, monde germanique_t;Datasets/all_labels_train_gensim_sparse_matrix.npz
archivewk1.hypotheses.org/10651;histoire_d, époque contemporaine_t, 1914-1918_t;Datasets/all_labels_train_gensim_sparse_matrix.npz
games.hypotheses.org/1539;arts et humanités_d, humanités pluridisciplinaires_d, psychologie expérimentale_d, sciences cognitives_t, psychisme_t, psychologie_t, représentations_t, histoire de l'art_t, études visuelles_t;Datasets/all_labels_train_gensim_sparse_matrix.npz
archivalia.hypotheses.org/54762;histoire et archéologie_d, sciences sociales interdisciplinaires_d, histoire_t, approches de corpus_t, enquêtes_t, archives_t;Datasets/all_labels_train_gensim_sparse_matrix.npz
frueheneuzeit.hypotheses.org/672;histoire et archéologie_d, histoire_t, époque moderne_t, xviie siècle_t, xviiie siècle_t, révolution française_t;Datasets/all_labels_train_gensim_sparse_matrix.npz
archivalia.hypotheses.org/4643;histoire et archéologie_d, sciences sociales interdisciplinaires_d, histoire_t, approches de corpus_t, enquêtes_t, archives_t;Datasets/all_labels_train_gensim_sparse_matrix.npz
lvrafz.hypotheses.org/1031;pluridisciplinarité_d, information_t;Datasets/all_labels_train_gensim_sparse_matrix.npz
ordensgeschichte.hypotheses.org/315;arts et humanités_d, humanités pluridisciplinaires_d, histoire et archéologie_d, histoire et philosophie des sciences_d, histoire_t, haut moyen âge_t, bas moyen âge_t, xviie siècle_t, xviiie siècle_t;Datasets/all_labels_train_gensim_sparse_matrix.npz
nordichistoryblog.hypotheses.org/1795;arts et humanités_d, histoire et archéologie_d, histoire_t, édition électronique_t, vie de la recherche_t, approches de corpus_t, enquêtes_t, archives_t, europe_t, pays baltes et scandinaves_t;Datasets/all_labels_train_gensim_sparse_matrix.npz
bioeg.hypotheses.org/1072;histoire et archéologie_d, histoire_d, histoire_t, sciences auxiliaires de l'histoire_t, europe centrale et orientale_t, monde germanique_t;Datasets/all_labels_train_gensim_sparse_matrix.npz
archivewk1.hypotheses.org/1387;histoire_d, époque contemporaine_t, 1914-1918_t;Datasets/all_labels_train_gensim_sparse_matrix.npz
erinnern.hypotheses.org/225;éducation et sciences de l'éducation_d, histoire_d, histoire_t, éducation_t, 1918-1939_t, 1939-1945_t, 1945-1989_t;Datasets/all_labels_train_gensim_sparse_matrix.npz
archivewk1.hypotheses.org/2667;histoire_d, époque contemporaine_t, 1914-1918_t;Datasets/all_labels_train_gensim_sparse_matrix.npz
histbav.hypotheses.org/3196;humanités pluridisciplinaires_d, histoire_d, pluridisciplinarité_d, histoire_t, monde germanique_t;Datasets/all_labels_train_gensim_sparse_matrix.npz
archivalia.hypotheses.org/2629;histoire et archéologie_d, sciences sociales interdisciplinaires_d, histoire_t, approches de corpus_t, enquêtes_t, archives_t;Datasets/all_labels_train_gensim_sparse_matrix.npz
archivalia.hypotheses.org/8502;histoire et archéologie_d, sciences sociales interdisciplinaires_d, histoire_t, approches de corpus_t, enquêtes_t, archives_t;Datasets/all_labels_train_gensim_sparse_matrix.npz
archivalia.hypotheses.org/13065;histoire et archéologie_d, sciences sociales interdisciplinaires_d, histoire_t, approches de corpus_t, enquêtes_t, archives_t;Datasets/all_labels_train_gensim_sparse_matrix.npz
archivalia.hypotheses.org/11888;histoire et archéologie_d, sciences sociales interdisciplinaires_d, histoire_t, approches de corpus_t, enquêtes_t, archives_t;Datasets/all_labels_train_gensim_sparse_matrix.npz
archivalia.hypotheses.org/8364;histoire et archéologie_d, sciences sociales interdisciplinaires_d, histoire_t, approches de corpus_t, enquêtes_t, archives_t;Datasets/all_labels_train_gensim_sparse_matrix.npz
archivalia.hypotheses.org/14191;histoire et archéologie_d, sciences sociales interdisciplinaires_d, histoire_t, approches de corpus_t, enquêtes_t, archives_t;Datasets/all_labels_train_gensim_sparse_matrix.npz
archivalia.hypotheses.org/52717;histoire et archéologie_d, sciences sociales interdisciplinaires_d, histoire_t, approches de corpus_t, enquêtes_t, archives_t;Datasets/all_labels_train_gensim_sparse_matrix.npz
bioeg.hypotheses.org/1585;histoire et archéologie_d, histoire_d, histoire_t, sciences auxiliaires de l'histoire_t, europe centrale et orientale_t, monde germanique_t;Datasets/all_labels_train_gensim_sparse_matrix.npz
archivalia.hypotheses.org/10447;histoire et archéologie_d, sciences sociales interdisciplinaires_d, histoire_t, approches de corpus_t, enquêtes_t, archives_t;Datasets/all_labels_train_gensim_sparse_matrix.npz
jeunegen.hypotheses.org/526;histoire_d, pluridisciplinarité_d, histoire_t, vie de la recherche_t, moyen âge_t, haut moyen âge_t, bas moyen âge_t;Datasets/all_labels_train_gensim_sparse_matrix.npz
musicaroma.hypotheses.org/278;musique_d, histoire_d, histoire_t, histoire culturelle_t, monde germanique_t;Datasets/all_labels_train_gensim_sparse_matrix.npz
archivalia.hypotheses.org/9981;histoire et archéologie_d, sciences sociales interdisciplinaires_d, histoire_t, approches de corpus_t, enquêtes_t, archives_t;Datasets/all_labels_train_gensim_sparse_matrix.npz
medienbildung.hypotheses.org/6838;éducation_d, éducation spécialisée_d, travail social_d, sociologie_t, édition électronique_t, histoire et sociologie des médias_t, éducation_t;Datasets/all_labels_train_gensim_sparse_matrix.npz
archivewk1.hypotheses.org/11129;histoire_d, époque contemporaine_t, 1914-1918_t;Datasets/all_labels_train_gensim_sparse_matrix.npz
francofil.hypotheses.org/4841;pluridisciplinarité_d, sciences sociales interdisciplinaires_d, histoire_t, épistémologie et méthodes_t, approches de corpus_t, enquêtes_t, archives_t, france_t;Datasets/all_labels_train_gensim_sparse_matrix.npz
archivamt.hypotheses.org/3807;communication_d, pluridisciplinarité_d, sciences sociales interdisciplinaires_d, information_t, sciences de l'information_t, représentations_t, patrimoine_t;Datasets/all_labels_train_gensim_sparse_matrix.npz
historischdenken.hypotheses.org/1564;histoire et archéologie_d, histoire_t;Datasets/all_labels_train_gensim_sparse_matrix.npz
dhdhi.hypotheses.org/244;histoire et archéologie_d, histoire_t, épistémologie et méthodes_t, digital humanities_t;Datasets/all_labels_train_gensim_sparse_matrix.npz
archivalia.hypotheses.org/4923;histoire et archéologie_d, sciences sociales interdisciplinaires_d, histoire_t, approches de corpus_t, enquêtes_t, archives_t;Datasets/all_labels_train_gensim_sparse_matrix.npz
zakunibonn.hypotheses.org/231;histoire_d, psychologie_d, histoire_t, psychisme_t, psychologie_t, méthodes de traitement et de représentation_t, monde germanique_t;Datasets/all_labels_train_gensim_sparse_matrix.npz
histbav.hypotheses.org/4785;humanités pluridisciplinaires_d, histoire_d, pluridisciplinarité_d, histoire_t, monde germanique_t;Datasets/all_labels_train_gensim_sparse_matrix.npz
grk1919.hypotheses.org/151;histoire et archéologie_d, histoire et philosophie des sciences_d, histoire_t;Datasets/all_labels_train_gensim_sparse_matrix.npz
histbav.hypotheses.org/4393;humanités pluridisciplinaires_d, histoire_d, pluridisciplinarité_d, histoire_t, monde germanique_t;Datasets/all_labels_train_gensim_sparse_matrix.npz
liparchiv.hypotheses.org/522;histoire et archéologie_d, sciences politiques_d, administration publique et développement_d, histoire urbaine_t, patrimoine_t, sciences auxiliaires de l'histoire_t, approches de corpus_t, enquêtes_t, archives_t, europe_t;Datasets/all_labels_train_gensim_sparse_matrix.npz
archivalia.hypotheses.org/14096;histoire et archéologie_d, sciences sociales interdisciplinaires_d, histoire_t, approches de corpus_t, enquêtes_t, archives_t;Datasets/all_labels_train_gensim_sparse_matrix.npz
soziologieblog.hypotheses.org/6578;sciences sociales interdisciplinaires_d, sociologie et anthropologie_d, sociologie du travail_t, sociologie urbaine_t, sociologie de la culture_t, sociologie économique_t;Datasets/all_labels_train_gensim_sparse_matrix.npz
archivalia.hypotheses.org/9125;histoire et archéologie_d, sciences sociales interdisciplinaires_d, histoire_t, approches de corpus_t, enquêtes_t, archives_t;Datasets/all_labels_train_gensim_sparse_matrix.npz
achtundvierzig.hypotheses.org/512;sciences politiques_d, histoire_d, époque contemporaine_t, prospectives_t, histoire politique_t, monde germanique_t;Datasets/all_labels_train_gensim_sparse_matrix.npz
archivalia.hypotheses.org/2226;histoire et archéologie_d, sciences sociales interdisciplinaires_d, histoire_t, approches de corpus_t, enquêtes_t, archives_t;Datasets/all_labels_train_gensim_sparse_matrix.npz
archivalia.hypotheses.org/61004;histoire et archéologie_d, sciences sociales interdisciplinaires_d, histoire_t, approches de corpus_t, enquêtes_t, archives_t;Datasets/all_labels_train_gensim_sparse_matrix.npz
archivalia.hypotheses.org/3513;histoire et archéologie_d, sciences sociales interdisciplinaires_d, histoire_t, approches de corpus_t, enquêtes_t, archives_t;Datasets/all_labels_train_gensim_sparse_matrix.npz
frueheneuzeit.hypotheses.org/1989;histoire et archéologie_d, histoire_t, époque moderne_t, xviie siècle_t, xviiie siècle_t, révolution française_t;Datasets/all_labels_train_gensim_sparse_matrix.npz
historischdenken.hypotheses.org/2556;histoire et archéologie_d, histoire_t;Datasets/all_labels_train_gensim_sparse_matrix.npz
archive20.hypotheses.org/1143;pluridisciplinarité_d, sciences sociales interdisciplinaires_d, histoire_t, information_t, patrimoine_t, monde germanique_t;Datasets/all_labels_train_gensim_sparse_matrix.npz
digigw.hypotheses.org/832;humanités pluridisciplinaires_d, histoire_t, édition électronique_t, sciences auxiliaires de l'histoire_t, digital humanities_t;Datasets/all_labels_train_gensim_sparse_matrix.npz
achtundvierzig.hypotheses.org/822;sciences politiques_d, histoire_d, époque contemporaine_t, prospectives_t, histoire politique_t, monde germanique_t;Datasets/all_labels_train_gensim_sparse_matrix.npz
2wkvisuell.hypotheses.org/451;arts et humanités_d, histoire et archéologie_d, histoire sociale_t, guerres_t, conflits_t, violence_t, histoire et sociologie des médias_t, études visuelles_t, époque contemporaine_t;Datasets/all_labels_train_gensim_sparse_matrix.npz
ordensgeschichte.hypotheses.org/8883;arts et humanités_d, humanités pluridisciplinaires_d, histoire et archéologie_d, histoire et philosophie des sciences_d, histoire_t, haut moyen âge_t, bas moyen âge_t, xviie siècle_t, xviiie siècle_t;Datasets/all_labels_train_gensim_sparse_matrix.npz
archivalia.hypotheses.org/7930;histoire et archéologie_d, sciences sociales interdisciplinaires_d, histoire_t, approches de corpus_t, enquêtes_t, archives_t;Datasets/all_labels_train_gensim_sparse_matrix.npz
gelerndig.hypotheses.org/329;éducation_d, éducation spécialisée_d, histoire_d, histoire_t, éducation_t, édition électronique_t, histoire et sociologie des médias_t;Datasets/all_labels_train_gensim_sparse_matrix.npz
archivamt.hypotheses.org/439;communication_d, pluridisciplinarité_d, sciences sociales interdisciplinaires_d, information_t, sciences de l'information_t, représentations_t, patrimoine_t;Datasets/all_labels_train_gensim_sparse_matrix.npz
archivewk1.hypotheses.org/17413;histoire_d, époque contemporaine_t, 1914-1918_t;Datasets/all_labels_train_gensim_sparse_matrix.npz
archivalia.hypotheses.org/5707;histoire et archéologie_d, sciences sociales interdisciplinaires_d, histoire_t, approches de corpus_t, enquêtes_t, archives_t;Datasets/all_labels_train_gensim_sparse_matrix.npz
histgymbib.hypotheses.org/2121;arts et humanités_d, humanités pluridisciplinaires_d, sciences de l'information et de la communication_d, bibliothéconomie_d, sciences sociales interdisciplinaires_d, éducation_t, xvie siècle_t, xviie siècle_t, xviiie siècle_t, prospectives_t;Datasets/all_labels_train_gensim_sparse_matrix.npz
archivewk1.hypotheses.org/26187;histoire_d, époque contemporaine_t, 1914-1918_t;Datasets/all_labels_train_gensim_sparse_matrix.npz
archivalia.hypotheses.org/6995;histoire et archéologie_d, sciences sociales interdisciplinaires_d, histoire_t, approches de corpus_t, enquêtes_t, archives_t;Datasets/all_labels_train_gensim_sparse_matrix.npz
archivewk1.hypotheses.org/28970;histoire_d, époque contemporaine_t, 1914-1918_t;Datasets/all_labels_train_gensim_sparse_matrix.npz
archivalia.hypotheses.org/451;histoire et archéologie_d, sciences sociales interdisciplinaires_d, histoire_t, approches de corpus_t, enquêtes_t, archives_t;Datasets/all_labels_train_gensim_sparse_matrix.npz
archivamt.hypotheses.org/3601;communication_d, pluridisciplinarité_d, sciences sociales interdisciplinaires_d, information_t, sciences de l'information_t, représentations_t, patrimoine_t;Datasets/all_labels_train_gensim_sparse_matrix.npz
bioeg.hypotheses.org/74;histoire et archéologie_d, histoire_d, histoire_t, sciences auxiliaires de l'histoire_t, europe centrale et orientale_t, monde germanique_t;Datasets/all_labels_train_gensim_sparse_matrix.npz
medienbildung.hypotheses.org/5283;éducation_d, éducation spécialisée_d, travail social_d, sociologie_t, édition électronique_t, histoire et sociologie des médias_t, éducation_t;Datasets/all_labels_train_gensim_sparse_matrix.npz
archivalia.hypotheses.org/9578;histoire et archéologie_d, sciences sociales interdisciplinaires_d, histoire_t, approches de corpus_t, enquêtes_t, archives_t;Datasets/all_labels_train_gensim_sparse_matrix.npz
archivalia.hypotheses.org/7200;histoire et archéologie_d, sciences sociales interdisciplinaires_d, histoire_t, approches de corpus_t, enquêtes_t, archives_t;Datasets/all_labels_train_gensim_sparse_matrix.npz
archivalia.hypotheses.org/54015;histoire et archéologie_d, sciences sociales interdisciplinaires_d, histoire_t, approches de corpus_t, enquêtes_t, archives_t;Datasets/all_labels_train_gensim_sparse_matrix.npz
archives.hypotheses.org/236;histoire_d, communication_d, patrimoine_t, digital humanities_t, moyen âge_t, époque moderne_t, france_t, monde germanique_t;Datasets/all_labels_train_gensim_sparse_matrix.npz
jameel.hypotheses.org/752;pluridisciplinarité_d, études régionales_d, archéologie_d, arts_d, humanités pluridisciplinaires_d, représentations_t, asie_t, digital humanities_t, histoire de l'art_t;Datasets/all_labels_train_gensim_sparse_matrix.npz
archivalia.hypotheses.org/3763;histoire et archéologie_d, sciences sociales interdisciplinaires_d, histoire_t, approches de corpus_t, enquêtes_t, archives_t;Datasets/all_labels_train_gensim_sparse_matrix.npz
archivalia.hypotheses.org/57790;histoire et archéologie_d, sciences sociales interdisciplinaires_d, histoire_t, approches de corpus_t, enquêtes_t, archives_t;Datasets/all_labels_train_gensim_sparse_matrix.npz
tagebuch.hypotheses.org/304;histoire et archéologie_d, histoire_d, histoire_t, époque contemporaine_t, 1914-1918_t;Datasets/all_labels_train_gensim_sparse_matrix.npz
archivalia.hypotheses.org/660;histoire et archéologie_d, sciences sociales interdisciplinaires_d, histoire_t, approches de corpus_t, enquêtes_t, archives_t;Datasets/all_labels_train_gensim_sparse_matrix.npz
archivalia.hypotheses.org/8612;histoire et archéologie_d, sciences sociales interdisciplinaires_d, histoire_t, approches de corpus_t, enquêtes_t, archives_t;Datasets/all_labels_train_gensim_sparse_matrix.npz
archivalia.hypotheses.org/4394;histoire et archéologie_d, sciences sociales interdisciplinaires_d, histoire_t, approches de corpus_t, enquêtes_t, archives_t;Datasets/all_labels_train_gensim_sparse_matrix.npz
archivewk1.hypotheses.org/3750;histoire_d, époque contemporaine_t, 1914-1918_t;Datasets/all_labels_train_gensim_sparse_matrix.npz
archivalia.hypotheses.org/6706;histoire et archéologie_d, sciences sociales interdisciplinaires_d, histoire_t, approches de corpus_t, enquêtes_t, archives_t;Datasets/all_labels_train_gensim_sparse_matrix.npz
rhad.hypotheses.org/98;histoire_d, histoire des sciences sociales_d, histoire_t, époque moderne_t, révolution française_t, xviie siècle_t, xviiie siècle_t, prospectives_t;Datasets/all_labels_train_gensim_sparse_matrix.npz
archivewk1.hypotheses.org/4935;histoire_d, époque contemporaine_t, 1914-1918_t;Datasets/all_labels_train_gensim_sparse_matrix.npz
archivalia.hypotheses.org/10049;histoire et archéologie_d, sciences sociales interdisciplinaires_d, histoire_t, approches de corpus_t, enquêtes_t, archives_t;Datasets/all_labels_train_gensim_sparse_matrix.npz
archivalia.hypotheses.org/13587;histoire et archéologie_d, sciences sociales interdisciplinaires_d, histoire_t, approches de corpus_t, enquêtes_t, archives_t;Datasets/all_labels_train_gensim_sparse_matrix.npz
archivalia.hypotheses.org/12175;histoire et archéologie_d, sciences sociales interdisciplinaires_d, histoire_t, approches de corpus_t, enquêtes_t, archives_t;Datasets/all_labels_train_gensim_sparse_matrix.npz
fnzinfo.hypotheses.org/162;arts et humanités_d, musique_d, histoire et archéologie_d, histoire_t, xvie siècle_t, xviie siècle_t, xviiie siècle_t, révolution française_t;Datasets/all_labels_train_gensim_sparse_matrix.npz
bioeg.hypotheses.org/1704;histoire et archéologie_d, histoire_d, histoire_t, sciences auxiliaires de l'histoire_t, europe centrale et orientale_t, monde germanique_t;Datasets/all_labels_train_gensim_sparse_matrix.npz
amuc.hypotheses.org/174;humanités pluridisciplinaires_d, histoire_d, histoire_t, représentations_t, patrimoine_t;Datasets/all_labels_train_gensim_sparse_matrix.npz
archivalia.hypotheses.org/6730;histoire et archéologie_d, sciences sociales interdisciplinaires_d, histoire_t, approches de corpus_t, enquêtes_t, archives_t;Datasets/all_labels_train_gensim_sparse_matrix.npz
grandeguerre.hypotheses.org/198;histoire et archéologie_d, histoire_t, 1914-1918_t, prospectives_t, france_t, monde germanique_t;Datasets/all_labels_train_gensim_sparse_matrix.npz
gab.hypotheses.org/1901;histoire et archéologie_d, pluridisciplinarité_d, sciences sociales interdisciplinaires_d, études des sciences_t, sociologie des sciences_t, histoire_t;Datasets/all_labels_train_gensim_sparse_matrix.npz
histbav.hypotheses.org/3768;humanités pluridisciplinaires_d, histoire_d, pluridisciplinarité_d, histoire_t, monde germanique_t;Datasets/all_labels_train_gensim_sparse_matrix.npz
archivalia.hypotheses.org/745;histoire et archéologie_d, sciences sociales interdisciplinaires_d, histoire_t, approches de corpus_t, enquêtes_t, archives_t;Datasets/all_labels_train_gensim_sparse_matrix.npz
histbav.hypotheses.org/1647;humanités pluridisciplinaires_d, histoire_d, pluridisciplinarité_d, histoire_t, monde germanique_t;Datasets/all_labels_train_gensim_sparse_matrix.npz
medienbildung.hypotheses.org/3195;éducation_d, éducation spécialisée_d, travail social_d, sociologie_t, édition électronique_t, histoire et sociologie des médias_t, éducation_t;Datasets/all_labels_train_gensim_sparse_matrix.npz
archivalia.hypotheses.org/5207;histoire et archéologie_d, sciences sociales interdisciplinaires_d, histoire_t, approches de corpus_t, enquêtes_t, archives_t;Datasets/all_labels_train_gensim_sparse_matrix.npz
archivalia.hypotheses.org/13015;histoire et archéologie_d, sciences sociales interdisciplinaires_d, histoire_t, approches de corpus_t, enquêtes_t, archives_t;Datasets/all_labels_train_gensim_sparse_matrix.npz
archivalia.hypotheses.org/13509;histoire et archéologie_d, sciences sociales interdisciplinaires_d, histoire_t, approches de corpus_t, enquêtes_t, archives_t;Datasets/all_labels_train_gensim_sparse_matrix.npz
archivalia.hypotheses.org/60846;histoire et archéologie_d, sciences sociales interdisciplinaires_d, histoire_t, approches de corpus_t, enquêtes_t, archives_t;Datasets/all_labels_train_gensim_sparse_matrix.npz
archivalia.hypotheses.org/2329;histoire et archéologie_d, sciences sociales interdisciplinaires_d, histoire_t, approches de corpus_t, enquêtes_t, archives_t;Datasets/all_labels_train_gensim_sparse_matrix.npz
coop.hypotheses.org/908;histoire et archéologie_d, sciences sociales interdisciplinaires_d, histoire urbaine_t, information_t;Datasets/all_labels_train_gensim_sparse_matrix.npz
gab.hypotheses.org/2458;histoire et archéologie_d, pluridisciplinarité_d, sciences sociales interdisciplinaires_d, études des sciences_t, sociologie des sciences_t, histoire_t;Datasets/all_labels_train_gensim_sparse_matrix.npz
archivalia.hypotheses.org/52436;histoire et archéologie_d, sciences sociales interdisciplinaires_d, histoire_t, approches de corpus_t, enquêtes_t, archives_t;Datasets/all_labels_train_gensim_sparse_matrix.npz
1914lvr.hypotheses.org/1221;sciences politiques_d, histoire_t, époque contemporaine_t, 1914-1918_t;Datasets/all_labels_train_gensim_sparse_matrix.npz
jeunegen.hypotheses.org/182;histoire_d, pluridisciplinarité_d, histoire_t, vie de la recherche_t, moyen âge_t, haut moyen âge_t, bas moyen âge_t;Datasets/all_labels_train_gensim_sparse_matrix.npz
bioeg.hypotheses.org/774;histoire et archéologie_d, histoire_d, histoire_t, sciences auxiliaires de l'histoire_t, europe centrale et orientale_t, monde germanique_t;Datasets/all_labels_train_gensim_sparse_matrix.npz
wppluslw.hypotheses.org/368;littérature_d, littératures_t, édition électronique_t, épistémologie et méthodes_t, approches de corpus_t, enquêtes_t, archives_t, monde germanique_t;Datasets/all_labels_train_gensim_sparse_matrix.npz
dkblog.hypotheses.org/677;histoire_d, histoire_t, époque moderne_t, xviie siècle_t;Datasets/all_labels_train_gensim_sparse_matrix.npz
archivekod.hypotheses.org/756;religions_d, histoire et archéologie_d, sciences de l'information et de la communication_d, bibliothéconomie_d, communication_d, histoire_t, histoire des religions_t, patrimoine_t;Datasets/all_labels_train_gensim_sparse_matrix.npz
histbav.hypotheses.org/1157;humanités pluridisciplinaires_d, histoire_d, pluridisciplinarité_d, histoire_t, monde germanique_t;Datasets/all_labels_train_gensim_sparse_matrix.npz
archivalia.hypotheses.org/13560;histoire et archéologie_d, sciences sociales interdisciplinaires_d, histoire_t, approches de corpus_t, enquêtes_t, archives_t;Datasets/all_labels_train_gensim_sparse_matrix.npz
medienbildung.hypotheses.org/3882;éducation_d, éducation spécialisée_d, travail social_d, sociologie_t, édition électronique_t, histoire et sociologie des médias_t, éducation_t;Datasets/all_labels_train_gensim_sparse_matrix.npz
ordensgeschichte.hypotheses.org/2908;arts et humanités_d, humanités pluridisciplinaires_d, histoire et archéologie_d, histoire et philosophie des sciences_d, histoire_t, haut moyen âge_t, bas moyen âge_t, xviie siècle_t, xviiie siècle_t;Datasets/all_labels_train_gensim_sparse_matrix.npz
quadrivium.hypotheses.org/122;pluridisciplinarité_d, histoire des sciences_t, histoire_t, histoire et sociologie des médias_t, historiographie_t, moyen âge_t, haut moyen âge_t;Datasets/all_labels_train_gensim_sparse_matrix.npz
archivalia.hypotheses.org/8231;histoire et archéologie_d, sciences sociales interdisciplinaires_d, histoire_t, approches de corpus_t, enquêtes_t, archives_t;Datasets/all_labels_train_gensim_sparse_matrix.npz
avantmusic.hypotheses.org/193;musique_d, europe_t, monde germanique_t, histoire culturelle_t, histoire de l'art_t;Datasets/all_labels_train_gensim_sparse_matrix.npz
archivalia.hypotheses.org/59506;histoire et archéologie_d, sciences sociales interdisciplinaires_d, histoire_t, approches de corpus_t, enquêtes_t, archives_t;Datasets/all_labels_train_gensim_sparse_matrix.npz
gab.hypotheses.org/1193;histoire et archéologie_d, pluridisciplinarité_d, sciences sociales interdisciplinaires_d, études des sciences_t, sociologie des sciences_t, histoire_t;Datasets/all_labels_train_gensim_sparse_matrix.npz
histbav.hypotheses.org/506;humanités pluridisciplinaires_d, histoire_d, pluridisciplinarité_d, histoire_t, monde germanique_t;Datasets/all_labels_train_gensim_sparse_matrix.npz
francofil.hypotheses.org/3079;pluridisciplinarité_d, sciences sociales interdisciplinaires_d, histoire_t, épistémologie et méthodes_t, approches de corpus_t, enquêtes_t, archives_t, france_t;Datasets/all_labels_train_gensim_sparse_matrix.npz
archivalia.hypotheses.org/61566;histoire et archéologie_d, sciences sociales interdisciplinaires_d, histoire_t, approches de corpus_t, enquêtes_t, archives_t;Datasets/all_labels_train_gensim_sparse_matrix.npz
artincrisis.hypotheses.org/1587;arts et humanités_d, représentations_t, histoire de l'art_t, époque contemporaine_t, 1939-1945_t, monde germanique_t;Datasets/all_labels_train_gensim_sparse_matrix.npz
archivalia.hypotheses.org/10260;histoire et archéologie_d, sciences sociales interdisciplinaires_d, histoire_t, approches de corpus_t, enquêtes_t, archives_t;Datasets/all_labels_train_gensim_sparse_matrix.npz
coop.hypotheses.org/257;histoire et archéologie_d, sciences sociales interdisciplinaires_d, histoire urbaine_t, information_t;Datasets/all_labels_train_gensim_sparse_matrix.npz
fnzinfo.hypotheses.org/114;arts et humanités_d, musique_d, histoire et archéologie_d, histoire_t, xvie siècle_t, xviie siècle_t, xviiie siècle_t, révolution française_t;Datasets/all_labels_train_gensim_sparse_matrix.npz
archivalia.hypotheses.org/5176;histoire et archéologie_d, sciences sociales interdisciplinaires_d, histoire_t, approches de corpus_t, enquêtes_t, archives_t;Datasets/all_labels_train_gensim_sparse_matrix.npz
archivewk1.hypotheses.org/20336;histoire_d, époque contemporaine_t, 1914-1918_t;Datasets/all_labels_train_gensim_sparse_matrix.npz
archivalia.hypotheses.org/13025;histoire et archéologie_d, sciences sociales interdisciplinaires_d, histoire_t, approches de corpus_t, enquêtes_t, archives_t;Datasets/all_labels_train_gensim_sparse_matrix.npz
archivalia.hypotheses.org/10898;histoire et archéologie_d, sciences sociales interdisciplinaires_d, histoire_t, approches de corpus_t, enquêtes_t, archives_t;Datasets/all_labels_train_gensim_sparse_matrix.npz
archivalia.hypotheses.org/12854;histoire et archéologie_d, sciences sociales interdisciplinaires_d, histoire_t, approches de corpus_t, enquêtes_t, archives_t;Datasets/all_labels_train_gensim_sparse_matrix.npz
archivalia.hypotheses.org/7884;histoire et archéologie_d, sciences sociales interdisciplinaires_d, histoire_t, approches de corpus_t, enquêtes_t, archives_t;Datasets/all_labels_train_gensim_sparse_matrix.npz
archivalia.hypotheses.org/11955;histoire et archéologie_d, sciences sociales interdisciplinaires_d, histoire_t, approches de corpus_t, enquêtes_t, archives_t;Datasets/all_labels_train_gensim_sparse_matrix.npz
archivalia.hypotheses.org/12757;histoire et archéologie_d, sciences sociales interdisciplinaires_d, histoire_t, approches de corpus_t, enquêtes_t, archives_t;Datasets/all_labels_train_gensim_sparse_matrix.npz
archivalia.hypotheses.org/55420;histoire et archéologie_d, sciences sociales interdisciplinaires_d, histoire_t, approches de corpus_t, enquêtes_t, archives_t;Datasets/all_labels_train_gensim_sparse_matrix.npz
soziologieblog.hypotheses.org/7440;sciences sociales interdisciplinaires_d, sociologie et anthropologie_d, sociologie du travail_t, sociologie urbaine_t, sociologie de la culture_t, sociologie économique_t;Datasets/all_labels_train_gensim_sparse_matrix.npz
archivekod.hypotheses.org/172;religions_d, histoire et archéologie_d, sciences de l'information et de la communication_d, bibliothéconomie_d, communication_d, histoire_t, histoire des religions_t, patrimoine_t;Datasets/all_labels_train_gensim_sparse_matrix.npz
archivewk1.hypotheses.org/29656;histoire_d, époque contemporaine_t, 1914-1918_t;Datasets/all_labels_train_gensim_sparse_matrix.npz
amuc.hypotheses.org/1731;humanités pluridisciplinaires_d, histoire_d, histoire_t, représentations_t, patrimoine_t;Datasets/all_labels_train_gensim_sparse_matrix.npz
archivewk1.hypotheses.org/30505;histoire_d, époque contemporaine_t, 1914-1918_t;Datasets/all_labels_train_gensim_sparse_matrix.npz
dokunstlmu.hypotheses.org/1061;arts et humanités_d, histoire intellectuelle_t;Datasets/all_labels_train_gensim_sparse_matrix.npz
pophistory.hypotheses.org/2375;humanités pluridisciplinaires_d, histoire et archéologie_d, sociologie de la culture_t, histoire sociale_t, histoire culturelle_t, époque contemporaine_t;Datasets/all_labels_train_gensim_sparse_matrix.npz
heraldica.hypotheses.org/682;histoire_d, histoire_t, historiographie_t, sciences auxiliaires de l'histoire_t, moyen âge_t, haut moyen âge_t;Datasets/all_labels_train_gensim_sparse_matrix.npz
archivalia.hypotheses.org/12960;histoire et archéologie_d, sciences sociales interdisciplinaires_d, histoire_t, approches de corpus_t, enquêtes_t, archives_t;Datasets/all_labels_train_gensim_sparse_matrix.npz
archivalia.hypotheses.org/5403;histoire et archéologie_d, sciences sociales interdisciplinaires_d, histoire_t, approches de corpus_t, enquêtes_t, archives_t;Datasets/all_labels_train_gensim_sparse_matrix.npz
archivalia.hypotheses.org/9324;histoire et archéologie_d, sciences sociales interdisciplinaires_d, histoire_t, approches de corpus_t, enquêtes_t, archives_t;Datasets/all_labels_train_gensim_sparse_matrix.npz
archivalia.hypotheses.org/6480;histoire et archéologie_d, sciences sociales interdisciplinaires_d, histoire_t, approches de corpus_t, enquêtes_t, archives_t;Datasets/all_labels_train_gensim_sparse_matrix.npz
quadrivium.hypotheses.org/228;pluridisciplinarité_d, histoire des sciences_t, histoire_t, histoire et sociologie des médias_t, historiographie_t, moyen âge_t, haut moyen âge_t;Datasets/all_labels_train_gensim_sparse_matrix.npz
bioeg.hypotheses.org/770;histoire et archéologie_d, histoire_d, histoire_t, sciences auxiliaires de l'histoire_t, europe centrale et orientale_t, monde germanique_t;Datasets/all_labels_train_gensim_sparse_matrix.npz
archivewk1.hypotheses.org/543;histoire_d, époque contemporaine_t, 1914-1918_t;Datasets/all_labels_train_gensim_sparse_matrix.npz
archivalia.hypotheses.org/59477;histoire et archéologie_d, sciences sociales interdisciplinaires_d, histoire_t, approches de corpus_t, enquêtes_t, archives_t;Datasets/all_labels_train_gensim_sparse_matrix.npz
archivalia.hypotheses.org/8898;histoire et archéologie_d, sciences sociales interdisciplinaires_d, histoire_t, approches de corpus_t, enquêtes_t, archives_t;Datasets/all_labels_train_gensim_sparse_matrix.npz
archivalia.hypotheses.org/13534;histoire et archéologie_d, sciences sociales interdisciplinaires_d, histoire_t, approches de corpus_t, enquêtes_t, archives_t;Datasets/all_labels_train_gensim_sparse_matrix.npz
archivewk1.hypotheses.org/17456;histoire_d, époque contemporaine_t, 1914-1918_t;Datasets/all_labels_train_gensim_sparse_matrix.npz
archivalia.hypotheses.org/12100;histoire et archéologie_d, sciences sociales interdisciplinaires_d, histoire_t, approches de corpus_t, enquêtes_t, archives_t;Datasets/all_labels_train_gensim_sparse_matrix.npz
archivalia.hypotheses.org/61662;histoire et archéologie_d, sciences sociales interdisciplinaires_d, histoire_t, approches de corpus_t, enquêtes_t, archives_t;Datasets/all_labels_train_gensim_sparse_matrix.npz
feldpost.hypotheses.org/505;histoire_d, histoire_t, guerres_t, conflits_t, violence_t, histoire culturelle_t, 1914-1918_t, monde germanique_t;Datasets/all_labels_train_gensim_sparse_matrix.npz
archivalia.hypotheses.org/3478;histoire et archéologie_d, sciences sociales interdisciplinaires_d, histoire_t, approches de corpus_t, enquêtes_t, archives_t;Datasets/all_labels_train_gensim_sparse_matrix.npz
archivewk1.hypotheses.org/7780;histoire_d, époque contemporaine_t, 1914-1918_t;Datasets/all_labels_train_gensim_sparse_matrix.npz
archivalia.hypotheses.org/53088;histoire et archéologie_d, sciences sociales interdisciplinaires_d, histoire_t, approches de corpus_t, enquêtes_t, archives_t;Datasets/all_labels_train_gensim_sparse_matrix.npz
archivalia.hypotheses.org/10917;histoire et archéologie_d, sciences sociales interdisciplinaires_d, histoire_t, approches de corpus_t, enquêtes_t, archives_t;Datasets/all_labels_train_gensim_sparse_matrix.npz
archivalia.hypotheses.org/9630;histoire et archéologie_d, sciences sociales interdisciplinaires_d, histoire_t, approches de corpus_t, enquêtes_t, archives_t;Datasets/all_labels_train_gensim_sparse_matrix.npz
archivewk1.hypotheses.org/982;histoire_d, époque contemporaine_t, 1914-1918_t;Datasets/all_labels_train_gensim_sparse_matrix.npz
lvrafz.hypotheses.org/2078;pluridisciplinarité_d, information_t;Datasets/all_labels_train_gensim_sparse_matrix.npz
amuc.hypotheses.org/1726;humanités pluridisciplinaires_d, histoire_d, histoire_t, représentations_t, patrimoine_t;Datasets/all_labels_train_gensim_sparse_matrix.npz
redaktionsblog.hypotheses.org/1595;arts et humanités_d, humanités pluridisciplinaires_d, épistémologie et méthodes_t, digital humanities_t;Datasets/all_labels_train_gensim_sparse_matrix.npz
medienbildung.hypotheses.org/5948;éducation_d, éducation spécialisée_d, travail social_d, sociologie_t, édition électronique_t, histoire et sociologie des médias_t, éducation_t;Datasets/all_labels_train_gensim_sparse_matrix.npz
lvrafz.hypotheses.org/2133;pluridisciplinarité_d, information_t;Datasets/all_labels_train_gensim_sparse_matrix.npz
histbav.hypotheses.org/2887;humanités pluridisciplinaires_d, histoire_d, pluridisciplinarité_d, histoire_t, monde germanique_t;Datasets/all_labels_train_gensim_sparse_matrix.npz
archivewk1.hypotheses.org/15040;histoire_d, époque contemporaine_t, 1914-1918_t;Datasets/all_labels_train_gensim_sparse_matrix.npz
grammata.hypotheses.org/1960;études anciennes_d, religions_d, littérature_d, religions_t, littératures_t;Datasets/all_labels_train_gensim_sparse_matrix.npz
amuc.hypotheses.org/1983;humanités pluridisciplinaires_d, histoire_d, histoire_t, représentations_t, patrimoine_t;Datasets/all_labels_train_gensim_sparse_matrix.npz
archivalia.hypotheses.org/383;histoire et archéologie_d, sciences sociales interdisciplinaires_d, histoire_t, approches de corpus_t, enquêtes_t, archives_t;Datasets/all_labels_train_gensim_sparse_matrix.npz
1914lvr.hypotheses.org/1573;sciences politiques_d, histoire_t, époque contemporaine_t, 1914-1918_t;Datasets/all_labels_train_gensim_sparse_matrix.npz
kristinoswald.hypotheses.org/1804;études anciennes_d, études des sciences_t, histoire_t, histoire et sociologie des médias_t, histoire culturelle_t, digital humanities_t;Datasets/all_labels_train_gensim_sparse_matrix.npz
fortifica.hypotheses.org/352;histoire et archéologie_d, histoire_d, histoire urbaine_t, xvie siècle_t, xviie siècle_t, xviiie siècle_t;Datasets/all_labels_train_gensim_sparse_matrix.npz
archivalia.hypotheses.org/3494;histoire et archéologie_d, sciences sociales interdisciplinaires_d, histoire_t, approches de corpus_t, enquêtes_t, archives_t;Datasets/all_labels_train_gensim_sparse_matrix.npz
archivewk1.hypotheses.org/1735;histoire_d, époque contemporaine_t, 1914-1918_t;Datasets/all_labels_train_gensim_sparse_matrix.npz
astrologiefnz.hypotheses.org/95;arts et humanités_d, humanités pluridisciplinaires_d, histoire et archéologie_d, histoire et philosophie des sciences_d, études des sciences_t, histoire intellectuelle_t, époque moderne_t, xviie siècle_t;Datasets/all_labels_train_gensim_sparse_matrix.npz
archivewk1.hypotheses.org/310;histoire_d, époque contemporaine_t, 1914-1918_t;Datasets/all_labels_train_gensim_sparse_matrix.npz
ludite.hypotheses.org/37;arts et humanités_d, histoire et archéologie_d, histoire sociale_t, histoire culturelle_t, haut moyen âge_t, bas moyen âge_t;Datasets/all_labels_train_gensim_sparse_matrix.npz
archivalia.hypotheses.org/10107;histoire et archéologie_d, sciences sociales interdisciplinaires_d, histoire_t, approches de corpus_t, enquêtes_t, archives_t;Datasets/all_labels_train_gensim_sparse_matrix.npz
archivalia.hypotheses.org/61801;histoire et archéologie_d, sciences sociales interdisciplinaires_d, histoire_t, approches de corpus_t, enquêtes_t, archives_t;Datasets/all_labels_train_gensim_sparse_matrix.npz
mittelalter.hypotheses.org/4663;humanités pluridisciplinaires_d, religions_d, histoire_d, sociologie_d, histoire_t, histoire sociale_t, histoire intellectuelle_t, moyen âge_t, haut moyen âge_t, bas moyen âge_t;Datasets/all_labels_train_gensim_sparse_matrix.npz
games.hypotheses.org/810;arts et humanités_d, humanités pluridisciplinaires_d, psychologie expérimentale_d, sciences cognitives_t, psychisme_t, psychologie_t, représentations_t, histoire de l'art_t, études visuelles_t;Datasets/all_labels_train_gensim_sparse_matrix.npz
erinnern.hypotheses.org/580;éducation et sciences de l'éducation_d, histoire_d, histoire_t, éducation_t, 1918-1939_t, 1939-1945_t, 1945-1989_t;Datasets/all_labels_train_gensim_sparse_matrix.npz
archivalia.hypotheses.org/6335;histoire et archéologie_d, sciences sociales interdisciplinaires_d, histoire_t, approches de corpus_t, enquêtes_t, archives_t;Datasets/all_labels_train_gensim_sparse_matrix.npz
gra.hypotheses.org/1485;arts et humanités_d, communication_d, sciences de l'information et bibliothéconomie_d, représentations_t, histoire culturelle_t, histoire de l'art_t, études visuelles_t;Datasets/all_labels_train_gensim_sparse_matrix.npz
kristinoswald.hypotheses.org/1898;études anciennes_d, études des sciences_t, histoire_t, histoire et sociologie des médias_t, histoire culturelle_t, digital humanities_t;Datasets/all_labels_train_gensim_sparse_matrix.npz
archivalia.hypotheses.org/2453;histoire et archéologie_d, sciences sociales interdisciplinaires_d, histoire_t, approches de corpus_t, enquêtes_t, archives_t;Datasets/all_labels_train_gensim_sparse_matrix.npz
archivalia.hypotheses.org/443;histoire et archéologie_d, sciences sociales interdisciplinaires_d, histoire_t, approches de corpus_t, enquêtes_t, archives_t;Datasets/all_labels_train_gensim_sparse_matrix.npz
francofil.hypotheses.org/3018;pluridisciplinarité_d, sciences sociales interdisciplinaires_d, histoire_t, épistémologie et méthodes_t, approches de corpus_t, enquêtes_t, archives_t, france_t;Datasets/all_labels_train_gensim_sparse_matrix.npz
archivalia.hypotheses.org/6828;histoire et archéologie_d, sciences sociales interdisciplinaires_d, histoire_t, approches de corpus_t, enquêtes_t, archives_t;Datasets/all_labels_train_gensim_sparse_matrix.npz
mobilvideo.hypotheses.org/432;humanités pluridisciplinaires_d, éducation_d, sciences sociales interdisciplinaires_d, histoire et sociologie des médias_t, études visuelles_t, éducation_t, sciences de l'éducation_t;Datasets/all_labels_train_gensim_sparse_matrix.npz
archive20.hypotheses.org/1026;pluridisciplinarité_d, sciences sociales interdisciplinaires_d, histoire_t, information_t, patrimoine_t, monde germanique_t;Datasets/all_labels_train_gensim_sparse_matrix.npz
tagebuch.hypotheses.org/1400;histoire et archéologie_d, histoire_d, histoire_t, époque contemporaine_t, 1914-1918_t;Datasets/all_labels_train_gensim_sparse_matrix.npz
mittelalter.hypotheses.org/6204;humanités pluridisciplinaires_d, religions_d, histoire_d, sociologie_d, histoire_t, histoire sociale_t, histoire intellectuelle_t, moyen âge_t, haut moyen âge_t, bas moyen âge_t;Datasets/all_labels_train_gensim_sparse_matrix.npz
intersex.hypotheses.org/2592;histoire_d, biomédecine_d, étude des genres_t, histoire des sciences_t, histoire_t, histoire du droit_t, moyen âge_t, xxie siècle_t;Datasets/all_labels_train_gensim_sparse_matrix.npz
archives.hypotheses.org/259;histoire_d, communication_d, patrimoine_t, digital humanities_t, moyen âge_t, époque moderne_t, france_t, monde germanique_t;Datasets/all_labels_train_gensim_sparse_matrix.npz
19jhdhip.hypotheses.org/2858;histoire_d, époque contemporaine_t, prospectives_t, france_t, monde germanique_t;Datasets/all_labels_train_gensim_sparse_matrix.npz
archivalia.hypotheses.org/7106;histoire et archéologie_d, sciences sociales interdisciplinaires_d, histoire_t, approches de corpus_t, enquêtes_t, archives_t;Datasets/all_labels_train_gensim_sparse_matrix.npz
archivalia.hypotheses.org/54631;histoire et archéologie_d, sciences sociales interdisciplinaires_d, histoire_t, approches de corpus_t, enquêtes_t, archives_t;Datasets/all_labels_train_gensim_sparse_matrix.npz
archivewk1.hypotheses.org/3471;histoire_d, époque contemporaine_t, 1914-1918_t;Datasets/all_labels_train_gensim_sparse_matrix.npz
archivamt.hypotheses.org/3647;communication_d, pluridisciplinarité_d, sciences sociales interdisciplinaires_d, information_t, sciences de l'information_t, représentations_t, patrimoine_t;Datasets/all_labels_train_gensim_sparse_matrix.npz
gab.hypotheses.org/3118;histoire et archéologie_d, pluridisciplinarité_d, sciences sociales interdisciplinaires_d, études des sciences_t, sociologie des sciences_t, histoire_t;Datasets/all_labels_train_gensim_sparse_matrix.npz
archivalia.hypotheses.org/3273;histoire et archéologie_d, sciences sociales interdisciplinaires_d, histoire_t, approches de corpus_t, enquêtes_t, archives_t;Datasets/all_labels_train_gensim_sparse_matrix.npz
archivalia.hypotheses.org/62465;histoire et archéologie_d, sciences sociales interdisciplinaires_d, histoire_t, approches de corpus_t, enquêtes_t, archives_t;Datasets/all_labels_train_gensim_sparse_matrix.npz
lvrafz.hypotheses.org/2137;pluridisciplinarité_d, information_t;Datasets/all_labels_train_gensim_sparse_matrix.npz
kristinoswald.hypotheses.org/744;études anciennes_d, études des sciences_t, histoire_t, histoire et sociologie des médias_t, histoire culturelle_t, digital humanities_t;Datasets/all_labels_train_gensim_sparse_matrix.npz
amuc.hypotheses.org/556;humanités pluridisciplinaires_d, histoire_d, histoire_t, représentations_t, patrimoine_t;Datasets/all_labels_train_gensim_sparse_matrix.npz
ordensgeschichte.hypotheses.org/10956;arts et humanités_d, humanités pluridisciplinaires_d, histoire et archéologie_d, histoire et philosophie des sciences_d, histoire_t, haut moyen âge_t, bas moyen âge_t, xviie siècle_t, xviiie siècle_t;Datasets/all_labels_train_gensim_sparse_matrix.npz
soziologieblog.hypotheses.org/5876;sciences sociales interdisciplinaires_d, sociologie et anthropologie_d, sociologie du travail_t, sociologie urbaine_t, sociologie de la culture_t, sociologie économique_t;Datasets/all_labels_train_gensim_sparse_matrix.npz
archivewk1.hypotheses.org/7092;histoire_d, époque contemporaine_t, 1914-1918_t;Datasets/all_labels_train_gensim_sparse_matrix.npz
archivalia.hypotheses.org/6036;histoire et archéologie_d, sciences sociales interdisciplinaires_d, histoire_t, approches de corpus_t, enquêtes_t, archives_t;Datasets/all_labels_train_gensim_sparse_matrix.npz
archivalia.hypotheses.org/8164;histoire et archéologie_d, sciences sociales interdisciplinaires_d, histoire_t, approches de corpus_t, enquêtes_t, archives_t;Datasets/all_labels_train_gensim_sparse_matrix.npz
speyermemo.hypotheses.org/1988;histoire_d, pluridisciplinarité_d, sciences sociales interdisciplinaires_d, sociologie de la culture_t, histoire_t, 1939-1945_t, europe_t;Datasets/all_labels_train_gensim_sparse_matrix.npz
schotten.hypotheses.org/1079;religions_d, histoire et archéologie_d, sciences de l'information et de la communication_d, bibliothéconomie_d, histoire_t, histoire des religions_t, approches de corpus_t, enquêtes_t, archives_t, monde germanique_t;Datasets/all_labels_train_gensim_sparse_matrix.npz
intersex.hypotheses.org/1660;histoire_d, biomédecine_d, étude des genres_t, histoire des sciences_t, histoire_t, histoire du droit_t, moyen âge_t, xxie siècle_t;Datasets/all_labels_train_gensim_sparse_matrix.npz
archivalia.hypotheses.org/7240;histoire et archéologie_d, sciences sociales interdisciplinaires_d, histoire_t, approches de corpus_t, enquêtes_t, archives_t;Datasets/all_labels_train_gensim_sparse_matrix.npz
archivalia.hypotheses.org/8213;histoire et archéologie_d, sciences sociales interdisciplinaires_d, histoire_t, approches de corpus_t, enquêtes_t, archives_t;Datasets/all_labels_train_gensim_sparse_matrix.npz
soziologieblog.hypotheses.org/9763;sciences sociales interdisciplinaires_d, sociologie et anthropologie_d, sociologie du travail_t, sociologie urbaine_t, sociologie de la culture_t, sociologie économique_t;Datasets/all_labels_train_gensim_sparse_matrix.npz
minuseinsebene.hypotheses.org/336;archéologie_d, histoire urbaine_t, histoire des religions_t, moyen âge_t, haut moyen âge_t, monde germanique_t;Datasets/all_labels_train_gensim_sparse_matrix.npz
archivalia.hypotheses.org/6823;histoire et archéologie_d, sciences sociales interdisciplinaires_d, histoire_t, approches de corpus_t, enquêtes_t, archives_t;Datasets/all_labels_train_gensim_sparse_matrix.npz
archivewk1.hypotheses.org/4037;histoire_d, époque contemporaine_t, 1914-1918_t;Datasets/all_labels_train_gensim_sparse_matrix.npz
archivalia.hypotheses.org/9150;histoire et archéologie_d, sciences sociales interdisciplinaires_d, histoire_t, approches de corpus_t, enquêtes_t, archives_t;Datasets/all_labels_train_gensim_sparse_matrix.npz
ordensgeschichte.hypotheses.org/3074;arts et humanités_d, humanités pluridisciplinaires_d, histoire et archéologie_d, histoire et philosophie des sciences_d, histoire_t, haut moyen âge_t, bas moyen âge_t, xviie siècle_t, xviiie siècle_t;Datasets/all_labels_train_gensim_sparse_matrix.npz
trafo.hypotheses.org/2149;pluridisciplinarité_d, sciences sociales interdisciplinaires_d, études régionales_d, sociologie_t, sociologie des religions_t, information_t, histoire culturelle_t;Datasets/all_labels_train_gensim_sparse_matrix.npz
archivalia.hypotheses.org/498;histoire et archéologie_d, sciences sociales interdisciplinaires_d, histoire_t, approches de corpus_t, enquêtes_t, archives_t;Datasets/all_labels_train_gensim_sparse_matrix.npz
archivalia.hypotheses.org/3462;histoire et archéologie_d, sciences sociales interdisciplinaires_d, histoire_t, approches de corpus_t, enquêtes_t, archives_t;Datasets/all_labels_train_gensim_sparse_matrix.npz
archivewk1.hypotheses.org/14987;histoire_d, époque contemporaine_t, 1914-1918_t;Datasets/all_labels_train_gensim_sparse_matrix.npz
musermeku.hypotheses.org/2721;humanités pluridisciplinaires_d, pluridisciplinarité_d, sciences sociales interdisciplinaires_d, sociologie_t, sociologie de la culture_t, histoire_t, histoire politique_t;Datasets/all_labels_train_gensim_sparse_matrix.npz
gelerndig.hypotheses.org/286;éducation_d, éducation spécialisée_d, histoire_d, histoire_t, éducation_t, édition électronique_t, histoire et sociologie des médias_t;Datasets/all_labels_train_gensim_sparse_matrix.npz
archivalia.hypotheses.org/216;histoire et archéologie_d, sciences sociales interdisciplinaires_d, histoire_t, approches de corpus_t, enquêtes_t, archives_t;Datasets/all_labels_train_gensim_sparse_matrix.npz
ordensgeschichte.hypotheses.org/10614;arts et humanités_d, humanités pluridisciplinaires_d, histoire et archéologie_d, histoire et philosophie des sciences_d, histoire_t, haut moyen âge_t, bas moyen âge_t, xviie siècle_t, xviiie siècle_t;Datasets/all_labels_train_gensim_sparse_matrix.npz
kinder.hypotheses.org/675;éducation et sciences de l'éducation_d, études sur la famille_d, âges de la vie_t, sciences de l'éducation_t;Datasets/all_labels_train_gensim_sparse_matrix.npz
grk1678.hypotheses.org/871;arts et humanités_d, humanités pluridisciplinaires_d, histoire et philosophie des sciences_d, pluridisciplinarité_d, philosophie_t, littératures_t, histoire culturelle_t, histoire de l'art_t;Datasets/all_labels_train_gensim_sparse_matrix.npz
archivewk1.hypotheses.org/24382;histoire_d, époque contemporaine_t, 1914-1918_t;Datasets/all_labels_train_gensim_sparse_matrix.npz
archivalia.hypotheses.org/11686;histoire et archéologie_d, sciences sociales interdisciplinaires_d, histoire_t, approches de corpus_t, enquêtes_t, archives_t;Datasets/all_labels_train_gensim_sparse_matrix.npz
speyermemo.hypotheses.org/2378;histoire_d, pluridisciplinarité_d, sciences sociales interdisciplinaires_d, sociologie de la culture_t, histoire_t, 1939-1945_t, europe_t;Datasets/all_labels_train_gensim_sparse_matrix.npz
archivalia.hypotheses.org/10865;histoire et archéologie_d, sciences sociales interdisciplinaires_d, histoire_t, approches de corpus_t, enquêtes_t, archives_t;Datasets/all_labels_train_gensim_sparse_matrix.npz
heraldica.hypotheses.org/3301;histoire_d, histoire_t, historiographie_t, sciences auxiliaires de l'histoire_t, moyen âge_t, haut moyen âge_t;Datasets/all_labels_train_gensim_sparse_matrix.npz
kinder.hypotheses.org/396;éducation et sciences de l'éducation_d, études sur la famille_d, âges de la vie_t, sciences de l'éducation_t;Datasets/all_labels_train_gensim_sparse_matrix.npz
archivalia.hypotheses.org/13012;histoire et archéologie_d, sciences sociales interdisciplinaires_d, histoire_t, approches de corpus_t, enquêtes_t, archives_t;Datasets/all_labels_train_gensim_sparse_matrix.npz
leibnizarc.hypotheses.org/970;éducation_d, histoire et archéologie_d, sciences de l'information et bibliothéconomie_d, études des sciences_t, histoire industrielle_t, histoire de l'art_t;Datasets/all_labels_train_gensim_sparse_matrix.npz
amuc.hypotheses.org/1;humanités pluridisciplinaires_d, histoire_d, histoire_t, représentations_t, patrimoine_t;Datasets/all_labels_train_gensim_sparse_matrix.npz
archivalia.hypotheses.org/13582;histoire et archéologie_d, sciences sociales interdisciplinaires_d, histoire_t, approches de corpus_t, enquêtes_t, archives_t;Datasets/all_labels_train_gensim_sparse_matrix.npz
catholiccultures.hypotheses.org/104;histoire et archéologie_d, histoire des sciences sociales_d, sciences sociales interdisciplinaires_d, sociologie et anthropologie_d, histoire_t, histoire sociale_t, histoire des religions_t, époque moderne_t;Datasets/all_labels_train_gensim_sparse_matrix.npz
archivalia.hypotheses.org/5003;histoire et archéologie_d, sciences sociales interdisciplinaires_d, histoire_t, approches de corpus_t, enquêtes_t, archives_t;Datasets/all_labels_train_gensim_sparse_matrix.npz
archivalia.hypotheses.org/61179;histoire et archéologie_d, sciences sociales interdisciplinaires_d, histoire_t, approches de corpus_t, enquêtes_t, archives_t;Datasets/all_labels_train_gensim_sparse_matrix.npz
soziologieblog.hypotheses.org/2866;sciences sociales interdisciplinaires_d, sociologie et anthropologie_d, sociologie du travail_t, sociologie urbaine_t, sociologie de la culture_t, sociologie économique_t;Datasets/all_labels_train_gensim_sparse_matrix.npz
histbav.hypotheses.org/4758;humanités pluridisciplinaires_d, histoire_d, pluridisciplinarité_d, histoire_t, monde germanique_t;Datasets/all_labels_train_gensim_sparse_matrix.npz
medialogic.hypotheses.org/360;arts et humanités_d, sciences de l'information et de la communication_d, bibliothéconomie_d, sociologie_t;Datasets/all_labels_train_gensim_sparse_matrix.npz
archivalia.hypotheses.org/61409;histoire et archéologie_d, sciences sociales interdisciplinaires_d, histoire_t, approches de corpus_t, enquêtes_t, archives_t;Datasets/all_labels_train_gensim_sparse_matrix.npz
ordensgeschichte.hypotheses.org/9223;arts et humanités_d, humanités pluridisciplinaires_d, histoire et archéologie_d, histoire et philosophie des sciences_d, histoire_t, haut moyen âge_t, bas moyen âge_t, xviie siècle_t, xviiie siècle_t;Datasets/all_labels_train_gensim_sparse_matrix.npz
archivalia.hypotheses.org/53464;histoire et archéologie_d, sciences sociales interdisciplinaires_d, histoire_t, approches de corpus_t, enquêtes_t, archives_t;Datasets/all_labels_train_gensim_sparse_matrix.npz
archivalia.hypotheses.org/7547;histoire et archéologie_d, sciences sociales interdisciplinaires_d, histoire_t, approches de corpus_t, enquêtes_t, archives_t;Datasets/all_labels_train_gensim_sparse_matrix.npz
archivalia.hypotheses.org/11023;histoire et archéologie_d, sciences sociales interdisciplinaires_d, histoire_t, approches de corpus_t, enquêtes_t, archives_t;Datasets/all_labels_train_gensim_sparse_matrix.npz
mittelalter.hypotheses.org/7783;humanités pluridisciplinaires_d, religions_d, histoire_d, sociologie_d, histoire_t, histoire sociale_t, histoire intellectuelle_t, moyen âge_t, haut moyen âge_t, bas moyen âge_t;Datasets/all_labels_train_gensim_sparse_matrix.npz
amuc.hypotheses.org/473;humanités pluridisciplinaires_d, histoire_d, histoire_t, représentations_t, patrimoine_t;Datasets/all_labels_train_gensim_sparse_matrix.npz
zakunibonn.hypotheses.org/1580;histoire_d, psychologie_d, histoire_t, psychisme_t, psychologie_t, méthodes de traitement et de représentation_t, monde germanique_t;Datasets/all_labels_train_gensim_sparse_matrix.npz
oberrhein.hypotheses.org/1384;religions_d, archéologie_d, histoire_d, histoire_t, moyen âge_t, france_t, monde germanique_t;Datasets/all_labels_train_gensim_sparse_matrix.npz
archivalia.hypotheses.org/13785;histoire et archéologie_d, sciences sociales interdisciplinaires_d, histoire_t, approches de corpus_t, enquêtes_t, archives_t;Datasets/all_labels_train_gensim_sparse_matrix.npz
kinder.hypotheses.org/426;éducation et sciences de l'éducation_d, études sur la famille_d, âges de la vie_t, sciences de l'éducation_t;Datasets/all_labels_train_gensim_sparse_matrix.npz
ordensgeschichte.hypotheses.org/10917;arts et humanités_d, humanités pluridisciplinaires_d, histoire et archéologie_d, histoire et philosophie des sciences_d, histoire_t, haut moyen âge_t, bas moyen âge_t, xviie siècle_t, xviiie siècle_t;Datasets/all_labels_train_gensim_sparse_matrix.npz
archivalia.hypotheses.org/6872;histoire et archéologie_d, sciences sociales interdisciplinaires_d, histoire_t, approches de corpus_t, enquêtes_t, archives_t;Datasets/all_labels_train_gensim_sparse_matrix.npz
musermeku.hypotheses.org/3882;humanités pluridisciplinaires_d, pluridisciplinarité_d, sciences sociales interdisciplinaires_d, sociologie_t, sociologie de la culture_t, histoire_t, histoire politique_t;Datasets/all_labels_train_gensim_sparse_matrix.npz
archivewk1.hypotheses.org/20635;histoire_d, époque contemporaine_t, 1914-1918_t;Datasets/all_labels_train_gensim_sparse_matrix.npz
frueheneuzeit.hypotheses.org/1373;histoire et archéologie_d, histoire_t, époque moderne_t, xviie siècle_t, xviiie siècle_t, révolution française_t;Datasets/all_labels_train_gensim_sparse_matrix.npz
dkblog.hypotheses.org/410;histoire_d, histoire_t, époque moderne_t, xviie siècle_t;Datasets/all_labels_train_gensim_sparse_matrix.npz
archivewk1.hypotheses.org/6185;histoire_d, époque contemporaine_t, 1914-1918_t;Datasets/all_labels_train_gensim_sparse_matrix.npz
histbav.hypotheses.org/3566;humanités pluridisciplinaires_d, histoire_d, pluridisciplinarité_d, histoire_t, monde germanique_t;Datasets/all_labels_train_gensim_sparse_matrix.npz
redaktionsblog.hypotheses.org/2991;arts et humanités_d, humanités pluridisciplinaires_d, épistémologie et méthodes_t, digital humanities_t;Datasets/all_labels_train_gensim_sparse_matrix.npz
archivalia.hypotheses.org/7746;histoire et archéologie_d, sciences sociales interdisciplinaires_d, histoire_t, approches de corpus_t, enquêtes_t, archives_t;Datasets/all_labels_train_gensim_sparse_matrix.npz
archivalia.hypotheses.org/9542;histoire et archéologie_d, sciences sociales interdisciplinaires_d, histoire_t, approches de corpus_t, enquêtes_t, archives_t;Datasets/all_labels_train_gensim_sparse_matrix.npz
aes.hypotheses.org/365;histoire_t, religions_t;Datasets/all_labels_train_gensim_sparse_matrix.npz
merzdadaco.hypotheses.org/615;humanités pluridisciplinaires_d, littérature_d, littératures_t, représentations_t, histoire culturelle_t, histoire de l'art_t;Datasets/all_labels_train_gensim_sparse_matrix.npz
archivalia.hypotheses.org/61291;histoire et archéologie_d, sciences sociales interdisciplinaires_d, histoire_t, approches de corpus_t, enquêtes_t, archives_t;Datasets/all_labels_train_gensim_sparse_matrix.npz
archivewk1.hypotheses.org/26099;histoire_d, époque contemporaine_t, 1914-1918_t;Datasets/all_labels_train_gensim_sparse_matrix.npz
archive20.hypotheses.org/3031;pluridisciplinarité_d, sciences sociales interdisciplinaires_d, histoire_t, information_t, patrimoine_t, monde germanique_t;Datasets/all_labels_train_gensim_sparse_matrix.npz
mittelalter.hypotheses.org/1964;humanités pluridisciplinaires_d, religions_d, histoire_d, sociologie_d, histoire_t, histoire sociale_t, histoire intellectuelle_t, moyen âge_t, haut moyen âge_t, bas moyen âge_t;Datasets/all_labels_train_gensim_sparse_matrix.npz
archivalia.hypotheses.org/3129;histoire et archéologie_d, sciences sociales interdisciplinaires_d, histoire_t, approches de corpus_t, enquêtes_t, archives_t;Datasets/all_labels_train_gensim_sparse_matrix.npz
bioeg.hypotheses.org/1125;histoire et archéologie_d, histoire_d, histoire_t, sciences auxiliaires de l'histoire_t, europe centrale et orientale_t, monde germanique_t;Datasets/all_labels_train_gensim_sparse_matrix.npz
inklusion.hypotheses.org/1495;éducation_d, travail social et politique sociale_d, sociologie du travail_t, âges de la vie_t, information_t, sciences de l'éducation_t;Datasets/all_labels_train_gensim_sparse_matrix.npz
archivalia.hypotheses.org/10156;histoire et archéologie_d, sciences sociales interdisciplinaires_d, histoire_t, approches de corpus_t, enquêtes_t, archives_t;Datasets/all_labels_train_gensim_sparse_matrix.npz
liparchiv.hypotheses.org/1023;histoire et archéologie_d, sciences politiques_d, administration publique et développement_d, histoire urbaine_t, patrimoine_t, sciences auxiliaires de l'histoire_t, approches de corpus_t, enquêtes_t, archives_t, europe_t;Datasets/all_labels_train_gensim_sparse_matrix.npz
schotten.hypotheses.org/744;religions_d, histoire et archéologie_d, sciences de l'information et de la communication_d, bibliothéconomie_d, histoire_t, histoire des religions_t, approches de corpus_t, enquêtes_t, archives_t, monde germanique_t;Datasets/all_labels_train_gensim_sparse_matrix.npz
archivalia.hypotheses.org/9024;histoire et archéologie_d, sciences sociales interdisciplinaires_d, histoire_t, approches de corpus_t, enquêtes_t, archives_t;Datasets/all_labels_train_gensim_sparse_matrix.npz
histbav.hypotheses.org/3798;humanités pluridisciplinaires_d, histoire_d, pluridisciplinarité_d, histoire_t, monde germanique_t;Datasets/all_labels_train_gensim_sparse_matrix.npz
archivalia.hypotheses.org/10483;histoire et archéologie_d, sciences sociales interdisciplinaires_d, histoire_t, approches de corpus_t, enquêtes_t, archives_t;Datasets/all_labels_train_gensim_sparse_matrix.npz
mittelalter.hypotheses.org/6399;humanités pluridisciplinaires_d, religions_d, histoire_d, sociologie_d, histoire_t, histoire sociale_t, histoire intellectuelle_t, moyen âge_t, haut moyen âge_t, bas moyen âge_t;Datasets/all_labels_train_gensim_sparse_matrix.npz
archivalia.hypotheses.org/56261;histoire et archéologie_d, sciences sociales interdisciplinaires_d, histoire_t, approches de corpus_t, enquêtes_t, archives_t;Datasets/all_labels_train_gensim_sparse_matrix.npz
dgl.hypotheses.org/683;éducation spécialisée_d, histoire_d, histoire_t, histoire et sociologie des médias_t, éducation_t;Datasets/all_labels_train_gensim_sparse_matrix.npz
archivewk1.hypotheses.org/12995;histoire_d, époque contemporaine_t, 1914-1918_t;Datasets/all_labels_train_gensim_sparse_matrix.npz
dokunstlmu.hypotheses.org/165;arts et humanités_d, histoire intellectuelle_t;Datasets/all_labels_train_gensim_sparse_matrix.npz
ockenheim.hypotheses.org/360;histoire et archéologie_d, archéologie_d, histoire_t, histoire urbaine_t, édition électronique_t, monde germanique_t;Datasets/all_labels_train_gensim_sparse_matrix.npz
intersex.hypotheses.org/46;histoire_d, biomédecine_d, étude des genres_t, histoire des sciences_t, histoire_t, histoire du droit_t, moyen âge_t, xxie siècle_t;Datasets/all_labels_train_gensim_sparse_matrix.npz
archivewk1.hypotheses.org/10681;histoire_d, époque contemporaine_t, 1914-1918_t;Datasets/all_labels_train_gensim_sparse_matrix.npz
beruf.hypotheses.org/293;histoire et archéologie_d, histoire_d, histoire_t;Datasets/all_labels_train_gensim_sparse_matrix.npz
gab.hypotheses.org/2729;histoire et archéologie_d, pluridisciplinarité_d, sciences sociales interdisciplinaires_d, études des sciences_t, sociologie des sciences_t, histoire_t;Datasets/all_labels_train_gensim_sparse_matrix.npz
archivalia.hypotheses.org/52392;histoire et archéologie_d, sciences sociales interdisciplinaires_d, histoire_t, approches de corpus_t, enquêtes_t, archives_t;Datasets/all_labels_train_gensim_sparse_matrix.npz
hofordnung.hypotheses.org/124;arts et humanités_d, histoire et archéologie_d, histoire sociale_t, xvie siècle_t, xviie siècle_t, xviiie siècle_t;Datasets/all_labels_train_gensim_sparse_matrix.npz
dfmfa.hypotheses.org/1642;humanités pluridisciplinaires_d, sciences sociales interdisciplinaires_d, histoire_t, moyen âge_t, haut moyen âge_t, bas moyen âge_t;Datasets/all_labels_train_gensim_sparse_matrix.npz
avantmusic.hypotheses.org/75;musique_d, europe_t, monde germanique_t, histoire culturelle_t, histoire de l'art_t;Datasets/all_labels_train_gensim_sparse_matrix.npz
archivewk1.hypotheses.org/6123;histoire_d, époque contemporaine_t, 1914-1918_t;Datasets/all_labels_train_gensim_sparse_matrix.npz
redaktionsblog.hypotheses.org/2581;arts et humanités_d, humanités pluridisciplinaires_d, épistémologie et méthodes_t, digital humanities_t;Datasets/all_labels_train_gensim_sparse_matrix.npz
archivewk1.hypotheses.org/20453;histoire_d, époque contemporaine_t, 1914-1918_t;Datasets/all_labels_train_gensim_sparse_matrix.npz
dgl.hypotheses.org/476;éducation spécialisée_d, histoire_d, histoire_t, histoire et sociologie des médias_t, éducation_t;Datasets/all_labels_train_gensim_sparse_matrix.npz
archivalia.hypotheses.org/2374;histoire et archéologie_d, sciences sociales interdisciplinaires_d, histoire_t, approches de corpus_t, enquêtes_t, archives_t;Datasets/all_labels_train_gensim_sparse_matrix.npz
soziologieblog.hypotheses.org/8166;sciences sociales interdisciplinaires_d, sociologie et anthropologie_d, sociologie du travail_t, sociologie urbaine_t, sociologie de la culture_t, sociologie économique_t;Datasets/all_labels_train_gensim_sparse_matrix.npz
archivewk1.hypotheses.org/14245;histoire_d, époque contemporaine_t, 1914-1918_t;Datasets/all_labels_train_gensim_sparse_matrix.npz
archivalia.hypotheses.org/52613;histoire et archéologie_d, sciences sociales interdisciplinaires_d, histoire_t, approches de corpus_t, enquêtes_t, archives_t;Datasets/all_labels_train_gensim_sparse_matrix.npz
gab.hypotheses.org/1679;histoire et archéologie_d, pluridisciplinarité_d, sciences sociales interdisciplinaires_d, études des sciences_t, sociologie des sciences_t, histoire_t;Datasets/all_labels_train_gensim_sparse_matrix.npz
kristinoswald.hypotheses.org/562;études anciennes_d, études des sciences_t, histoire_t, histoire et sociologie des médias_t, histoire culturelle_t, digital humanities_t;Datasets/all_labels_train_gensim_sparse_matrix.npz
netzwerk.hypotheses.org/2170;histoire et archéologie_d, histoire urbaine_t, histoire sociale_t, histoire intellectuelle_t, époque contemporaine_t;Datasets/all_labels_train_gensim_sparse_matrix.npz
archivalia.hypotheses.org/10058;histoire et archéologie_d, sciences sociales interdisciplinaires_d, histoire_t, approches de corpus_t, enquêtes_t, archives_t;Datasets/all_labels_train_gensim_sparse_matrix.npz
archivewk1.hypotheses.org/3394;histoire_d, époque contemporaine_t, 1914-1918_t;Datasets/all_labels_train_gensim_sparse_matrix.npz
frueheneuzeit.hypotheses.org/825;histoire et archéologie_d, histoire_t, époque moderne_t, xviie siècle_t, xviiie siècle_t, révolution française_t;Datasets/all_labels_train_gensim_sparse_matrix.npz
archivalia.hypotheses.org/13836;histoire et archéologie_d, sciences sociales interdisciplinaires_d, histoire_t, approches de corpus_t, enquêtes_t, archives_t;Datasets/all_labels_train_gensim_sparse_matrix.npz
wwc.hypotheses.org/1048;humanités pluridisciplinaires_d, pluridisciplinarité_d, études régionales_d, relations internationales_t, information_t, représentations_t;Datasets/all_labels_train_gensim_sparse_matrix.npz
germanjews.hypotheses.org/39;histoire_d, histoire des sciences sociales_d, histoire économique_t, histoire urbaine_t, histoire sociale_t, époque moderne_t;Datasets/all_labels_train_gensim_sparse_matrix.npz
archivalia.hypotheses.org/13345;histoire et archéologie_d, sciences sociales interdisciplinaires_d, histoire_t, approches de corpus_t, enquêtes_t, archives_t;Datasets/all_labels_train_gensim_sparse_matrix.npz
tagebuch.hypotheses.org/950;histoire et archéologie_d, histoire_d, histoire_t, époque contemporaine_t, 1914-1918_t;Datasets/all_labels_train_gensim_sparse_matrix.npz
archivalia.hypotheses.org/8483;histoire et archéologie_d, sciences sociales interdisciplinaires_d, histoire_t, approches de corpus_t, enquêtes_t, archives_t;Datasets/all_labels_train_gensim_sparse_matrix.npz
amuc.hypotheses.org/1187;humanités pluridisciplinaires_d, histoire_d, histoire_t, représentations_t, patrimoine_t;Datasets/all_labels_train_gensim_sparse_matrix.npz
nummer.hypotheses.org/42;histoire_d, sciences de l'information et de la communication_d, bibliothéconomie_d, histoire_t, histoire intellectuelle_t, histoire et sociologie des médias_t, histoire culturelle_t;Datasets/all_labels_train_gensim_sparse_matrix.npz
intersex.hypotheses.org/165;histoire_d, biomédecine_d, étude des genres_t, histoire des sciences_t, histoire_t, histoire du droit_t, moyen âge_t, xxie siècle_t;Datasets/all_labels_train_gensim_sparse_matrix.npz
kriegsfoto.hypotheses.org/258;arts_d, histoire_d, communication_d, guerres_t, conflits_t, violence_t, études visuelles_t, époque contemporaine_t, europe centrale et orientale_t;Datasets/all_labels_train_gensim_sparse_matrix.npz
1914lvr.hypotheses.org/1609;sciences politiques_d, histoire_t, époque contemporaine_t, 1914-1918_t;Datasets/all_labels_train_gensim_sparse_matrix.npz
djgd.hypotheses.org/17;histoire_d, histoire_t, digital humanities_t, xxe siècle_t, prospectives_t;Datasets/all_labels_train_gensim_sparse_matrix.npz
archivalia.hypotheses.org/8407;histoire et archéologie_d, sciences sociales interdisciplinaires_d, histoire_t, approches de corpus_t, enquêtes_t, archives_t;Datasets/all_labels_train_gensim_sparse_matrix.npz
archivewk1.hypotheses.org/1901;histoire_d, époque contemporaine_t, 1914-1918_t;Datasets/all_labels_train_gensim_sparse_matrix.npz
1914lvr.hypotheses.org/66;sciences politiques_d, histoire_t, époque contemporaine_t, 1914-1918_t;Datasets/all_labels_train_gensim_sparse_matrix.npz
ordensgeschichte.hypotheses.org/2161;arts et humanités_d, humanités pluridisciplinaires_d, histoire et archéologie_d, histoire et philosophie des sciences_d, histoire_t, haut moyen âge_t, bas moyen âge_t, xviie siècle_t, xviiie siècle_t;Datasets/all_labels_train_gensim_sparse_matrix.npz
majerus.hypotheses.org/744;histoire et archéologie_d, histoire des sciences sociales_d, histoire sociale_t, digital humanities_t, époque contemporaine_t, xxe siècle_t;Datasets/all_labels_train_gensim_sparse_matrix.npz
gra.hypotheses.org/2340;arts et humanités_d, communication_d, sciences de l'information et bibliothéconomie_d, représentations_t, histoire culturelle_t, histoire de l'art_t, études visuelles_t;Datasets/all_labels_train_gensim_sparse_matrix.npz
archivewk1.hypotheses.org/9896;histoire_d, époque contemporaine_t, 1914-1918_t;Datasets/all_labels_train_gensim_sparse_matrix.npz
histbav.hypotheses.org/4664;humanités pluridisciplinaires_d, histoire_d, pluridisciplinarité_d, histoire_t, monde germanique_t;Datasets/all_labels_train_gensim_sparse_matrix.npz
archivalia.hypotheses.org/6513;histoire et archéologie_d, sciences sociales interdisciplinaires_d, histoire_t, approches de corpus_t, enquêtes_t, archives_t;Datasets/all_labels_train_gensim_sparse_matrix.npz
archivalia.hypotheses.org/60153;histoire et archéologie_d, sciences sociales interdisciplinaires_d, histoire_t, approches de corpus_t, enquêtes_t, archives_t;Datasets/all_labels_train_gensim_sparse_matrix.npz
nomoi.hypotheses.org/330;arts et humanités_d, anthropologie politique_t, histoire du droit_t, histoire intellectuelle_t, histoire de l'art_t;Datasets/all_labels_train_gensim_sparse_matrix.npz
reichwein.hypotheses.org/1386;histoire et archéologie_d, histoire des sciences_t, 1945-1989_t;Datasets/all_labels_train_gensim_sparse_matrix.npz
ludite.hypotheses.org/485;arts et humanités_d, histoire et archéologie_d, histoire sociale_t, histoire culturelle_t, haut moyen âge_t, bas moyen âge_t;Datasets/all_labels_train_gensim_sparse_matrix.npz
gid.hypotheses.org/1054;pluridisciplinarité_d, sciences sociales interdisciplinaires_d, études des sciences_t, histoire des sciences_t, pensée_t, histoire intellectuelle_t, histoire culturelle_t, prospectives_t;Datasets/all_labels_train_gensim_sparse_matrix.npz
nordichistoryblog.hypotheses.org/2938;arts et humanités_d, histoire et archéologie_d, histoire_t, édition électronique_t, vie de la recherche_t, approches de corpus_t, enquêtes_t, archives_t, europe_t, pays baltes et scandinaves_t;Datasets/all_labels_train_gensim_sparse_matrix.npz
archivalia.hypotheses.org/8204;histoire et archéologie_d, sciences sociales interdisciplinaires_d, histoire_t, approches de corpus_t, enquêtes_t, archives_t;Datasets/all_labels_train_gensim_sparse_matrix.npz
ordensgeschichte.hypotheses.org/5338;arts et humanités_d, humanités pluridisciplinaires_d, histoire et archéologie_d, histoire et philosophie des sciences_d, histoire_t, haut moyen âge_t, bas moyen âge_t, xviie siècle_t, xviiie siècle_t;Datasets/all_labels_train_gensim_sparse_matrix.npz
archivalia.hypotheses.org/2134;histoire et archéologie_d, sciences sociales interdisciplinaires_d, histoire_t, approches de corpus_t, enquêtes_t, archives_t;Datasets/all_labels_train_gensim_sparse_matrix.npz
histbav.hypotheses.org/3259;humanités pluridisciplinaires_d, histoire_d, pluridisciplinarité_d, histoire_t, monde germanique_t;Datasets/all_labels_train_gensim_sparse_matrix.npz
lvrafz.hypotheses.org/1824;pluridisciplinarité_d, information_t;Datasets/all_labels_train_gensim_sparse_matrix.npz
archivalia.hypotheses.org/9238;histoire et archéologie_d, sciences sociales interdisciplinaires_d, histoire_t, approches de corpus_t, enquêtes_t, archives_t;Datasets/all_labels_train_gensim_sparse_matrix.npz
archivalia.hypotheses.org/10217;histoire et archéologie_d, sciences sociales interdisciplinaires_d, histoire_t, approches de corpus_t, enquêtes_t, archives_t;Datasets/all_labels_train_gensim_sparse_matrix.npz
archivalia.hypotheses.org/13794;histoire et archéologie_d, sciences sociales interdisciplinaires_d, histoire_t, approches de corpus_t, enquêtes_t, archives_t;Datasets/all_labels_train_gensim_sparse_matrix.npz
archivalia.hypotheses.org/10395;histoire et archéologie_d, sciences sociales interdisciplinaires_d, histoire_t, approches de corpus_t, enquêtes_t, archives_t;Datasets/all_labels_train_gensim_sparse_matrix.npz
reichtum.hypotheses.org/219;économie_d, économie_d, histoire_d, histoire économique_t, histoire sociale_t;Datasets/all_labels_train_gensim_sparse_matrix.npz
inklusion.hypotheses.org/2074;éducation_d, travail social et politique sociale_d, sociologie du travail_t, âges de la vie_t, information_t, sciences de l'éducation_t;Datasets/all_labels_train_gensim_sparse_matrix.npz
francofil.hypotheses.org/427;pluridisciplinarité_d, sciences sociales interdisciplinaires_d, histoire_t, épistémologie et méthodes_t, approches de corpus_t, enquêtes_t, archives_t, france_t;Datasets/all_labels_train_gensim_sparse_matrix.npz
gid.hypotheses.org/1230;pluridisciplinarité_d, sciences sociales interdisciplinaires_d, études des sciences_t, histoire des sciences_t, pensée_t, histoire intellectuelle_t, histoire culturelle_t, prospectives_t;Datasets/all_labels_train_gensim_sparse_matrix.npz
archivewk1.hypotheses.org/14199;histoire_d, époque contemporaine_t, 1914-1918_t;Datasets/all_labels_train_gensim_sparse_matrix.npz
1914lvr.hypotheses.org/357;sciences politiques_d, histoire_t, époque contemporaine_t, 1914-1918_t;Datasets/all_labels_train_gensim_sparse_matrix.npz
archivalia.hypotheses.org/4709;histoire et archéologie_d, sciences sociales interdisciplinaires_d, histoire_t, approches de corpus_t, enquêtes_t, archives_t;Datasets/all_labels_train_gensim_sparse_matrix.npz
archivalia.hypotheses.org/5563;histoire et archéologie_d, sciences sociales interdisciplinaires_d, histoire_t, approches de corpus_t, enquêtes_t, archives_t;Datasets/all_labels_train_gensim_sparse_matrix.npz
medienbildung.hypotheses.org/6903;éducation_d, éducation spécialisée_d, travail social_d, sociologie_t, édition électronique_t, histoire et sociologie des médias_t, éducation_t;Datasets/all_labels_train_gensim_sparse_matrix.npz
archive20.hypotheses.org/2753;pluridisciplinarité_d, sciences sociales interdisciplinaires_d, histoire_t, information_t, patrimoine_t, monde germanique_t;Datasets/all_labels_train_gensim_sparse_matrix.npz
archivewk1.hypotheses.org/15148;histoire_d, époque contemporaine_t, 1914-1918_t;Datasets/all_labels_train_gensim_sparse_matrix.npz
archivewk1.hypotheses.org/4603;histoire_d, époque contemporaine_t, 1914-1918_t;Datasets/all_labels_train_gensim_sparse_matrix.npz
archivewk1.hypotheses.org/35337;histoire_d, époque contemporaine_t, 1914-1918_t;Datasets/all_labels_train_gensim_sparse_matrix.npz
unibloggt.hypotheses.org/37;histoire et archéologie_d, pluridisciplinarité_d, histoire_t, information_t;Datasets/all_labels_train_gensim_sparse_matrix.npz
archivalia.hypotheses.org/2014;histoire et archéologie_d, sciences sociales interdisciplinaires_d, histoire_t, approches de corpus_t, enquêtes_t, archives_t;Datasets/all_labels_train_gensim_sparse_matrix.npz
dfmfa.hypotheses.org/2161;humanités pluridisciplinaires_d, sciences sociales interdisciplinaires_d, histoire_t, moyen âge_t, haut moyen âge_t, bas moyen âge_t;Datasets/all_labels_train_gensim_sparse_matrix.npz
archivewk1.hypotheses.org/9536;histoire_d, époque contemporaine_t, 1914-1918_t;Datasets/all_labels_train_gensim_sparse_matrix.npz
jeunegen.hypotheses.org/528;histoire_d, pluridisciplinarité_d, histoire_t, vie de la recherche_t, moyen âge_t, haut moyen âge_t, bas moyen âge_t;Datasets/all_labels_train_gensim_sparse_matrix.npz
1914lvr.hypotheses.org/1168;sciences politiques_d, histoire_t, époque contemporaine_t, 1914-1918_t;Datasets/all_labels_train_gensim_sparse_matrix.npz
archivalia.hypotheses.org/13248;histoire et archéologie_d, sciences sociales interdisciplinaires_d, histoire_t, approches de corpus_t, enquêtes_t, archives_t;Datasets/all_labels_train_gensim_sparse_matrix.npz
dwgd.hypotheses.org/65;éducation_d, histoire_d, histoire des sciences sociales_d, histoire_t, éducation_t, sciences de l'éducation_t;Datasets/all_labels_train_gensim_sparse_matrix.npz
archivalia.hypotheses.org/6349;histoire et archéologie_d, sciences sociales interdisciplinaires_d, histoire_t, approches de corpus_t, enquêtes_t, archives_t;Datasets/all_labels_train_gensim_sparse_matrix.npz
archive20.hypotheses.org/1849;pluridisciplinarité_d, sciences sociales interdisciplinaires_d, histoire_t, information_t, patrimoine_t, monde germanique_t;Datasets/all_labels_train_gensim_sparse_matrix.npz
archivewk1.hypotheses.org/13987;histoire_d, époque contemporaine_t, 1914-1918_t;Datasets/all_labels_train_gensim_sparse_matrix.npz
archivtag.hypotheses.org/336;pluridisciplinarité_d, sciences sociales interdisciplinaires_d, histoire_t, information_t, monde germanique_t;Datasets/all_labels_train_gensim_sparse_matrix.npz
archivekod.hypotheses.org/206;religions_d, histoire et archéologie_d, sciences de l'information et de la communication_d, bibliothéconomie_d, communication_d, histoire_t, histoire des religions_t, patrimoine_t;Datasets/all_labels_train_gensim_sparse_matrix.npz
medienbildung.hypotheses.org/6608;éducation_d, éducation spécialisée_d, travail social_d, sociologie_t, édition électronique_t, histoire et sociologie des médias_t, éducation_t;Datasets/all_labels_train_gensim_sparse_matrix.npz
soziologieblog.hypotheses.org/9829;sciences sociales interdisciplinaires_d, sociologie et anthropologie_d, sociologie du travail_t, sociologie urbaine_t, sociologie de la culture_t, sociologie économique_t;Datasets/all_labels_train_gensim_sparse_matrix.npz
amuc.hypotheses.org/1467;humanités pluridisciplinaires_d, histoire_d, histoire_t, représentations_t, patrimoine_t;Datasets/all_labels_train_gensim_sparse_matrix.npz
archivewk1.hypotheses.org/33588;histoire_d, époque contemporaine_t, 1914-1918_t;Datasets/all_labels_train_gensim_sparse_matrix.npz
archivewk1.hypotheses.org/29559;histoire_d, époque contemporaine_t, 1914-1918_t;Datasets/all_labels_train_gensim_sparse_matrix.npz
archivewk1.hypotheses.org/12784;histoire_d, époque contemporaine_t, 1914-1918_t;Datasets/all_labels_train_gensim_sparse_matrix.npz
unibloggt.hypotheses.org/817;histoire et archéologie_d, pluridisciplinarité_d, histoire_t, information_t;Datasets/all_labels_train_gensim_sparse_matrix.npz
archivalia.hypotheses.org/9128;histoire et archéologie_d, sciences sociales interdisciplinaires_d, histoire_t, approches de corpus_t, enquêtes_t, archives_t;Datasets/all_labels_train_gensim_sparse_matrix.npz
archivewk1.hypotheses.org/34881;histoire_d, époque contemporaine_t, 1914-1918_t;Datasets/all_labels_train_gensim_sparse_matrix.npz
archivalia.hypotheses.org/2155;histoire et archéologie_d, sciences sociales interdisciplinaires_d, histoire_t, approches de corpus_t, enquêtes_t, archives_t;Datasets/all_labels_train_gensim_sparse_matrix.npz
gab.hypotheses.org/695;histoire et archéologie_d, pluridisciplinarité_d, sciences sociales interdisciplinaires_d, études des sciences_t, sociologie des sciences_t, histoire_t;Datasets/all_labels_train_gensim_sparse_matrix.npz
ockenheim.hypotheses.org/658;histoire et archéologie_d, archéologie_d, histoire_t, histoire urbaine_t, édition électronique_t, monde germanique_t;Datasets/all_labels_train_gensim_sparse_matrix.npz
archivalia.hypotheses.org/7542;histoire et archéologie_d, sciences sociales interdisciplinaires_d, histoire_t, approches de corpus_t, enquêtes_t, archives_t;Datasets/all_labels_train_gensim_sparse_matrix.npz
jeunegen.hypotheses.org/1133;histoire_d, pluridisciplinarité_d, histoire_t, vie de la recherche_t, moyen âge_t, haut moyen âge_t, bas moyen âge_t;Datasets/all_labels_train_gensim_sparse_matrix.npz
mgtud.hypotheses.org/126;humanités pluridisciplinaires_d, éducation_d, histoire et archéologie_d, histoire_d, histoire_t, histoire urbaine_t, édition électronique_t;Datasets/all_labels_train_gensim_sparse_matrix.npz
mindthegaps.hypotheses.org/1999;études asiatiques_d, histoire_d, histoire_t, histoire culturelle_t, asie_t, chine_t;Datasets/all_labels_train_gensim_sparse_matrix.npz
ostbib.hypotheses.org/594;humanités pluridisciplinaires_d, histoire et archéologie_d, sciences de l'information et de la communication_d, bibliothéconomie_d, sciences sociales interdisciplinaires_d, sciences de l'information_t, édition électronique_t;Datasets/all_labels_train_gensim_sparse_matrix.npz
irhis.hypotheses.org/6719;arts et humanités_d, histoire et archéologie_d, histoire économique_t, histoire sociale_t, études visuelles_t;Datasets/all_labels_train_gensim_sparse_matrix.npz
archivalia.hypotheses.org/13806;histoire et archéologie_d, sciences sociales interdisciplinaires_d, histoire_t, approches de corpus_t, enquêtes_t, archives_t;Datasets/all_labels_train_gensim_sparse_matrix.npz
archivalia.hypotheses.org/8792;histoire et archéologie_d, sciences sociales interdisciplinaires_d, histoire_t, approches de corpus_t, enquêtes_t, archives_t;Datasets/all_labels_train_gensim_sparse_matrix.npz
archivewk1.hypotheses.org/4583;histoire_d, époque contemporaine_t, 1914-1918_t;Datasets/all_labels_train_gensim_sparse_matrix.npz
archivalia.hypotheses.org/10449;histoire et archéologie_d, sciences sociales interdisciplinaires_d, histoire_t, approches de corpus_t, enquêtes_t, archives_t;Datasets/all_labels_train_gensim_sparse_matrix.npz
tagebuch.hypotheses.org/1265;histoire et archéologie_d, histoire_d, histoire_t, époque contemporaine_t, 1914-1918_t;Datasets/all_labels_train_gensim_sparse_matrix.npz
inklusion.hypotheses.org/2662;éducation_d, travail social et politique sociale_d, sociologie du travail_t, âges de la vie_t, information_t, sciences de l'éducation_t;Datasets/all_labels_train_gensim_sparse_matrix.npz
ordensgeschichte.hypotheses.org/7151;arts et humanités_d, humanités pluridisciplinaires_d, histoire et archéologie_d, histoire et philosophie des sciences_d, histoire_t, haut moyen âge_t, bas moyen âge_t, xviie siècle_t, xviiie siècle_t;Datasets/all_labels_train_gensim_sparse_matrix.npz
archivalia.hypotheses.org/9915;histoire et archéologie_d, sciences sociales interdisciplinaires_d, histoire_t, approches de corpus_t, enquêtes_t, archives_t;Datasets/all_labels_train_gensim_sparse_matrix.npz
archivewk1.hypotheses.org/29748;histoire_d, époque contemporaine_t, 1914-1918_t;Datasets/all_labels_train_gensim_sparse_matrix.npz
archivalia.hypotheses.org/14222;histoire et archéologie_d, sciences sociales interdisciplinaires_d, histoire_t, approches de corpus_t, enquêtes_t, archives_t;Datasets/all_labels_train_gensim_sparse_matrix.npz
studpro.hypotheses.org/297;histoire_d, histoire_t, époque moderne_t, xviie siècle_t, xviiie siècle_t;Datasets/all_labels_train_gensim_sparse_matrix.npz
ordensgeschichte.hypotheses.org/10606;arts et humanités_d, humanités pluridisciplinaires_d, histoire et archéologie_d, histoire et philosophie des sciences_d, histoire_t, haut moyen âge_t, bas moyen âge_t, xviie siècle_t, xviiie siècle_t;Datasets/all_labels_train_gensim_sparse_matrix.npz
archivalia.hypotheses.org/56536;histoire et archéologie_d, sciences sociales interdisciplinaires_d, histoire_t, approches de corpus_t, enquêtes_t, archives_t;Datasets/all_labels_train_gensim_sparse_matrix.npz
archivalia.hypotheses.org/10015;histoire et archéologie_d, sciences sociales interdisciplinaires_d, histoire_t, approches de corpus_t, enquêtes_t, archives_t;Datasets/all_labels_train_gensim_sparse_matrix.npz
amuc.hypotheses.org/1976;humanités pluridisciplinaires_d, histoire_d, histoire_t, représentations_t, patrimoine_t;Datasets/all_labels_train_gensim_sparse_matrix.npz
speyermemo.hypotheses.org/2547;histoire_d, pluridisciplinarité_d, sciences sociales interdisciplinaires_d, sociologie de la culture_t, histoire_t, 1939-1945_t, europe_t;Datasets/all_labels_train_gensim_sparse_matrix.npz
ordensgeschichte.hypotheses.org/6165;arts et humanités_d, humanités pluridisciplinaires_d, histoire et archéologie_d, histoire et philosophie des sciences_d, histoire_t, haut moyen âge_t, bas moyen âge_t, xviie siècle_t, xviiie siècle_t;Datasets/all_labels_train_gensim_sparse_matrix.npz
fortifica.hypotheses.org/922;histoire et archéologie_d, histoire_d, histoire urbaine_t, xvie siècle_t, xviie siècle_t, xviiie siècle_t;Datasets/all_labels_train_gensim_sparse_matrix.npz
archivalia.hypotheses.org/784;histoire et archéologie_d, sciences sociales interdisciplinaires_d, histoire_t, approches de corpus_t, enquêtes_t, archives_t;Datasets/all_labels_train_gensim_sparse_matrix.npz
resilienz.hypotheses.org/419;pluridisciplinarité_d, sciences sociales interdisciplinaires_d, études des sciences_t, épistémologie et méthodes_t, vie de la recherche_t, prospectives_t;Datasets/all_labels_train_gensim_sparse_matrix.npz
archivalia.hypotheses.org/9227;histoire et archéologie_d, sciences sociales interdisciplinaires_d, histoire_t, approches de corpus_t, enquêtes_t, archives_t;Datasets/all_labels_train_gensim_sparse_matrix.npz
jeunegen.hypotheses.org/1788;histoire_d, pluridisciplinarité_d, histoire_t, vie de la recherche_t, moyen âge_t, haut moyen âge_t, bas moyen âge_t;Datasets/all_labels_train_gensim_sparse_matrix.npz
mindthegaps.hypotheses.org/1240;études asiatiques_d, histoire_d, histoire_t, histoire culturelle_t, asie_t, chine_t;Datasets/all_labels_train_gensim_sparse_matrix.npz
wenhua.hypotheses.org/1099;études asiatiques_d, humanités pluridisciplinaires_d, histoire_d, histoire culturelle_t, asie_t;Datasets/all_labels_train_gensim_sparse_matrix.npz
archivalia.hypotheses.org/1548;histoire et archéologie_d, sciences sociales interdisciplinaires_d, histoire_t, approches de corpus_t, enquêtes_t, archives_t;Datasets/all_labels_train_gensim_sparse_matrix.npz
jeunegen.hypotheses.org/1257;histoire_d, pluridisciplinarité_d, histoire_t, vie de la recherche_t, moyen âge_t, haut moyen âge_t, bas moyen âge_t;Datasets/all_labels_train_gensim_sparse_matrix.npz
archivalia.hypotheses.org/1328;histoire et archéologie_d, sciences sociales interdisciplinaires_d, histoire_t, approches de corpus_t, enquêtes_t, archives_t;Datasets/all_labels_train_gensim_sparse_matrix.npz
reichwein.hypotheses.org/1429;histoire et archéologie_d, histoire des sciences_t, 1945-1989_t;Datasets/all_labels_train_gensim_sparse_matrix.npz
soziologieblog.hypotheses.org/5214;sciences sociales interdisciplinaires_d, sociologie et anthropologie_d, sociologie du travail_t, sociologie urbaine_t, sociologie de la culture_t, sociologie économique_t;Datasets/all_labels_train_gensim_sparse_matrix.npz
archivewk1.hypotheses.org/14175;histoire_d, époque contemporaine_t, 1914-1918_t;Datasets/all_labels_train_gensim_sparse_matrix.npz
medienbildung.hypotheses.org/580;éducation_d, éducation spécialisée_d, travail social_d, sociologie_t, édition électronique_t, histoire et sociologie des médias_t, éducation_t;Datasets/all_labels_train_gensim_sparse_matrix.npz
dfmfa.hypotheses.org/1307;humanités pluridisciplinaires_d, sciences sociales interdisciplinaires_d, histoire_t, moyen âge_t, haut moyen âge_t, bas moyen âge_t;Datasets/all_labels_train_gensim_sparse_matrix.npz
mindthegaps.hypotheses.org/445;études asiatiques_d, histoire_d, histoire_t, histoire culturelle_t, asie_t, chine_t;Datasets/all_labels_train_gensim_sparse_matrix.npz
babyvision.hypotheses.org/70;psychologie_d, études des sciences_t, psychisme_t;Datasets/all_labels_train_gensim_sparse_matrix.npz
archivalia.hypotheses.org/9554;histoire et archéologie_d, sciences sociales interdisciplinaires_d, histoire_t, approches de corpus_t, enquêtes_t, archives_t;Datasets/all_labels_train_gensim_sparse_matrix.npz
archivalia.hypotheses.org/7890;histoire et archéologie_d, sciences sociales interdisciplinaires_d, histoire_t, approches de corpus_t, enquêtes_t, archives_t;Datasets/all_labels_train_gensim_sparse_matrix.npz
fnzinfo.hypotheses.org/419;arts et humanités_d, musique_d, histoire et archéologie_d, histoire_t, xvie siècle_t, xviie siècle_t, xviiie siècle_t, révolution française_t;Datasets/all_labels_train_gensim_sparse_matrix.npz
archivewk1.hypotheses.org/22945;histoire_d, époque contemporaine_t, 1914-1918_t;Datasets/all_labels_train_gensim_sparse_matrix.npz
archivalia.hypotheses.org/8100;histoire et archéologie_d, sciences sociales interdisciplinaires_d, histoire_t, approches de corpus_t, enquêtes_t, archives_t;Datasets/all_labels_train_gensim_sparse_matrix.npz
archivalia.hypotheses.org/5378;histoire et archéologie_d, sciences sociales interdisciplinaires_d, histoire_t, approches de corpus_t, enquêtes_t, archives_t;Datasets/all_labels_train_gensim_sparse_matrix.npz
19jhdhip.hypotheses.org/2058;histoire_d, époque contemporaine_t, prospectives_t, france_t, monde germanique_t;Datasets/all_labels_train_gensim_sparse_matrix.npz
archives.hypotheses.org/565;histoire_d, communication_d, patrimoine_t, digital humanities_t, moyen âge_t, époque moderne_t, france_t, monde germanique_t;Datasets/all_labels_train_gensim_sparse_matrix.npz
gewalt.hypotheses.org/290;sciences politiques_d, sociologie_d, sociologie_t, sociologie urbaine_t, anthropologie politique_t, histoire urbaine_t, guerres_t, conflits_t, violence_t;Datasets/all_labels_train_gensim_sparse_matrix.npz
archivewk1.hypotheses.org/4645;histoire_d, époque contemporaine_t, 1914-1918_t;Datasets/all_labels_train_gensim_sparse_matrix.npz
archivewk1.hypotheses.org/16256;histoire_d, époque contemporaine_t, 1914-1918_t;Datasets/all_labels_train_gensim_sparse_matrix.npz
archivalia.hypotheses.org/9573;histoire et archéologie_d, sciences sociales interdisciplinaires_d, histoire_t, approches de corpus_t, enquêtes_t, archives_t;Datasets/all_labels_train_gensim_sparse_matrix.npz
fotoarchiv.hypotheses.org/42;sciences sociales interdisciplinaires_d, histoire_t, information_t;Datasets/all_labels_train_gensim_sparse_matrix.npz
jeunegen.hypotheses.org/226;histoire_d, pluridisciplinarité_d, histoire_t, vie de la recherche_t, moyen âge_t, haut moyen âge_t, bas moyen âge_t;Datasets/all_labels_train_gensim_sparse_matrix.npz
archivalia.hypotheses.org/7420;histoire et archéologie_d, sciences sociales interdisciplinaires_d, histoire_t, approches de corpus_t, enquêtes_t, archives_t;Datasets/all_labels_train_gensim_sparse_matrix.npz
ordensgeschichte.hypotheses.org/4362;arts et humanités_d, humanités pluridisciplinaires_d, histoire et archéologie_d, histoire et philosophie des sciences_d, histoire_t, haut moyen âge_t, bas moyen âge_t, xviie siècle_t, xviiie siècle_t;Datasets/all_labels_train_gensim_sparse_matrix.npz
texperimentales.hypotheses.org/744;linguistique appliquée_d, langue et linguistique_d, langage_t, linguistique_t, information_t, sciences de l'information_t, digital humanities_t;Datasets/all_labels_train_gensim_sparse_matrix.npz
archivalia.hypotheses.org/6301;histoire et archéologie_d, sciences sociales interdisciplinaires_d, histoire_t, approches de corpus_t, enquêtes_t, archives_t;Datasets/all_labels_train_gensim_sparse_matrix.npz
dkblog.hypotheses.org/611;histoire_d, histoire_t, époque moderne_t, xviie siècle_t;Datasets/all_labels_train_gensim_sparse_matrix.npz
netzwerk.hypotheses.org/2281;histoire et archéologie_d, histoire urbaine_t, histoire sociale_t, histoire intellectuelle_t, époque contemporaine_t;Datasets/all_labels_train_gensim_sparse_matrix.npz
revolt.hypotheses.org/1290;histoire_d, pluridisciplinarité_d, littérature_d, histoire et sociologie des médias_t, époque moderne_t, europe_t;Datasets/all_labels_train_gensim_sparse_matrix.npz
archivalia.hypotheses.org/3365;histoire et archéologie_d, sciences sociales interdisciplinaires_d, histoire_t, approches de corpus_t, enquêtes_t, archives_t;Datasets/all_labels_train_gensim_sparse_matrix.npz
netzwerk.hypotheses.org/1129;histoire et archéologie_d, histoire urbaine_t, histoire sociale_t, histoire intellectuelle_t, époque contemporaine_t;Datasets/all_labels_train_gensim_sparse_matrix.npz
1914lvr.hypotheses.org/100;sciences politiques_d, histoire_t, époque contemporaine_t, 1914-1918_t;Datasets/all_labels_train_gensim_sparse_matrix.npz
histbav.hypotheses.org/4806;humanités pluridisciplinaires_d, histoire_d, pluridisciplinarité_d, histoire_t, monde germanique_t;Datasets/all_labels_train_gensim_sparse_matrix.npz
archivalia.hypotheses.org/6321;histoire et archéologie_d, sciences sociales interdisciplinaires_d, histoire_t, approches de corpus_t, enquêtes_t, archives_t;Datasets/all_labels_train_gensim_sparse_matrix.npz
dkblog.hypotheses.org/819;histoire_d, histoire_t, époque moderne_t, xviie siècle_t;Datasets/all_labels_train_gensim_sparse_matrix.npz
archivalia.hypotheses.org/12932;histoire et archéologie_d, sciences sociales interdisciplinaires_d, histoire_t, approches de corpus_t, enquêtes_t, archives_t;Datasets/all_labels_train_gensim_sparse_matrix.npz
archivtag.hypotheses.org/149;pluridisciplinarité_d, sciences sociales interdisciplinaires_d, histoire_t, information_t, monde germanique_t;Datasets/all_labels_train_gensim_sparse_matrix.npz
reichwein.hypotheses.org/94;histoire et archéologie_d, histoire des sciences_t, 1945-1989_t;Datasets/all_labels_train_gensim_sparse_matrix.npz
archivalia.hypotheses.org/5703;histoire et archéologie_d, sciences sociales interdisciplinaires_d, histoire_t, approches de corpus_t, enquêtes_t, archives_t;Datasets/all_labels_train_gensim_sparse_matrix.npz
medienbildung.hypotheses.org/7708;éducation_d, éducation spécialisée_d, travail social_d, sociologie_t, édition électronique_t, histoire et sociologie des médias_t, éducation_t;Datasets/all_labels_train_gensim_sparse_matrix.npz
inklusion.hypotheses.org/140;éducation_d, travail social et politique sociale_d, sociologie du travail_t, âges de la vie_t, information_t, sciences de l'éducation_t;Datasets/all_labels_train_gensim_sparse_matrix.npz
histbav.hypotheses.org/2843;humanités pluridisciplinaires_d, histoire_d, pluridisciplinarité_d, histoire_t, monde germanique_t;Datasets/all_labels_train_gensim_sparse_matrix.npz
musicaroma.hypotheses.org/140;musique_d, histoire_d, histoire_t, histoire culturelle_t, monde germanique_t;Datasets/all_labels_train_gensim_sparse_matrix.npz
archivalia.hypotheses.org/11188;histoire et archéologie_d, sciences sociales interdisciplinaires_d, histoire_t, approches de corpus_t, enquêtes_t, archives_t;Datasets/all_labels_train_gensim_sparse_matrix.npz
archives.hypotheses.org/964;histoire_d, communication_d, patrimoine_t, digital humanities_t, moyen âge_t, époque moderne_t, france_t, monde germanique_t;Datasets/all_labels_train_gensim_sparse_matrix.npz
archivalia.hypotheses.org/10509;histoire et archéologie_d, sciences sociales interdisciplinaires_d, histoire_t, approches de corpus_t, enquêtes_t, archives_t;Datasets/all_labels_train_gensim_sparse_matrix.npz
lvrafz.hypotheses.org/2027;pluridisciplinarité_d, information_t;Datasets/all_labels_train_gensim_sparse_matrix.npz
fortifica.hypotheses.org/982;histoire et archéologie_d, histoire_d, histoire urbaine_t, xvie siècle_t, xviie siècle_t, xviiie siècle_t;Datasets/all_labels_train_gensim_sparse_matrix.npz
archivalia.hypotheses.org/9974;histoire et archéologie_d, sciences sociales interdisciplinaires_d, histoire_t, approches de corpus_t, enquêtes_t, archives_t;Datasets/all_labels_train_gensim_sparse_matrix.npz
archivalia.hypotheses.org/13940;histoire et archéologie_d, sciences sociales interdisciplinaires_d, histoire_t, approches de corpus_t, enquêtes_t, archives_t;Datasets/all_labels_train_gensim_sparse_matrix.npz
histbav.hypotheses.org/4202;humanités pluridisciplinaires_d, histoire_d, pluridisciplinarité_d, histoire_t, monde germanique_t;Datasets/all_labels_train_gensim_sparse_matrix.npz
gelerndig.hypotheses.org/425;éducation_d, éducation spécialisée_d, histoire_d, histoire_t, éducation_t, édition électronique_t, histoire et sociologie des médias_t;Datasets/all_labels_train_gensim_sparse_matrix.npz
archivewk1.hypotheses.org/9403;histoire_d, époque contemporaine_t, 1914-1918_t;Datasets/all_labels_train_gensim_sparse_matrix.npz
histbav.hypotheses.org/4738;humanités pluridisciplinaires_d, histoire_d, pluridisciplinarité_d, histoire_t, monde germanique_t;Datasets/all_labels_train_gensim_sparse_matrix.npz
zakunibonn.hypotheses.org/321;histoire_d, psychologie_d, histoire_t, psychisme_t, psychologie_t, méthodes de traitement et de représentation_t, monde germanique_t;Datasets/all_labels_train_gensim_sparse_matrix.npz
amuc.hypotheses.org/1316;humanités pluridisciplinaires_d, histoire_d, histoire_t, représentations_t, patrimoine_t;Datasets/all_labels_train_gensim_sparse_matrix.npz
archivalia.hypotheses.org/7373;histoire et archéologie_d, sciences sociales interdisciplinaires_d, histoire_t, approches de corpus_t, enquêtes_t, archives_t;Datasets/all_labels_train_gensim_sparse_matrix.npz
gab.hypotheses.org/1958;histoire et archéologie_d, pluridisciplinarité_d, sciences sociales interdisciplinaires_d, études des sciences_t, sociologie des sciences_t, histoire_t;Datasets/all_labels_train_gensim_sparse_matrix.npz
bioeg.hypotheses.org/458;histoire et archéologie_d, histoire_d, histoire_t, sciences auxiliaires de l'histoire_t, europe centrale et orientale_t, monde germanique_t;Datasets/all_labels_train_gensim_sparse_matrix.npz
archivewk1.hypotheses.org/13274;histoire_d, époque contemporaine_t, 1914-1918_t;Datasets/all_labels_train_gensim_sparse_matrix.npz
archivalia.hypotheses.org/5699;histoire et archéologie_d, sciences sociales interdisciplinaires_d, histoire_t, approches de corpus_t, enquêtes_t, archives_t;Datasets/all_labels_train_gensim_sparse_matrix.npz
lvrafz.hypotheses.org/1521;pluridisciplinarité_d, information_t;Datasets/all_labels_train_gensim_sparse_matrix.npz
archivalia.hypotheses.org/3902;histoire et archéologie_d, sciences sociales interdisciplinaires_d, histoire_t, approches de corpus_t, enquêtes_t, archives_t;Datasets/all_labels_train_gensim_sparse_matrix.npz
archivewk1.hypotheses.org/18129;histoire_d, époque contemporaine_t, 1914-1918_t;Datasets/all_labels_train_gensim_sparse_matrix.npz
archivalia.hypotheses.org/11301;histoire et archéologie_d, sciences sociales interdisciplinaires_d, histoire_t, approches de corpus_t, enquêtes_t, archives_t;Datasets/all_labels_train_gensim_sparse_matrix.npz
djgd.hypotheses.org/836;histoire_d, histoire_t, digital humanities_t, xxe siècle_t, prospectives_t;Datasets/all_labels_train_gensim_sparse_matrix.npz
unibloggt.hypotheses.org/578;histoire et archéologie_d, pluridisciplinarité_d, histoire_t, information_t;Datasets/all_labels_train_gensim_sparse_matrix.npz
archivewk1.hypotheses.org/18514;histoire_d, époque contemporaine_t, 1914-1918_t;Datasets/all_labels_train_gensim_sparse_matrix.npz
reichtum.hypotheses.org/352;économie_d, économie_d, histoire_d, histoire économique_t, histoire sociale_t;Datasets/all_labels_train_gensim_sparse_matrix.npz
francofil.hypotheses.org/2911;pluridisciplinarité_d, sciences sociales interdisciplinaires_d, histoire_t, épistémologie et méthodes_t, approches de corpus_t, enquêtes_t, archives_t, france_t;Datasets/all_labels_train_gensim_sparse_matrix.npz
archivewk1.hypotheses.org/8436;histoire_d, époque contemporaine_t, 1914-1918_t;Datasets/all_labels_train_gensim_sparse_matrix.npz
soziologieblog.hypotheses.org/8894;sciences sociales interdisciplinaires_d, sociologie et anthropologie_d, sociologie du travail_t, sociologie urbaine_t, sociologie de la culture_t, sociologie économique_t;Datasets/all_labels_train_gensim_sparse_matrix.npz
archivalia.hypotheses.org/7410;histoire et archéologie_d, sciences sociales interdisciplinaires_d, histoire_t, approches de corpus_t, enquêtes_t, archives_t;Datasets/all_labels_train_gensim_sparse_matrix.npz
archivalia.hypotheses.org/12373;histoire et archéologie_d, sciences sociales interdisciplinaires_d, histoire_t, approches de corpus_t, enquêtes_t, archives_t;Datasets/all_labels_train_gensim_sparse_matrix.npz
archive20.hypotheses.org/2989;pluridisciplinarité_d, sciences sociales interdisciplinaires_d, histoire_t, information_t, patrimoine_t, monde germanique_t;Datasets/all_labels_train_gensim_sparse_matrix.npz
archivamt.hypotheses.org/859;communication_d, pluridisciplinarité_d, sciences sociales interdisciplinaires_d, information_t, sciences de l'information_t, représentations_t, patrimoine_t;Datasets/all_labels_train_gensim_sparse_matrix.npz
erinnerung.hypotheses.org/125;histoire et archéologie_d, histoire_t, xxe siècle_t, prospectives_t, europe_t;Datasets/all_labels_train_gensim_sparse_matrix.npz
zakunibonn.hypotheses.org/1524;histoire_d, psychologie_d, histoire_t, psychisme_t, psychologie_t, méthodes de traitement et de représentation_t, monde germanique_t;Datasets/all_labels_train_gensim_sparse_matrix.npz
archive20.hypotheses.org/485;pluridisciplinarité_d, sciences sociales interdisciplinaires_d, histoire_t, information_t, patrimoine_t, monde germanique_t;Datasets/all_labels_train_gensim_sparse_matrix.npz
archivalia.hypotheses.org/62323;histoire et archéologie_d, sciences sociales interdisciplinaires_d, histoire_t, approches de corpus_t, enquêtes_t, archives_t;Datasets/all_labels_train_gensim_sparse_matrix.npz
etatsocial.hypotheses.org/890;histoire_d, histoire des sciences sociales_d, sociologie_d, économie_d, sociologie du travail_t, âges de la vie_t, xxe siècle_t;Datasets/all_labels_train_gensim_sparse_matrix.npz
archivalia.hypotheses.org/4071;histoire et archéologie_d, sciences sociales interdisciplinaires_d, histoire_t, approches de corpus_t, enquêtes_t, archives_t;Datasets/all_labels_train_gensim_sparse_matrix.npz
archivalia.hypotheses.org/4878;histoire et archéologie_d, sciences sociales interdisciplinaires_d, histoire_t, approches de corpus_t, enquêtes_t, archives_t;Datasets/all_labels_train_gensim_sparse_matrix.npz
archivewk1.hypotheses.org/18483;histoire_d, époque contemporaine_t, 1914-1918_t;Datasets/all_labels_train_gensim_sparse_matrix.npz
archivamt.hypotheses.org/4327;communication_d, pluridisciplinarité_d, sciences sociales interdisciplinaires_d, information_t, sciences de l'information_t, représentations_t, patrimoine_t;Datasets/all_labels_train_gensim_sparse_matrix.npz
archivalia.hypotheses.org/10239;histoire et archéologie_d, sciences sociales interdisciplinaires_d, histoire_t, approches de corpus_t, enquêtes_t, archives_t;Datasets/all_labels_train_gensim_sparse_matrix.npz
archivalia.hypotheses.org/14281;histoire et archéologie_d, sciences sociales interdisciplinaires_d, histoire_t, approches de corpus_t, enquêtes_t, archives_t;Datasets/all_labels_train_gensim_sparse_matrix.npz
ordensgeschichte.hypotheses.org/3404;arts et humanités_d, humanités pluridisciplinaires_d, histoire et archéologie_d, histoire et philosophie des sciences_d, histoire_t, haut moyen âge_t, bas moyen âge_t, xviie siècle_t, xviiie siècle_t;Datasets/all_labels_train_gensim_sparse_matrix.npz
archivalia.hypotheses.org/3525;histoire et archéologie_d, sciences sociales interdisciplinaires_d, histoire_t, approches de corpus_t, enquêtes_t, archives_t;Datasets/all_labels_train_gensim_sparse_matrix.npz
archivewk1.hypotheses.org/1691;histoire_d, époque contemporaine_t, 1914-1918_t;Datasets/all_labels_train_gensim_sparse_matrix.npz
jeunegen.hypotheses.org/1280;histoire_d, pluridisciplinarité_d, histoire_t, vie de la recherche_t, moyen âge_t, haut moyen âge_t, bas moyen âge_t;Datasets/all_labels_train_gensim_sparse_matrix.npz
archivalia.hypotheses.org/7018;histoire et archéologie_d, sciences sociales interdisciplinaires_d, histoire_t, approches de corpus_t, enquêtes_t, archives_t;Datasets/all_labels_train_gensim_sparse_matrix.npz
archivewk1.hypotheses.org/19284;histoire_d, époque contemporaine_t, 1914-1918_t;Datasets/all_labels_train_gensim_sparse_matrix.npz
archive20.hypotheses.org/363;pluridisciplinarité_d, sciences sociales interdisciplinaires_d, histoire_t, information_t, patrimoine_t, monde germanique_t;Datasets/all_labels_train_gensim_sparse_matrix.npz
archivalia.hypotheses.org/3244;histoire et archéologie_d, sciences sociales interdisciplinaires_d, histoire_t, approches de corpus_t, enquêtes_t, archives_t;Datasets/all_labels_train_gensim_sparse_matrix.npz
2wkvisuell.hypotheses.org/789;arts et humanités_d, histoire et archéologie_d, histoire sociale_t, guerres_t, conflits_t, violence_t, histoire et sociologie des médias_t, études visuelles_t, époque contemporaine_t;Datasets/all_labels_train_gensim_sparse_matrix.npz
archivamt.hypotheses.org/1667;communication_d, pluridisciplinarité_d, sciences sociales interdisciplinaires_d, information_t, sciences de l'information_t, représentations_t, patrimoine_t;Datasets/all_labels_train_gensim_sparse_matrix.npz
futurecity.hypotheses.org/275;sciences politiques_d, administration publique et développement_d, sociologie urbaine_t;Datasets/all_labels_train_gensim_sparse_matrix.npz
archivewk1.hypotheses.org/26173;histoire_d, époque contemporaine_t, 1914-1918_t;Datasets/all_labels_train_gensim_sparse_matrix.npz
archivalia.hypotheses.org/7021;histoire et archéologie_d, sciences sociales interdisciplinaires_d, histoire_t, approches de corpus_t, enquêtes_t, archives_t;Datasets/all_labels_train_gensim_sparse_matrix.npz
archivewk1.hypotheses.org/18308;histoire_d, époque contemporaine_t, 1914-1918_t;Datasets/all_labels_train_gensim_sparse_matrix.npz
bioeg.hypotheses.org/1248;histoire et archéologie_d, histoire_d, histoire_t, sciences auxiliaires de l'histoire_t, europe centrale et orientale_t, monde germanique_t;Datasets/all_labels_train_gensim_sparse_matrix.npz
archivalia.hypotheses.org/13682;histoire et archéologie_d, sciences sociales interdisciplinaires_d, histoire_t, approches de corpus_t, enquêtes_t, archives_t;Datasets/all_labels_train_gensim_sparse_matrix.npz
historischdenken.hypotheses.org/1616;histoire et archéologie_d, histoire_t;Datasets/all_labels_train_gensim_sparse_matrix.npz
archivalia.hypotheses.org/8419;histoire et archéologie_d, sciences sociales interdisciplinaires_d, histoire_t, approches de corpus_t, enquêtes_t, archives_t;Datasets/all_labels_train_gensim_sparse_matrix.npz
archivalia.hypotheses.org/5005;histoire et archéologie_d, sciences sociales interdisciplinaires_d, histoire_t, approches de corpus_t, enquêtes_t, archives_t;Datasets/all_labels_train_gensim_sparse_matrix.npz
archivalia.hypotheses.org/51962;histoire et archéologie_d, sciences sociales interdisciplinaires_d, histoire_t, approches de corpus_t, enquêtes_t, archives_t;Datasets/all_labels_train_gensim_sparse_matrix.npz
archivamt.hypotheses.org/3512;communication_d, pluridisciplinarité_d, sciences sociales interdisciplinaires_d, information_t, sciences de l'information_t, représentations_t, patrimoine_t;Datasets/all_labels_train_gensim_sparse_matrix.npz
astrologiefnz.hypotheses.org/149;arts et humanités_d, humanités pluridisciplinaires_d, histoire et archéologie_d, histoire et philosophie des sciences_d, études des sciences_t, histoire intellectuelle_t, époque moderne_t, xviie siècle_t;Datasets/all_labels_train_gensim_sparse_matrix.npz
schotten.hypotheses.org/182;religions_d, histoire et archéologie_d, sciences de l'information et de la communication_d, bibliothéconomie_d, histoire_t, histoire des religions_t, approches de corpus_t, enquêtes_t, archives_t, monde germanique_t;Datasets/all_labels_train_gensim_sparse_matrix.npz
redaktionsblog.hypotheses.org/3203;arts et humanités_d, humanités pluridisciplinaires_d, épistémologie et méthodes_t, digital humanities_t;Datasets/all_labels_train_gensim_sparse_matrix.npz
digigw.hypotheses.org/792;humanités pluridisciplinaires_d, histoire_t, édition électronique_t, sciences auxiliaires de l'histoire_t, digital humanities_t;Datasets/all_labels_train_gensim_sparse_matrix.npz
archivalia.hypotheses.org/12526;histoire et archéologie_d, sciences sociales interdisciplinaires_d, histoire_t, approches de corpus_t, enquêtes_t, archives_t;Datasets/all_labels_train_gensim_sparse_matrix.npz
mittelalter.hypotheses.org/9275;humanités pluridisciplinaires_d, religions_d, histoire_d, sociologie_d, histoire_t, histoire sociale_t, histoire intellectuelle_t, moyen âge_t, haut moyen âge_t, bas moyen âge_t;Datasets/all_labels_train_gensim_sparse_matrix.npz
historischdenken.hypotheses.org/2494;histoire et archéologie_d, histoire_t;Datasets/all_labels_train_gensim_sparse_matrix.npz
archivalia.hypotheses.org/8988;histoire et archéologie_d, sciences sociales interdisciplinaires_d, histoire_t, approches de corpus_t, enquêtes_t, archives_t;Datasets/all_labels_train_gensim_sparse_matrix.npz
ordensgeschichte.hypotheses.org/8245;arts et humanités_d, humanités pluridisciplinaires_d, histoire et archéologie_d, histoire et philosophie des sciences_d, histoire_t, haut moyen âge_t, bas moyen âge_t, xviie siècle_t, xviiie siècle_t;Datasets/all_labels_train_gensim_sparse_matrix.npz
soziologieblog.hypotheses.org/4198;sciences sociales interdisciplinaires_d, sociologie et anthropologie_d, sociologie du travail_t, sociologie urbaine_t, sociologie de la culture_t, sociologie économique_t;Datasets/all_labels_train_gensim_sparse_matrix.npz
archivalia.hypotheses.org/2257;histoire et archéologie_d, sciences sociales interdisciplinaires_d, histoire_t, approches de corpus_t, enquêtes_t, archives_t;Datasets/all_labels_train_gensim_sparse_matrix.npz
soziologieblog.hypotheses.org/8245;sciences sociales interdisciplinaires_d, sociologie et anthropologie_d, sociologie du travail_t, sociologie urbaine_t, sociologie de la culture_t, sociologie économique_t;Datasets/all_labels_train_gensim_sparse_matrix.npz
histbav.hypotheses.org/2679;humanités pluridisciplinaires_d, histoire_d, pluridisciplinarité_d, histoire_t, monde germanique_t;Datasets/all_labels_train_gensim_sparse_matrix.npz
jameel.hypotheses.org/341;pluridisciplinarité_d, études régionales_d, archéologie_d, arts_d, humanités pluridisciplinaires_d, représentations_t, asie_t, digital humanities_t, histoire de l'art_t;Datasets/all_labels_train_gensim_sparse_matrix.npz
histbav.hypotheses.org/4119;humanités pluridisciplinaires_d, histoire_d, pluridisciplinarité_d, histoire_t, monde germanique_t;Datasets/all_labels_train_gensim_sparse_matrix.npz
reichtum.hypotheses.org/342;économie_d, économie_d, histoire_d, histoire économique_t, histoire sociale_t;Datasets/all_labels_train_gensim_sparse_matrix.npz
ordensgeschichte.hypotheses.org/7683;arts et humanités_d, humanités pluridisciplinaires_d, histoire et archéologie_d, histoire et philosophie des sciences_d, histoire_t, haut moyen âge_t, bas moyen âge_t, xviie siècle_t, xviiie siècle_t;Datasets/all_labels_train_gensim_sparse_matrix.npz
archivewk1.hypotheses.org/22160;histoire_d, époque contemporaine_t, 1914-1918_t;Datasets/all_labels_train_gensim_sparse_matrix.npz
archivalia.hypotheses.org/1756;histoire et archéologie_d, sciences sociales interdisciplinaires_d, histoire_t, approches de corpus_t, enquêtes_t, archives_t;Datasets/all_labels_train_gensim_sparse_matrix.npz
nordichistoryblog.hypotheses.org/102;arts et humanités_d, histoire et archéologie_d, histoire_t, édition électronique_t, vie de la recherche_t, approches de corpus_t, enquêtes_t, archives_t, europe_t, pays baltes et scandinaves_t;Datasets/all_labels_train_gensim_sparse_matrix.npz
sdvigpress.hypotheses.org/542;langue et linguistique_d, philosophie_d, humanités pluridisciplinaires_d, épistémologie et méthodes_t, digital humanities_t, europe centrale et orientale_t, édition électronique_t, linguistique_t;Datasets/all_labels_train_gensim_sparse_matrix.npz
archivalia.hypotheses.org/9820;histoire et archéologie_d, sciences sociales interdisciplinaires_d, histoire_t, approches de corpus_t, enquêtes_t, archives_t;Datasets/all_labels_train_gensim_sparse_matrix.npz
frueheneuzeit.hypotheses.org/2008;histoire et archéologie_d, histoire_t, époque moderne_t, xviie siècle_t, xviiie siècle_t, révolution française_t;Datasets/all_labels_train_gensim_sparse_matrix.npz
archivalia.hypotheses.org/8472;histoire et archéologie_d, sciences sociales interdisciplinaires_d, histoire_t, approches de corpus_t, enquêtes_t, archives_t;Datasets/all_labels_train_gensim_sparse_matrix.npz
gab.hypotheses.org/1246;histoire et archéologie_d, pluridisciplinarité_d, sciences sociales interdisciplinaires_d, études des sciences_t, sociologie des sciences_t, histoire_t;Datasets/all_labels_train_gensim_sparse_matrix.npz
archivlinz.hypotheses.org/1059;histoire et archéologie_d, histoire_d, histoire urbaine_t, 1914-1918_t, monde germanique_t;Datasets/all_labels_train_gensim_sparse_matrix.npz
ordensgeschichte.hypotheses.org/10264;arts et humanités_d, humanités pluridisciplinaires_d, histoire et archéologie_d, histoire et philosophie des sciences_d, histoire_t, haut moyen âge_t, bas moyen âge_t, xviie siècle_t, xviiie siècle_t;Datasets/all_labels_train_gensim_sparse_matrix.npz
archivalia.hypotheses.org/6141;histoire et archéologie_d, sciences sociales interdisciplinaires_d, histoire_t, approches de corpus_t, enquêtes_t, archives_t;Datasets/all_labels_train_gensim_sparse_matrix.npz
archivalia.hypotheses.org/262;histoire et archéologie_d, sciences sociales interdisciplinaires_d, histoire_t, approches de corpus_t, enquêtes_t, archives_t;Datasets/all_labels_train_gensim_sparse_matrix.npz
archivamt.hypotheses.org/2706;communication_d, pluridisciplinarité_d, sciences sociales interdisciplinaires_d, information_t, sciences de l'information_t, représentations_t, patrimoine_t;Datasets/all_labels_train_gensim_sparse_matrix.npz
soziologieblog.hypotheses.org/6714;sciences sociales interdisciplinaires_d, sociologie et anthropologie_d, sociologie du travail_t, sociologie urbaine_t, sociologie de la culture_t, sociologie économique_t;Datasets/all_labels_train_gensim_sparse_matrix.npz
archivewk1.hypotheses.org/28102;histoire_d, époque contemporaine_t, 1914-1918_t;Datasets/all_labels_train_gensim_sparse_matrix.npz
archivewk1.hypotheses.org/22466;histoire_d, époque contemporaine_t, 1914-1918_t;Datasets/all_labels_train_gensim_sparse_matrix.npz
archivalia.hypotheses.org/6977;histoire et archéologie_d, sciences sociales interdisciplinaires_d, histoire_t, approches de corpus_t, enquêtes_t, archives_t;Datasets/all_labels_train_gensim_sparse_matrix.npz
frueheneuzeit.hypotheses.org/1408;histoire et archéologie_d, histoire_t, époque moderne_t, xviie siècle_t, xviiie siècle_t, révolution française_t;Datasets/all_labels_train_gensim_sparse_matrix.npz
bioeg.hypotheses.org/1454;histoire et archéologie_d, histoire_d, histoire_t, sciences auxiliaires de l'histoire_t, europe centrale et orientale_t, monde germanique_t;Datasets/all_labels_train_gensim_sparse_matrix.npz
redaktionsblog.hypotheses.org/993;arts et humanités_d, humanités pluridisciplinaires_d, épistémologie et méthodes_t, digital humanities_t;Datasets/all_labels_train_gensim_sparse_matrix.npz
archivewk1.hypotheses.org/30366;histoire_d, époque contemporaine_t, 1914-1918_t;Datasets/all_labels_train_gensim_sparse_matrix.npz
archivalia.hypotheses.org/568;histoire et archéologie_d, sciences sociales interdisciplinaires_d, histoire_t, approches de corpus_t, enquêtes_t, archives_t;Datasets/all_labels_train_gensim_sparse_matrix.npz
djgd.hypotheses.org/360;histoire_d, histoire_t, digital humanities_t, xxe siècle_t, prospectives_t;Datasets/all_labels_train_gensim_sparse_matrix.npz
archivewk1.hypotheses.org/16468;histoire_d, époque contemporaine_t, 1914-1918_t;Datasets/all_labels_train_gensim_sparse_matrix.npz
archivalia.hypotheses.org/12489;histoire et archéologie_d, sciences sociales interdisciplinaires_d, histoire_t, approches de corpus_t, enquêtes_t, archives_t;Datasets/all_labels_train_gensim_sparse_matrix.npz
archivalia.hypotheses.org/13969;histoire et archéologie_d, sciences sociales interdisciplinaires_d, histoire_t, approches de corpus_t, enquêtes_t, archives_t;Datasets/all_labels_train_gensim_sparse_matrix.npz
tagebuch.hypotheses.org/1354;histoire et archéologie_d, histoire_d, histoire_t, époque contemporaine_t, 1914-1918_t;Datasets/all_labels_train_gensim_sparse_matrix.npz
gra.hypotheses.org/1395;arts et humanités_d, communication_d, sciences de l'information et bibliothéconomie_d, représentations_t, histoire culturelle_t, histoire de l'art_t, études visuelles_t;Datasets/all_labels_train_gensim_sparse_matrix.npz
bioeg.hypotheses.org/1654;histoire et archéologie_d, histoire_d, histoire_t, sciences auxiliaires de l'histoire_t, europe centrale et orientale_t, monde germanique_t;Datasets/all_labels_train_gensim_sparse_matrix.npz
archivalia.hypotheses.org/11267;histoire et archéologie_d, sciences sociales interdisciplinaires_d, histoire_t, approches de corpus_t, enquêtes_t, archives_t;Datasets/all_labels_train_gensim_sparse_matrix.npz
histbav.hypotheses.org/4134;humanités pluridisciplinaires_d, histoire_d, pluridisciplinarité_d, histoire_t, monde germanique_t;Datasets/all_labels_train_gensim_sparse_matrix.npz
archivewk1.hypotheses.org/11494;histoire_d, époque contemporaine_t, 1914-1918_t;Datasets/all_labels_train_gensim_sparse_matrix.npz
archivalia.hypotheses.org/7802;histoire et archéologie_d, sciences sociales interdisciplinaires_d, histoire_t, approches de corpus_t, enquêtes_t, archives_t;Datasets/all_labels_train_gensim_sparse_matrix.npz
histbav.hypotheses.org/1365;humanités pluridisciplinaires_d, histoire_d, pluridisciplinarité_d, histoire_t, monde germanique_t;Datasets/all_labels_train_gensim_sparse_matrix.npz
dgl.hypotheses.org/485;éducation spécialisée_d, histoire_d, histoire_t, histoire et sociologie des médias_t, éducation_t;Datasets/all_labels_train_gensim_sparse_matrix.npz
reichtum.hypotheses.org/209;économie_d, économie_d, histoire_d, histoire économique_t, histoire sociale_t;Datasets/all_labels_train_gensim_sparse_matrix.npz
ecoglobreg.hypotheses.org/289;histoire_d, sciences politiques_d, histoire_t, 1945-1989_t;Datasets/all_labels_train_gensim_sparse_matrix.npz
nummer.hypotheses.org/104;histoire_d, sciences de l'information et de la communication_d, bibliothéconomie_d, histoire_t, histoire intellectuelle_t, histoire et sociologie des médias_t, histoire culturelle_t;Datasets/all_labels_train_gensim_sparse_matrix.npz
archivewk1.hypotheses.org/9379;histoire_d, époque contemporaine_t, 1914-1918_t;Datasets/all_labels_train_gensim_sparse_matrix.npz
archivalia.hypotheses.org/406;histoire et archéologie_d, sciences sociales interdisciplinaires_d, histoire_t, approches de corpus_t, enquêtes_t, archives_t;Datasets/all_labels_train_gensim_sparse_matrix.npz
rhad.hypotheses.org/660;histoire_d, histoire des sciences sociales_d, histoire_t, époque moderne_t, révolution française_t, xviie siècle_t, xviiie siècle_t, prospectives_t;Datasets/all_labels_train_gensim_sparse_matrix.npz
archivewk1.hypotheses.org/22917;histoire_d, époque contemporaine_t, 1914-1918_t;Datasets/all_labels_train_gensim_sparse_matrix.npz
unibloggt.hypotheses.org/1217;histoire et archéologie_d, pluridisciplinarité_d, histoire_t, information_t;Datasets/all_labels_train_gensim_sparse_matrix.npz
irhis.hypotheses.org/6130;arts et humanités_d, histoire et archéologie_d, histoire économique_t, histoire sociale_t, études visuelles_t;Datasets/all_labels_train_gensim_sparse_matrix.npz
1914lvr.hypotheses.org/349;sciences politiques_d, histoire_t, époque contemporaine_t, 1914-1918_t;Datasets/all_labels_train_gensim_sparse_matrix.npz
archivalia.hypotheses.org/1783;histoire et archéologie_d, sciences sociales interdisciplinaires_d, histoire_t, approches de corpus_t, enquêtes_t, archives_t;Datasets/all_labels_train_gensim_sparse_matrix.npz
archivalia.hypotheses.org/6192;histoire et archéologie_d, sciences sociales interdisciplinaires_d, histoire_t, approches de corpus_t, enquêtes_t, archives_t;Datasets/all_labels_train_gensim_sparse_matrix.npz
tagebuch.hypotheses.org/1333;histoire et archéologie_d, histoire_d, histoire_t, époque contemporaine_t, 1914-1918_t;Datasets/all_labels_train_gensim_sparse_matrix.npz
medienbildung.hypotheses.org/6094;éducation_d, éducation spécialisée_d, travail social_d, sociologie_t, édition électronique_t, histoire et sociologie des médias_t, éducation_t;Datasets/all_labels_train_gensim_sparse_matrix.npz
archivalia.hypotheses.org/13796;histoire et archéologie_d, sciences sociales interdisciplinaires_d, histoire_t, approches de corpus_t, enquêtes_t, archives_t;Datasets/all_labels_train_gensim_sparse_matrix.npz
soziologieblog.hypotheses.org/6730;sciences sociales interdisciplinaires_d, sociologie et anthropologie_d, sociologie du travail_t, sociologie urbaine_t, sociologie de la culture_t, sociologie économique_t;Datasets/all_labels_train_gensim_sparse_matrix.npz
archivewk1.hypotheses.org/12027;histoire_d, époque contemporaine_t, 1914-1918_t;Datasets/all_labels_train_gensim_sparse_matrix.npz
archivewk1.hypotheses.org/18456;histoire_d, époque contemporaine_t, 1914-1918_t;Datasets/all_labels_train_gensim_sparse_matrix.npz
archivewk1.hypotheses.org/16470;histoire_d, époque contemporaine_t, 1914-1918_t;Datasets/all_labels_train_gensim_sparse_matrix.npz
archivalia.hypotheses.org/234;histoire et archéologie_d, sciences sociales interdisciplinaires_d, histoire_t, approches de corpus_t, enquêtes_t, archives_t;Datasets/all_labels_train_gensim_sparse_matrix.npz
barblog.hypotheses.org/1084;sciences sociales interdisciplinaires_d, sciences politiques_d, sociologie_d, anthropologie politique_t;Datasets/all_labels_train_gensim_sparse_matrix.npz
histbav.hypotheses.org/648;humanités pluridisciplinaires_d, histoire_d, pluridisciplinarité_d, histoire_t, monde germanique_t;Datasets/all_labels_train_gensim_sparse_matrix.npz
archivalia.hypotheses.org/1155;histoire et archéologie_d, sciences sociales interdisciplinaires_d, histoire_t, approches de corpus_t, enquêtes_t, archives_t;Datasets/all_labels_train_gensim_sparse_matrix.npz
archivalia.hypotheses.org/59345;histoire et archéologie_d, sciences sociales interdisciplinaires_d, histoire_t, approches de corpus_t, enquêtes_t, archives_t;Datasets/all_labels_train_gensim_sparse_matrix.npz
19jhdhip.hypotheses.org/1832;histoire_d, époque contemporaine_t, prospectives_t, france_t, monde germanique_t;Datasets/all_labels_train_gensim_sparse_matrix.npz
archivalia.hypotheses.org/12739;histoire et archéologie_d, sciences sociales interdisciplinaires_d, histoire_t, approches de corpus_t, enquêtes_t, archives_t;Datasets/all_labels_train_gensim_sparse_matrix.npz
tagebuch.hypotheses.org/1084;histoire et archéologie_d, histoire_d, histoire_t, époque contemporaine_t, 1914-1918_t;Datasets/all_labels_train_gensim_sparse_matrix.npz
archivalia.hypotheses.org/1624;histoire et archéologie_d, sciences sociales interdisciplinaires_d, histoire_t, approches de corpus_t, enquêtes_t, archives_t;Datasets/all_labels_train_gensim_sparse_matrix.npz
archivekod.hypotheses.org/494;religions_d, histoire et archéologie_d, sciences de l'information et de la communication_d, bibliothéconomie_d, communication_d, histoire_t, histoire des religions_t, patrimoine_t;Datasets/all_labels_train_gensim_sparse_matrix.npz
ostbib.hypotheses.org/693;humanités pluridisciplinaires_d, histoire et archéologie_d, sciences de l'information et de la communication_d, bibliothéconomie_d, sciences sociales interdisciplinaires_d, sciences de l'information_t, édition électronique_t;Datasets/all_labels_train_gensim_sparse_matrix.npz
resilienz.hypotheses.org/493;pluridisciplinarité_d, sciences sociales interdisciplinaires_d, études des sciences_t, épistémologie et méthodes_t, vie de la recherche_t, prospectives_t;Datasets/all_labels_train_gensim_sparse_matrix.npz
soziologieblog.hypotheses.org/2991;sciences sociales interdisciplinaires_d, sociologie et anthropologie_d, sociologie du travail_t, sociologie urbaine_t, sociologie de la culture_t, sociologie économique_t;Datasets/all_labels_train_gensim_sparse_matrix.npz
archivalia.hypotheses.org/10368;histoire et archéologie_d, sciences sociales interdisciplinaires_d, histoire_t, approches de corpus_t, enquêtes_t, archives_t;Datasets/all_labels_train_gensim_sparse_matrix.npz
archivewk1.hypotheses.org/12358;histoire_d, époque contemporaine_t, 1914-1918_t;Datasets/all_labels_train_gensim_sparse_matrix.npz
archivalia.hypotheses.org/3201;histoire et archéologie_d, sciences sociales interdisciplinaires_d, histoire_t, approches de corpus_t, enquêtes_t, archives_t;Datasets/all_labels_train_gensim_sparse_matrix.npz
mittelalter.hypotheses.org/5435;humanités pluridisciplinaires_d, religions_d, histoire_d, sociologie_d, histoire_t, histoire sociale_t, histoire intellectuelle_t, moyen âge_t, haut moyen âge_t, bas moyen âge_t;Datasets/all_labels_train_gensim_sparse_matrix.npz
rhad.hypotheses.org/242;histoire_d, histoire des sciences sociales_d, histoire_t, époque moderne_t, révolution française_t, xviie siècle_t, xviiie siècle_t, prospectives_t;Datasets/all_labels_train_gensim_sparse_matrix.npz
archivalia.hypotheses.org/4879;histoire et archéologie_d, sciences sociales interdisciplinaires_d, histoire_t, approches de corpus_t, enquêtes_t, archives_t;Datasets/all_labels_train_gensim_sparse_matrix.npz
archivalia.hypotheses.org/13726;histoire et archéologie_d, sciences sociales interdisciplinaires_d, histoire_t, approches de corpus_t, enquêtes_t, archives_t;Datasets/all_labels_train_gensim_sparse_matrix.npz
grk1919.hypotheses.org/178;histoire et archéologie_d, histoire et philosophie des sciences_d, histoire_t;Datasets/all_labels_train_gensim_sparse_matrix.npz
archivalia.hypotheses.org/4564;histoire et archéologie_d, sciences sociales interdisciplinaires_d, histoire_t, approches de corpus_t, enquêtes_t, archives_t;Datasets/all_labels_train_gensim_sparse_matrix.npz
archivalia.hypotheses.org/9863;histoire et archéologie_d, sciences sociales interdisciplinaires_d, histoire_t, approches de corpus_t, enquêtes_t, archives_t;Datasets/all_labels_train_gensim_sparse_matrix.npz
archivalia.hypotheses.org/1584;histoire et archéologie_d, sciences sociales interdisciplinaires_d, histoire_t, approches de corpus_t, enquêtes_t, archives_t;Datasets/all_labels_train_gensim_sparse_matrix.npz
archivewk1.hypotheses.org/12469;histoire_d, époque contemporaine_t, 1914-1918_t;Datasets/all_labels_train_gensim_sparse_matrix.npz
archivalia.hypotheses.org/1992;histoire et archéologie_d, sciences sociales interdisciplinaires_d, histoire_t, approches de corpus_t, enquêtes_t, archives_t;Datasets/all_labels_train_gensim_sparse_matrix.npz
tagebuch.hypotheses.org/1090;histoire et archéologie_d, histoire_d, histoire_t, époque contemporaine_t, 1914-1918_t;Datasets/all_labels_train_gensim_sparse_matrix.npz
mindthegaps.hypotheses.org/38;études asiatiques_d, histoire_d, histoire_t, histoire culturelle_t, asie_t, chine_t;Datasets/all_labels_train_gensim_sparse_matrix.npz
inklusion.hypotheses.org/714;éducation_d, travail social et politique sociale_d, sociologie du travail_t, âges de la vie_t, information_t, sciences de l'éducation_t;Datasets/all_labels_train_gensim_sparse_matrix.npz
archivewk1.hypotheses.org/6643;histoire_d, époque contemporaine_t, 1914-1918_t;Datasets/all_labels_train_gensim_sparse_matrix.npz
archivewk1.hypotheses.org/12345;histoire_d, époque contemporaine_t, 1914-1918_t;Datasets/all_labels_train_gensim_sparse_matrix.npz
archivalia.hypotheses.org/3670;histoire et archéologie_d, sciences sociales interdisciplinaires_d, histoire_t, approches de corpus_t, enquêtes_t, archives_t;Datasets/all_labels_train_gensim_sparse_matrix.npz
archivewk1.hypotheses.org/21097;histoire_d, époque contemporaine_t, 1914-1918_t;Datasets/all_labels_train_gensim_sparse_matrix.npz
reichwein.hypotheses.org/1585;histoire et archéologie_d, histoire des sciences_t, 1945-1989_t;Datasets/all_labels_train_gensim_sparse_matrix.npz
archivalia.hypotheses.org/5852;histoire et archéologie_d, sciences sociales interdisciplinaires_d, histoire_t, approches de corpus_t, enquêtes_t, archives_t;Datasets/all_labels_train_gensim_sparse_matrix.npz
games.hypotheses.org/1661;arts et humanités_d, humanités pluridisciplinaires_d, psychologie expérimentale_d, sciences cognitives_t, psychisme_t, psychologie_t, représentations_t, histoire de l'art_t, études visuelles_t;Datasets/all_labels_train_gensim_sparse_matrix.npz
histbav.hypotheses.org/654;humanités pluridisciplinaires_d, histoire_d, pluridisciplinarité_d, histoire_t, monde germanique_t;Datasets/all_labels_train_gensim_sparse_matrix.npz
archivalia.hypotheses.org/55658;histoire et archéologie_d, sciences sociales interdisciplinaires_d, histoire_t, approches de corpus_t, enquêtes_t, archives_t;Datasets/all_labels_train_gensim_sparse_matrix.npz
archivalia.hypotheses.org/14209;histoire et archéologie_d, sciences sociales interdisciplinaires_d, histoire_t, approches de corpus_t, enquêtes_t, archives_t;Datasets/all_labels_train_gensim_sparse_matrix.npz
tagebuch.hypotheses.org/170;histoire et archéologie_d, histoire_d, histoire_t, époque contemporaine_t, 1914-1918_t;Datasets/all_labels_train_gensim_sparse_matrix.npz
archivalia.hypotheses.org/10871;histoire et archéologie_d, sciences sociales interdisciplinaires_d, histoire_t, approches de corpus_t, enquêtes_t, archives_t;Datasets/all_labels_train_gensim_sparse_matrix.npz
aktenkunde.hypotheses.org/593;histoire_d, histoire_t, sciences auxiliaires de l'histoire_t;Datasets/all_labels_train_gensim_sparse_matrix.npz
archivewk1.hypotheses.org/10542;histoire_d, époque contemporaine_t, 1914-1918_t;Datasets/all_labels_train_gensim_sparse_matrix.npz
ordensgeschichte.hypotheses.org/10442;arts et humanités_d, humanités pluridisciplinaires_d, histoire et archéologie_d, histoire et philosophie des sciences_d, histoire_t, haut moyen âge_t, bas moyen âge_t, xviie siècle_t, xviiie siècle_t;Datasets/all_labels_train_gensim_sparse_matrix.npz
archivalia.hypotheses.org/6447;histoire et archéologie_d, sciences sociales interdisciplinaires_d, histoire_t, approches de corpus_t, enquêtes_t, archives_t;Datasets/all_labels_train_gensim_sparse_matrix.npz
archivalia.hypotheses.org/10905;histoire et archéologie_d, sciences sociales interdisciplinaires_d, histoire_t, approches de corpus_t, enquêtes_t, archives_t;Datasets/all_labels_train_gensim_sparse_matrix.npz
archivalia.hypotheses.org/13891;histoire et archéologie_d, sciences sociales interdisciplinaires_d, histoire_t, approches de corpus_t, enquêtes_t, archives_t;Datasets/all_labels_train_gensim_sparse_matrix.npz
1914lvr.hypotheses.org/790;sciences politiques_d, histoire_t, époque contemporaine_t, 1914-1918_t;Datasets/all_labels_train_gensim_sparse_matrix.npz
archivewk1.hypotheses.org/2715;histoire_d, époque contemporaine_t, 1914-1918_t;Datasets/all_labels_train_gensim_sparse_matrix.npz
kinder.hypotheses.org/858;éducation et sciences de l'éducation_d, études sur la famille_d, âges de la vie_t, sciences de l'éducation_t;Datasets/all_labels_train_gensim_sparse_matrix.npz
unibloggt.hypotheses.org/602;histoire et archéologie_d, pluridisciplinarité_d, histoire_t, information_t;Datasets/all_labels_train_gensim_sparse_matrix.npz
tagebuch.hypotheses.org/1271;histoire et archéologie_d, histoire_d, histoire_t, époque contemporaine_t, 1914-1918_t;Datasets/all_labels_train_gensim_sparse_matrix.npz
archivalia.hypotheses.org/55412;histoire et archéologie_d, sciences sociales interdisciplinaires_d, histoire_t, approches de corpus_t, enquêtes_t, archives_t;Datasets/all_labels_train_gensim_sparse_matrix.npz
archive20.hypotheses.org/1223;pluridisciplinarité_d, sciences sociales interdisciplinaires_d, histoire_t, information_t, patrimoine_t, monde germanique_t;Datasets/all_labels_train_gensim_sparse_matrix.npz
dokunstlmu.hypotheses.org/1796;arts et humanités_d, histoire intellectuelle_t;Datasets/all_labels_train_gensim_sparse_matrix.npz
mittelalter.hypotheses.org/1427;humanités pluridisciplinaires_d, religions_d, histoire_d, sociologie_d, histoire_t, histoire sociale_t, histoire intellectuelle_t, moyen âge_t, haut moyen âge_t, bas moyen âge_t;Datasets/all_labels_train_gensim_sparse_matrix.npz
archivalia.hypotheses.org/4024;histoire et archéologie_d, sciences sociales interdisciplinaires_d, histoire_t, approches de corpus_t, enquêtes_t, archives_t;Datasets/all_labels_train_gensim_sparse_matrix.npz
tagebuch.hypotheses.org/1178;histoire et archéologie_d, histoire_d, histoire_t, époque contemporaine_t, 1914-1918_t;Datasets/all_labels_train_gensim_sparse_matrix.npz
gid.hypotheses.org/934;pluridisciplinarité_d, sciences sociales interdisciplinaires_d, études des sciences_t, histoire des sciences_t, pensée_t, histoire intellectuelle_t, histoire culturelle_t, prospectives_t;Datasets/all_labels_train_gensim_sparse_matrix.npz
archivewk1.hypotheses.org/23270;histoire_d, époque contemporaine_t, 1914-1918_t;Datasets/all_labels_train_gensim_sparse_matrix.npz
bioeg.hypotheses.org/1522;histoire et archéologie_d, histoire_d, histoire_t, sciences auxiliaires de l'histoire_t, europe centrale et orientale_t, monde germanique_t;Datasets/all_labels_train_gensim_sparse_matrix.npz
1914lvr.hypotheses.org/312;sciences politiques_d, histoire_t, époque contemporaine_t, 1914-1918_t;Datasets/all_labels_train_gensim_sparse_matrix.npz
archivalia.hypotheses.org/4824;histoire et archéologie_d, sciences sociales interdisciplinaires_d, histoire_t, approches de corpus_t, enquêtes_t, archives_t;Datasets/all_labels_train_gensim_sparse_matrix.npz
ordensgeschichte.hypotheses.org/5855;arts et humanités_d, humanités pluridisciplinaires_d, histoire et archéologie_d, histoire et philosophie des sciences_d, histoire_t, haut moyen âge_t, bas moyen âge_t, xviie siècle_t, xviiie siècle_t;Datasets/all_labels_train_gensim_sparse_matrix.npz
archivalia.hypotheses.org/12202;histoire et archéologie_d, sciences sociales interdisciplinaires_d, histoire_t, approches de corpus_t, enquêtes_t, archives_t;Datasets/all_labels_train_gensim_sparse_matrix.npz
archivalia.hypotheses.org/5991;histoire et archéologie_d, sciences sociales interdisciplinaires_d, histoire_t, approches de corpus_t, enquêtes_t, archives_t;Datasets/all_labels_train_gensim_sparse_matrix.npz
archivalia.hypotheses.org/56437;histoire et archéologie_d, sciences sociales interdisciplinaires_d, histoire_t, approches de corpus_t, enquêtes_t, archives_t;Datasets/all_labels_train_gensim_sparse_matrix.npz
games.hypotheses.org/345;arts et humanités_d, humanités pluridisciplinaires_d, psychologie expérimentale_d, sciences cognitives_t, psychisme_t, psychologie_t, représentations_t, histoire de l'art_t, études visuelles_t;Datasets/all_labels_train_gensim_sparse_matrix.npz
archivalia.hypotheses.org/8098;histoire et archéologie_d, sciences sociales interdisciplinaires_d, histoire_t, approches de corpus_t, enquêtes_t, archives_t;Datasets/all_labels_train_gensim_sparse_matrix.npz
archivalia.hypotheses.org/1118;histoire et archéologie_d, sciences sociales interdisciplinaires_d, histoire_t, approches de corpus_t, enquêtes_t, archives_t;Datasets/all_labels_train_gensim_sparse_matrix.npz
archivewk1.hypotheses.org/28056;histoire_d, époque contemporaine_t, 1914-1918_t;Datasets/all_labels_train_gensim_sparse_matrix.npz
archivalia.hypotheses.org/7113;histoire et archéologie_d, sciences sociales interdisciplinaires_d, histoire_t, approches de corpus_t, enquêtes_t, archives_t;Datasets/all_labels_train_gensim_sparse_matrix.npz
gab.hypotheses.org/143;histoire et archéologie_d, pluridisciplinarité_d, sciences sociales interdisciplinaires_d, études des sciences_t, sociologie des sciences_t, histoire_t;Datasets/all_labels_train_gensim_sparse_matrix.npz
winzen.hypotheses.org/351;histoire_d, histoire_t, études visuelles_t, 1918-1939_t, 1939-1945_t, monde germanique_t;Datasets/all_labels_train_gensim_sparse_matrix.npz
archivalia.hypotheses.org/12400;histoire et archéologie_d, sciences sociales interdisciplinaires_d, histoire_t, approches de corpus_t, enquêtes_t, archives_t;Datasets/all_labels_train_gensim_sparse_matrix.npz
archivalia.hypotheses.org/9537;histoire et archéologie_d, sciences sociales interdisciplinaires_d, histoire_t, approches de corpus_t, enquêtes_t, archives_t;Datasets/all_labels_train_gensim_sparse_matrix.npz
archivewk1.hypotheses.org/29473;histoire_d, époque contemporaine_t, 1914-1918_t;Datasets/all_labels_train_gensim_sparse_matrix.npz
archivalia.hypotheses.org/10439;histoire et archéologie_d, sciences sociales interdisciplinaires_d, histoire_t, approches de corpus_t, enquêtes_t, archives_t;Datasets/all_labels_train_gensim_sparse_matrix.npz
tagebuch.hypotheses.org/730;histoire et archéologie_d, histoire_d, histoire_t, époque contemporaine_t, 1914-1918_t;Datasets/all_labels_train_gensim_sparse_matrix.npz
archivalia.hypotheses.org/11951;histoire et archéologie_d, sciences sociales interdisciplinaires_d, histoire_t, approches de corpus_t, enquêtes_t, archives_t;Datasets/all_labels_train_gensim_sparse_matrix.npz
archivalia.hypotheses.org/5000;histoire et archéologie_d, sciences sociales interdisciplinaires_d, histoire_t, approches de corpus_t, enquêtes_t, archives_t;Datasets/all_labels_train_gensim_sparse_matrix.npz
archivalia.hypotheses.org/2150;histoire et archéologie_d, sciences sociales interdisciplinaires_d, histoire_t, approches de corpus_t, enquêtes_t, archives_t;Datasets/all_labels_train_gensim_sparse_matrix.npz
archivalia.hypotheses.org/979;histoire et archéologie_d, sciences sociales interdisciplinaires_d, histoire_t, approches de corpus_t, enquêtes_t, archives_t;Datasets/all_labels_train_gensim_sparse_matrix.npz
netzwerk.hypotheses.org/2093;histoire et archéologie_d, histoire urbaine_t, histoire sociale_t, histoire intellectuelle_t, époque contemporaine_t;Datasets/all_labels_train_gensim_sparse_matrix.npz
archivalia.hypotheses.org/13773;histoire et archéologie_d, sciences sociales interdisciplinaires_d, histoire_t, approches de corpus_t, enquêtes_t, archives_t;Datasets/all_labels_train_gensim_sparse_matrix.npz
19jhdhip.hypotheses.org/2741;histoire_d, époque contemporaine_t, prospectives_t, france_t, monde germanique_t;Datasets/all_labels_train_gensim_sparse_matrix.npz
grandeguerre.hypotheses.org/1271;histoire et archéologie_d, histoire_t, 1914-1918_t, prospectives_t, france_t, monde germanique_t;Datasets/all_labels_train_gensim_sparse_matrix.npz
archivewk1.hypotheses.org/21890;histoire_d, époque contemporaine_t, 1914-1918_t;Datasets/all_labels_train_gensim_sparse_matrix.npz
archivewk1.hypotheses.org/6445;histoire_d, époque contemporaine_t, 1914-1918_t;Datasets/all_labels_train_gensim_sparse_matrix.npz
archivalia.hypotheses.org/5848;histoire et archéologie_d, sciences sociales interdisciplinaires_d, histoire_t, approches de corpus_t, enquêtes_t, archives_t;Datasets/all_labels_train_gensim_sparse_matrix.npz
bioeg.hypotheses.org/118;histoire et archéologie_d, histoire_d, histoire_t, sciences auxiliaires de l'histoire_t, europe centrale et orientale_t, monde germanique_t;Datasets/all_labels_train_gensim_sparse_matrix.npz
minuseinsebene.hypotheses.org/42;archéologie_d, histoire urbaine_t, histoire des religions_t, moyen âge_t, haut moyen âge_t, monde germanique_t;Datasets/all_labels_train_gensim_sparse_matrix.npz
archivewk1.hypotheses.org/4118;histoire_d, époque contemporaine_t, 1914-1918_t;Datasets/all_labels_train_gensim_sparse_matrix.npz
gra.hypotheses.org/2421;arts et humanités_d, communication_d, sciences de l'information et bibliothéconomie_d, représentations_t, histoire culturelle_t, histoire de l'art_t, études visuelles_t;Datasets/all_labels_train_gensim_sparse_matrix.npz
nummer.hypotheses.org/205;histoire_d, sciences de l'information et de la communication_d, bibliothéconomie_d, histoire_t, histoire intellectuelle_t, histoire et sociologie des médias_t, histoire culturelle_t;Datasets/all_labels_train_gensim_sparse_matrix.npz
dgl.hypotheses.org/416;éducation spécialisée_d, histoire_d, histoire_t, histoire et sociologie des médias_t, éducation_t;Datasets/all_labels_train_gensim_sparse_matrix.npz
archivalia.hypotheses.org/4830;histoire et archéologie_d, sciences sociales interdisciplinaires_d, histoire_t, approches de corpus_t, enquêtes_t, archives_t;Datasets/all_labels_train_gensim_sparse_matrix.npz
aes.hypotheses.org/337;histoire_t, religions_t;Datasets/all_labels_train_gensim_sparse_matrix.npz
archivalia.hypotheses.org/3284;histoire et archéologie_d, sciences sociales interdisciplinaires_d, histoire_t, approches de corpus_t, enquêtes_t, archives_t;Datasets/all_labels_train_gensim_sparse_matrix.npz
mittelalter.hypotheses.org/8138;humanités pluridisciplinaires_d, religions_d, histoire_d, sociologie_d, histoire_t, histoire sociale_t, histoire intellectuelle_t, moyen âge_t, haut moyen âge_t, bas moyen âge_t;Datasets/all_labels_train_gensim_sparse_matrix.npz
ordensgeschichte.hypotheses.org/10952;arts et humanités_d, humanités pluridisciplinaires_d, histoire et archéologie_d, histoire et philosophie des sciences_d, histoire_t, haut moyen âge_t, bas moyen âge_t, xviie siècle_t, xviiie siècle_t;Datasets/all_labels_train_gensim_sparse_matrix.npz
aktenkunde.hypotheses.org/449;histoire_d, histoire_t, sciences auxiliaires de l'histoire_t;Datasets/all_labels_train_gensim_sparse_matrix.npz
mittelalter.hypotheses.org/9267;humanités pluridisciplinaires_d, religions_d, histoire_d, sociologie_d, histoire_t, histoire sociale_t, histoire intellectuelle_t, moyen âge_t, haut moyen âge_t, bas moyen âge_t;Datasets/all_labels_train_gensim_sparse_matrix.npz
archivalia.hypotheses.org/52663;histoire et archéologie_d, sciences sociales interdisciplinaires_d, histoire_t, approches de corpus_t, enquêtes_t, archives_t;Datasets/all_labels_train_gensim_sparse_matrix.npz
wenhua.hypotheses.org/1577;études asiatiques_d, humanités pluridisciplinaires_d, histoire_d, histoire culturelle_t, asie_t;Datasets/all_labels_train_gensim_sparse_matrix.npz
archivalia.hypotheses.org/3692;histoire et archéologie_d, sciences sociales interdisciplinaires_d, histoire_t, approches de corpus_t, enquêtes_t, archives_t;Datasets/all_labels_train_gensim_sparse_matrix.npz
musermeku.hypotheses.org/3896;humanités pluridisciplinaires_d, pluridisciplinarité_d, sciences sociales interdisciplinaires_d, sociologie_t, sociologie de la culture_t, histoire_t, histoire politique_t;Datasets/all_labels_train_gensim_sparse_matrix.npz
mindthegaps.hypotheses.org/1402;études asiatiques_d, histoire_d, histoire_t, histoire culturelle_t, asie_t, chine_t;Datasets/all_labels_train_gensim_sparse_matrix.npz
archivalia.hypotheses.org/876;histoire et archéologie_d, sciences sociales interdisciplinaires_d, histoire_t, approches de corpus_t, enquêtes_t, archives_t;Datasets/all_labels_train_gensim_sparse_matrix.npz
achtundvierzig.hypotheses.org/222;sciences politiques_d, histoire_d, époque contemporaine_t, prospectives_t, histoire politique_t, monde germanique_t;Datasets/all_labels_train_gensim_sparse_matrix.npz
histbav.hypotheses.org/1204;humanités pluridisciplinaires_d, histoire_d, pluridisciplinarité_d, histoire_t, monde germanique_t;Datasets/all_labels_train_gensim_sparse_matrix.npz
speyermemo.hypotheses.org/2126;histoire_d, pluridisciplinarité_d, sciences sociales interdisciplinaires_d, sociologie de la culture_t, histoire_t, 1939-1945_t, europe_t;Datasets/all_labels_train_gensim_sparse_matrix.npz
guerre-froide.hypotheses.org/1318;histoire_d, relations internationales_t, histoire culturelle_t, 1945-1989_t;Datasets/all_labels_train_gensim_sparse_matrix.npz
amuc.hypotheses.org/1386;humanités pluridisciplinaires_d, histoire_d, histoire_t, représentations_t, patrimoine_t;Datasets/all_labels_train_gensim_sparse_matrix.npz
irhis.hypotheses.org/2539;arts et humanités_d, histoire et archéologie_d, histoire économique_t, histoire sociale_t, études visuelles_t;Datasets/all_labels_train_gensim_sparse_matrix.npz
wenhua.hypotheses.org/1411;études asiatiques_d, humanités pluridisciplinaires_d, histoire_d, histoire culturelle_t, asie_t;Datasets/all_labels_train_gensim_sparse_matrix.npz
bioeg.hypotheses.org/1007;histoire et archéologie_d, histoire_d, histoire_t, sciences auxiliaires de l'histoire_t, europe centrale et orientale_t, monde germanique_t;Datasets/all_labels_train_gensim_sparse_matrix.npz
2wkvisuell.hypotheses.org/489;arts et humanités_d, histoire et archéologie_d, histoire sociale_t, guerres_t, conflits_t, violence_t, histoire et sociologie des médias_t, études visuelles_t, époque contemporaine_t;Datasets/all_labels_train_gensim_sparse_matrix.npz
medienbildung.hypotheses.org/3184;éducation_d, éducation spécialisée_d, travail social_d, sociologie_t, édition électronique_t, histoire et sociologie des médias_t, éducation_t;Datasets/all_labels_train_gensim_sparse_matrix.npz
frueheneuzeit.hypotheses.org/799;histoire et archéologie_d, histoire_t, époque moderne_t, xviie siècle_t, xviiie siècle_t, révolution française_t;Datasets/all_labels_train_gensim_sparse_matrix.npz
lvrafz.hypotheses.org/643;pluridisciplinarité_d, information_t;Datasets/all_labels_train_gensim_sparse_matrix.npz
aktenkunde.hypotheses.org/306;histoire_d, histoire_t, sciences auxiliaires de l'histoire_t;Datasets/all_labels_train_gensim_sparse_matrix.npz
archivalia.hypotheses.org/9245;histoire et archéologie_d, sciences sociales interdisciplinaires_d, histoire_t, approches de corpus_t, enquêtes_t, archives_t;Datasets/all_labels_train_gensim_sparse_matrix.npz
ordensgeschichte.hypotheses.org/9463;arts et humanités_d, humanités pluridisciplinaires_d, histoire et archéologie_d, histoire et philosophie des sciences_d, histoire_t, haut moyen âge_t, bas moyen âge_t, xviie siècle_t, xviiie siècle_t;Datasets/all_labels_train_gensim_sparse_matrix.npz
resilienz.hypotheses.org/351;pluridisciplinarité_d, sciences sociales interdisciplinaires_d, études des sciences_t, épistémologie et méthodes_t, vie de la recherche_t, prospectives_t;Datasets/all_labels_train_gensim_sparse_matrix.npz
archiskop.hypotheses.org/45;archéologie_d, bas moyen âge_t;Datasets/all_labels_train_gensim_sparse_matrix.npz
archivewk1.hypotheses.org/4527;histoire_d, époque contemporaine_t, 1914-1918_t;Datasets/all_labels_train_gensim_sparse_matrix.npz
archivamt.hypotheses.org/3540;communication_d, pluridisciplinarité_d, sciences sociales interdisciplinaires_d, information_t, sciences de l'information_t, représentations_t, patrimoine_t;Datasets/all_labels_train_gensim_sparse_matrix.npz
frueheneuzeit.hypotheses.org/1603;histoire et archéologie_d, histoire_t, époque moderne_t, xviie siècle_t, xviiie siècle_t, révolution française_t;Datasets/all_labels_train_gensim_sparse_matrix.npz
1914lvr.hypotheses.org/1131;sciences politiques_d, histoire_t, époque contemporaine_t, 1914-1918_t;Datasets/all_labels_train_gensim_sparse_matrix.npz
wwc.hypotheses.org/290;humanités pluridisciplinaires_d, pluridisciplinarité_d, études régionales_d, relations internationales_t, information_t, représentations_t;Datasets/all_labels_train_gensim_sparse_matrix.npz
archivalia.hypotheses.org/11510;histoire et archéologie_d, sciences sociales interdisciplinaires_d, histoire_t, approches de corpus_t, enquêtes_t, archives_t;Datasets/all_labels_train_gensim_sparse_matrix.npz
archivewk1.hypotheses.org/26615;histoire_d, époque contemporaine_t, 1914-1918_t;Datasets/all_labels_train_gensim_sparse_matrix.npz
archivewk1.hypotheses.org/5745;histoire_d, époque contemporaine_t, 1914-1918_t;Datasets/all_labels_train_gensim_sparse_matrix.npz
archivewk1.hypotheses.org/20547;histoire_d, époque contemporaine_t, 1914-1918_t;Datasets/all_labels_train_gensim_sparse_matrix.npz
kriegsfoto.hypotheses.org/407;arts_d, histoire_d, communication_d, guerres_t, conflits_t, violence_t, études visuelles_t, époque contemporaine_t, europe centrale et orientale_t;Datasets/all_labels_train_gensim_sparse_matrix.npz
ordensgeschichte.hypotheses.org/4384;arts et humanités_d, humanités pluridisciplinaires_d, histoire et archéologie_d, histoire et philosophie des sciences_d, histoire_t, haut moyen âge_t, bas moyen âge_t, xviie siècle_t, xviiie siècle_t;Datasets/all_labels_train_gensim_sparse_matrix.npz
metablock.hypotheses.org/516;sciences sociales interdisciplinaires_d, linguistique appliquée_d, langue et linguistique_d, sociologie des sciences_t, langage_t, linguistique_t, édition électronique_t, histoire et sociologie des médias_t;Datasets/all_labels_train_gensim_sparse_matrix.npz
inklusion.hypotheses.org/2476;éducation_d, travail social et politique sociale_d, sociologie du travail_t, âges de la vie_t, information_t, sciences de l'éducation_t;Datasets/all_labels_train_gensim_sparse_matrix.npz
mindthegaps.hypotheses.org/931;études asiatiques_d, histoire_d, histoire_t, histoire culturelle_t, asie_t, chine_t;Datasets/all_labels_train_gensim_sparse_matrix.npz
archivalia.hypotheses.org/886;histoire et archéologie_d, sciences sociales interdisciplinaires_d, histoire_t, approches de corpus_t, enquêtes_t, archives_t;Datasets/all_labels_train_gensim_sparse_matrix.npz
mittelalter.hypotheses.org/1675;humanités pluridisciplinaires_d, religions_d, histoire_d, sociologie_d, histoire_t, histoire sociale_t, histoire intellectuelle_t, moyen âge_t, haut moyen âge_t, bas moyen âge_t;Datasets/all_labels_train_gensim_sparse_matrix.npz
wenhua.hypotheses.org/171;études asiatiques_d, humanités pluridisciplinaires_d, histoire_d, histoire culturelle_t, asie_t;Datasets/all_labels_train_gensim_sparse_matrix.npz
tagebuch.hypotheses.org/1426;histoire et archéologie_d, histoire_d, histoire_t, époque contemporaine_t, 1914-1918_t;Datasets/all_labels_train_gensim_sparse_matrix.npz
19jhdhip.hypotheses.org/2821;histoire_d, époque contemporaine_t, prospectives_t, france_t, monde germanique_t;Datasets/all_labels_train_gensim_sparse_matrix.npz
archivamt.hypotheses.org/749;communication_d, pluridisciplinarité_d, sciences sociales interdisciplinaires_d, information_t, sciences de l'information_t, représentations_t, patrimoine_t;Datasets/all_labels_train_gensim_sparse_matrix.npz
archivalia.hypotheses.org/2528;histoire et archéologie_d, sciences sociales interdisciplinaires_d, histoire_t, approches de corpus_t, enquêtes_t, archives_t;Datasets/all_labels_train_gensim_sparse_matrix.npz
gra.hypotheses.org/1678;arts et humanités_d, communication_d, sciences de l'information et bibliothéconomie_d, représentations_t, histoire culturelle_t, histoire de l'art_t, études visuelles_t;Datasets/all_labels_train_gensim_sparse_matrix.npz
archivalia.hypotheses.org/53941;histoire et archéologie_d, sciences sociales interdisciplinaires_d, histoire_t, approches de corpus_t, enquêtes_t, archives_t;Datasets/all_labels_train_gensim_sparse_matrix.npz
uegg.hypotheses.org/185;histoire_d, histoire_t, histoire politique_t, époque contemporaine_t, xxe siècle_t, prospectives_t;Datasets/all_labels_train_gensim_sparse_matrix.npz
archivalia.hypotheses.org/51914;histoire et archéologie_d, sciences sociales interdisciplinaires_d, histoire_t, approches de corpus_t, enquêtes_t, archives_t;Datasets/all_labels_train_gensim_sparse_matrix.npz
archivewk1.hypotheses.org/6147;histoire_d, époque contemporaine_t, 1914-1918_t;Datasets/all_labels_train_gensim_sparse_matrix.npz
archivewk1.hypotheses.org/21146;histoire_d, époque contemporaine_t, 1914-1918_t;Datasets/all_labels_train_gensim_sparse_matrix.npz
archivalia.hypotheses.org/59869;histoire et archéologie_d, sciences sociales interdisciplinaires_d, histoire_t, approches de corpus_t, enquêtes_t, archives_t;Datasets/all_labels_train_gensim_sparse_matrix.npz
histbav.hypotheses.org/4604;humanités pluridisciplinaires_d, histoire_d, pluridisciplinarité_d, histoire_t, monde germanique_t;Datasets/all_labels_train_gensim_sparse_matrix.npz
archivalia.hypotheses.org/1427;histoire et archéologie_d, sciences sociales interdisciplinaires_d, histoire_t, approches de corpus_t, enquêtes_t, archives_t;Datasets/all_labels_train_gensim_sparse_matrix.npz
gab.hypotheses.org/945;histoire et archéologie_d, pluridisciplinarité_d, sciences sociales interdisciplinaires_d, études des sciences_t, sociologie des sciences_t, histoire_t;Datasets/all_labels_train_gensim_sparse_matrix.npz
archivalia.hypotheses.org/53305;histoire et archéologie_d, sciences sociales interdisciplinaires_d, histoire_t, approches de corpus_t, enquêtes_t, archives_t;Datasets/all_labels_train_gensim_sparse_matrix.npz
archive20.hypotheses.org/1040;pluridisciplinarité_d, sciences sociales interdisciplinaires_d, histoire_t, information_t, patrimoine_t, monde germanique_t;Datasets/all_labels_train_gensim_sparse_matrix.npz
archivewk1.hypotheses.org/5666;histoire_d, époque contemporaine_t, 1914-1918_t;Datasets/all_labels_train_gensim_sparse_matrix.npz
aktenkunde.hypotheses.org/324;histoire_d, histoire_t, sciences auxiliaires de l'histoire_t;Datasets/all_labels_train_gensim_sparse_matrix.npz
soziologieblog.hypotheses.org/3735;sciences sociales interdisciplinaires_d, sociologie et anthropologie_d, sociologie du travail_t, sociologie urbaine_t, sociologie de la culture_t, sociologie économique_t;Datasets/all_labels_train_gensim_sparse_matrix.npz
archive20.hypotheses.org/2195;pluridisciplinarité_d, sciences sociales interdisciplinaires_d, histoire_t, information_t, patrimoine_t, monde germanique_t;Datasets/all_labels_train_gensim_sparse_matrix.npz
archivalia.hypotheses.org/1085;histoire et archéologie_d, sciences sociales interdisciplinaires_d, histoire_t, approches de corpus_t, enquêtes_t, archives_t;Datasets/all_labels_train_gensim_sparse_matrix.npz
dss.hypotheses.org/1107;arts et humanités_d, communication_d, sciences de l'information et bibliothéconomie_d, information_t, édition électronique_t, représentations_t, histoire de l'art_t, patrimoine_t, prospectives_t;Datasets/all_labels_train_gensim_sparse_matrix.npz
archivalia.hypotheses.org/7319;histoire et archéologie_d, sciences sociales interdisciplinaires_d, histoire_t, approches de corpus_t, enquêtes_t, archives_t;Datasets/all_labels_train_gensim_sparse_matrix.npz
zakunibonn.hypotheses.org/213;histoire_d, psychologie_d, histoire_t, psychisme_t, psychologie_t, méthodes de traitement et de représentation_t, monde germanique_t;Datasets/all_labels_train_gensim_sparse_matrix.npz
games.hypotheses.org/1590;arts et humanités_d, humanités pluridisciplinaires_d, psychologie expérimentale_d, sciences cognitives_t, psychisme_t, psychologie_t, représentations_t, histoire de l'art_t, études visuelles_t;Datasets/all_labels_train_gensim_sparse_matrix.npz
liparchiv.hypotheses.org/535;histoire et archéologie_d, sciences politiques_d, administration publique et développement_d, histoire urbaine_t, patrimoine_t, sciences auxiliaires de l'histoire_t, approches de corpus_t, enquêtes_t, archives_t, europe_t;Datasets/all_labels_train_gensim_sparse_matrix.npz
archivewk1.hypotheses.org/4685;histoire_d, époque contemporaine_t, 1914-1918_t;Datasets/all_labels_train_gensim_sparse_matrix.npz
dokunstlmu.hypotheses.org/1242;arts et humanités_d, histoire intellectuelle_t;Datasets/all_labels_train_gensim_sparse_matrix.npz
bioeg.hypotheses.org/1514;histoire et archéologie_d, histoire_d, histoire_t, sciences auxiliaires de l'histoire_t, europe centrale et orientale_t, monde germanique_t;Datasets/all_labels_train_gensim_sparse_matrix.npz
zakunibonn.hypotheses.org/1329;histoire_d, psychologie_d, histoire_t, psychisme_t, psychologie_t, méthodes de traitement et de représentation_t, monde germanique_t;Datasets/all_labels_train_gensim_sparse_matrix.npz
archivewk1.hypotheses.org/7652;histoire_d, époque contemporaine_t, 1914-1918_t;Datasets/all_labels_train_gensim_sparse_matrix.npz
dguw.hypotheses.org/257;histoire et archéologie_d, histoire_t, historiographie_t, digital humanities_t;Datasets/all_labels_train_gensim_sparse_matrix.npz
bioeg.hypotheses.org/126;histoire et archéologie_d, histoire_d, histoire_t, sciences auxiliaires de l'histoire_t, europe centrale et orientale_t, monde germanique_t;Datasets/all_labels_train_gensim_sparse_matrix.npz
mindthegaps.hypotheses.org/15;études asiatiques_d, histoire_d, histoire_t, histoire culturelle_t, asie_t, chine_t;Datasets/all_labels_train_gensim_sparse_matrix.npz
kristinoswald.hypotheses.org/1545;études anciennes_d, études des sciences_t, histoire_t, histoire et sociologie des médias_t, histoire culturelle_t, digital humanities_t;Datasets/all_labels_train_gensim_sparse_matrix.npz
futurecity.hypotheses.org/133;sciences politiques_d, administration publique et développement_d, sociologie urbaine_t;Datasets/all_labels_train_gensim_sparse_matrix.npz
ordensgeschichte.hypotheses.org/8414;arts et humanités_d, humanités pluridisciplinaires_d, histoire et archéologie_d, histoire et philosophie des sciences_d, histoire_t, haut moyen âge_t, bas moyen âge_t, xviie siècle_t, xviiie siècle_t;Datasets/all_labels_train_gensim_sparse_matrix.npz
histbav.hypotheses.org/3458;humanités pluridisciplinaires_d, histoire_d, pluridisciplinarité_d, histoire_t, monde germanique_t;Datasets/all_labels_train_gensim_sparse_matrix.npz
jameel.hypotheses.org/356;pluridisciplinarité_d, études régionales_d, archéologie_d, arts_d, humanités pluridisciplinaires_d, représentations_t, asie_t, digital humanities_t, histoire de l'art_t;Datasets/all_labels_train_gensim_sparse_matrix.npz
archivalia.hypotheses.org/10531;histoire et archéologie_d, sciences sociales interdisciplinaires_d, histoire_t, approches de corpus_t, enquêtes_t, archives_t;Datasets/all_labels_train_gensim_sparse_matrix.npz
archivalia.hypotheses.org/1468;histoire et archéologie_d, sciences sociales interdisciplinaires_d, histoire_t, approches de corpus_t, enquêtes_t, archives_t;Datasets/all_labels_train_gensim_sparse_matrix.npz
grandeguerre.hypotheses.org/1257;histoire et archéologie_d, histoire_t, 1914-1918_t, prospectives_t, france_t, monde germanique_t;Datasets/all_labels_train_gensim_sparse_matrix.npz
archivalia.hypotheses.org/13703;histoire et archéologie_d, sciences sociales interdisciplinaires_d, histoire_t, approches de corpus_t, enquêtes_t, archives_t;Datasets/all_labels_train_gensim_sparse_matrix.npz
archive20.hypotheses.org/1318;pluridisciplinarité_d, sciences sociales interdisciplinaires_d, histoire_t, information_t, patrimoine_t, monde germanique_t;Datasets/all_labels_train_gensim_sparse_matrix.npz
liparchiv.hypotheses.org/1090;histoire et archéologie_d, sciences politiques_d, administration publique et développement_d, histoire urbaine_t, patrimoine_t, sciences auxiliaires de l'histoire_t, approches de corpus_t, enquêtes_t, archives_t, europe_t;Datasets/all_labels_train_gensim_sparse_matrix.npz
studpro.hypotheses.org/372;histoire_d, histoire_t, époque moderne_t, xviie siècle_t, xviiie siècle_t;Datasets/all_labels_train_gensim_sparse_matrix.npz
archivewk1.hypotheses.org/5138;histoire_d, époque contemporaine_t, 1914-1918_t;Datasets/all_labels_train_gensim_sparse_matrix.npz
archivalia.hypotheses.org/12663;histoire et archéologie_d, sciences sociales interdisciplinaires_d, histoire_t, approches de corpus_t, enquêtes_t, archives_t;Datasets/all_labels_train_gensim_sparse_matrix.npz
archivalia.hypotheses.org/6624;histoire et archéologie_d, sciences sociales interdisciplinaires_d, histoire_t, approches de corpus_t, enquêtes_t, archives_t;Datasets/all_labels_train_gensim_sparse_matrix.npz
oberrhein.hypotheses.org/568;religions_d, archéologie_d, histoire_d, histoire_t, moyen âge_t, france_t, monde germanique_t;Datasets/all_labels_train_gensim_sparse_matrix.npz
archivewk1.hypotheses.org/8097;histoire_d, époque contemporaine_t, 1914-1918_t;Datasets/all_labels_train_gensim_sparse_matrix.npz
archivalia.hypotheses.org/3449;histoire et archéologie_d, sciences sociales interdisciplinaires_d, histoire_t, approches de corpus_t, enquêtes_t, archives_t;Datasets/all_labels_train_gensim_sparse_matrix.npz
archivalia.hypotheses.org/7215;histoire et archéologie_d, sciences sociales interdisciplinaires_d, histoire_t, approches de corpus_t, enquêtes_t, archives_t;Datasets/all_labels_train_gensim_sparse_matrix.npz
archivalia.hypotheses.org/5230;histoire et archéologie_d, sciences sociales interdisciplinaires_d, histoire_t, approches de corpus_t, enquêtes_t, archives_t;Datasets/all_labels_train_gensim_sparse_matrix.npz
bioeg.hypotheses.org/199;histoire et archéologie_d, histoire_d, histoire_t, sciences auxiliaires de l'histoire_t, europe centrale et orientale_t, monde germanique_t;Datasets/all_labels_train_gensim_sparse_matrix.npz
archivalia.hypotheses.org/5989;histoire et archéologie_d, sciences sociales interdisciplinaires_d, histoire_t, approches de corpus_t, enquêtes_t, archives_t;Datasets/all_labels_train_gensim_sparse_matrix.npz
jeunegen.hypotheses.org/230;histoire_d, pluridisciplinarité_d, histoire_t, vie de la recherche_t, moyen âge_t, haut moyen âge_t, bas moyen âge_t;Datasets/all_labels_train_gensim_sparse_matrix.npz
archivalia.hypotheses.org/13536;histoire et archéologie_d, sciences sociales interdisciplinaires_d, histoire_t, approches de corpus_t, enquêtes_t, archives_t;Datasets/all_labels_train_gensim_sparse_matrix.npz
archivalia.hypotheses.org/10364;histoire et archéologie_d, sciences sociales interdisciplinaires_d, histoire_t, approches de corpus_t, enquêtes_t, archives_t;Datasets/all_labels_train_gensim_sparse_matrix.npz
archivalia.hypotheses.org/8194;histoire et archéologie_d, sciences sociales interdisciplinaires_d, histoire_t, approches de corpus_t, enquêtes_t, archives_t;Datasets/all_labels_train_gensim_sparse_matrix.npz
histbav.hypotheses.org/1918;humanités pluridisciplinaires_d, histoire_d, pluridisciplinarité_d, histoire_t, monde germanique_t;Datasets/all_labels_train_gensim_sparse_matrix.npz
dokunstlmu.hypotheses.org/1557;arts et humanités_d, histoire intellectuelle_t;Datasets/all_labels_train_gensim_sparse_matrix.npz
rkb.hypotheses.org/1049;arts et humanités_d, communication_d, sciences de l'information et bibliothéconomie_d, sociologie des sciences_t, édition électronique_t, histoire et sociologie des médias_t;Datasets/all_labels_train_gensim_sparse_matrix.npz
archivalia.hypotheses.org/11045;histoire et archéologie_d, sciences sociales interdisciplinaires_d, histoire_t, approches de corpus_t, enquêtes_t, archives_t;Datasets/all_labels_train_gensim_sparse_matrix.npz
1914lvr.hypotheses.org/1433;sciences politiques_d, histoire_t, époque contemporaine_t, 1914-1918_t;Datasets/all_labels_train_gensim_sparse_matrix.npz
archivewk1.hypotheses.org/30516;histoire_d, époque contemporaine_t, 1914-1918_t;Datasets/all_labels_train_gensim_sparse_matrix.npz
archivekod.hypotheses.org/644;religions_d, histoire et archéologie_d, sciences de l'information et de la communication_d, bibliothéconomie_d, communication_d, histoire_t, histoire des religions_t, patrimoine_t;Datasets/all_labels_train_gensim_sparse_matrix.npz
bioeg.hypotheses.org/1940;histoire et archéologie_d, histoire_d, histoire_t, sciences auxiliaires de l'histoire_t, europe centrale et orientale_t, monde germanique_t;Datasets/all_labels_train_gensim_sparse_matrix.npz
liparchiv.hypotheses.org/1079;histoire et archéologie_d, sciences politiques_d, administration publique et développement_d, histoire urbaine_t, patrimoine_t, sciences auxiliaires de l'histoire_t, approches de corpus_t, enquêtes_t, archives_t, europe_t;Datasets/all_labels_train_gensim_sparse_matrix.npz
soziologieblog.hypotheses.org/9789;sciences sociales interdisciplinaires_d, sociologie et anthropologie_d, sociologie du travail_t, sociologie urbaine_t, sociologie de la culture_t, sociologie économique_t;Datasets/all_labels_train_gensim_sparse_matrix.npz
wenhua.hypotheses.org/852;études asiatiques_d, humanités pluridisciplinaires_d, histoire_d, histoire culturelle_t, asie_t;Datasets/all_labels_train_gensim_sparse_matrix.npz
medienbildung.hypotheses.org/7716;éducation_d, éducation spécialisée_d, travail social_d, sociologie_t, édition électronique_t, histoire et sociologie des médias_t, éducation_t;Datasets/all_labels_train_gensim_sparse_matrix.npz
games.hypotheses.org/1807;arts et humanités_d, humanités pluridisciplinaires_d, psychologie expérimentale_d, sciences cognitives_t, psychisme_t, psychologie_t, représentations_t, histoire de l'art_t, études visuelles_t;Datasets/all_labels_train_gensim_sparse_matrix.npz
archiskop.hypotheses.org/49;archéologie_d, bas moyen âge_t;Datasets/all_labels_train_gensim_sparse_matrix.npz
archivalia.hypotheses.org/11191;histoire et archéologie_d, sciences sociales interdisciplinaires_d, histoire_t, approches de corpus_t, enquêtes_t, archives_t;Datasets/all_labels_train_gensim_sparse_matrix.npz
archivalia.hypotheses.org/8387;histoire et archéologie_d, sciences sociales interdisciplinaires_d, histoire_t, approches de corpus_t, enquêtes_t, archives_t;Datasets/all_labels_train_gensim_sparse_matrix.npz
historischdenken.hypotheses.org/2289;histoire et archéologie_d, histoire_t;Datasets/all_labels_train_gensim_sparse_matrix.npz
digigw.hypotheses.org/1218;humanités pluridisciplinaires_d, histoire_t, édition électronique_t, sciences auxiliaires de l'histoire_t, digital humanities_t;Datasets/all_labels_train_gensim_sparse_matrix.npz
nordichistoryblog.hypotheses.org/2425;arts et humanités_d, histoire et archéologie_d, histoire_t, édition électronique_t, vie de la recherche_t, approches de corpus_t, enquêtes_t, archives_t, europe_t, pays baltes et scandinaves_t;Datasets/all_labels_train_gensim_sparse_matrix.npz
archivalia.hypotheses.org/53264;histoire et archéologie_d, sciences sociales interdisciplinaires_d, histoire_t, approches de corpus_t, enquêtes_t, archives_t;Datasets/all_labels_train_gensim_sparse_matrix.npz
soziologieblog.hypotheses.org/5378;sciences sociales interdisciplinaires_d, sociologie et anthropologie_d, sociologie du travail_t, sociologie urbaine_t, sociologie de la culture_t, sociologie économique_t;Datasets/all_labels_train_gensim_sparse_matrix.npz
gab.hypotheses.org/3039;histoire et archéologie_d, pluridisciplinarité_d, sciences sociales interdisciplinaires_d, études des sciences_t, sociologie des sciences_t, histoire_t;Datasets/all_labels_train_gensim_sparse_matrix.npz
archivalia.hypotheses.org/12934;histoire et archéologie_d, sciences sociales interdisciplinaires_d, histoire_t, approches de corpus_t, enquêtes_t, archives_t;Datasets/all_labels_train_gensim_sparse_matrix.npz
archivalia.hypotheses.org/8540;histoire et archéologie_d, sciences sociales interdisciplinaires_d, histoire_t, approches de corpus_t, enquêtes_t, archives_t;Datasets/all_labels_train_gensim_sparse_matrix.npz
bioeg.hypotheses.org/1424;histoire et archéologie_d, histoire_d, histoire_t, sciences auxiliaires de l'histoire_t, europe centrale et orientale_t, monde germanique_t;Datasets/all_labels_train_gensim_sparse_matrix.npz
naps.hypotheses.org/632;histoire_d, histoire_t, épistémologie et méthodes_t, approches de corpus_t, enquêtes_t, archives_t, prospectives_t, france_t, monde germanique_t;Datasets/all_labels_train_gensim_sparse_matrix.npz
soziologieblog.hypotheses.org/2958;sciences sociales interdisciplinaires_d, sociologie et anthropologie_d, sociologie du travail_t, sociologie urbaine_t, sociologie de la culture_t, sociologie économique_t;Datasets/all_labels_train_gensim_sparse_matrix.npz
rkb.hypotheses.org/1075;arts et humanités_d, communication_d, sciences de l'information et bibliothéconomie_d, sociologie des sciences_t, édition électronique_t, histoire et sociologie des médias_t;Datasets/all_labels_train_gensim_sparse_matrix.npz
archivalia.hypotheses.org/11994;histoire et archéologie_d, sciences sociales interdisciplinaires_d, histoire_t, approches de corpus_t, enquêtes_t, archives_t;Datasets/all_labels_train_gensim_sparse_matrix.npz
archivalia.hypotheses.org/5314;histoire et archéologie_d, sciences sociales interdisciplinaires_d, histoire_t, approches de corpus_t, enquêtes_t, archives_t;Datasets/all_labels_train_gensim_sparse_matrix.npz
medienbildung.hypotheses.org/7647;éducation_d, éducation spécialisée_d, travail social_d, sociologie_t, édition électronique_t, histoire et sociologie des médias_t, éducation_t;Datasets/all_labels_train_gensim_sparse_matrix.npz
histbav.hypotheses.org/2644;humanités pluridisciplinaires_d, histoire_d, pluridisciplinarité_d, histoire_t, monde germanique_t;Datasets/all_labels_train_gensim_sparse_matrix.npz
kriegsfoto.hypotheses.org/568;arts_d, histoire_d, communication_d, guerres_t, conflits_t, violence_t, études visuelles_t, époque contemporaine_t, europe centrale et orientale_t;Datasets/all_labels_train_gensim_sparse_matrix.npz
historischdenken.hypotheses.org/1786;histoire et archéologie_d, histoire_t;Datasets/all_labels_train_gensim_sparse_matrix.npz
archivalia.hypotheses.org/473;histoire et archéologie_d, sciences sociales interdisciplinaires_d, histoire_t, approches de corpus_t, enquêtes_t, archives_t;Datasets/all_labels_train_gensim_sparse_matrix.npz
reichwein.hypotheses.org/1084;histoire et archéologie_d, histoire des sciences_t, 1945-1989_t;Datasets/all_labels_train_gensim_sparse_matrix.npz
schotten.hypotheses.org/1114;religions_d, histoire et archéologie_d, sciences de l'information et de la communication_d, bibliothéconomie_d, histoire_t, histoire des religions_t, approches de corpus_t, enquêtes_t, archives_t, monde germanique_t;Datasets/all_labels_train_gensim_sparse_matrix.npz
bereschitrabba.hypotheses.org/1187;arts et humanités_d, religions_d, langue et linguistique_d, religions_t, histoire des religions_t;Datasets/all_labels_train_gensim_sparse_matrix.npz
soziologieblog.hypotheses.org/4501;sciences sociales interdisciplinaires_d, sociologie et anthropologie_d, sociologie du travail_t, sociologie urbaine_t, sociologie de la culture_t, sociologie économique_t;Datasets/all_labels_train_gensim_sparse_matrix.npz
archivewk1.hypotheses.org/20693;histoire_d, époque contemporaine_t, 1914-1918_t;Datasets/all_labels_train_gensim_sparse_matrix.npz
fnzinfo.hypotheses.org/563;arts et humanités_d, musique_d, histoire et archéologie_d, histoire_t, xvie siècle_t, xviie siècle_t, xviiie siècle_t, révolution française_t;Datasets/all_labels_train_gensim_sparse_matrix.npz
archivlinz.hypotheses.org/608;histoire et archéologie_d, histoire_d, histoire urbaine_t, 1914-1918_t, monde germanique_t;Datasets/all_labels_train_gensim_sparse_matrix.npz
archivewk1.hypotheses.org/22967;histoire_d, époque contemporaine_t, 1914-1918_t;Datasets/all_labels_train_gensim_sparse_matrix.npz
redaktionsblog.hypotheses.org/2009;arts et humanités_d, humanités pluridisciplinaires_d, épistémologie et méthodes_t, digital humanities_t;Datasets/all_labels_train_gensim_sparse_matrix.npz
archivalia.hypotheses.org/13082;histoire et archéologie_d, sciences sociales interdisciplinaires_d, histoire_t, approches de corpus_t, enquêtes_t, archives_t;Datasets/all_labels_train_gensim_sparse_matrix.npz
archivewk1.hypotheses.org/10637;histoire_d, époque contemporaine_t, 1914-1918_t;Datasets/all_labels_train_gensim_sparse_matrix.npz
archivalia.hypotheses.org/58337;histoire et archéologie_d, sciences sociales interdisciplinaires_d, histoire_t, approches de corpus_t, enquêtes_t, archives_t;Datasets/all_labels_train_gensim_sparse_matrix.npz
archivalia.hypotheses.org/8456;histoire et archéologie_d, sciences sociales interdisciplinaires_d, histoire_t, approches de corpus_t, enquêtes_t, archives_t;Datasets/all_labels_train_gensim_sparse_matrix.npz
archivewk1.hypotheses.org/16237;histoire_d, époque contemporaine_t, 1914-1918_t;Datasets/all_labels_train_gensim_sparse_matrix.npz
frueheneuzeit.hypotheses.org/603;histoire et archéologie_d, histoire_t, époque moderne_t, xviie siècle_t, xviiie siècle_t, révolution française_t;Datasets/all_labels_train_gensim_sparse_matrix.npz
archivalia.hypotheses.org/2639;histoire et archéologie_d, sciences sociales interdisciplinaires_d, histoire_t, approches de corpus_t, enquêtes_t, archives_t;Datasets/all_labels_train_gensim_sparse_matrix.npz
archivalia.hypotheses.org/10470;histoire et archéologie_d, sciences sociales interdisciplinaires_d, histoire_t, approches de corpus_t, enquêtes_t, archives_t;Datasets/all_labels_train_gensim_sparse_matrix.npz
speyermemo.hypotheses.org/2765;histoire_d, pluridisciplinarité_d, sciences sociales interdisciplinaires_d, sociologie de la culture_t, histoire_t, 1939-1945_t, europe_t;Datasets/all_labels_train_gensim_sparse_matrix.npz
dokunstlmu.hypotheses.org/1156;arts et humanités_d, histoire intellectuelle_t;Datasets/all_labels_train_gensim_sparse_matrix.npz
archivewk1.hypotheses.org/10062;histoire_d, époque contemporaine_t, 1914-1918_t;Datasets/all_labels_train_gensim_sparse_matrix.npz
trivium.hypotheses.org/284;arts et humanités_d, humanités pluridisciplinaires_d, pluridisciplinarité_d, sciences sociales interdisciplinaires_d, représentations_t, histoire culturelle_t, épistémologie et méthodes_t, vie de la recherche_t;Datasets/all_labels_train_gensim_sparse_matrix.npz
pophistory.hypotheses.org/1873;humanités pluridisciplinaires_d, histoire et archéologie_d, sociologie de la culture_t, histoire sociale_t, histoire culturelle_t, époque contemporaine_t;Datasets/all_labels_train_gensim_sparse_matrix.npz
archivalia.hypotheses.org/2793;histoire et archéologie_d, sciences sociales interdisciplinaires_d, histoire_t, approches de corpus_t, enquêtes_t, archives_t;Datasets/all_labels_train_gensim_sparse_matrix.npz
archivalia.hypotheses.org/13396;histoire et archéologie_d, sciences sociales interdisciplinaires_d, histoire_t, approches de corpus_t, enquêtes_t, archives_t;Datasets/all_labels_train_gensim_sparse_matrix.npz
archivewk1.hypotheses.org/31044;histoire_d, époque contemporaine_t, 1914-1918_t;Datasets/all_labels_train_gensim_sparse_matrix.npz
histbav.hypotheses.org/4102;humanités pluridisciplinaires_d, histoire_d, pluridisciplinarité_d, histoire_t, monde germanique_t;Datasets/all_labels_train_gensim_sparse_matrix.npz
mittelalter.hypotheses.org/2272;humanités pluridisciplinaires_d, religions_d, histoire_d, sociologie_d, histoire_t, histoire sociale_t, histoire intellectuelle_t, moyen âge_t, haut moyen âge_t, bas moyen âge_t;Datasets/all_labels_train_gensim_sparse_matrix.npz
nummer.hypotheses.org/20;histoire_d, sciences de l'information et de la communication_d, bibliothéconomie_d, histoire_t, histoire intellectuelle_t, histoire et sociologie des médias_t, histoire culturelle_t;Datasets/all_labels_train_gensim_sparse_matrix.npz
dkblog.hypotheses.org/272;histoire_d, histoire_t, époque moderne_t, xviie siècle_t;Datasets/all_labels_train_gensim_sparse_matrix.npz
nordichistoryblog.hypotheses.org/2266;arts et humanités_d, histoire et archéologie_d, histoire_t, édition électronique_t, vie de la recherche_t, approches de corpus_t, enquêtes_t, archives_t, europe_t, pays baltes et scandinaves_t;Datasets/all_labels_train_gensim_sparse_matrix.npz
archivalia.hypotheses.org/57026;histoire et archéologie_d, sciences sociales interdisciplinaires_d, histoire_t, approches de corpus_t, enquêtes_t, archives_t;Datasets/all_labels_train_gensim_sparse_matrix.npz
archivewk1.hypotheses.org/36900;histoire_d, époque contemporaine_t, 1914-1918_t;Datasets/all_labels_train_gensim_sparse_matrix.npz
archivekod.hypotheses.org/808;religions_d, histoire et archéologie_d, sciences de l'information et de la communication_d, bibliothéconomie_d, communication_d, histoire_t, histoire des religions_t, patrimoine_t;Datasets/all_labels_train_gensim_sparse_matrix.npz
futurecity.hypotheses.org/45;sciences politiques_d, administration publique et développement_d, sociologie urbaine_t;Datasets/all_labels_train_gensim_sparse_matrix.npz
dkblog.hypotheses.org/1053;histoire_d, histoire_t, époque moderne_t, xviie siècle_t;Datasets/all_labels_train_gensim_sparse_matrix.npz
revolt.hypotheses.org/1241;histoire_d, pluridisciplinarité_d, littérature_d, histoire et sociologie des médias_t, époque moderne_t, europe_t;Datasets/all_labels_train_gensim_sparse_matrix.npz
archivalia.hypotheses.org/8126;histoire et archéologie_d, sciences sociales interdisciplinaires_d, histoire_t, approches de corpus_t, enquêtes_t, archives_t;Datasets/all_labels_train_gensim_sparse_matrix.npz
kindzeit.hypotheses.org/225;éducation_d, histoire_d, histoire_t, sciences de l'éducation_t, xxie siècle_t;Datasets/all_labels_train_gensim_sparse_matrix.npz
archivalia.hypotheses.org/8302;histoire et archéologie_d, sciences sociales interdisciplinaires_d, histoire_t, approches de corpus_t, enquêtes_t, archives_t;Datasets/all_labels_train_gensim_sparse_matrix.npz
tagebuch.hypotheses.org/1259;histoire et archéologie_d, histoire_d, histoire_t, époque contemporaine_t, 1914-1918_t;Datasets/all_labels_train_gensim_sparse_matrix.npz
archivalia.hypotheses.org/12137;histoire et archéologie_d, sciences sociales interdisciplinaires_d, histoire_t, approches de corpus_t, enquêtes_t, archives_t;Datasets/all_labels_train_gensim_sparse_matrix.npz
dkblog.hypotheses.org/334;histoire_d, histoire_t, époque moderne_t, xviie siècle_t;Datasets/all_labels_train_gensim_sparse_matrix.npz
medienbildung.hypotheses.org/3873;éducation_d, éducation spécialisée_d, travail social_d, sociologie_t, édition électronique_t, histoire et sociologie des médias_t, éducation_t;Datasets/all_labels_train_gensim_sparse_matrix.npz
archivalia.hypotheses.org/59608;histoire et archéologie_d, sciences sociales interdisciplinaires_d, histoire_t, approches de corpus_t, enquêtes_t, archives_t;Datasets/all_labels_train_gensim_sparse_matrix.npz
archivalia.hypotheses.org/13211;histoire et archéologie_d, sciences sociales interdisciplinaires_d, histoire_t, approches de corpus_t, enquêtes_t, archives_t;Datasets/all_labels_train_gensim_sparse_matrix.npz
lvrafz.hypotheses.org/1603;pluridisciplinarité_d, information_t;Datasets/all_labels_train_gensim_sparse_matrix.npz
archivewk1.hypotheses.org/21236;histoire_d, époque contemporaine_t, 1914-1918_t;Datasets/all_labels_train_gensim_sparse_matrix.npz
archivalia.hypotheses.org/9191;histoire et archéologie_d, sciences sociales interdisciplinaires_d, histoire_t, approches de corpus_t, enquêtes_t, archives_t;Datasets/all_labels_train_gensim_sparse_matrix.npz
archivalia.hypotheses.org/61609;histoire et archéologie_d, sciences sociales interdisciplinaires_d, histoire_t, approches de corpus_t, enquêtes_t, archives_t;Datasets/all_labels_train_gensim_sparse_matrix.npz
archivalia.hypotheses.org/3516;histoire et archéologie_d, sciences sociales interdisciplinaires_d, histoire_t, approches de corpus_t, enquêtes_t, archives_t;Datasets/all_labels_train_gensim_sparse_matrix.npz
archivalia.hypotheses.org/14452;histoire et archéologie_d, sciences sociales interdisciplinaires_d, histoire_t, approches de corpus_t, enquêtes_t, archives_t;Datasets/all_labels_train_gensim_sparse_matrix.npz
archivalia.hypotheses.org/9003;histoire et archéologie_d, sciences sociales interdisciplinaires_d, histoire_t, approches de corpus_t, enquêtes_t, archives_t;Datasets/all_labels_train_gensim_sparse_matrix.npz
ockenheim.hypotheses.org/204;histoire et archéologie_d, archéologie_d, histoire_t, histoire urbaine_t, édition électronique_t, monde germanique_t;Datasets/all_labels_train_gensim_sparse_matrix.npz
schotten.hypotheses.org/1162;religions_d, histoire et archéologie_d, sciences de l'information et de la communication_d, bibliothéconomie_d, histoire_t, histoire des religions_t, approches de corpus_t, enquêtes_t, archives_t, monde germanique_t;Datasets/all_labels_train_gensim_sparse_matrix.npz
gra.hypotheses.org/1858;arts et humanités_d, communication_d, sciences de l'information et bibliothéconomie_d, représentations_t, histoire culturelle_t, histoire de l'art_t, études visuelles_t;Datasets/all_labels_train_gensim_sparse_matrix.npz
histbav.hypotheses.org/3443;humanités pluridisciplinaires_d, histoire_d, pluridisciplinarité_d, histoire_t, monde germanique_t;Datasets/all_labels_train_gensim_sparse_matrix.npz
nordichistoryblog.hypotheses.org/2821;arts et humanités_d, histoire et archéologie_d, histoire_t, édition électronique_t, vie de la recherche_t, approches de corpus_t, enquêtes_t, archives_t, europe_t, pays baltes et scandinaves_t;Datasets/all_labels_train_gensim_sparse_matrix.npz
archivewk1.hypotheses.org/26291;histoire_d, époque contemporaine_t, 1914-1918_t;Datasets/all_labels_train_gensim_sparse_matrix.npz
archivalia.hypotheses.org/14270;histoire et archéologie_d, sciences sociales interdisciplinaires_d, histoire_t, approches de corpus_t, enquêtes_t, archives_t;Datasets/all_labels_train_gensim_sparse_matrix.npz
archivalia.hypotheses.org/897;histoire et archéologie_d, sciences sociales interdisciplinaires_d, histoire_t, approches de corpus_t, enquêtes_t, archives_t;Datasets/all_labels_train_gensim_sparse_matrix.npz
archivalia.hypotheses.org/12704;histoire et archéologie_d, sciences sociales interdisciplinaires_d, histoire_t, approches de corpus_t, enquêtes_t, archives_t;Datasets/all_labels_train_gensim_sparse_matrix.npz
ordensgeschichte.hypotheses.org/10342;arts et humanités_d, humanités pluridisciplinaires_d, histoire et archéologie_d, histoire et philosophie des sciences_d, histoire_t, haut moyen âge_t, bas moyen âge_t, xviie siècle_t, xviiie siècle_t;Datasets/all_labels_train_gensim_sparse_matrix.npz
dgl.hypotheses.org/514;éducation spécialisée_d, histoire_d, histoire_t, histoire et sociologie des médias_t, éducation_t;Datasets/all_labels_train_gensim_sparse_matrix.npz
archivalia.hypotheses.org/14135;histoire et archéologie_d, sciences sociales interdisciplinaires_d, histoire_t, approches de corpus_t, enquêtes_t, archives_t;Datasets/all_labels_train_gensim_sparse_matrix.npz
ordensgeschichte.hypotheses.org/10330;arts et humanités_d, humanités pluridisciplinaires_d, histoire et archéologie_d, histoire et philosophie des sciences_d, histoire_t, haut moyen âge_t, bas moyen âge_t, xviie siècle_t, xviiie siècle_t;Datasets/all_labels_train_gensim_sparse_matrix.npz
medienbildung.hypotheses.org/6547;éducation_d, éducation spécialisée_d, travail social_d, sociologie_t, édition électronique_t, histoire et sociologie des médias_t, éducation_t;Datasets/all_labels_train_gensim_sparse_matrix.npz
archivewk1.hypotheses.org/9773;histoire_d, époque contemporaine_t, 1914-1918_t;Datasets/all_labels_train_gensim_sparse_matrix.npz
archivalia.hypotheses.org/5429;histoire et archéologie_d, sciences sociales interdisciplinaires_d, histoire_t, approches de corpus_t, enquêtes_t, archives_t;Datasets/all_labels_train_gensim_sparse_matrix.npz
archivalia.hypotheses.org/8381;histoire et archéologie_d, sciences sociales interdisciplinaires_d, histoire_t, approches de corpus_t, enquêtes_t, archives_t;Datasets/all_labels_train_gensim_sparse_matrix.npz
histbav.hypotheses.org/3213;humanités pluridisciplinaires_d, histoire_d, pluridisciplinarité_d, histoire_t, monde germanique_t;Datasets/all_labels_train_gensim_sparse_matrix.npz
archivewk1.hypotheses.org/14917;histoire_d, époque contemporaine_t, 1914-1918_t;Datasets/all_labels_train_gensim_sparse_matrix.npz
tagebuch.hypotheses.org/91;histoire et archéologie_d, histoire_d, histoire_t, époque contemporaine_t, 1914-1918_t;Datasets/all_labels_train_gensim_sparse_matrix.npz
archivewk1.hypotheses.org/13563;histoire_d, époque contemporaine_t, 1914-1918_t;Datasets/all_labels_train_gensim_sparse_matrix.npz
inklusion.hypotheses.org/876;éducation_d, travail social et politique sociale_d, sociologie du travail_t, âges de la vie_t, information_t, sciences de l'éducation_t;Datasets/all_labels_train_gensim_sparse_matrix.npz
archivalia.hypotheses.org/54335;histoire et archéologie_d, sciences sociales interdisciplinaires_d, histoire_t, approches de corpus_t, enquêtes_t, archives_t;Datasets/all_labels_train_gensim_sparse_matrix.npz
medialogic.hypotheses.org/870;arts et humanités_d, sciences de l'information et de la communication_d, bibliothéconomie_d, sociologie_t;Datasets/all_labels_train_gensim_sparse_matrix.npz
archivalia.hypotheses.org/9579;histoire et archéologie_d, sciences sociales interdisciplinaires_d, histoire_t, approches de corpus_t, enquêtes_t, archives_t;Datasets/all_labels_train_gensim_sparse_matrix.npz
archivalia.hypotheses.org/61733;histoire et archéologie_d, sciences sociales interdisciplinaires_d, histoire_t, approches de corpus_t, enquêtes_t, archives_t;Datasets/all_labels_train_gensim_sparse_matrix.npz
archivewk1.hypotheses.org/35079;histoire_d, époque contemporaine_t, 1914-1918_t;Datasets/all_labels_train_gensim_sparse_matrix.npz
wwc.hypotheses.org/1776;humanités pluridisciplinaires_d, pluridisciplinarité_d, études régionales_d, relations internationales_t, information_t, représentations_t;Datasets/all_labels_train_gensim_sparse_matrix.npz
tagebuch.hypotheses.org/734;histoire et archéologie_d, histoire_d, histoire_t, époque contemporaine_t, 1914-1918_t;Datasets/all_labels_train_gensim_sparse_matrix.npz
irhis.hypotheses.org/6944;arts et humanités_d, histoire et archéologie_d, histoire économique_t, histoire sociale_t, études visuelles_t;Datasets/all_labels_train_gensim_sparse_matrix.npz
archivewk1.hypotheses.org/3502;histoire_d, époque contemporaine_t, 1914-1918_t;Datasets/all_labels_train_gensim_sparse_matrix.npz
frueheneuzeit.hypotheses.org/835;histoire et archéologie_d, histoire_t, époque moderne_t, xviie siècle_t, xviiie siècle_t, révolution française_t;Datasets/all_labels_train_gensim_sparse_matrix.npz
mittelalter.hypotheses.org/4817;humanités pluridisciplinaires_d, religions_d, histoire_d, sociologie_d, histoire_t, histoire sociale_t, histoire intellectuelle_t, moyen âge_t, haut moyen âge_t, bas moyen âge_t;Datasets/all_labels_train_gensim_sparse_matrix.npz
soziologieblog.hypotheses.org/4418;sciences sociales interdisciplinaires_d, sociologie et anthropologie_d, sociologie du travail_t, sociologie urbaine_t, sociologie de la culture_t, sociologie économique_t;Datasets/all_labels_train_gensim_sparse_matrix.npz
archivalia.hypotheses.org/10894;histoire et archéologie_d, sciences sociales interdisciplinaires_d, histoire_t, approches de corpus_t, enquêtes_t, archives_t;Datasets/all_labels_train_gensim_sparse_matrix.npz
archivalia.hypotheses.org/10380;histoire et archéologie_d, sciences sociales interdisciplinaires_d, histoire_t, approches de corpus_t, enquêtes_t, archives_t;Datasets/all_labels_train_gensim_sparse_matrix.npz
archivewk1.hypotheses.org/34819;histoire_d, époque contemporaine_t, 1914-1918_t;Datasets/all_labels_train_gensim_sparse_matrix.npz
archivalia.hypotheses.org/8332;histoire et archéologie_d, sciences sociales interdisciplinaires_d, histoire_t, approches de corpus_t, enquêtes_t, archives_t;Datasets/all_labels_train_gensim_sparse_matrix.npz
archives.hypotheses.org/1041;histoire_d, communication_d, patrimoine_t, digital humanities_t, moyen âge_t, époque moderne_t, france_t, monde germanique_t;Datasets/all_labels_train_gensim_sparse_matrix.npz
archivalia.hypotheses.org/57128;histoire et archéologie_d, sciences sociales interdisciplinaires_d, histoire_t, approches de corpus_t, enquêtes_t, archives_t;Datasets/all_labels_train_gensim_sparse_matrix.npz
reichwein.hypotheses.org/1222;histoire et archéologie_d, histoire des sciences_t, 1945-1989_t;Datasets/all_labels_train_gensim_sparse_matrix.npz
archivewk1.hypotheses.org/23189;histoire_d, époque contemporaine_t, 1914-1918_t;Datasets/all_labels_train_gensim_sparse_matrix.npz
archivalia.hypotheses.org/9425;histoire et archéologie_d, sciences sociales interdisciplinaires_d, histoire_t, approches de corpus_t, enquêtes_t, archives_t;Datasets/all_labels_train_gensim_sparse_matrix.npz
majerus.hypotheses.org/986;histoire et archéologie_d, histoire des sciences sociales_d, histoire sociale_t, digital humanities_t, époque contemporaine_t, xxe siècle_t;Datasets/all_labels_train_gensim_sparse_matrix.npz
mittelalter.hypotheses.org/5211;humanités pluridisciplinaires_d, religions_d, histoire_d, sociologie_d, histoire_t, histoire sociale_t, histoire intellectuelle_t, moyen âge_t, haut moyen âge_t, bas moyen âge_t;Datasets/all_labels_train_gensim_sparse_matrix.npz
gid.hypotheses.org/1395;pluridisciplinarité_d, sciences sociales interdisciplinaires_d, études des sciences_t, histoire des sciences_t, pensée_t, histoire intellectuelle_t, histoire culturelle_t, prospectives_t;Datasets/all_labels_train_gensim_sparse_matrix.npz
archivalia.hypotheses.org/14364;histoire et archéologie_d, sciences sociales interdisciplinaires_d, histoire_t, approches de corpus_t, enquêtes_t, archives_t;Datasets/all_labels_train_gensim_sparse_matrix.npz
archive20.hypotheses.org/1992;pluridisciplinarité_d, sciences sociales interdisciplinaires_d, histoire_t, information_t, patrimoine_t, monde germanique_t;Datasets/all_labels_train_gensim_sparse_matrix.npz
lvrafz.hypotheses.org/585;pluridisciplinarité_d, information_t;Datasets/all_labels_train_gensim_sparse_matrix.npz
archivalia.hypotheses.org/14516;histoire et archéologie_d, sciences sociales interdisciplinaires_d, histoire_t, approches de corpus_t, enquêtes_t, archives_t;Datasets/all_labels_train_gensim_sparse_matrix.npz
revolt.hypotheses.org/656;histoire_d, pluridisciplinarité_d, littérature_d, histoire et sociologie des médias_t, époque moderne_t, europe_t;Datasets/all_labels_train_gensim_sparse_matrix.npz
ostbib.hypotheses.org/969;humanités pluridisciplinaires_d, histoire et archéologie_d, sciences de l'information et de la communication_d, bibliothéconomie_d, sciences sociales interdisciplinaires_d, sciences de l'information_t, édition électronique_t;Datasets/all_labels_train_gensim_sparse_matrix.npz
wwc.hypotheses.org/1126;humanités pluridisciplinaires_d, pluridisciplinarité_d, études régionales_d, relations internationales_t, information_t, représentations_t;Datasets/all_labels_train_gensim_sparse_matrix.npz
archivewk1.hypotheses.org/31997;histoire_d, époque contemporaine_t, 1914-1918_t;Datasets/all_labels_train_gensim_sparse_matrix.npz
archivalia.hypotheses.org/6628;histoire et archéologie_d, sciences sociales interdisciplinaires_d, histoire_t, approches de corpus_t, enquêtes_t, archives_t;Datasets/all_labels_train_gensim_sparse_matrix.npz
erinnerung.hypotheses.org/371;histoire et archéologie_d, histoire_t, xxe siècle_t, prospectives_t, europe_t;Datasets/all_labels_train_gensim_sparse_matrix.npz
gab.hypotheses.org/3065;histoire et archéologie_d, pluridisciplinarité_d, sciences sociales interdisciplinaires_d, études des sciences_t, sociologie des sciences_t, histoire_t;Datasets/all_labels_train_gensim_sparse_matrix.npz
netzwerk.hypotheses.org/1722;histoire et archéologie_d, histoire urbaine_t, histoire sociale_t, histoire intellectuelle_t, époque contemporaine_t;Datasets/all_labels_train_gensim_sparse_matrix.npz
archivalia.hypotheses.org/5445;histoire et archéologie_d, sciences sociales interdisciplinaires_d, histoire_t, approches de corpus_t, enquêtes_t, archives_t;Datasets/all_labels_train_gensim_sparse_matrix.npz
digigw.hypotheses.org/1227;humanités pluridisciplinaires_d, histoire_t, édition électronique_t, sciences auxiliaires de l'histoire_t, digital humanities_t;Datasets/all_labels_train_gensim_sparse_matrix.npz
dwgd.hypotheses.org/38;éducation_d, histoire_d, histoire des sciences sociales_d, histoire_t, éducation_t, sciences de l'éducation_t;Datasets/all_labels_train_gensim_sparse_matrix.npz
archives.hypotheses.org/1206;histoire_d, communication_d, patrimoine_t, digital humanities_t, moyen âge_t, époque moderne_t, france_t, monde germanique_t;Datasets/all_labels_train_gensim_sparse_matrix.npz
archivalia.hypotheses.org/4345;histoire et archéologie_d, sciences sociales interdisciplinaires_d, histoire_t, approches de corpus_t, enquêtes_t, archives_t;Datasets/all_labels_train_gensim_sparse_matrix.npz
nummer.hypotheses.org/35;histoire_d, sciences de l'information et de la communication_d, bibliothéconomie_d, histoire_t, histoire intellectuelle_t, histoire et sociologie des médias_t, histoire culturelle_t;Datasets/all_labels_train_gensim_sparse_matrix.npz
archivalia.hypotheses.org/11085;histoire et archéologie_d, sciences sociales interdisciplinaires_d, histoire_t, approches de corpus_t, enquêtes_t, archives_t;Datasets/all_labels_train_gensim_sparse_matrix.npz
digigw.hypotheses.org/445;humanités pluridisciplinaires_d, histoire_t, édition électronique_t, sciences auxiliaires de l'histoire_t, digital humanities_t;Datasets/all_labels_train_gensim_sparse_matrix.npz
histbav.hypotheses.org/3215;humanités pluridisciplinaires_d, histoire_d, pluridisciplinarité_d, histoire_t, monde germanique_t;Datasets/all_labels_train_gensim_sparse_matrix.npz
archivalia.hypotheses.org/781;histoire et archéologie_d, sciences sociales interdisciplinaires_d, histoire_t, approches de corpus_t, enquêtes_t, archives_t;Datasets/all_labels_train_gensim_sparse_matrix.npz
archivalia.hypotheses.org/9007;histoire et archéologie_d, sciences sociales interdisciplinaires_d, histoire_t, approches de corpus_t, enquêtes_t, archives_t;Datasets/all_labels_train_gensim_sparse_matrix.npz
archivewk1.hypotheses.org/19557;histoire_d, époque contemporaine_t, 1914-1918_t;Datasets/all_labels_train_gensim_sparse_matrix.npz
archivalia.hypotheses.org/9869;histoire et archéologie_d, sciences sociales interdisciplinaires_d, histoire_t, approches de corpus_t, enquêtes_t, archives_t;Datasets/all_labels_train_gensim_sparse_matrix.npz
archivewk1.hypotheses.org/1895;histoire_d, époque contemporaine_t, 1914-1918_t;Datasets/all_labels_train_gensim_sparse_matrix.npz
archivalia.hypotheses.org/7102;histoire et archéologie_d, sciences sociales interdisciplinaires_d, histoire_t, approches de corpus_t, enquêtes_t, archives_t;Datasets/all_labels_train_gensim_sparse_matrix.npz
archivalia.hypotheses.org/3410;histoire et archéologie_d, sciences sociales interdisciplinaires_d, histoire_t, approches de corpus_t, enquêtes_t, archives_t;Datasets/all_labels_train_gensim_sparse_matrix.npz
archivalia.hypotheses.org/6145;histoire et archéologie_d, sciences sociales interdisciplinaires_d, histoire_t, approches de corpus_t, enquêtes_t, archives_t;Datasets/all_labels_train_gensim_sparse_matrix.npz
archivalia.hypotheses.org/55641;histoire et archéologie_d, sciences sociales interdisciplinaires_d, histoire_t, approches de corpus_t, enquêtes_t, archives_t;Datasets/all_labels_train_gensim_sparse_matrix.npz
mittelalter.hypotheses.org/6096;humanités pluridisciplinaires_d, religions_d, histoire_d, sociologie_d, histoire_t, histoire sociale_t, histoire intellectuelle_t, moyen âge_t, haut moyen âge_t, bas moyen âge_t;Datasets/all_labels_train_gensim_sparse_matrix.npz
archives.hypotheses.org/759;histoire_d, communication_d, patrimoine_t, digital humanities_t, moyen âge_t, époque moderne_t, france_t, monde germanique_t;Datasets/all_labels_train_gensim_sparse_matrix.npz
archivewk1.hypotheses.org/18505;histoire_d, époque contemporaine_t, 1914-1918_t;Datasets/all_labels_train_gensim_sparse_matrix.npz
games.hypotheses.org/1442;arts et humanités_d, humanités pluridisciplinaires_d, psychologie expérimentale_d, sciences cognitives_t, psychisme_t, psychologie_t, représentations_t, histoire de l'art_t, études visuelles_t;Datasets/all_labels_train_gensim_sparse_matrix.npz
oberrhein.hypotheses.org/410;religions_d, archéologie_d, histoire_d, histoire_t, moyen âge_t, france_t, monde germanique_t;Datasets/all_labels_train_gensim_sparse_matrix.npz
oberrhein.hypotheses.org/278;religions_d, archéologie_d, histoire_d, histoire_t, moyen âge_t, france_t, monde germanique_t;Datasets/all_labels_train_gensim_sparse_matrix.npz
archivalia.hypotheses.org/10799;histoire et archéologie_d, sciences sociales interdisciplinaires_d, histoire_t, approches de corpus_t, enquêtes_t, archives_t;Datasets/all_labels_train_gensim_sparse_matrix.npz
archivalia.hypotheses.org/9314;histoire et archéologie_d, sciences sociales interdisciplinaires_d, histoire_t, approches de corpus_t, enquêtes_t, archives_t;Datasets/all_labels_train_gensim_sparse_matrix.npz
archivewk1.hypotheses.org/1208;histoire_d, époque contemporaine_t, 1914-1918_t;Datasets/all_labels_train_gensim_sparse_matrix.npz
jameel.hypotheses.org/655;pluridisciplinarité_d, études régionales_d, archéologie_d, arts_d, humanités pluridisciplinaires_d, représentations_t, asie_t, digital humanities_t, histoire de l'art_t;Datasets/all_labels_train_gensim_sparse_matrix.npz
grammata.hypotheses.org/199;études anciennes_d, religions_d, littérature_d, religions_t, littératures_t;Datasets/all_labels_train_gensim_sparse_matrix.npz
archivewk1.hypotheses.org/27748;histoire_d, époque contemporaine_t, 1914-1918_t;Datasets/all_labels_train_gensim_sparse_matrix.npz
archivalia.hypotheses.org/9842;histoire et archéologie_d, sciences sociales interdisciplinaires_d, histoire_t, approches de corpus_t, enquêtes_t, archives_t;Datasets/all_labels_train_gensim_sparse_matrix.npz
beruf.hypotheses.org/558;histoire et archéologie_d, histoire_d, histoire_t;Datasets/all_labels_train_gensim_sparse_matrix.npz
archivamt.hypotheses.org/518;communication_d, pluridisciplinarité_d, sciences sociales interdisciplinaires_d, information_t, sciences de l'information_t, représentations_t, patrimoine_t;Datasets/all_labels_train_gensim_sparse_matrix.npz
dokunstlmu.hypotheses.org/1139;arts et humanités_d, histoire intellectuelle_t;Datasets/all_labels_train_gensim_sparse_matrix.npz
lvrafz.hypotheses.org/2118;pluridisciplinarité_d, information_t;Datasets/all_labels_train_gensim_sparse_matrix.npz
archivalia.hypotheses.org/9006;histoire et archéologie_d, sciences sociales interdisciplinaires_d, histoire_t, approches de corpus_t, enquêtes_t, archives_t;Datasets/all_labels_train_gensim_sparse_matrix.npz
archivewk1.hypotheses.org/29737;histoire_d, époque contemporaine_t, 1914-1918_t;Datasets/all_labels_train_gensim_sparse_matrix.npz
archivalia.hypotheses.org/10829;histoire et archéologie_d, sciences sociales interdisciplinaires_d, histoire_t, approches de corpus_t, enquêtes_t, archives_t;Datasets/all_labels_train_gensim_sparse_matrix.npz
redaktionsblog.hypotheses.org/1214;arts et humanités_d, humanités pluridisciplinaires_d, épistémologie et méthodes_t, digital humanities_t;Datasets/all_labels_train_gensim_sparse_matrix.npz
ordensgeschichte.hypotheses.org/6415;arts et humanités_d, humanités pluridisciplinaires_d, histoire et archéologie_d, histoire et philosophie des sciences_d, histoire_t, haut moyen âge_t, bas moyen âge_t, xviie siècle_t, xviiie siècle_t;Datasets/all_labels_train_gensim_sparse_matrix.npz
archives.hypotheses.org/852;histoire_d, communication_d, patrimoine_t, digital humanities_t, moyen âge_t, époque moderne_t, france_t, monde germanique_t;Datasets/all_labels_train_gensim_sparse_matrix.npz
leibnizarc.hypotheses.org/877;éducation_d, histoire et archéologie_d, sciences de l'information et bibliothéconomie_d, études des sciences_t, histoire industrielle_t, histoire de l'art_t;Datasets/all_labels_train_gensim_sparse_matrix.npz
philophiso.hypotheses.org/373;philosophie_d, éducation_d, éducation spécialisée_d, pensée_t, philosophie_t, représentations_t, patrimoine_t;Datasets/all_labels_train_gensim_sparse_matrix.npz
gab.hypotheses.org/1507;histoire et archéologie_d, pluridisciplinarité_d, sciences sociales interdisciplinaires_d, études des sciences_t, sociologie des sciences_t, histoire_t;Datasets/all_labels_train_gensim_sparse_matrix.npz
histbav.hypotheses.org/2009;humanités pluridisciplinaires_d, histoire_d, pluridisciplinarité_d, histoire_t, monde germanique_t;Datasets/all_labels_train_gensim_sparse_matrix.npz
archivalia.hypotheses.org/3722;histoire et archéologie_d, sciences sociales interdisciplinaires_d, histoire_t, approches de corpus_t, enquêtes_t, archives_t;Datasets/all_labels_train_gensim_sparse_matrix.npz
archive20.hypotheses.org/2749;pluridisciplinarité_d, sciences sociales interdisciplinaires_d, histoire_t, information_t, patrimoine_t, monde germanique_t;Datasets/all_labels_train_gensim_sparse_matrix.npz
mindthegaps.hypotheses.org/1123;études asiatiques_d, histoire_d, histoire_t, histoire culturelle_t, asie_t, chine_t;Datasets/all_labels_train_gensim_sparse_matrix.npz
archivamt.hypotheses.org/2531;communication_d, pluridisciplinarité_d, sciences sociales interdisciplinaires_d, information_t, sciences de l'information_t, représentations_t, patrimoine_t;Datasets/all_labels_train_gensim_sparse_matrix.npz
archivalia.hypotheses.org/3062;histoire et archéologie_d, sciences sociales interdisciplinaires_d, histoire_t, approches de corpus_t, enquêtes_t, archives_t;Datasets/all_labels_train_gensim_sparse_matrix.npz
bioeg.hypotheses.org/1097;histoire et archéologie_d, histoire_d, histoire_t, sciences auxiliaires de l'histoire_t, europe centrale et orientale_t, monde germanique_t;Datasets/all_labels_train_gensim_sparse_matrix.npz
soziologieblog.hypotheses.org/6144;sciences sociales interdisciplinaires_d, sociologie et anthropologie_d, sociologie du travail_t, sociologie urbaine_t, sociologie de la culture_t, sociologie économique_t;Datasets/all_labels_train_gensim_sparse_matrix.npz
gab.hypotheses.org/2783;histoire et archéologie_d, pluridisciplinarité_d, sciences sociales interdisciplinaires_d, études des sciences_t, sociologie des sciences_t, histoire_t;Datasets/all_labels_train_gensim_sparse_matrix.npz
dislab.hypotheses.org/1733;sciences sociales interdisciplinaires_d, langue et linguistique_d, sociologie des sciences_t, linguistique_t;Datasets/all_labels_train_gensim_sparse_matrix.npz
nordichistoryblog.hypotheses.org/1507;arts et humanités_d, histoire et archéologie_d, histoire_t, édition électronique_t, vie de la recherche_t, approches de corpus_t, enquêtes_t, archives_t, europe_t, pays baltes et scandinaves_t;Datasets/all_labels_train_gensim_sparse_matrix.npz
archivalia.hypotheses.org/2254;histoire et archéologie_d, sciences sociales interdisciplinaires_d, histoire_t, approches de corpus_t, enquêtes_t, archives_t;Datasets/all_labels_train_gensim_sparse_matrix.npz
archivalia.hypotheses.org/12466;histoire et archéologie_d, sciences sociales interdisciplinaires_d, histoire_t, approches de corpus_t, enquêtes_t, archives_t;Datasets/all_labels_train_gensim_sparse_matrix.npz
musermeku.hypotheses.org/4226;humanités pluridisciplinaires_d, pluridisciplinarité_d, sciences sociales interdisciplinaires_d, sociologie_t, sociologie de la culture_t, histoire_t, histoire politique_t;Datasets/all_labels_train_gensim_sparse_matrix.npz
archivalia.hypotheses.org/14165;histoire et archéologie_d, sciences sociales interdisciplinaires_d, histoire_t, approches de corpus_t, enquêtes_t, archives_t;Datasets/all_labels_train_gensim_sparse_matrix.npz
archivalia.hypotheses.org/1732;histoire et archéologie_d, sciences sociales interdisciplinaires_d, histoire_t, approches de corpus_t, enquêtes_t, archives_t;Datasets/all_labels_train_gensim_sparse_matrix.npz
games.hypotheses.org/753;arts et humanités_d, humanités pluridisciplinaires_d, psychologie expérimentale_d, sciences cognitives_t, psychisme_t, psychologie_t, représentations_t, histoire de l'art_t, études visuelles_t;Datasets/all_labels_train_gensim_sparse_matrix.npz
archivewk1.hypotheses.org/13859;histoire_d, époque contemporaine_t, 1914-1918_t;Datasets/all_labels_train_gensim_sparse_matrix.npz
dss.hypotheses.org/1297;arts et humanités_d, communication_d, sciences de l'information et bibliothéconomie_d, information_t, édition électronique_t, représentations_t, histoire de l'art_t, patrimoine_t, prospectives_t;Datasets/all_labels_train_gensim_sparse_matrix.npz
wenhua.hypotheses.org/1542;études asiatiques_d, humanités pluridisciplinaires_d, histoire_d, histoire culturelle_t, asie_t;Datasets/all_labels_train_gensim_sparse_matrix.npz
dislab.hypotheses.org/759;sciences sociales interdisciplinaires_d, langue et linguistique_d, sociologie des sciences_t, linguistique_t;Datasets/all_labels_train_gensim_sparse_matrix.npz
archdigi.hypotheses.org/38;archéologie_d, monde germanique_t;Datasets/all_labels_train_gensim_sparse_matrix.npz
archivewk1.hypotheses.org/21565;histoire_d, époque contemporaine_t, 1914-1918_t;Datasets/all_labels_train_gensim_sparse_matrix.npz
tagebuch.hypotheses.org/1196;histoire et archéologie_d, histoire_d, histoire_t, époque contemporaine_t, 1914-1918_t;Datasets/all_labels_train_gensim_sparse_matrix.npz
nummer.hypotheses.org/153;histoire_d, sciences de l'information et de la communication_d, bibliothéconomie_d, histoire_t, histoire intellectuelle_t, histoire et sociologie des médias_t, histoire culturelle_t;Datasets/all_labels_train_gensim_sparse_matrix.npz
archivewk1.hypotheses.org/19811;histoire_d, époque contemporaine_t, 1914-1918_t;Datasets/all_labels_train_gensim_sparse_matrix.npz
archivalia.hypotheses.org/10110;histoire et archéologie_d, sciences sociales interdisciplinaires_d, histoire_t, approches de corpus_t, enquêtes_t, archives_t;Datasets/all_labels_train_gensim_sparse_matrix.npz
soziologieblog.hypotheses.org/5361;sciences sociales interdisciplinaires_d, sociologie et anthropologie_d, sociologie du travail_t, sociologie urbaine_t, sociologie de la culture_t, sociologie économique_t;Datasets/all_labels_train_gensim_sparse_matrix.npz
archivewk1.hypotheses.org/3800;histoire_d, époque contemporaine_t, 1914-1918_t;Datasets/all_labels_train_gensim_sparse_matrix.npz
archivalia.hypotheses.org/14099;histoire et archéologie_d, sciences sociales interdisciplinaires_d, histoire_t, approches de corpus_t, enquêtes_t, archives_t;Datasets/all_labels_train_gensim_sparse_matrix.npz
nummer.hypotheses.org/232;histoire_d, sciences de l'information et de la communication_d, bibliothéconomie_d, histoire_t, histoire intellectuelle_t, histoire et sociologie des médias_t, histoire culturelle_t;Datasets/all_labels_train_gensim_sparse_matrix.npz
archivewk1.hypotheses.org/10763;histoire_d, époque contemporaine_t, 1914-1918_t;Datasets/all_labels_train_gensim_sparse_matrix.npz
archivalia.hypotheses.org/3761;histoire et archéologie_d, sciences sociales interdisciplinaires_d, histoire_t, approches de corpus_t, enquêtes_t, archives_t;Datasets/all_labels_train_gensim_sparse_matrix.npz
archivalia.hypotheses.org/8725;histoire et archéologie_d, sciences sociales interdisciplinaires_d, histoire_t, approches de corpus_t, enquêtes_t, archives_t;Datasets/all_labels_train_gensim_sparse_matrix.npz
archivalia.hypotheses.org/13548;histoire et archéologie_d, sciences sociales interdisciplinaires_d, histoire_t, approches de corpus_t, enquêtes_t, archives_t;Datasets/all_labels_train_gensim_sparse_matrix.npz
1914lvr.hypotheses.org/1273;sciences politiques_d, histoire_t, époque contemporaine_t, 1914-1918_t;Datasets/all_labels_train_gensim_sparse_matrix.npz
nummer.hypotheses.org/216;histoire_d, sciences de l'information et de la communication_d, bibliothéconomie_d, histoire_t, histoire intellectuelle_t, histoire et sociologie des médias_t, histoire culturelle_t;Datasets/all_labels_train_gensim_sparse_matrix.npz
ostbib.hypotheses.org/1022;humanités pluridisciplinaires_d, histoire et archéologie_d, sciences de l'information et de la communication_d, bibliothéconomie_d, sciences sociales interdisciplinaires_d, sciences de l'information_t, édition électronique_t;Datasets/all_labels_train_gensim_sparse_matrix.npz
archivalia.hypotheses.org/9345;histoire et archéologie_d, sciences sociales interdisciplinaires_d, histoire_t, approches de corpus_t, enquêtes_t, archives_t;Datasets/all_labels_train_gensim_sparse_matrix.npz
archivamt.hypotheses.org/1971;communication_d, pluridisciplinarité_d, sciences sociales interdisciplinaires_d, information_t, sciences de l'information_t, représentations_t, patrimoine_t;Datasets/all_labels_train_gensim_sparse_matrix.npz
histbav.hypotheses.org/3333;humanités pluridisciplinaires_d, histoire_d, pluridisciplinarité_d, histoire_t, monde germanique_t;Datasets/all_labels_train_gensim_sparse_matrix.npz
archivalia.hypotheses.org/7412;histoire et archéologie_d, sciences sociales interdisciplinaires_d, histoire_t, approches de corpus_t, enquêtes_t, archives_t;Datasets/all_labels_train_gensim_sparse_matrix.npz
archivtag.hypotheses.org/330;pluridisciplinarité_d, sciences sociales interdisciplinaires_d, histoire_t, information_t, monde germanique_t;Datasets/all_labels_train_gensim_sparse_matrix.npz
archivewk1.hypotheses.org/13817;histoire_d, époque contemporaine_t, 1914-1918_t;Datasets/all_labels_train_gensim_sparse_matrix.npz
archivalia.hypotheses.org/6782;histoire et archéologie_d, sciences sociales interdisciplinaires_d, histoire_t, approches de corpus_t, enquêtes_t, archives_t;Datasets/all_labels_train_gensim_sparse_matrix.npz
uegg.hypotheses.org/131;histoire_d, histoire_t, histoire politique_t, époque contemporaine_t, xxe siècle_t, prospectives_t;Datasets/all_labels_train_gensim_sparse_matrix.npz
archivewk1.hypotheses.org/22893;histoire_d, époque contemporaine_t, 1914-1918_t;Datasets/all_labels_train_gensim_sparse_matrix.npz
archivalia.hypotheses.org/898;histoire et archéologie_d, sciences sociales interdisciplinaires_d, histoire_t, approches de corpus_t, enquêtes_t, archives_t;Datasets/all_labels_train_gensim_sparse_matrix.npz
medienbildung.hypotheses.org/8718;éducation_d, éducation spécialisée_d, travail social_d, sociologie_t, édition électronique_t, histoire et sociologie des médias_t, éducation_t;Datasets/all_labels_train_gensim_sparse_matrix.npz
catholiccultures.hypotheses.org/310;histoire et archéologie_d, histoire des sciences sociales_d, sciences sociales interdisciplinaires_d, sociologie et anthropologie_d, histoire_t, histoire sociale_t, histoire des religions_t, époque moderne_t;Datasets/all_labels_train_gensim_sparse_matrix.npz
soziologieblog.hypotheses.org/721;sciences sociales interdisciplinaires_d, sociologie et anthropologie_d, sociologie du travail_t, sociologie urbaine_t, sociologie de la culture_t, sociologie économique_t;Datasets/all_labels_train_gensim_sparse_matrix.npz
ostblog.hypotheses.org/183;histoire_d, économie_d, histoire_t;Datasets/all_labels_train_gensim_sparse_matrix.npz
kinder.hypotheses.org/61;éducation et sciences de l'éducation_d, études sur la famille_d, âges de la vie_t, sciences de l'éducation_t;Datasets/all_labels_train_gensim_sparse_matrix.npz
soziologieblog.hypotheses.org/4430;sciences sociales interdisciplinaires_d, sociologie et anthropologie_d, sociologie du travail_t, sociologie urbaine_t, sociologie de la culture_t, sociologie économique_t;Datasets/all_labels_train_gensim_sparse_matrix.npz
mittelalter.hypotheses.org/5722;humanités pluridisciplinaires_d, religions_d, histoire_d, sociologie_d, histoire_t, histoire sociale_t, histoire intellectuelle_t, moyen âge_t, haut moyen âge_t, bas moyen âge_t;Datasets/all_labels_train_gensim_sparse_matrix.npz
archivamt.hypotheses.org/4060;communication_d, pluridisciplinarité_d, sciences sociales interdisciplinaires_d, information_t, sciences de l'information_t, représentations_t, patrimoine_t;Datasets/all_labels_train_gensim_sparse_matrix.npz
tagebuch.hypotheses.org/165;histoire et archéologie_d, histoire_d, histoire_t, époque contemporaine_t, 1914-1918_t;Datasets/all_labels_train_gensim_sparse_matrix.npz
archivalia.hypotheses.org/8868;histoire et archéologie_d, sciences sociales interdisciplinaires_d, histoire_t, approches de corpus_t, enquêtes_t, archives_t;Datasets/all_labels_train_gensim_sparse_matrix.npz
archivalia.hypotheses.org/11658;histoire et archéologie_d, sciences sociales interdisciplinaires_d, histoire_t, approches de corpus_t, enquêtes_t, archives_t;Datasets/all_labels_train_gensim_sparse_matrix.npz
archivewk1.hypotheses.org/22772;histoire_d, époque contemporaine_t, 1914-1918_t;Datasets/all_labels_train_gensim_sparse_matrix.npz
archivewk1.hypotheses.org/189;histoire_d, époque contemporaine_t, 1914-1918_t;Datasets/all_labels_train_gensim_sparse_matrix.npz
medienbildung.hypotheses.org/1647;éducation_d, éducation spécialisée_d, travail social_d, sociologie_t, édition électronique_t, histoire et sociologie des médias_t, éducation_t;Datasets/all_labels_train_gensim_sparse_matrix.npz
archivewk1.hypotheses.org/20085;histoire_d, époque contemporaine_t, 1914-1918_t;Datasets/all_labels_train_gensim_sparse_matrix.npz
archivalia.hypotheses.org/12020;histoire et archéologie_d, sciences sociales interdisciplinaires_d, histoire_t, approches de corpus_t, enquêtes_t, archives_t;Datasets/all_labels_train_gensim_sparse_matrix.npz
archive20.hypotheses.org/3307;pluridisciplinarité_d, sciences sociales interdisciplinaires_d, histoire_t, information_t, patrimoine_t, monde germanique_t;Datasets/all_labels_train_gensim_sparse_matrix.npz
archivewk1.hypotheses.org/24712;histoire_d, époque contemporaine_t, 1914-1918_t;Datasets/all_labels_train_gensim_sparse_matrix.npz
ordensgeschichte.hypotheses.org/1996;arts et humanités_d, humanités pluridisciplinaires_d, histoire et archéologie_d, histoire et philosophie des sciences_d, histoire_t, haut moyen âge_t, bas moyen âge_t, xviie siècle_t, xviiie siècle_t;Datasets/all_labels_train_gensim_sparse_matrix.npz
dtforum.hypotheses.org/633;arts et humanités_d, histoire_t, représentations_t, histoire de l'art_t;Datasets/all_labels_train_gensim_sparse_matrix.npz
pgfw.hypotheses.org/1148;histoire et archéologie_d, histoire des sciences_t, histoire_t;Datasets/all_labels_train_gensim_sparse_matrix.npz
archivalia.hypotheses.org/8705;histoire et archéologie_d, sciences sociales interdisciplinaires_d, histoire_t, approches de corpus_t, enquêtes_t, archives_t;Datasets/all_labels_train_gensim_sparse_matrix.npz
archivewk1.hypotheses.org/22462;histoire_d, époque contemporaine_t, 1914-1918_t;Datasets/all_labels_train_gensim_sparse_matrix.npz
archivalia.hypotheses.org/62788;histoire et archéologie_d, sciences sociales interdisciplinaires_d, histoire_t, approches de corpus_t, enquêtes_t, archives_t;Datasets/all_labels_train_gensim_sparse_matrix.npz
archivalia.hypotheses.org/9332;histoire et archéologie_d, sciences sociales interdisciplinaires_d, histoire_t, approches de corpus_t, enquêtes_t, archives_t;Datasets/all_labels_train_gensim_sparse_matrix.npz
archivewk1.hypotheses.org/16870;histoire_d, époque contemporaine_t, 1914-1918_t;Datasets/all_labels_train_gensim_sparse_matrix.npz
archivalia.hypotheses.org/7488;histoire et archéologie_d, sciences sociales interdisciplinaires_d, histoire_t, approches de corpus_t, enquêtes_t, archives_t;Datasets/all_labels_train_gensim_sparse_matrix.npz
archivalia.hypotheses.org/6389;histoire et archéologie_d, sciences sociales interdisciplinaires_d, histoire_t, approches de corpus_t, enquêtes_t, archives_t;Datasets/all_labels_train_gensim_sparse_matrix.npz
archivalia.hypotheses.org/13250;histoire et archéologie_d, sciences sociales interdisciplinaires_d, histoire_t, approches de corpus_t, enquêtes_t, archives_t;Datasets/all_labels_train_gensim_sparse_matrix.npz
archivewk1.hypotheses.org/10424;histoire_d, époque contemporaine_t, 1914-1918_t;Datasets/all_labels_train_gensim_sparse_matrix.npz
archivalia.hypotheses.org/11631;histoire et archéologie_d, sciences sociales interdisciplinaires_d, histoire_t, approches de corpus_t, enquêtes_t, archives_t;Datasets/all_labels_train_gensim_sparse_matrix.npz
archivalia.hypotheses.org/6543;histoire et archéologie_d, sciences sociales interdisciplinaires_d, histoire_t, approches de corpus_t, enquêtes_t, archives_t;Datasets/all_labels_train_gensim_sparse_matrix.npz
lvrafz.hypotheses.org/1529;pluridisciplinarité_d, information_t;Datasets/all_labels_train_gensim_sparse_matrix.npz
archivalia.hypotheses.org/7014;histoire et archéologie_d, sciences sociales interdisciplinaires_d, histoire_t, approches de corpus_t, enquêtes_t, archives_t;Datasets/all_labels_train_gensim_sparse_matrix.npz
maxweber.hypotheses.org/911;humanités pluridisciplinaires_d, histoire et archéologie_d, histoire et philosophie des sciences_d, sociologie et anthropologie_d, histoire sociale_t, histoire intellectuelle_t, sociologie des religions_t, vie de la recherche_t;Datasets/all_labels_train_gensim_sparse_matrix.npz
soziologieblog.hypotheses.org/3770;sciences sociales interdisciplinaires_d, sociologie et anthropologie_d, sociologie du travail_t, sociologie urbaine_t, sociologie de la culture_t, sociologie économique_t;Datasets/all_labels_train_gensim_sparse_matrix.npz
ordensgeschichte.hypotheses.org/5948;arts et humanités_d, humanités pluridisciplinaires_d, histoire et archéologie_d, histoire et philosophie des sciences_d, histoire_t, haut moyen âge_t, bas moyen âge_t, xviie siècle_t, xviiie siècle_t;Datasets/all_labels_train_gensim_sparse_matrix.npz
ordensgeschichte.hypotheses.org/3003;arts et humanités_d, humanités pluridisciplinaires_d, histoire et archéologie_d, histoire et philosophie des sciences_d, histoire_t, haut moyen âge_t, bas moyen âge_t, xviie siècle_t, xviiie siècle_t;Datasets/all_labels_train_gensim_sparse_matrix.npz
archivewk1.hypotheses.org/3557;histoire_d, époque contemporaine_t, 1914-1918_t;Datasets/all_labels_train_gensim_sparse_matrix.npz
archivalia.hypotheses.org/5748;histoire et archéologie_d, sciences sociales interdisciplinaires_d, histoire_t, approches de corpus_t, enquêtes_t, archives_t;Datasets/all_labels_train_gensim_sparse_matrix.npz
intersex.hypotheses.org/585;histoire_d, biomédecine_d, étude des genres_t, histoire des sciences_t, histoire_t, histoire du droit_t, moyen âge_t, xxie siècle_t;Datasets/all_labels_train_gensim_sparse_matrix.npz
archivalia.hypotheses.org/51945;histoire et archéologie_d, sciences sociales interdisciplinaires_d, histoire_t, approches de corpus_t, enquêtes_t, archives_t;Datasets/all_labels_train_gensim_sparse_matrix.npz
leibnizarc.hypotheses.org/943;éducation_d, histoire et archéologie_d, sciences de l'information et bibliothéconomie_d, études des sciences_t, histoire industrielle_t, histoire de l'art_t;Datasets/all_labels_train_gensim_sparse_matrix.npz
archivalia.hypotheses.org/57248;histoire et archéologie_d, sciences sociales interdisciplinaires_d, histoire_t, approches de corpus_t, enquêtes_t, archives_t;Datasets/all_labels_train_gensim_sparse_matrix.npz
wenhua.hypotheses.org/128;études asiatiques_d, humanités pluridisciplinaires_d, histoire_d, histoire culturelle_t, asie_t;Datasets/all_labels_train_gensim_sparse_matrix.npz
archivewk1.hypotheses.org/5660;histoire_d, époque contemporaine_t, 1914-1918_t;Datasets/all_labels_train_gensim_sparse_matrix.npz
archivalia.hypotheses.org/3028;histoire et archéologie_d, sciences sociales interdisciplinaires_d, histoire_t, approches de corpus_t, enquêtes_t, archives_t;Datasets/all_labels_train_gensim_sparse_matrix.npz
archivalia.hypotheses.org/9733;histoire et archéologie_d, sciences sociales interdisciplinaires_d, histoire_t, approches de corpus_t, enquêtes_t, archives_t;Datasets/all_labels_train_gensim_sparse_matrix.npz
archivalia.hypotheses.org/14148;histoire et archéologie_d, sciences sociales interdisciplinaires_d, histoire_t, approches de corpus_t, enquêtes_t, archives_t;Datasets/all_labels_train_gensim_sparse_matrix.npz
archivewk1.hypotheses.org/23305;histoire_d, époque contemporaine_t, 1914-1918_t;Datasets/all_labels_train_gensim_sparse_matrix.npz
archivalia.hypotheses.org/10858;histoire et archéologie_d, sciences sociales interdisciplinaires_d, histoire_t, approches de corpus_t, enquêtes_t, archives_t;Datasets/all_labels_train_gensim_sparse_matrix.npz
wwc.hypotheses.org/521;humanités pluridisciplinaires_d, pluridisciplinarité_d, études régionales_d, relations internationales_t, information_t, représentations_t;Datasets/all_labels_train_gensim_sparse_matrix.npz
archivalia.hypotheses.org/6565;histoire et archéologie_d, sciences sociales interdisciplinaires_d, histoire_t, approches de corpus_t, enquêtes_t, archives_t;Datasets/all_labels_train_gensim_sparse_matrix.npz
intersex.hypotheses.org/1031;histoire_d, biomédecine_d, étude des genres_t, histoire des sciences_t, histoire_t, histoire du droit_t, moyen âge_t, xxie siècle_t;Datasets/all_labels_train_gensim_sparse_matrix.npz
archivewk1.hypotheses.org/4490;histoire_d, époque contemporaine_t, 1914-1918_t;Datasets/all_labels_train_gensim_sparse_matrix.npz
archivewk1.hypotheses.org/19227;histoire_d, époque contemporaine_t, 1914-1918_t;Datasets/all_labels_train_gensim_sparse_matrix.npz
histgymbib.hypotheses.org/2048;arts et humanités_d, humanités pluridisciplinaires_d, sciences de l'information et de la communication_d, bibliothéconomie_d, sciences sociales interdisciplinaires_d, éducation_t, xvie siècle_t, xviie siècle_t, xviiie siècle_t, prospectives_t;Datasets/all_labels_train_gensim_sparse_matrix.npz
kinder.hypotheses.org/280;éducation et sciences de l'éducation_d, études sur la famille_d, âges de la vie_t, sciences de l'éducation_t;Datasets/all_labels_train_gensim_sparse_matrix.npz
uegg.hypotheses.org/321;histoire_d, histoire_t, histoire politique_t, époque contemporaine_t, xxe siècle_t, prospectives_t;Datasets/all_labels_train_gensim_sparse_matrix.npz
archivalia.hypotheses.org/5241;histoire et archéologie_d, sciences sociales interdisciplinaires_d, histoire_t, approches de corpus_t, enquêtes_t, archives_t;Datasets/all_labels_train_gensim_sparse_matrix.npz
maxweber.hypotheses.org/259;humanités pluridisciplinaires_d, histoire et archéologie_d, histoire et philosophie des sciences_d, sociologie et anthropologie_d, histoire sociale_t, histoire intellectuelle_t, sociologie des religions_t, vie de la recherche_t;Datasets/all_labels_train_gensim_sparse_matrix.npz
frueheneuzeit.hypotheses.org/2060;histoire et archéologie_d, histoire_t, époque moderne_t, xviie siècle_t, xviiie siècle_t, révolution française_t;Datasets/all_labels_train_gensim_sparse_matrix.npz
archivalia.hypotheses.org/1017;histoire et archéologie_d, sciences sociales interdisciplinaires_d, histoire_t, approches de corpus_t, enquêtes_t, archives_t;Datasets/all_labels_train_gensim_sparse_matrix.npz
archivalia.hypotheses.org/3081;histoire et archéologie_d, sciences sociales interdisciplinaires_d, histoire_t, approches de corpus_t, enquêtes_t, archives_t;Datasets/all_labels_train_gensim_sparse_matrix.npz
bioeg.hypotheses.org/491;histoire et archéologie_d, histoire_d, histoire_t, sciences auxiliaires de l'histoire_t, europe centrale et orientale_t, monde germanique_t;Datasets/all_labels_train_gensim_sparse_matrix.npz
archivewk1.hypotheses.org/4288;histoire_d, époque contemporaine_t, 1914-1918_t;Datasets/all_labels_train_gensim_sparse_matrix.npz
metablock.hypotheses.org/1029;sciences sociales interdisciplinaires_d, linguistique appliquée_d, langue et linguistique_d, sociologie des sciences_t, langage_t, linguistique_t, édition électronique_t, histoire et sociologie des médias_t;Datasets/all_labels_train_gensim_sparse_matrix.npz
europhilomem.hypotheses.org/169;philosophie_d, philosophie_t, histoire intellectuelle_t, xxe siècle_t, prospectives_t;Datasets/all_labels_train_gensim_sparse_matrix.npz
archivalia.hypotheses.org/2390;histoire et archéologie_d, sciences sociales interdisciplinaires_d, histoire_t, approches de corpus_t, enquêtes_t, archives_t;Datasets/all_labels_train_gensim_sparse_matrix.npz
gra.hypotheses.org/1120;arts et humanités_d, communication_d, sciences de l'information et bibliothéconomie_d, représentations_t, histoire culturelle_t, histoire de l'art_t, études visuelles_t;Datasets/all_labels_train_gensim_sparse_matrix.npz
jeunegen.hypotheses.org/1516;histoire_d, pluridisciplinarité_d, histoire_t, vie de la recherche_t, moyen âge_t, haut moyen âge_t, bas moyen âge_t;Datasets/all_labels_train_gensim_sparse_matrix.npz
archivalia.hypotheses.org/13136;histoire et archéologie_d, sciences sociales interdisciplinaires_d, histoire_t, approches de corpus_t, enquêtes_t, archives_t;Datasets/all_labels_train_gensim_sparse_matrix.npz
histbav.hypotheses.org/3198;humanités pluridisciplinaires_d, histoire_d, pluridisciplinarité_d, histoire_t, monde germanique_t;Datasets/all_labels_train_gensim_sparse_matrix.npz
19jhdhip.hypotheses.org/1759;histoire_d, époque contemporaine_t, prospectives_t, france_t, monde germanique_t;Datasets/all_labels_train_gensim_sparse_matrix.npz
frobeniusforster.hypotheses.org/490;histoire et archéologie_d, histoire_t, époque moderne_t, xviiie siècle_t;Datasets/all_labels_train_gensim_sparse_matrix.npz
archivalia.hypotheses.org/5987;histoire et archéologie_d, sciences sociales interdisciplinaires_d, histoire_t, approches de corpus_t, enquêtes_t, archives_t;Datasets/all_labels_train_gensim_sparse_matrix.npz
dfmfa.hypotheses.org/1006;humanités pluridisciplinaires_d, sciences sociales interdisciplinaires_d, histoire_t, moyen âge_t, haut moyen âge_t, bas moyen âge_t;Datasets/all_labels_train_gensim_sparse_matrix.npz
archivalia.hypotheses.org/52869;histoire et archéologie_d, sciences sociales interdisciplinaires_d, histoire_t, approches de corpus_t, enquêtes_t, archives_t;Datasets/all_labels_train_gensim_sparse_matrix.npz
archivewk1.hypotheses.org/24243;histoire_d, époque contemporaine_t, 1914-1918_t;Datasets/all_labels_train_gensim_sparse_matrix.npz
archivalia.hypotheses.org/6017;histoire et archéologie_d, sciences sociales interdisciplinaires_d, histoire_t, approches de corpus_t, enquêtes_t, archives_t;Datasets/all_labels_train_gensim_sparse_matrix.npz
grk1678.hypotheses.org/290;arts et humanités_d, humanités pluridisciplinaires_d, histoire et philosophie des sciences_d, pluridisciplinarité_d, philosophie_t, littératures_t, histoire culturelle_t, histoire de l'art_t;Datasets/all_labels_train_gensim_sparse_matrix.npz
archivalia.hypotheses.org/6261;histoire et archéologie_d, sciences sociales interdisciplinaires_d, histoire_t, approches de corpus_t, enquêtes_t, archives_t;Datasets/all_labels_train_gensim_sparse_matrix.npz
archivalia.hypotheses.org/10175;histoire et archéologie_d, sciences sociales interdisciplinaires_d, histoire_t, approches de corpus_t, enquêtes_t, archives_t;Datasets/all_labels_train_gensim_sparse_matrix.npz
archivalia.hypotheses.org/7580;histoire et archéologie_d, sciences sociales interdisciplinaires_d, histoire_t, approches de corpus_t, enquêtes_t, archives_t;Datasets/all_labels_train_gensim_sparse_matrix.npz
resilienz.hypotheses.org/1167;pluridisciplinarité_d, sciences sociales interdisciplinaires_d, études des sciences_t, épistémologie et méthodes_t, vie de la recherche_t, prospectives_t;Datasets/all_labels_train_gensim_sparse_matrix.npz
archivalia.hypotheses.org/10490;histoire et archéologie_d, sciences sociales interdisciplinaires_d, histoire_t, approches de corpus_t, enquêtes_t, archives_t;Datasets/all_labels_train_gensim_sparse_matrix.npz
nomoi.hypotheses.org/252;arts et humanités_d, anthropologie politique_t, histoire du droit_t, histoire intellectuelle_t, histoire de l'art_t;Datasets/all_labels_train_gensim_sparse_matrix.npz
archivalia.hypotheses.org/13009;histoire et archéologie_d, sciences sociales interdisciplinaires_d, histoire_t, approches de corpus_t, enquêtes_t, archives_t;Datasets/all_labels_train_gensim_sparse_matrix.npz
histbav.hypotheses.org/1949;humanités pluridisciplinaires_d, histoire_d, pluridisciplinarité_d, histoire_t, monde germanique_t;Datasets/all_labels_train_gensim_sparse_matrix.npz
digigw.hypotheses.org/671;humanités pluridisciplinaires_d, histoire_t, édition électronique_t, sciences auxiliaires de l'histoire_t, digital humanities_t;Datasets/all_labels_train_gensim_sparse_matrix.npz
archivalia.hypotheses.org/1185;histoire et archéologie_d, sciences sociales interdisciplinaires_d, histoire_t, approches de corpus_t, enquêtes_t, archives_t;Datasets/all_labels_train_gensim_sparse_matrix.npz
archivalia.hypotheses.org/57849;histoire et archéologie_d, sciences sociales interdisciplinaires_d, histoire_t, approches de corpus_t, enquêtes_t, archives_t;Datasets/all_labels_train_gensim_sparse_matrix.npz
trafo.hypotheses.org/3483;pluridisciplinarité_d, sciences sociales interdisciplinaires_d, études régionales_d, sociologie_t, sociologie des religions_t, information_t, histoire culturelle_t;Datasets/all_labels_train_gensim_sparse_matrix.npz
aktenkunde.hypotheses.org/496;histoire_d, histoire_t, sciences auxiliaires de l'histoire_t;Datasets/all_labels_train_gensim_sparse_matrix.npz
nofoblog.hypotheses.org/89;arts et humanités_d, sciences sociales interdisciplinaires_d, sciences politiques_d, administration publique et développement_d, relations internationales_t, histoire intellectuelle_t, information_t, histoire culturelle_t, pays baltes et scandinaves_t;Datasets/all_labels_train_gensim_sparse_matrix.npz
zakunibonn.hypotheses.org/898;histoire_d, psychologie_d, histoire_t, psychisme_t, psychologie_t, méthodes de traitement et de représentation_t, monde germanique_t;Datasets/all_labels_train_gensim_sparse_matrix.npz
ordensgeschichte.hypotheses.org/6085;arts et humanités_d, humanités pluridisciplinaires_d, histoire et archéologie_d, histoire et philosophie des sciences_d, histoire_t, haut moyen âge_t, bas moyen âge_t, xviie siècle_t, xviiie siècle_t;Datasets/all_labels_train_gensim_sparse_matrix.npz
archivalia.hypotheses.org/55080;histoire et archéologie_d, sciences sociales interdisciplinaires_d, histoire_t, approches de corpus_t, enquêtes_t, archives_t;Datasets/all_labels_train_gensim_sparse_matrix.npz
archivalia.hypotheses.org/8189;histoire et archéologie_d, sciences sociales interdisciplinaires_d, histoire_t, approches de corpus_t, enquêtes_t, archives_t;Datasets/all_labels_train_gensim_sparse_matrix.npz
ordensgeschichte.hypotheses.org/5958;arts et humanités_d, humanités pluridisciplinaires_d, histoire et archéologie_d, histoire et philosophie des sciences_d, histoire_t, haut moyen âge_t, bas moyen âge_t, xviie siècle_t, xviiie siècle_t;Datasets/all_labels_train_gensim_sparse_matrix.npz
mittelalter.hypotheses.org/7905;humanités pluridisciplinaires_d, religions_d, histoire_d, sociologie_d, histoire_t, histoire sociale_t, histoire intellectuelle_t, moyen âge_t, haut moyen âge_t, bas moyen âge_t;Datasets/all_labels_train_gensim_sparse_matrix.npz
trafo.hypotheses.org/3454;pluridisciplinarité_d, sciences sociales interdisciplinaires_d, études régionales_d, sociologie_t, sociologie des religions_t, information_t, histoire culturelle_t;Datasets/all_labels_train_gensim_sparse_matrix.npz
archivalia.hypotheses.org/5593;histoire et archéologie_d, sciences sociales interdisciplinaires_d, histoire_t, approches de corpus_t, enquêtes_t, archives_t;Datasets/all_labels_train_gensim_sparse_matrix.npz
archivewk1.hypotheses.org/8836;histoire_d, époque contemporaine_t, 1914-1918_t;Datasets/all_labels_train_gensim_sparse_matrix.npz
archivewk1.hypotheses.org/26281;histoire_d, époque contemporaine_t, 1914-1918_t;Datasets/all_labels_train_gensim_sparse_matrix.npz
reichwein.hypotheses.org/449;histoire et archéologie_d, histoire des sciences_t, 1945-1989_t;Datasets/all_labels_train_gensim_sparse_matrix.npz
artincrisis.hypotheses.org/1374;arts et humanités_d, représentations_t, histoire de l'art_t, époque contemporaine_t, 1939-1945_t, monde germanique_t;Datasets/all_labels_train_gensim_sparse_matrix.npz
archivalia.hypotheses.org/4169;histoire et archéologie_d, sciences sociales interdisciplinaires_d, histoire_t, approches de corpus_t, enquêtes_t, archives_t;Datasets/all_labels_train_gensim_sparse_matrix.npz
archivewk1.hypotheses.org/3718;histoire_d, époque contemporaine_t, 1914-1918_t;Datasets/all_labels_train_gensim_sparse_matrix.npz
archivalia.hypotheses.org/9747;histoire et archéologie_d, sciences sociales interdisciplinaires_d, histoire_t, approches de corpus_t, enquêtes_t, archives_t;Datasets/all_labels_train_gensim_sparse_matrix.npz
archivewk1.hypotheses.org/12416;histoire_d, époque contemporaine_t, 1914-1918_t;Datasets/all_labels_train_gensim_sparse_matrix.npz
redaktionsblog.hypotheses.org/3173;arts et humanités_d, humanités pluridisciplinaires_d, épistémologie et méthodes_t, digital humanities_t;Datasets/all_labels_train_gensim_sparse_matrix.npz
archivalia.hypotheses.org/13372;histoire et archéologie_d, sciences sociales interdisciplinaires_d, histoire_t, approches de corpus_t, enquêtes_t, archives_t;Datasets/all_labels_train_gensim_sparse_matrix.npz
1914lvr.hypotheses.org/1697;sciences politiques_d, histoire_t, époque contemporaine_t, 1914-1918_t;Datasets/all_labels_train_gensim_sparse_matrix.npz
1914lvr.hypotheses.org/247;sciences politiques_d, histoire_t, époque contemporaine_t, 1914-1918_t;Datasets/all_labels_train_gensim_sparse_matrix.npz
archivalia.hypotheses.org/12852;histoire et archéologie_d, sciences sociales interdisciplinaires_d, histoire_t, approches de corpus_t, enquêtes_t, archives_t;Datasets/all_labels_train_gensim_sparse_matrix.npz
archivewk1.hypotheses.org/20601;histoire_d, époque contemporaine_t, 1914-1918_t;Datasets/all_labels_train_gensim_sparse_matrix.npz
gab.hypotheses.org/3014;histoire et archéologie_d, pluridisciplinarité_d, sciences sociales interdisciplinaires_d, études des sciences_t, sociologie des sciences_t, histoire_t;Datasets/all_labels_train_gensim_sparse_matrix.npz
archivewk1.hypotheses.org/31662;histoire_d, époque contemporaine_t, 1914-1918_t;Datasets/all_labels_train_gensim_sparse_matrix.npz
archivalia.hypotheses.org/7841;histoire et archéologie_d, sciences sociales interdisciplinaires_d, histoire_t, approches de corpus_t, enquêtes_t, archives_t;Datasets/all_labels_train_gensim_sparse_matrix.npz
bioeg.hypotheses.org/1670;histoire et archéologie_d, histoire_d, histoire_t, sciences auxiliaires de l'histoire_t, europe centrale et orientale_t, monde germanique_t;Datasets/all_labels_train_gensim_sparse_matrix.npz
tagebuch.hypotheses.org/871;histoire et archéologie_d, histoire_d, histoire_t, époque contemporaine_t, 1914-1918_t;Datasets/all_labels_train_gensim_sparse_matrix.npz
archivalia.hypotheses.org/2435;histoire et archéologie_d, sciences sociales interdisciplinaires_d, histoire_t, approches de corpus_t, enquêtes_t, archives_t;Datasets/all_labels_train_gensim_sparse_matrix.npz
archivalia.hypotheses.org/3861;histoire et archéologie_d, sciences sociales interdisciplinaires_d, histoire_t, approches de corpus_t, enquêtes_t, archives_t;Datasets/all_labels_train_gensim_sparse_matrix.npz
archivalia.hypotheses.org/7136;histoire et archéologie_d, sciences sociales interdisciplinaires_d, histoire_t, approches de corpus_t, enquêtes_t, archives_t;Datasets/all_labels_train_gensim_sparse_matrix.npz
speyermemo.hypotheses.org/2521;histoire_d, pluridisciplinarité_d, sciences sociales interdisciplinaires_d, sociologie de la culture_t, histoire_t, 1939-1945_t, europe_t;Datasets/all_labels_train_gensim_sparse_matrix.npz
revolt.hypotheses.org/1331;histoire_d, pluridisciplinarité_d, littérature_d, histoire et sociologie des médias_t, époque moderne_t, europe_t;Datasets/all_labels_train_gensim_sparse_matrix.npz
19jhdhip.hypotheses.org/2344;histoire_d, époque contemporaine_t, prospectives_t, france_t, monde germanique_t;Datasets/all_labels_train_gensim_sparse_matrix.npz
ordensgeschichte.hypotheses.org/5887;arts et humanités_d, humanités pluridisciplinaires_d, histoire et archéologie_d, histoire et philosophie des sciences_d, histoire_t, haut moyen âge_t, bas moyen âge_t, xviie siècle_t, xviiie siècle_t;Datasets/all_labels_train_gensim_sparse_matrix.npz
archivalia.hypotheses.org/12329;histoire et archéologie_d, sciences sociales interdisciplinaires_d, histoire_t, approches de corpus_t, enquêtes_t, archives_t;Datasets/all_labels_train_gensim_sparse_matrix.npz
archivalia.hypotheses.org/57203;histoire et archéologie_d, sciences sociales interdisciplinaires_d, histoire_t, approches de corpus_t, enquêtes_t, archives_t;Datasets/all_labels_train_gensim_sparse_matrix.npz
tagebuch.hypotheses.org/386;histoire et archéologie_d, histoire_d, histoire_t, époque contemporaine_t, 1914-1918_t;Datasets/all_labels_train_gensim_sparse_matrix.npz
histbav.hypotheses.org/4550;humanités pluridisciplinaires_d, histoire_d, pluridisciplinarité_d, histoire_t, monde germanique_t;Datasets/all_labels_train_gensim_sparse_matrix.npz
francofil.hypotheses.org/816;pluridisciplinarité_d, sciences sociales interdisciplinaires_d, histoire_t, épistémologie et méthodes_t, approches de corpus_t, enquêtes_t, archives_t, france_t;Datasets/all_labels_train_gensim_sparse_matrix.npz
archivalia.hypotheses.org/8202;histoire et archéologie_d, sciences sociales interdisciplinaires_d, histoire_t, approches de corpus_t, enquêtes_t, archives_t;Datasets/all_labels_train_gensim_sparse_matrix.npz
achtundvierzig.hypotheses.org/672;sciences politiques_d, histoire_d, époque contemporaine_t, prospectives_t, histoire politique_t, monde germanique_t;Datasets/all_labels_train_gensim_sparse_matrix.npz
archivewk1.hypotheses.org/5324;histoire_d, époque contemporaine_t, 1914-1918_t;Datasets/all_labels_train_gensim_sparse_matrix.npz
archivalia.hypotheses.org/9837;histoire et archéologie_d, sciences sociales interdisciplinaires_d, histoire_t, approches de corpus_t, enquêtes_t, archives_t;Datasets/all_labels_train_gensim_sparse_matrix.npz
archivewk1.hypotheses.org/24226;histoire_d, époque contemporaine_t, 1914-1918_t;Datasets/all_labels_train_gensim_sparse_matrix.npz
archivalia.hypotheses.org/62022;histoire et archéologie_d, sciences sociales interdisciplinaires_d, histoire_t, approches de corpus_t, enquêtes_t, archives_t;Datasets/all_labels_train_gensim_sparse_matrix.npz
archivalia.hypotheses.org/10928;histoire et archéologie_d, sciences sociales interdisciplinaires_d, histoire_t, approches de corpus_t, enquêtes_t, archives_t;Datasets/all_labels_train_gensim_sparse_matrix.npz
digigw.hypotheses.org/1255;humanités pluridisciplinaires_d, histoire_t, édition électronique_t, sciences auxiliaires de l'histoire_t, digital humanities_t;Datasets/all_labels_train_gensim_sparse_matrix.npz
mittelalter.hypotheses.org/1380;humanités pluridisciplinaires_d, religions_d, histoire_d, sociologie_d, histoire_t, histoire sociale_t, histoire intellectuelle_t, moyen âge_t, haut moyen âge_t, bas moyen âge_t;Datasets/all_labels_train_gensim_sparse_matrix.npz
archivalia.hypotheses.org/2021;histoire et archéologie_d, sciences sociales interdisciplinaires_d, histoire_t, approches de corpus_t, enquêtes_t, archives_t;Datasets/all_labels_train_gensim_sparse_matrix.npz
archivalia.hypotheses.org/52431;histoire et archéologie_d, sciences sociales interdisciplinaires_d, histoire_t, approches de corpus_t, enquêtes_t, archives_t;Datasets/all_labels_train_gensim_sparse_matrix.npz
archivalia.hypotheses.org/5037;histoire et archéologie_d, sciences sociales interdisciplinaires_d, histoire_t, approches de corpus_t, enquêtes_t, archives_t;Datasets/all_labels_train_gensim_sparse_matrix.npz
speyermemo.hypotheses.org/2436;histoire_d, pluridisciplinarité_d, sciences sociales interdisciplinaires_d, sociologie de la culture_t, histoire_t, 1939-1945_t, europe_t;Datasets/all_labels_train_gensim_sparse_matrix.npz
mittelalter.hypotheses.org/7186;humanités pluridisciplinaires_d, religions_d, histoire_d, sociologie_d, histoire_t, histoire sociale_t, histoire intellectuelle_t, moyen âge_t, haut moyen âge_t, bas moyen âge_t;Datasets/all_labels_train_gensim_sparse_matrix.npz
archivalia.hypotheses.org/11675;histoire et archéologie_d, sciences sociales interdisciplinaires_d, histoire_t, approches de corpus_t, enquêtes_t, archives_t;Datasets/all_labels_train_gensim_sparse_matrix.npz
dhmuc.hypotheses.org/215;humanités pluridisciplinaires_d, communication_d, pluridisciplinarité_d, sciences sociales interdisciplinaires_d, études des sciences_t, édition électronique_t, digital humanities_t;Datasets/all_labels_train_gensim_sparse_matrix.npz
archivalia.hypotheses.org/53376;histoire et archéologie_d, sciences sociales interdisciplinaires_d, histoire_t, approches de corpus_t, enquêtes_t, archives_t;Datasets/all_labels_train_gensim_sparse_matrix.npz
medialogic.hypotheses.org/304;arts et humanités_d, sciences de l'information et de la communication_d, bibliothéconomie_d, sociologie_t;Datasets/all_labels_train_gensim_sparse_matrix.npz
schotten.hypotheses.org/989;religions_d, histoire et archéologie_d, sciences de l'information et de la communication_d, bibliothéconomie_d, histoire_t, histoire des religions_t, approches de corpus_t, enquêtes_t, archives_t, monde germanique_t;Datasets/all_labels_train_gensim_sparse_matrix.npz
archivalia.hypotheses.org/10179;histoire et archéologie_d, sciences sociales interdisciplinaires_d, histoire_t, approches de corpus_t, enquêtes_t, archives_t;Datasets/all_labels_train_gensim_sparse_matrix.npz
dislab.hypotheses.org/1562;sciences sociales interdisciplinaires_d, langue et linguistique_d, sociologie des sciences_t, linguistique_t;Datasets/all_labels_train_gensim_sparse_matrix.npz
archivalia.hypotheses.org/6285;histoire et archéologie_d, sciences sociales interdisciplinaires_d, histoire_t, approches de corpus_t, enquêtes_t, archives_t;Datasets/all_labels_train_gensim_sparse_matrix.npz
fotoarchiv.hypotheses.org/69;sciences sociales interdisciplinaires_d, histoire_t, information_t;Datasets/all_labels_train_gensim_sparse_matrix.npz
dfmfa.hypotheses.org/883;humanités pluridisciplinaires_d, sciences sociales interdisciplinaires_d, histoire_t, moyen âge_t, haut moyen âge_t, bas moyen âge_t;Datasets/all_labels_train_gensim_sparse_matrix.npz
1914lvr.hypotheses.org/614;sciences politiques_d, histoire_t, époque contemporaine_t, 1914-1918_t;Datasets/all_labels_train_gensim_sparse_matrix.npz
archivalia.hypotheses.org/2345;histoire et archéologie_d, sciences sociales interdisciplinaires_d, histoire_t, approches de corpus_t, enquêtes_t, archives_t;Datasets/all_labels_train_gensim_sparse_matrix.npz
intersex.hypotheses.org/4845;histoire_d, biomédecine_d, étude des genres_t, histoire des sciences_t, histoire_t, histoire du droit_t, moyen âge_t, xxie siècle_t;Datasets/all_labels_train_gensim_sparse_matrix.npz
archive20.hypotheses.org/4078;pluridisciplinarité_d, sciences sociales interdisciplinaires_d, histoire_t, information_t, patrimoine_t, monde germanique_t;Datasets/all_labels_train_gensim_sparse_matrix.npz
nordichistoryblog.hypotheses.org/1500;arts et humanités_d, histoire et archéologie_d, histoire_t, édition électronique_t, vie de la recherche_t, approches de corpus_t, enquêtes_t, archives_t, europe_t, pays baltes et scandinaves_t;Datasets/all_labels_train_gensim_sparse_matrix.npz
soziologieblog.hypotheses.org/3049;sciences sociales interdisciplinaires_d, sociologie et anthropologie_d, sociologie du travail_t, sociologie urbaine_t, sociologie de la culture_t, sociologie économique_t;Datasets/all_labels_train_gensim_sparse_matrix.npz
archivalia.hypotheses.org/2172;histoire et archéologie_d, sciences sociales interdisciplinaires_d, histoire_t, approches de corpus_t, enquêtes_t, archives_t;Datasets/all_labels_train_gensim_sparse_matrix.npz
reichwein.hypotheses.org/368;histoire et archéologie_d, histoire des sciences_t, 1945-1989_t;Datasets/all_labels_train_gensim_sparse_matrix.npz
lvrafz.hypotheses.org/1433;pluridisciplinarité_d, information_t;Datasets/all_labels_train_gensim_sparse_matrix.npz
archivewk1.hypotheses.org/527;histoire_d, époque contemporaine_t, 1914-1918_t;Datasets/all_labels_train_gensim_sparse_matrix.npz
archivalia.hypotheses.org/1215;histoire et archéologie_d, sciences sociales interdisciplinaires_d, histoire_t, approches de corpus_t, enquêtes_t, archives_t;Datasets/all_labels_train_gensim_sparse_matrix.npz
archivalia.hypotheses.org/9427;histoire et archéologie_d, sciences sociales interdisciplinaires_d, histoire_t, approches de corpus_t, enquêtes_t, archives_t;Datasets/all_labels_train_gensim_sparse_matrix.npz
intersex.hypotheses.org/2063;histoire_d, biomédecine_d, étude des genres_t, histoire des sciences_t, histoire_t, histoire du droit_t, moyen âge_t, xxie siècle_t;Datasets/all_labels_train_gensim_sparse_matrix.npz
archivalia.hypotheses.org/3104;histoire et archéologie_d, sciences sociales interdisciplinaires_d, histoire_t, approches de corpus_t, enquêtes_t, archives_t;Datasets/all_labels_train_gensim_sparse_matrix.npz
1914lvr.hypotheses.org/355;sciences politiques_d, histoire_t, époque contemporaine_t, 1914-1918_t;Datasets/all_labels_train_gensim_sparse_matrix.npz
archivamt.hypotheses.org/1260;communication_d, pluridisciplinarité_d, sciences sociales interdisciplinaires_d, information_t, sciences de l'information_t, représentations_t, patrimoine_t;Datasets/all_labels_train_gensim_sparse_matrix.npz
archivewk1.hypotheses.org/34791;histoire_d, époque contemporaine_t, 1914-1918_t;Datasets/all_labels_train_gensim_sparse_matrix.npz
archivalia.hypotheses.org/1232;histoire et archéologie_d, sciences sociales interdisciplinaires_d, histoire_t, approches de corpus_t, enquêtes_t, archives_t;Datasets/all_labels_train_gensim_sparse_matrix.npz
geschichtsadmin.hypotheses.org/152;éducation_d, histoire_d, sociologie du travail_t, histoire_t;Datasets/all_labels_train_gensim_sparse_matrix.npz
archivamt.hypotheses.org/3188;communication_d, pluridisciplinarité_d, sciences sociales interdisciplinaires_d, information_t, sciences de l'information_t, représentations_t, patrimoine_t;Datasets/all_labels_train_gensim_sparse_matrix.npz
archivalia.hypotheses.org/2307;histoire et archéologie_d, sciences sociales interdisciplinaires_d, histoire_t, approches de corpus_t, enquêtes_t, archives_t;Datasets/all_labels_train_gensim_sparse_matrix.npz
trafo.hypotheses.org/608;pluridisciplinarité_d, sciences sociales interdisciplinaires_d, études régionales_d, sociologie_t, sociologie des religions_t, information_t, histoire culturelle_t;Datasets/all_labels_train_gensim_sparse_matrix.npz
ordensgeschichte.hypotheses.org/6872;arts et humanités_d, humanités pluridisciplinaires_d, histoire et archéologie_d, histoire et philosophie des sciences_d, histoire_t, haut moyen âge_t, bas moyen âge_t, xviie siècle_t, xviiie siècle_t;Datasets/all_labels_train_gensim_sparse_matrix.npz
archivalia.hypotheses.org/3767;histoire et archéologie_d, sciences sociales interdisciplinaires_d, histoire_t, approches de corpus_t, enquêtes_t, archives_t;Datasets/all_labels_train_gensim_sparse_matrix.npz
histbav.hypotheses.org/3738;humanités pluridisciplinaires_d, histoire_d, pluridisciplinarité_d, histoire_t, monde germanique_t;Datasets/all_labels_train_gensim_sparse_matrix.npz
gab.hypotheses.org/1493;histoire et archéologie_d, pluridisciplinarité_d, sciences sociales interdisciplinaires_d, études des sciences_t, sociologie des sciences_t, histoire_t;Datasets/all_labels_train_gensim_sparse_matrix.npz
archivewk1.hypotheses.org/6907;histoire_d, époque contemporaine_t, 1914-1918_t;Datasets/all_labels_train_gensim_sparse_matrix.npz
vgdrp.hypotheses.org/384;éducation_d, histoire des sciences sociales_d, histoire_t, histoire économique_t, histoire industrielle_t, histoire urbaine_t, histoire sociale_t;Datasets/all_labels_train_gensim_sparse_matrix.npz
archivalia.hypotheses.org/4952;histoire et archéologie_d, sciences sociales interdisciplinaires_d, histoire_t, approches de corpus_t, enquêtes_t, archives_t;Datasets/all_labels_train_gensim_sparse_matrix.npz
achtundvierzig.hypotheses.org/568;sciences politiques_d, histoire_d, époque contemporaine_t, prospectives_t, histoire politique_t, monde germanique_t;Datasets/all_labels_train_gensim_sparse_matrix.npz
archivewk1.hypotheses.org/15780;histoire_d, époque contemporaine_t, 1914-1918_t;Datasets/all_labels_train_gensim_sparse_matrix.npz
grandeguerre.hypotheses.org/859;histoire et archéologie_d, histoire_t, 1914-1918_t, prospectives_t, france_t, monde germanique_t;Datasets/all_labels_train_gensim_sparse_matrix.npz
archivalia.hypotheses.org/7003;histoire et archéologie_d, sciences sociales interdisciplinaires_d, histoire_t, approches de corpus_t, enquêtes_t, archives_t;Datasets/all_labels_train_gensim_sparse_matrix.npz
gelerndig.hypotheses.org/276;éducation_d, éducation spécialisée_d, histoire_d, histoire_t, éducation_t, édition électronique_t, histoire et sociologie des médias_t;Datasets/all_labels_train_gensim_sparse_matrix.npz
archivalia.hypotheses.org/1910;histoire et archéologie_d, sciences sociales interdisciplinaires_d, histoire_t, approches de corpus_t, enquêtes_t, archives_t;Datasets/all_labels_train_gensim_sparse_matrix.npz
archive20.hypotheses.org/2511;pluridisciplinarité_d, sciences sociales interdisciplinaires_d, histoire_t, information_t, patrimoine_t, monde germanique_t;Datasets/all_labels_train_gensim_sparse_matrix.npz
archivalia.hypotheses.org/10497;histoire et archéologie_d, sciences sociales interdisciplinaires_d, histoire_t, approches de corpus_t, enquêtes_t, archives_t;Datasets/all_labels_train_gensim_sparse_matrix.npz
archivalia.hypotheses.org/1540;histoire et archéologie_d, sciences sociales interdisciplinaires_d, histoire_t, approches de corpus_t, enquêtes_t, archives_t;Datasets/all_labels_train_gensim_sparse_matrix.npz
bioeg.hypotheses.org/2054;histoire et archéologie_d, histoire_d, histoire_t, sciences auxiliaires de l'histoire_t, europe centrale et orientale_t, monde germanique_t;Datasets/all_labels_train_gensim_sparse_matrix.npz
archivalia.hypotheses.org/14598;histoire et archéologie_d, sciences sociales interdisciplinaires_d, histoire_t, approches de corpus_t, enquêtes_t, archives_t;Datasets/all_labels_train_gensim_sparse_matrix.npz
archivalia.hypotheses.org/59681;histoire et archéologie_d, sciences sociales interdisciplinaires_d, histoire_t, approches de corpus_t, enquêtes_t, archives_t;Datasets/all_labels_train_gensim_sparse_matrix.npz
bioeg.hypotheses.org/2010;histoire et archéologie_d, histoire_d, histoire_t, sciences auxiliaires de l'histoire_t, europe centrale et orientale_t, monde germanique_t;Datasets/all_labels_train_gensim_sparse_matrix.npz
gelerndig.hypotheses.org/524;éducation_d, éducation spécialisée_d, histoire_d, histoire_t, éducation_t, édition électronique_t, histoire et sociologie des médias_t;Datasets/all_labels_train_gensim_sparse_matrix.npz
dhmuc.hypotheses.org/171;humanités pluridisciplinaires_d, communication_d, pluridisciplinarité_d, sciences sociales interdisciplinaires_d, études des sciences_t, édition électronique_t, digital humanities_t;Datasets/all_labels_train_gensim_sparse_matrix.npz
soziologieblog.hypotheses.org/2128;sciences sociales interdisciplinaires_d, sociologie et anthropologie_d, sociologie du travail_t, sociologie urbaine_t, sociologie de la culture_t, sociologie économique_t;Datasets/all_labels_train_gensim_sparse_matrix.npz
rkb.hypotheses.org/304;arts et humanités_d, communication_d, sciences de l'information et bibliothéconomie_d, sociologie des sciences_t, édition électronique_t, histoire et sociologie des médias_t;Datasets/all_labels_train_gensim_sparse_matrix.npz
archivalia.hypotheses.org/10508;histoire et archéologie_d, sciences sociales interdisciplinaires_d, histoire_t, approches de corpus_t, enquêtes_t, archives_t;Datasets/all_labels_train_gensim_sparse_matrix.npz
geschichtsadmin.hypotheses.org/267;éducation_d, histoire_d, sociologie du travail_t, histoire_t;Datasets/all_labels_train_gensim_sparse_matrix.npz
heraldica.hypotheses.org/489;histoire_d, histoire_t, historiographie_t, sciences auxiliaires de l'histoire_t, moyen âge_t, haut moyen âge_t;Datasets/all_labels_train_gensim_sparse_matrix.npz
archivalia.hypotheses.org/5782;histoire et archéologie_d, sciences sociales interdisciplinaires_d, histoire_t, approches de corpus_t, enquêtes_t, archives_t;Datasets/all_labels_train_gensim_sparse_matrix.npz
kristinoswald.hypotheses.org/903;études anciennes_d, études des sciences_t, histoire_t, histoire et sociologie des médias_t, histoire culturelle_t, digital humanities_t;Datasets/all_labels_train_gensim_sparse_matrix.npz
archivalia.hypotheses.org/7143;histoire et archéologie_d, sciences sociales interdisciplinaires_d, histoire_t, approches de corpus_t, enquêtes_t, archives_t;Datasets/all_labels_train_gensim_sparse_matrix.npz
archivewk1.hypotheses.org/26070;histoire_d, époque contemporaine_t, 1914-1918_t;Datasets/all_labels_train_gensim_sparse_matrix.npz
beruf.hypotheses.org/588;histoire et archéologie_d, histoire_d, histoire_t;Datasets/all_labels_train_gensim_sparse_matrix.npz
ordensgeschichte.hypotheses.org/324;arts et humanités_d, humanités pluridisciplinaires_d, histoire et archéologie_d, histoire et philosophie des sciences_d, histoire_t, haut moyen âge_t, bas moyen âge_t, xviie siècle_t, xviiie siècle_t;Datasets/all_labels_train_gensim_sparse_matrix.npz
reichwein.hypotheses.org/1575;histoire et archéologie_d, histoire des sciences_t, 1945-1989_t;Datasets/all_labels_train_gensim_sparse_matrix.npz
grk1678.hypotheses.org/306;arts et humanités_d, humanités pluridisciplinaires_d, histoire et philosophie des sciences_d, pluridisciplinarité_d, philosophie_t, littératures_t, histoire culturelle_t, histoire de l'art_t;Datasets/all_labels_train_gensim_sparse_matrix.npz
liparchiv.hypotheses.org/102;histoire et archéologie_d, sciences politiques_d, administration publique et développement_d, histoire urbaine_t, patrimoine_t, sciences auxiliaires de l'histoire_t, approches de corpus_t, enquêtes_t, archives_t, europe_t;Datasets/all_labels_train_gensim_sparse_matrix.npz
histbav.hypotheses.org/3265;humanités pluridisciplinaires_d, histoire_d, pluridisciplinarité_d, histoire_t, monde germanique_t;Datasets/all_labels_train_gensim_sparse_matrix.npz
frueheneuzeit.hypotheses.org/1630;histoire et archéologie_d, histoire_t, époque moderne_t, xviie siècle_t, xviiie siècle_t, révolution française_t;Datasets/all_labels_train_gensim_sparse_matrix.npz
reichwein.hypotheses.org/1317;histoire et archéologie_d, histoire des sciences_t, 1945-1989_t;Datasets/all_labels_train_gensim_sparse_matrix.npz
archivewk1.hypotheses.org/20658;histoire_d, époque contemporaine_t, 1914-1918_t;Datasets/all_labels_train_gensim_sparse_matrix.npz
pophistory.hypotheses.org/12;humanités pluridisciplinaires_d, histoire et archéologie_d, sociologie de la culture_t, histoire sociale_t, histoire culturelle_t, époque contemporaine_t;Datasets/all_labels_train_gensim_sparse_matrix.npz
archivewk1.hypotheses.org/3256;histoire_d, époque contemporaine_t, 1914-1918_t;Datasets/all_labels_train_gensim_sparse_matrix.npz
archivalia.hypotheses.org/11794;histoire et archéologie_d, sciences sociales interdisciplinaires_d, histoire_t, approches de corpus_t, enquêtes_t, archives_t;Datasets/all_labels_train_gensim_sparse_matrix.npz
ordensgeschichte.hypotheses.org/7025;arts et humanités_d, humanités pluridisciplinaires_d, histoire et archéologie_d, histoire et philosophie des sciences_d, histoire_t, haut moyen âge_t, bas moyen âge_t, xviie siècle_t, xviiie siècle_t;Datasets/all_labels_train_gensim_sparse_matrix.npz
dislab.hypotheses.org/2431;sciences sociales interdisciplinaires_d, langue et linguistique_d, sociologie des sciences_t, linguistique_t;Datasets/all_labels_train_gensim_sparse_matrix.npz
ockenheim.hypotheses.org/538;histoire et archéologie_d, archéologie_d, histoire_t, histoire urbaine_t, édition électronique_t, monde germanique_t;Datasets/all_labels_train_gensim_sparse_matrix.npz
bereschitrabba.hypotheses.org/115;arts et humanités_d, religions_d, langue et linguistique_d, religions_t, histoire des religions_t;Datasets/all_labels_train_gensim_sparse_matrix.npz
schotten.hypotheses.org/174;religions_d, histoire et archéologie_d, sciences de l'information et de la communication_d, bibliothéconomie_d, histoire_t, histoire des religions_t, approches de corpus_t, enquêtes_t, archives_t, monde germanique_t;Datasets/all_labels_train_gensim_sparse_matrix.npz
archivalia.hypotheses.org/7203;histoire et archéologie_d, sciences sociales interdisciplinaires_d, histoire_t, approches de corpus_t, enquêtes_t, archives_t;Datasets/all_labels_train_gensim_sparse_matrix.npz
archivalia.hypotheses.org/13650;histoire et archéologie_d, sciences sociales interdisciplinaires_d, histoire_t, approches de corpus_t, enquêtes_t, archives_t;Datasets/all_labels_train_gensim_sparse_matrix.npz
mindthegaps.hypotheses.org/564;études asiatiques_d, histoire_d, histoire_t, histoire culturelle_t, asie_t, chine_t;Datasets/all_labels_train_gensim_sparse_matrix.npz
soziologieblog.hypotheses.org/4623;sciences sociales interdisciplinaires_d, sociologie et anthropologie_d, sociologie du travail_t, sociologie urbaine_t, sociologie de la culture_t, sociologie économique_t;Datasets/all_labels_train_gensim_sparse_matrix.npz
archivewk1.hypotheses.org/23782;histoire_d, époque contemporaine_t, 1914-1918_t;Datasets/all_labels_train_gensim_sparse_matrix.npz
bloghaus.hypotheses.org/1404;pluridisciplinarité_d, sciences sociales interdisciplinaires_d, information_t, digital humanities_t;Datasets/all_labels_train_gensim_sparse_matrix.npz
rkb.hypotheses.org/883;arts et humanités_d, communication_d, sciences de l'information et bibliothéconomie_d, sociologie des sciences_t, édition électronique_t, histoire et sociologie des médias_t;Datasets/all_labels_train_gensim_sparse_matrix.npz
archivamt.hypotheses.org/746;communication_d, pluridisciplinarité_d, sciences sociales interdisciplinaires_d, information_t, sciences de l'information_t, représentations_t, patrimoine_t;Datasets/all_labels_train_gensim_sparse_matrix.npz
dhmuc.hypotheses.org/161;humanités pluridisciplinaires_d, communication_d, pluridisciplinarité_d, sciences sociales interdisciplinaires_d, études des sciences_t, édition électronique_t, digital humanities_t;Datasets/all_labels_train_gensim_sparse_matrix.npz
unibloggt.hypotheses.org/1228;histoire et archéologie_d, pluridisciplinarité_d, histoire_t, information_t;Datasets/all_labels_train_gensim_sparse_matrix.npz
medienbildung.hypotheses.org/4296;éducation_d, éducation spécialisée_d, travail social_d, sociologie_t, édition électronique_t, histoire et sociologie des médias_t, éducation_t;Datasets/all_labels_train_gensim_sparse_matrix.npz
kinder.hypotheses.org/1125;éducation et sciences de l'éducation_d, études sur la famille_d, âges de la vie_t, sciences de l'éducation_t;Datasets/all_labels_train_gensim_sparse_matrix.npz
archivewk1.hypotheses.org/4977;histoire_d, époque contemporaine_t, 1914-1918_t;Datasets/all_labels_train_gensim_sparse_matrix.npz
tagebuch.hypotheses.org/1104;histoire et archéologie_d, histoire_d, histoire_t, époque contemporaine_t, 1914-1918_t;Datasets/all_labels_train_gensim_sparse_matrix.npz
archivewk1.hypotheses.org/20046;histoire_d, époque contemporaine_t, 1914-1918_t;Datasets/all_labels_train_gensim_sparse_matrix.npz
archivewk1.hypotheses.org/8997;histoire_d, époque contemporaine_t, 1914-1918_t;Datasets/all_labels_train_gensim_sparse_matrix.npz
tagebuch.hypotheses.org/1368;histoire et archéologie_d, histoire_d, histoire_t, époque contemporaine_t, 1914-1918_t;Datasets/all_labels_train_gensim_sparse_matrix.npz
trafo.hypotheses.org/3903;pluridisciplinarité_d, sciences sociales interdisciplinaires_d, études régionales_d, sociologie_t, sociologie des religions_t, information_t, histoire culturelle_t;Datasets/all_labels_train_gensim_sparse_matrix.npz
soziologieblog.hypotheses.org/5567;sciences sociales interdisciplinaires_d, sociologie et anthropologie_d, sociologie du travail_t, sociologie urbaine_t, sociologie de la culture_t, sociologie économique_t;Datasets/all_labels_train_gensim_sparse_matrix.npz
archivalia.hypotheses.org/2264;histoire et archéologie_d, sciences sociales interdisciplinaires_d, histoire_t, approches de corpus_t, enquêtes_t, archives_t;Datasets/all_labels_train_gensim_sparse_matrix.npz
archivalia.hypotheses.org/5159;histoire et archéologie_d, sciences sociales interdisciplinaires_d, histoire_t, approches de corpus_t, enquêtes_t, archives_t;Datasets/all_labels_train_gensim_sparse_matrix.npz
soziologieblog.hypotheses.org/7870;sciences sociales interdisciplinaires_d, sociologie et anthropologie_d, sociologie du travail_t, sociologie urbaine_t, sociologie de la culture_t, sociologie économique_t;Datasets/all_labels_train_gensim_sparse_matrix.npz
ordensgeschichte.hypotheses.org/8359;arts et humanités_d, humanités pluridisciplinaires_d, histoire et archéologie_d, histoire et philosophie des sciences_d, histoire_t, haut moyen âge_t, bas moyen âge_t, xviie siècle_t, xviiie siècle_t;Datasets/all_labels_train_gensim_sparse_matrix.npz
archivalia.hypotheses.org/6142;histoire et archéologie_d, sciences sociales interdisciplinaires_d, histoire_t, approches de corpus_t, enquêtes_t, archives_t;Datasets/all_labels_train_gensim_sparse_matrix.npz
archivalia.hypotheses.org/11030;histoire et archéologie_d, sciences sociales interdisciplinaires_d, histoire_t, approches de corpus_t, enquêtes_t, archives_t;Datasets/all_labels_train_gensim_sparse_matrix.npz
tagebuch.hypotheses.org/909;histoire et archéologie_d, histoire_d, histoire_t, époque contemporaine_t, 1914-1918_t;Datasets/all_labels_train_gensim_sparse_matrix.npz
schotten.hypotheses.org/818;religions_d, histoire et archéologie_d, sciences de l'information et de la communication_d, bibliothéconomie_d, histoire_t, histoire des religions_t, approches de corpus_t, enquêtes_t, archives_t, monde germanique_t;Datasets/all_labels_train_gensim_sparse_matrix.npz
redaktionsblog.hypotheses.org/2033;arts et humanités_d, humanités pluridisciplinaires_d, épistémologie et méthodes_t, digital humanities_t;Datasets/all_labels_train_gensim_sparse_matrix.npz
intersex.hypotheses.org/1962;histoire_d, biomédecine_d, étude des genres_t, histoire des sciences_t, histoire_t, histoire du droit_t, moyen âge_t, xxie siècle_t;Datasets/all_labels_train_gensim_sparse_matrix.npz
archivalia.hypotheses.org/13226;histoire et archéologie_d, sciences sociales interdisciplinaires_d, histoire_t, approches de corpus_t, enquêtes_t, archives_t;Datasets/all_labels_train_gensim_sparse_matrix.npz
dhc.hypotheses.org/15;sciences sociales interdisciplinaires_d, études des sciences_t, information_t, vie de la recherche_t;Datasets/all_labels_train_gensim_sparse_matrix.npz
inklusion.hypotheses.org/1677;éducation_d, travail social et politique sociale_d, sociologie du travail_t, âges de la vie_t, information_t, sciences de l'éducation_t;Datasets/all_labels_train_gensim_sparse_matrix.npz
gab.hypotheses.org/2982;histoire et archéologie_d, pluridisciplinarité_d, sciences sociales interdisciplinaires_d, études des sciences_t, sociologie des sciences_t, histoire_t;Datasets/all_labels_train_gensim_sparse_matrix.npz
archivewk1.hypotheses.org/19481;histoire_d, époque contemporaine_t, 1914-1918_t;Datasets/all_labels_train_gensim_sparse_matrix.npz
lvrafz.hypotheses.org/1832;pluridisciplinarité_d, information_t;Datasets/all_labels_train_gensim_sparse_matrix.npz
tagebuch.hypotheses.org/1396;histoire et archéologie_d, histoire_d, histoire_t, époque contemporaine_t, 1914-1918_t;Datasets/all_labels_train_gensim_sparse_matrix.npz
sdvigpress.hypotheses.org/327;langue et linguistique_d, philosophie_d, humanités pluridisciplinaires_d, épistémologie et méthodes_t, digital humanities_t, europe centrale et orientale_t, édition électronique_t, linguistique_t;Datasets/all_labels_train_gensim_sparse_matrix.npz
leibnizarc.hypotheses.org/150;éducation_d, histoire et archéologie_d, sciences de l'information et bibliothéconomie_d, études des sciences_t, histoire industrielle_t, histoire de l'art_t;Datasets/all_labels_train_gensim_sparse_matrix.npz
archivalia.hypotheses.org/9815;histoire et archéologie_d, sciences sociales interdisciplinaires_d, histoire_t, approches de corpus_t, enquêtes_t, archives_t;Datasets/all_labels_train_gensim_sparse_matrix.npz
etatsocial.hypotheses.org/235;histoire_d, histoire des sciences sociales_d, sociologie_d, économie_d, sociologie du travail_t, âges de la vie_t, xxe siècle_t;Datasets/all_labels_train_gensim_sparse_matrix.npz
archivewk1.hypotheses.org/26754;histoire_d, époque contemporaine_t, 1914-1918_t;Datasets/all_labels_train_gensim_sparse_matrix.npz
archivalia.hypotheses.org/55435;histoire et archéologie_d, sciences sociales interdisciplinaires_d, histoire_t, approches de corpus_t, enquêtes_t, archives_t;Datasets/all_labels_train_gensim_sparse_matrix.npz
archivewk1.hypotheses.org/23884;histoire_d, époque contemporaine_t, 1914-1918_t;Datasets/all_labels_train_gensim_sparse_matrix.npz
fnzinfo.hypotheses.org/905;arts et humanités_d, musique_d, histoire et archéologie_d, histoire_t, xvie siècle_t, xviie siècle_t, xviiie siècle_t, révolution française_t;Datasets/all_labels_train_gensim_sparse_matrix.npz
soziologieblog.hypotheses.org/8058;sciences sociales interdisciplinaires_d, sociologie et anthropologie_d, sociologie du travail_t, sociologie urbaine_t, sociologie de la culture_t, sociologie économique_t;Datasets/all_labels_train_gensim_sparse_matrix.npz
bereschitrabba.hypotheses.org/857;arts et humanités_d, religions_d, langue et linguistique_d, religions_t, histoire des religions_t;Datasets/all_labels_train_gensim_sparse_matrix.npz
archivewk1.hypotheses.org/23319;histoire_d, époque contemporaine_t, 1914-1918_t;Datasets/all_labels_train_gensim_sparse_matrix.npz
bloghaus.hypotheses.org/520;pluridisciplinarité_d, sciences sociales interdisciplinaires_d, information_t, digital humanities_t;Datasets/all_labels_train_gensim_sparse_matrix.npz
archivewk1.hypotheses.org/27588;histoire_d, époque contemporaine_t, 1914-1918_t;Datasets/all_labels_train_gensim_sparse_matrix.npz
kinder.hypotheses.org/1280;éducation et sciences de l'éducation_d, études sur la famille_d, âges de la vie_t, sciences de l'éducation_t;Datasets/all_labels_train_gensim_sparse_matrix.npz
tagebuch.hypotheses.org/150;histoire et archéologie_d, histoire_d, histoire_t, époque contemporaine_t, 1914-1918_t;Datasets/all_labels_train_gensim_sparse_matrix.npz
archivamt.hypotheses.org/2212;communication_d, pluridisciplinarité_d, sciences sociales interdisciplinaires_d, information_t, sciences de l'information_t, représentations_t, patrimoine_t;Datasets/all_labels_train_gensim_sparse_matrix.npz
archivewk1.hypotheses.org/2364;histoire_d, époque contemporaine_t, 1914-1918_t;Datasets/all_labels_train_gensim_sparse_matrix.npz
tagebuch.hypotheses.org/152;histoire et archéologie_d, histoire_d, histoire_t, époque contemporaine_t, 1914-1918_t;Datasets/all_labels_train_gensim_sparse_matrix.npz
tagebuch.hypotheses.org/161;histoire et archéologie_d, histoire_d, histoire_t, époque contemporaine_t, 1914-1918_t;Datasets/all_labels_train_gensim_sparse_matrix.npz
winzen.hypotheses.org/757;histoire_d, histoire_t, études visuelles_t, 1918-1939_t, 1939-1945_t, monde germanique_t;Datasets/all_labels_train_gensim_sparse_matrix.npz
archivewk1.hypotheses.org/20105;histoire_d, époque contemporaine_t, 1914-1918_t;Datasets/all_labels_train_gensim_sparse_matrix.npz
futurecity.hypotheses.org/287;sciences politiques_d, administration publique et développement_d, sociologie urbaine_t;Datasets/all_labels_train_gensim_sparse_matrix.npz
intersex.hypotheses.org/63;histoire_d, biomédecine_d, étude des genres_t, histoire des sciences_t, histoire_t, histoire du droit_t, moyen âge_t, xxie siècle_t;Datasets/all_labels_train_gensim_sparse_matrix.npz
games.hypotheses.org/2057;arts et humanités_d, humanités pluridisciplinaires_d, psychologie expérimentale_d, sciences cognitives_t, psychisme_t, psychologie_t, représentations_t, histoire de l'art_t, études visuelles_t;Datasets/all_labels_train_gensim_sparse_matrix.npz
jeunegen.hypotheses.org/174;histoire_d, pluridisciplinarité_d, histoire_t, vie de la recherche_t, moyen âge_t, haut moyen âge_t, bas moyen âge_t;Datasets/all_labels_train_gensim_sparse_matrix.npz
archivlinz.hypotheses.org/903;histoire et archéologie_d, histoire_d, histoire urbaine_t, 1914-1918_t, monde germanique_t;Datasets/all_labels_train_gensim_sparse_matrix.npz
archivewk1.hypotheses.org/747;histoire_d, époque contemporaine_t, 1914-1918_t;Datasets/all_labels_train_gensim_sparse_matrix.npz
archivalia.hypotheses.org/14263;histoire et archéologie_d, sciences sociales interdisciplinaires_d, histoire_t, approches de corpus_t, enquêtes_t, archives_t;Datasets/all_labels_train_gensim_sparse_matrix.npz
dighist.hypotheses.org/882;histoire_d, sciences sociales interdisciplinaires_d, études sur la famille_d, sociologie_d, histoire urbaine_t, histoire sociale_t, europe centrale et orientale_t;Datasets/all_labels_train_gensim_sparse_matrix.npz
archivewk1.hypotheses.org/22487;histoire_d, époque contemporaine_t, 1914-1918_t;Datasets/all_labels_train_gensim_sparse_matrix.npz
archivalia.hypotheses.org/8108;histoire et archéologie_d, sciences sociales interdisciplinaires_d, histoire_t, approches de corpus_t, enquêtes_t, archives_t;Datasets/all_labels_train_gensim_sparse_matrix.npz
archivalia.hypotheses.org/2272;histoire et archéologie_d, sciences sociales interdisciplinaires_d, histoire_t, approches de corpus_t, enquêtes_t, archives_t;Datasets/all_labels_train_gensim_sparse_matrix.npz
archivalia.hypotheses.org/6766;histoire et archéologie_d, sciences sociales interdisciplinaires_d, histoire_t, approches de corpus_t, enquêtes_t, archives_t;Datasets/all_labels_train_gensim_sparse_matrix.npz
jeunegen.hypotheses.org/1566;histoire_d, pluridisciplinarité_d, histoire_t, vie de la recherche_t, moyen âge_t, haut moyen âge_t, bas moyen âge_t;Datasets/all_labels_train_gensim_sparse_matrix.npz
archivalia.hypotheses.org/4358;histoire et archéologie_d, sciences sociales interdisciplinaires_d, histoire_t, approches de corpus_t, enquêtes_t, archives_t;Datasets/all_labels_train_gensim_sparse_matrix.npz
ockenheim.hypotheses.org/439;histoire et archéologie_d, archéologie_d, histoire_t, histoire urbaine_t, édition électronique_t, monde germanique_t;Datasets/all_labels_train_gensim_sparse_matrix.npz
winzen.hypotheses.org/554;histoire_d, histoire_t, études visuelles_t, 1918-1939_t, 1939-1945_t, monde germanique_t;Datasets/all_labels_train_gensim_sparse_matrix.npz
kinder.hypotheses.org/530;éducation et sciences de l'éducation_d, études sur la famille_d, âges de la vie_t, sciences de l'éducation_t;Datasets/all_labels_train_gensim_sparse_matrix.npz
archivalia.hypotheses.org/5975;histoire et archéologie_d, sciences sociales interdisciplinaires_d, histoire_t, approches de corpus_t, enquêtes_t, archives_t;Datasets/all_labels_train_gensim_sparse_matrix.npz
amuc.hypotheses.org/2223;humanités pluridisciplinaires_d, histoire_d, histoire_t, représentations_t, patrimoine_t;Datasets/all_labels_train_gensim_sparse_matrix.npz
histgymbib.hypotheses.org/2350;arts et humanités_d, humanités pluridisciplinaires_d, sciences de l'information et de la communication_d, bibliothéconomie_d, sciences sociales interdisciplinaires_d, éducation_t, xvie siècle_t, xviie siècle_t, xviiie siècle_t, prospectives_t;Datasets/all_labels_train_gensim_sparse_matrix.npz
soziologieblog.hypotheses.org/4433;sciences sociales interdisciplinaires_d, sociologie et anthropologie_d, sociologie du travail_t, sociologie urbaine_t, sociologie de la culture_t, sociologie économique_t;Datasets/all_labels_train_gensim_sparse_matrix.npz
gra.hypotheses.org/134;arts et humanités_d, communication_d, sciences de l'information et bibliothéconomie_d, représentations_t, histoire culturelle_t, histoire de l'art_t, études visuelles_t;Datasets/all_labels_train_gensim_sparse_matrix.npz
dhiha.hypotheses.org/1423;arts et humanités_d, humanités pluridisciplinaires_d, pluridisciplinarité_d, histoire_t, information_t, sciences de l'information_t, édition électronique_t, digital humanities_t;Datasets/all_labels_train_gensim_sparse_matrix.npz
historischdenken.hypotheses.org/2575;histoire et archéologie_d, histoire_t;Datasets/all_labels_train_gensim_sparse_matrix.npz
archive20.hypotheses.org/2325;pluridisciplinarité_d, sciences sociales interdisciplinaires_d, histoire_t, information_t, patrimoine_t, monde germanique_t;Datasets/all_labels_train_gensim_sparse_matrix.npz
archivalia.hypotheses.org/10684;histoire et archéologie_d, sciences sociales interdisciplinaires_d, histoire_t, approches de corpus_t, enquêtes_t, archives_t;Datasets/all_labels_train_gensim_sparse_matrix.npz
jameel.hypotheses.org/358;pluridisciplinarité_d, études régionales_d, archéologie_d, arts_d, humanités pluridisciplinaires_d, représentations_t, asie_t, digital humanities_t, histoire de l'art_t;Datasets/all_labels_train_gensim_sparse_matrix.npz
kulturgut.hypotheses.org/225;humanités pluridisciplinaires_d, études des sciences_t, histoire_t, approches de corpus_t, enquêtes_t, archives_t;Datasets/all_labels_train_gensim_sparse_matrix.npz
archivalia.hypotheses.org/13839;histoire et archéologie_d, sciences sociales interdisciplinaires_d, histoire_t, approches de corpus_t, enquêtes_t, archives_t;Datasets/all_labels_train_gensim_sparse_matrix.npz
histbav.hypotheses.org/4379;humanités pluridisciplinaires_d, histoire_d, pluridisciplinarité_d, histoire_t, monde germanique_t;Datasets/all_labels_train_gensim_sparse_matrix.npz
heraldica.hypotheses.org/593;histoire_d, histoire_t, historiographie_t, sciences auxiliaires de l'histoire_t, moyen âge_t, haut moyen âge_t;Datasets/all_labels_train_gensim_sparse_matrix.npz
archivalia.hypotheses.org/428;histoire et archéologie_d, sciences sociales interdisciplinaires_d, histoire_t, approches de corpus_t, enquêtes_t, archives_t;Datasets/all_labels_train_gensim_sparse_matrix.npz
archivewk1.hypotheses.org/15586;histoire_d, époque contemporaine_t, 1914-1918_t;Datasets/all_labels_train_gensim_sparse_matrix.npz
bioeg.hypotheses.org/397;histoire et archéologie_d, histoire_d, histoire_t, sciences auxiliaires de l'histoire_t, europe centrale et orientale_t, monde germanique_t;Datasets/all_labels_train_gensim_sparse_matrix.npz
archivalia.hypotheses.org/11996;histoire et archéologie_d, sciences sociales interdisciplinaires_d, histoire_t, approches de corpus_t, enquêtes_t, archives_t;Datasets/all_labels_train_gensim_sparse_matrix.npz
archivamt.hypotheses.org/1269;communication_d, pluridisciplinarité_d, sciences sociales interdisciplinaires_d, information_t, sciences de l'information_t, représentations_t, patrimoine_t;Datasets/all_labels_train_gensim_sparse_matrix.npz
archivalia.hypotheses.org/8069;histoire et archéologie_d, sciences sociales interdisciplinaires_d, histoire_t, approches de corpus_t, enquêtes_t, archives_t;Datasets/all_labels_train_gensim_sparse_matrix.npz
archivewk1.hypotheses.org/10426;histoire_d, époque contemporaine_t, 1914-1918_t;Datasets/all_labels_train_gensim_sparse_matrix.npz
archives.hypotheses.org/997;histoire_d, communication_d, patrimoine_t, digital humanities_t, moyen âge_t, époque moderne_t, france_t, monde germanique_t;Datasets/all_labels_train_gensim_sparse_matrix.npz
cereg.hypotheses.org/452;arts et humanités_d, histoire_d, littérature_d, monde germanique_t;Datasets/all_labels_train_gensim_sparse_matrix.npz
historischdenken.hypotheses.org/2650;histoire et archéologie_d, histoire_t;Datasets/all_labels_train_gensim_sparse_matrix.npz
grandeguerre.hypotheses.org/714;histoire et archéologie_d, histoire_t, 1914-1918_t, prospectives_t, france_t, monde germanique_t;Datasets/all_labels_train_gensim_sparse_matrix.npz
francofil.hypotheses.org/479;pluridisciplinarité_d, sciences sociales interdisciplinaires_d, histoire_t, épistémologie et méthodes_t, approches de corpus_t, enquêtes_t, archives_t, france_t;Datasets/all_labels_train_gensim_sparse_matrix.npz
bioeg.hypotheses.org/1617;histoire et archéologie_d, histoire_d, histoire_t, sciences auxiliaires de l'histoire_t, europe centrale et orientale_t, monde germanique_t;Datasets/all_labels_train_gensim_sparse_matrix.npz
francofil.hypotheses.org/1654;pluridisciplinarité_d, sciences sociales interdisciplinaires_d, histoire_t, épistémologie et méthodes_t, approches de corpus_t, enquêtes_t, archives_t, france_t;Datasets/all_labels_train_gensim_sparse_matrix.npz
archivewk1.hypotheses.org/22184;histoire_d, époque contemporaine_t, 1914-1918_t;Datasets/all_labels_train_gensim_sparse_matrix.npz
grandeguerre.hypotheses.org/110;histoire et archéologie_d, histoire_t, 1914-1918_t, prospectives_t, france_t, monde germanique_t;Datasets/all_labels_train_gensim_sparse_matrix.npz
archivewk1.hypotheses.org/14373;histoire_d, époque contemporaine_t, 1914-1918_t;Datasets/all_labels_train_gensim_sparse_matrix.npz
nomoi.hypotheses.org/430;arts et humanités_d, anthropologie politique_t, histoire du droit_t, histoire intellectuelle_t, histoire de l'art_t;Datasets/all_labels_train_gensim_sparse_matrix.npz
frueheneuzeit.hypotheses.org/582;histoire et archéologie_d, histoire_t, époque moderne_t, xviie siècle_t, xviiie siècle_t, révolution française_t;Datasets/all_labels_train_gensim_sparse_matrix.npz
archivalia.hypotheses.org/8860;histoire et archéologie_d, sciences sociales interdisciplinaires_d, histoire_t, approches de corpus_t, enquêtes_t, archives_t;Datasets/all_labels_train_gensim_sparse_matrix.npz
jeunegen.hypotheses.org/1376;histoire_d, pluridisciplinarité_d, histoire_t, vie de la recherche_t, moyen âge_t, haut moyen âge_t, bas moyen âge_t;Datasets/all_labels_train_gensim_sparse_matrix.npz
histbav.hypotheses.org/1821;humanités pluridisciplinaires_d, histoire_d, pluridisciplinarité_d, histoire_t, monde germanique_t;Datasets/all_labels_train_gensim_sparse_matrix.npz
archivewk1.hypotheses.org/10412;histoire_d, époque contemporaine_t, 1914-1918_t;Datasets/all_labels_train_gensim_sparse_matrix.npz
trafo.hypotheses.org/5214;pluridisciplinarité_d, sciences sociales interdisciplinaires_d, études régionales_d, sociologie_t, sociologie des religions_t, information_t, histoire culturelle_t;Datasets/all_labels_train_gensim_sparse_matrix.npz
jameel.hypotheses.org/852;pluridisciplinarité_d, études régionales_d, archéologie_d, arts_d, humanités pluridisciplinaires_d, représentations_t, asie_t, digital humanities_t, histoire de l'art_t;Datasets/all_labels_train_gensim_sparse_matrix.npz
gewalt.hypotheses.org/177;sciences politiques_d, sociologie_d, sociologie_t, sociologie urbaine_t, anthropologie politique_t, histoire urbaine_t, guerres_t, conflits_t, violence_t;Datasets/all_labels_train_gensim_sparse_matrix.npz
archivalia.hypotheses.org/2101;histoire et archéologie_d, sciences sociales interdisciplinaires_d, histoire_t, approches de corpus_t, enquêtes_t, archives_t;Datasets/all_labels_train_gensim_sparse_matrix.npz
bioeg.hypotheses.org/806;histoire et archéologie_d, histoire_d, histoire_t, sciences auxiliaires de l'histoire_t, europe centrale et orientale_t, monde germanique_t;Datasets/all_labels_train_gensim_sparse_matrix.npz
archivalia.hypotheses.org/7497;histoire et archéologie_d, sciences sociales interdisciplinaires_d, histoire_t, approches de corpus_t, enquêtes_t, archives_t;Datasets/all_labels_train_gensim_sparse_matrix.npz
archivekod.hypotheses.org/636;religions_d, histoire et archéologie_d, sciences de l'information et de la communication_d, bibliothéconomie_d, communication_d, histoire_t, histoire des religions_t, patrimoine_t;Datasets/all_labels_train_gensim_sparse_matrix.npz
amuc.hypotheses.org/90;humanités pluridisciplinaires_d, histoire_d, histoire_t, représentations_t, patrimoine_t;Datasets/all_labels_train_gensim_sparse_matrix.npz
archivewk1.hypotheses.org/30591;histoire_d, époque contemporaine_t, 1914-1918_t;Datasets/all_labels_train_gensim_sparse_matrix.npz
1914lvr.hypotheses.org/595;sciences politiques_d, histoire_t, époque contemporaine_t, 1914-1918_t;Datasets/all_labels_train_gensim_sparse_matrix.npz
archivewk1.hypotheses.org/28072;histoire_d, époque contemporaine_t, 1914-1918_t;Datasets/all_labels_train_gensim_sparse_matrix.npz
intersex.hypotheses.org/4381;histoire_d, biomédecine_d, étude des genres_t, histoire des sciences_t, histoire_t, histoire du droit_t, moyen âge_t, xxie siècle_t;Datasets/all_labels_train_gensim_sparse_matrix.npz
archivalia.hypotheses.org/3737;histoire et archéologie_d, sciences sociales interdisciplinaires_d, histoire_t, approches de corpus_t, enquêtes_t, archives_t;Datasets/all_labels_train_gensim_sparse_matrix.npz
archivalia.hypotheses.org/9940;histoire et archéologie_d, sciences sociales interdisciplinaires_d, histoire_t, approches de corpus_t, enquêtes_t, archives_t;Datasets/all_labels_train_gensim_sparse_matrix.npz
archivalia.hypotheses.org/6384;histoire et archéologie_d, sciences sociales interdisciplinaires_d, histoire_t, approches de corpus_t, enquêtes_t, archives_t;Datasets/all_labels_train_gensim_sparse_matrix.npz
artincrisis.hypotheses.org/336;arts et humanités_d, représentations_t, histoire de l'art_t, époque contemporaine_t, 1939-1945_t, monde germanique_t;Datasets/all_labels_train_gensim_sparse_matrix.npz
archivewk1.hypotheses.org/12596;histoire_d, époque contemporaine_t, 1914-1918_t;Datasets/all_labels_train_gensim_sparse_matrix.npz
archivalia.hypotheses.org/7312;histoire et archéologie_d, sciences sociales interdisciplinaires_d, histoire_t, approches de corpus_t, enquêtes_t, archives_t;Datasets/all_labels_train_gensim_sparse_matrix.npz
soziologieblog.hypotheses.org/1319;sciences sociales interdisciplinaires_d, sociologie et anthropologie_d, sociologie du travail_t, sociologie urbaine_t, sociologie de la culture_t, sociologie économique_t;Datasets/all_labels_train_gensim_sparse_matrix.npz
medienbildung.hypotheses.org/8611;éducation_d, éducation spécialisée_d, travail social_d, sociologie_t, édition électronique_t, histoire et sociologie des médias_t, éducation_t;Datasets/all_labels_train_gensim_sparse_matrix.npz
archivalia.hypotheses.org/10810;histoire et archéologie_d, sciences sociales interdisciplinaires_d, histoire_t, approches de corpus_t, enquêtes_t, archives_t;Datasets/all_labels_train_gensim_sparse_matrix.npz
archivalia.hypotheses.org/60364;histoire et archéologie_d, sciences sociales interdisciplinaires_d, histoire_t, approches de corpus_t, enquêtes_t, archives_t;Datasets/all_labels_train_gensim_sparse_matrix.npz
archivalia.hypotheses.org/8765;histoire et archéologie_d, sciences sociales interdisciplinaires_d, histoire_t, approches de corpus_t, enquêtes_t, archives_t;Datasets/all_labels_train_gensim_sparse_matrix.npz
rhad.hypotheses.org/109;histoire_d, histoire des sciences sociales_d, histoire_t, époque moderne_t, révolution française_t, xviie siècle_t, xviiie siècle_t, prospectives_t;Datasets/all_labels_train_gensim_sparse_matrix.npz
archivalia.hypotheses.org/13902;histoire et archéologie_d, sciences sociales interdisciplinaires_d, histoire_t, approches de corpus_t, enquêtes_t, archives_t;Datasets/all_labels_train_gensim_sparse_matrix.npz
gelerndig.hypotheses.org/185;éducation_d, éducation spécialisée_d, histoire_d, histoire_t, éducation_t, édition électronique_t, histoire et sociologie des médias_t;Datasets/all_labels_train_gensim_sparse_matrix.npz
tagebuch.hypotheses.org/1283;histoire et archéologie_d, histoire_d, histoire_t, époque contemporaine_t, 1914-1918_t;Datasets/all_labels_train_gensim_sparse_matrix.npz
archivalia.hypotheses.org/4661;histoire et archéologie_d, sciences sociales interdisciplinaires_d, histoire_t, approches de corpus_t, enquêtes_t, archives_t;Datasets/all_labels_train_gensim_sparse_matrix.npz
gab.hypotheses.org/881;histoire et archéologie_d, pluridisciplinarité_d, sciences sociales interdisciplinaires_d, études des sciences_t, sociologie des sciences_t, histoire_t;Datasets/all_labels_train_gensim_sparse_matrix.npz
histbav.hypotheses.org/4400;humanités pluridisciplinaires_d, histoire_d, pluridisciplinarité_d, histoire_t, monde germanique_t;Datasets/all_labels_train_gensim_sparse_matrix.npz
archivalia.hypotheses.org/58742;histoire et archéologie_d, sciences sociales interdisciplinaires_d, histoire_t, approches de corpus_t, enquêtes_t, archives_t;Datasets/all_labels_train_gensim_sparse_matrix.npz
intersex.hypotheses.org/718;histoire_d, biomédecine_d, étude des genres_t, histoire des sciences_t, histoire_t, histoire du droit_t, moyen âge_t, xxie siècle_t;Datasets/all_labels_train_gensim_sparse_matrix.npz
archivewk1.hypotheses.org/14427;histoire_d, époque contemporaine_t, 1914-1918_t;Datasets/all_labels_train_gensim_sparse_matrix.npz
geschichtsadmin.hypotheses.org/35;éducation_d, histoire_d, sociologie du travail_t, histoire_t;Datasets/all_labels_train_gensim_sparse_matrix.npz
archivalia.hypotheses.org/2070;histoire et archéologie_d, sciences sociales interdisciplinaires_d, histoire_t, approches de corpus_t, enquêtes_t, archives_t;Datasets/all_labels_train_gensim_sparse_matrix.npz
archivalia.hypotheses.org/2649;histoire et archéologie_d, sciences sociales interdisciplinaires_d, histoire_t, approches de corpus_t, enquêtes_t, archives_t;Datasets/all_labels_train_gensim_sparse_matrix.npz
archivalia.hypotheses.org/10007;histoire et archéologie_d, sciences sociales interdisciplinaires_d, histoire_t, approches de corpus_t, enquêtes_t, archives_t;Datasets/all_labels_train_gensim_sparse_matrix.npz
archivalia.hypotheses.org/8172;histoire et archéologie_d, sciences sociales interdisciplinaires_d, histoire_t, approches de corpus_t, enquêtes_t, archives_t;Datasets/all_labels_train_gensim_sparse_matrix.npz
1914lvr.hypotheses.org/1313;sciences politiques_d, histoire_t, époque contemporaine_t, 1914-1918_t;Datasets/all_labels_train_gensim_sparse_matrix.npz
gid.hypotheses.org/660;pluridisciplinarité_d, sciences sociales interdisciplinaires_d, études des sciences_t, histoire des sciences_t, pensée_t, histoire intellectuelle_t, histoire culturelle_t, prospectives_t;Datasets/all_labels_train_gensim_sparse_matrix.npz
archivewk1.hypotheses.org/22975;histoire_d, époque contemporaine_t, 1914-1918_t;Datasets/all_labels_train_gensim_sparse_matrix.npz
archivewk1.hypotheses.org/3675;histoire_d, époque contemporaine_t, 1914-1918_t;Datasets/all_labels_train_gensim_sparse_matrix.npz
archivalia.hypotheses.org/14361;histoire et archéologie_d, sciences sociales interdisciplinaires_d, histoire_t, approches de corpus_t, enquêtes_t, archives_t;Datasets/all_labels_train_gensim_sparse_matrix.npz
archivalia.hypotheses.org/7423;histoire et archéologie_d, sciences sociales interdisciplinaires_d, histoire_t, approches de corpus_t, enquêtes_t, archives_t;Datasets/all_labels_train_gensim_sparse_matrix.npz
1914lvr.hypotheses.org/1013;sciences politiques_d, histoire_t, époque contemporaine_t, 1914-1918_t;Datasets/all_labels_train_gensim_sparse_matrix.npz
archivalia.hypotheses.org/9868;histoire et archéologie_d, sciences sociales interdisciplinaires_d, histoire_t, approches de corpus_t, enquêtes_t, archives_t;Datasets/all_labels_train_gensim_sparse_matrix.npz
archivalia.hypotheses.org/9406;histoire et archéologie_d, sciences sociales interdisciplinaires_d, histoire_t, approches de corpus_t, enquêtes_t, archives_t;Datasets/all_labels_train_gensim_sparse_matrix.npz
archivalia.hypotheses.org/59588;histoire et archéologie_d, sciences sociales interdisciplinaires_d, histoire_t, approches de corpus_t, enquêtes_t, archives_t;Datasets/all_labels_train_gensim_sparse_matrix.npz
archivalia.hypotheses.org/9299;histoire et archéologie_d, sciences sociales interdisciplinaires_d, histoire_t, approches de corpus_t, enquêtes_t, archives_t;Datasets/all_labels_train_gensim_sparse_matrix.npz
archive20.hypotheses.org/2653;pluridisciplinarité_d, sciences sociales interdisciplinaires_d, histoire_t, information_t, patrimoine_t, monde germanique_t;Datasets/all_labels_train_gensim_sparse_matrix.npz
antisem19c.hypotheses.org/782;histoire et archéologie_d, histoire sociale_t, prospectives_t;Datasets/all_labels_train_gensim_sparse_matrix.npz
archivalia.hypotheses.org/1519;histoire et archéologie_d, sciences sociales interdisciplinaires_d, histoire_t, approches de corpus_t, enquêtes_t, archives_t;Datasets/all_labels_train_gensim_sparse_matrix.npz
aktenkunde.hypotheses.org/132;histoire_d, histoire_t, sciences auxiliaires de l'histoire_t;Datasets/all_labels_train_gensim_sparse_matrix.npz
frueheneuzeit.hypotheses.org/768;histoire et archéologie_d, histoire_t, époque moderne_t, xviie siècle_t, xviiie siècle_t, révolution française_t;Datasets/all_labels_train_gensim_sparse_matrix.npz
mittelalter.hypotheses.org/9680;humanités pluridisciplinaires_d, religions_d, histoire_d, sociologie_d, histoire_t, histoire sociale_t, histoire intellectuelle_t, moyen âge_t, haut moyen âge_t, bas moyen âge_t;Datasets/all_labels_train_gensim_sparse_matrix.npz
archivalia.hypotheses.org/59207;histoire et archéologie_d, sciences sociales interdisciplinaires_d, histoire_t, approches de corpus_t, enquêtes_t, archives_t;Datasets/all_labels_train_gensim_sparse_matrix.npz
gab.hypotheses.org/1951;histoire et archéologie_d, pluridisciplinarité_d, sciences sociales interdisciplinaires_d, études des sciences_t, sociologie des sciences_t, histoire_t;Datasets/all_labels_train_gensim_sparse_matrix.npz
vgdrp.hypotheses.org/202;éducation_d, histoire des sciences sociales_d, histoire_t, histoire économique_t, histoire industrielle_t, histoire urbaine_t, histoire sociale_t;Datasets/all_labels_train_gensim_sparse_matrix.npz
bereschitrabba.hypotheses.org/1034;arts et humanités_d, religions_d, langue et linguistique_d, religions_t, histoire des religions_t;Datasets/all_labels_train_gensim_sparse_matrix.npz
ordensgeschichte.hypotheses.org/7704;arts et humanités_d, humanités pluridisciplinaires_d, histoire et archéologie_d, histoire et philosophie des sciences_d, histoire_t, haut moyen âge_t, bas moyen âge_t, xviie siècle_t, xviiie siècle_t;Datasets/all_labels_train_gensim_sparse_matrix.npz
archivewk1.hypotheses.org/27517;histoire_d, époque contemporaine_t, 1914-1918_t;Datasets/all_labels_train_gensim_sparse_matrix.npz
archivalia.hypotheses.org/59231;histoire et archéologie_d, sciences sociales interdisciplinaires_d, histoire_t, approches de corpus_t, enquêtes_t, archives_t;Datasets/all_labels_train_gensim_sparse_matrix.npz
archivewk1.hypotheses.org/6835;histoire_d, époque contemporaine_t, 1914-1918_t;Datasets/all_labels_train_gensim_sparse_matrix.npz
archivewk1.hypotheses.org/14432;histoire_d, époque contemporaine_t, 1914-1918_t;Datasets/all_labels_train_gensim_sparse_matrix.npz
studpro.hypotheses.org/166;histoire_d, histoire_t, époque moderne_t, xviie siècle_t, xviiie siècle_t;Datasets/all_labels_train_gensim_sparse_matrix.npz
kinder.hypotheses.org/1356;éducation et sciences de l'éducation_d, études sur la famille_d, âges de la vie_t, sciences de l'éducation_t;Datasets/all_labels_train_gensim_sparse_matrix.npz
dighist.hypotheses.org/112;histoire_d, sciences sociales interdisciplinaires_d, études sur la famille_d, sociologie_d, histoire urbaine_t, histoire sociale_t, europe centrale et orientale_t;Datasets/all_labels_train_gensim_sparse_matrix.npz
philophiso.hypotheses.org/1068;philosophie_d, éducation_d, éducation spécialisée_d, pensée_t, philosophie_t, représentations_t, patrimoine_t;Datasets/all_labels_train_gensim_sparse_matrix.npz
filmeditio.hypotheses.org/335;arts_d, humanités pluridisciplinaires_d, édition électronique_t, histoire et sociologie des médias_t, patrimoine_t, études visuelles_t;Datasets/all_labels_train_gensim_sparse_matrix.npz
archivalia.hypotheses.org/9793;histoire et archéologie_d, sciences sociales interdisciplinaires_d, histoire_t, approches de corpus_t, enquêtes_t, archives_t;Datasets/all_labels_train_gensim_sparse_matrix.npz
achtundvierzig.hypotheses.org/82;sciences politiques_d, histoire_d, époque contemporaine_t, prospectives_t, histoire politique_t, monde germanique_t;Datasets/all_labels_train_gensim_sparse_matrix.npz
archivamt.hypotheses.org/1830;communication_d, pluridisciplinarité_d, sciences sociales interdisciplinaires_d, information_t, sciences de l'information_t, représentations_t, patrimoine_t;Datasets/all_labels_train_gensim_sparse_matrix.npz
archivalia.hypotheses.org/10460;histoire et archéologie_d, sciences sociales interdisciplinaires_d, histoire_t, approches de corpus_t, enquêtes_t, archives_t;Datasets/all_labels_train_gensim_sparse_matrix.npz
dhc.hypotheses.org/174;sciences sociales interdisciplinaires_d, études des sciences_t, information_t, vie de la recherche_t;Datasets/all_labels_train_gensim_sparse_matrix.npz
ordensgeschichte.hypotheses.org/501;arts et humanités_d, humanités pluridisciplinaires_d, histoire et archéologie_d, histoire et philosophie des sciences_d, histoire_t, haut moyen âge_t, bas moyen âge_t, xviie siècle_t, xviiie siècle_t;Datasets/all_labels_train_gensim_sparse_matrix.npz
archivewk1.hypotheses.org/6615;histoire_d, époque contemporaine_t, 1914-1918_t;Datasets/all_labels_train_gensim_sparse_matrix.npz
archivalia.hypotheses.org/5336;histoire et archéologie_d, sciences sociales interdisciplinaires_d, histoire_t, approches de corpus_t, enquêtes_t, archives_t;Datasets/all_labels_train_gensim_sparse_matrix.npz
wenhua.hypotheses.org/463;études asiatiques_d, humanités pluridisciplinaires_d, histoire_d, histoire culturelle_t, asie_t;Datasets/all_labels_train_gensim_sparse_matrix.npz
archive20.hypotheses.org/3769;pluridisciplinarité_d, sciences sociales interdisciplinaires_d, histoire_t, information_t, patrimoine_t, monde germanique_t;Datasets/all_labels_train_gensim_sparse_matrix.npz
nummer.hypotheses.org/73;histoire_d, sciences de l'information et de la communication_d, bibliothéconomie_d, histoire_t, histoire intellectuelle_t, histoire et sociologie des médias_t, histoire culturelle_t;Datasets/all_labels_train_gensim_sparse_matrix.npz
archivalia.hypotheses.org/14445;histoire et archéologie_d, sciences sociales interdisciplinaires_d, histoire_t, approches de corpus_t, enquêtes_t, archives_t;Datasets/all_labels_train_gensim_sparse_matrix.npz
archivalia.hypotheses.org/5638;histoire et archéologie_d, sciences sociales interdisciplinaires_d, histoire_t, approches de corpus_t, enquêtes_t, archives_t;Datasets/all_labels_train_gensim_sparse_matrix.npz
digigw.hypotheses.org/596;humanités pluridisciplinaires_d, histoire_t, édition électronique_t, sciences auxiliaires de l'histoire_t, digital humanities_t;Datasets/all_labels_train_gensim_sparse_matrix.npz
archivalia.hypotheses.org/60315;histoire et archéologie_d, sciences sociales interdisciplinaires_d, histoire_t, approches de corpus_t, enquêtes_t, archives_t;Datasets/all_labels_train_gensim_sparse_matrix.npz
grk1919.hypotheses.org/212;histoire et archéologie_d, histoire et philosophie des sciences_d, histoire_t;Datasets/all_labels_train_gensim_sparse_matrix.npz
archivewk1.hypotheses.org/11224;histoire_d, époque contemporaine_t, 1914-1918_t;Datasets/all_labels_train_gensim_sparse_matrix.npz
heraldica.hypotheses.org/468;histoire_d, histoire_t, historiographie_t, sciences auxiliaires de l'histoire_t, moyen âge_t, haut moyen âge_t;Datasets/all_labels_train_gensim_sparse_matrix.npz
callme.hypotheses.org/25;éducation et sciences de l'éducation_d, linguistique appliquée_d, linguistique_t;Datasets/all_labels_train_gensim_sparse_matrix.npz
ordensgeschichte.hypotheses.org/6505;arts et humanités_d, humanités pluridisciplinaires_d, histoire et archéologie_d, histoire et philosophie des sciences_d, histoire_t, haut moyen âge_t, bas moyen âge_t, xviie siècle_t, xviiie siècle_t;Datasets/all_labels_train_gensim_sparse_matrix.npz
archivalia.hypotheses.org/2948;histoire et archéologie_d, sciences sociales interdisciplinaires_d, histoire_t, approches de corpus_t, enquêtes_t, archives_t;Datasets/all_labels_train_gensim_sparse_matrix.npz
francofil.hypotheses.org/4712;pluridisciplinarité_d, sciences sociales interdisciplinaires_d, histoire_t, épistémologie et méthodes_t, approches de corpus_t, enquêtes_t, archives_t, france_t;Datasets/all_labels_train_gensim_sparse_matrix.npz
archivalia.hypotheses.org/9220;histoire et archéologie_d, sciences sociales interdisciplinaires_d, histoire_t, approches de corpus_t, enquêtes_t, archives_t;Datasets/all_labels_train_gensim_sparse_matrix.npz
archive20.hypotheses.org/2589;pluridisciplinarité_d, sciences sociales interdisciplinaires_d, histoire_t, information_t, patrimoine_t, monde germanique_t;Datasets/all_labels_train_gensim_sparse_matrix.npz
archivalia.hypotheses.org/13579;histoire et archéologie_d, sciences sociales interdisciplinaires_d, histoire_t, approches de corpus_t, enquêtes_t, archives_t;Datasets/all_labels_train_gensim_sparse_matrix.npz
archivalia.hypotheses.org/2494;histoire et archéologie_d, sciences sociales interdisciplinaires_d, histoire_t, approches de corpus_t, enquêtes_t, archives_t;Datasets/all_labels_train_gensim_sparse_matrix.npz
archivalia.hypotheses.org/1687;histoire et archéologie_d, sciences sociales interdisciplinaires_d, histoire_t, approches de corpus_t, enquêtes_t, archives_t;Datasets/all_labels_train_gensim_sparse_matrix.npz
archivalia.hypotheses.org/56042;histoire et archéologie_d, sciences sociales interdisciplinaires_d, histoire_t, approches de corpus_t, enquêtes_t, archives_t;Datasets/all_labels_train_gensim_sparse_matrix.npz
bereschitrabba.hypotheses.org/550;arts et humanités_d, religions_d, langue et linguistique_d, religions_t, histoire des religions_t;Datasets/all_labels_train_gensim_sparse_matrix.npz
archivalia.hypotheses.org/7598;histoire et archéologie_d, sciences sociales interdisciplinaires_d, histoire_t, approches de corpus_t, enquêtes_t, archives_t;Datasets/all_labels_train_gensim_sparse_matrix.npz
archivewk1.hypotheses.org/20328;histoire_d, époque contemporaine_t, 1914-1918_t;Datasets/all_labels_train_gensim_sparse_matrix.npz
feldpost.hypotheses.org/766;histoire_d, histoire_t, guerres_t, conflits_t, violence_t, histoire culturelle_t, 1914-1918_t, monde germanique_t;Datasets/all_labels_train_gensim_sparse_matrix.npz
gab.hypotheses.org/1744;histoire et archéologie_d, pluridisciplinarité_d, sciences sociales interdisciplinaires_d, études des sciences_t, sociologie des sciences_t, histoire_t;Datasets/all_labels_train_gensim_sparse_matrix.npz
medienbildung.hypotheses.org/4990;éducation_d, éducation spécialisée_d, travail social_d, sociologie_t, édition électronique_t, histoire et sociologie des médias_t, éducation_t;Datasets/all_labels_train_gensim_sparse_matrix.npz
bloghaus.hypotheses.org/1665;pluridisciplinarité_d, sciences sociales interdisciplinaires_d, information_t, digital humanities_t;Datasets/all_labels_train_gensim_sparse_matrix.npz
archivamt.hypotheses.org/273;communication_d, pluridisciplinarité_d, sciences sociales interdisciplinaires_d, information_t, sciences de l'information_t, représentations_t, patrimoine_t;Datasets/all_labels_train_gensim_sparse_matrix.npz
archivalia.hypotheses.org/11553;histoire et archéologie_d, sciences sociales interdisciplinaires_d, histoire_t, approches de corpus_t, enquêtes_t, archives_t;Datasets/all_labels_train_gensim_sparse_matrix.npz
archivalia.hypotheses.org/62720;histoire et archéologie_d, sciences sociales interdisciplinaires_d, histoire_t, approches de corpus_t, enquêtes_t, archives_t;Datasets/all_labels_train_gensim_sparse_matrix.npz
dokunstlmu.hypotheses.org/1318;arts et humanités_d, histoire intellectuelle_t;Datasets/all_labels_train_gensim_sparse_matrix.npz
archivalia.hypotheses.org/6502;histoire et archéologie_d, sciences sociales interdisciplinaires_d, histoire_t, approches de corpus_t, enquêtes_t, archives_t;Datasets/all_labels_train_gensim_sparse_matrix.npz
soziologieblog.hypotheses.org/4000;sciences sociales interdisciplinaires_d, sociologie et anthropologie_d, sociologie du travail_t, sociologie urbaine_t, sociologie de la culture_t, sociologie économique_t;Datasets/all_labels_train_gensim_sparse_matrix.npz
gid.hypotheses.org/410;pluridisciplinarité_d, sciences sociales interdisciplinaires_d, études des sciences_t, histoire des sciences_t, pensée_t, histoire intellectuelle_t, histoire culturelle_t, prospectives_t;Datasets/all_labels_train_gensim_sparse_matrix.npz
archive20.hypotheses.org/2123;pluridisciplinarité_d, sciences sociales interdisciplinaires_d, histoire_t, information_t, patrimoine_t, monde germanique_t;Datasets/all_labels_train_gensim_sparse_matrix.npz
irhis.hypotheses.org/7783;arts et humanités_d, histoire et archéologie_d, histoire économique_t, histoire sociale_t, études visuelles_t;Datasets/all_labels_train_gensim_sparse_matrix.npz
ordensgeschichte.hypotheses.org/4700;arts et humanités_d, humanités pluridisciplinaires_d, histoire et archéologie_d, histoire et philosophie des sciences_d, histoire_t, haut moyen âge_t, bas moyen âge_t, xviie siècle_t, xviiie siècle_t;Datasets/all_labels_train_gensim_sparse_matrix.npz
dkblog.hypotheses.org/405;histoire_d, histoire_t, époque moderne_t, xviie siècle_t;Datasets/all_labels_train_gensim_sparse_matrix.npz
metablock.hypotheses.org/1213;sciences sociales interdisciplinaires_d, linguistique appliquée_d, langue et linguistique_d, sociologie des sciences_t, langage_t, linguistique_t, édition électronique_t, histoire et sociologie des médias_t;Datasets/all_labels_train_gensim_sparse_matrix.npz
erinnern.hypotheses.org/417;éducation et sciences de l'éducation_d, histoire_d, histoire_t, éducation_t, 1918-1939_t, 1939-1945_t, 1945-1989_t;Datasets/all_labels_train_gensim_sparse_matrix.npz
musicaroma.hypotheses.org/767;musique_d, histoire_d, histoire_t, histoire culturelle_t, monde germanique_t;Datasets/all_labels_train_gensim_sparse_matrix.npz
feldpost.hypotheses.org/119;histoire_d, histoire_t, guerres_t, conflits_t, violence_t, histoire culturelle_t, 1914-1918_t, monde germanique_t;Datasets/all_labels_train_gensim_sparse_matrix.npz
games.hypotheses.org/618;arts et humanités_d, humanités pluridisciplinaires_d, psychologie expérimentale_d, sciences cognitives_t, psychisme_t, psychologie_t, représentations_t, histoire de l'art_t, études visuelles_t;Datasets/all_labels_train_gensim_sparse_matrix.npz
archivewk1.hypotheses.org/8649;histoire_d, époque contemporaine_t, 1914-1918_t;Datasets/all_labels_train_gensim_sparse_matrix.npz
gab.hypotheses.org/671;histoire et archéologie_d, pluridisciplinarité_d, sciences sociales interdisciplinaires_d, études des sciences_t, sociologie des sciences_t, histoire_t;Datasets/all_labels_train_gensim_sparse_matrix.npz
soziologieblog.hypotheses.org/4443;sciences sociales interdisciplinaires_d, sociologie et anthropologie_d, sociologie du travail_t, sociologie urbaine_t, sociologie de la culture_t, sociologie économique_t;Datasets/all_labels_train_gensim_sparse_matrix.npz
archivewk1.hypotheses.org/30508;histoire_d, époque contemporaine_t, 1914-1918_t;Datasets/all_labels_train_gensim_sparse_matrix.npz
trafo.hypotheses.org/3289;pluridisciplinarité_d, sciences sociales interdisciplinaires_d, études régionales_d, sociologie_t, sociologie des religions_t, information_t, histoire culturelle_t;Datasets/all_labels_train_gensim_sparse_matrix.npz
archivalia.hypotheses.org/10580;histoire et archéologie_d, sciences sociales interdisciplinaires_d, histoire_t, approches de corpus_t, enquêtes_t, archives_t;Datasets/all_labels_train_gensim_sparse_matrix.npz
archivalia.hypotheses.org/10677;histoire et archéologie_d, sciences sociales interdisciplinaires_d, histoire_t, approches de corpus_t, enquêtes_t, archives_t;Datasets/all_labels_train_gensim_sparse_matrix.npz
ordensgeschichte.hypotheses.org/5059;arts et humanités_d, humanités pluridisciplinaires_d, histoire et archéologie_d, histoire et philosophie des sciences_d, histoire_t, haut moyen âge_t, bas moyen âge_t, xviie siècle_t, xviiie siècle_t;Datasets/all_labels_train_gensim_sparse_matrix.npz
mgtud.hypotheses.org/231;humanités pluridisciplinaires_d, éducation_d, histoire et archéologie_d, histoire_d, histoire_t, histoire urbaine_t, édition électronique_t;Datasets/all_labels_train_gensim_sparse_matrix.npz
histbav.hypotheses.org/5100;humanités pluridisciplinaires_d, histoire_d, pluridisciplinarité_d, histoire_t, monde germanique_t;Datasets/all_labels_train_gensim_sparse_matrix.npz
schlehen.hypotheses.org/815;éducation_d, langage_t, éducation_t, sciences de l'éducation_t, linguistique_t;Datasets/all_labels_train_gensim_sparse_matrix.npz
soziologieblog.hypotheses.org/5887;sciences sociales interdisciplinaires_d, sociologie et anthropologie_d, sociologie du travail_t, sociologie urbaine_t, sociologie de la culture_t, sociologie économique_t;Datasets/all_labels_train_gensim_sparse_matrix.npz
bereschitrabba.hypotheses.org/1162;arts et humanités_d, religions_d, langue et linguistique_d, religions_t, histoire des religions_t;Datasets/all_labels_train_gensim_sparse_matrix.npz
archivewk1.hypotheses.org/14142;histoire_d, époque contemporaine_t, 1914-1918_t;Datasets/all_labels_train_gensim_sparse_matrix.npz
archivalia.hypotheses.org/5686;histoire et archéologie_d, sciences sociales interdisciplinaires_d, histoire_t, approches de corpus_t, enquêtes_t, archives_t;Datasets/all_labels_train_gensim_sparse_matrix.npz
archivalia.hypotheses.org/60425;histoire et archéologie_d, sciences sociales interdisciplinaires_d, histoire_t, approches de corpus_t, enquêtes_t, archives_t;Datasets/all_labels_train_gensim_sparse_matrix.npz
archivalia.hypotheses.org/7551;histoire et archéologie_d, sciences sociales interdisciplinaires_d, histoire_t, approches de corpus_t, enquêtes_t, archives_t;Datasets/all_labels_train_gensim_sparse_matrix.npz
archivamt.hypotheses.org/225;communication_d, pluridisciplinarité_d, sciences sociales interdisciplinaires_d, information_t, sciences de l'information_t, représentations_t, patrimoine_t;Datasets/all_labels_train_gensim_sparse_matrix.npz
archivamt.hypotheses.org/3573;communication_d, pluridisciplinarité_d, sciences sociales interdisciplinaires_d, information_t, sciences de l'information_t, représentations_t, patrimoine_t;Datasets/all_labels_train_gensim_sparse_matrix.npz
archivalia.hypotheses.org/11102;histoire et archéologie_d, sciences sociales interdisciplinaires_d, histoire_t, approches de corpus_t, enquêtes_t, archives_t;Datasets/all_labels_train_gensim_sparse_matrix.npz
archivalia.hypotheses.org/57210;histoire et archéologie_d, sciences sociales interdisciplinaires_d, histoire_t, approches de corpus_t, enquêtes_t, archives_t;Datasets/all_labels_train_gensim_sparse_matrix.npz
amuc.hypotheses.org/2204;humanités pluridisciplinaires_d, histoire_d, histoire_t, représentations_t, patrimoine_t;Datasets/all_labels_train_gensim_sparse_matrix.npz
intersex.hypotheses.org/1669;histoire_d, biomédecine_d, étude des genres_t, histoire des sciences_t, histoire_t, histoire du droit_t, moyen âge_t, xxie siècle_t;Datasets/all_labels_train_gensim_sparse_matrix.npz
babyvision.hypotheses.org/78;psychologie_d, études des sciences_t, psychisme_t;Datasets/all_labels_train_gensim_sparse_matrix.npz
dguw.hypotheses.org/1;histoire et archéologie_d, histoire_t, historiographie_t, digital humanities_t;Datasets/all_labels_train_gensim_sparse_matrix.npz
amuc.hypotheses.org/310;humanités pluridisciplinaires_d, histoire_d, histoire_t, représentations_t, patrimoine_t;Datasets/all_labels_train_gensim_sparse_matrix.npz
schotten.hypotheses.org/473;religions_d, histoire et archéologie_d, sciences de l'information et de la communication_d, bibliothéconomie_d, histoire_t, histoire des religions_t, approches de corpus_t, enquêtes_t, archives_t, monde germanique_t;Datasets/all_labels_train_gensim_sparse_matrix.npz
liparchiv.hypotheses.org/181;histoire et archéologie_d, sciences politiques_d, administration publique et développement_d, histoire urbaine_t, patrimoine_t, sciences auxiliaires de l'histoire_t, approches de corpus_t, enquêtes_t, archives_t, europe_t;Datasets/all_labels_train_gensim_sparse_matrix.npz
dfmfa.hypotheses.org/1344;humanités pluridisciplinaires_d, sciences sociales interdisciplinaires_d, histoire_t, moyen âge_t, haut moyen âge_t, bas moyen âge_t;Datasets/all_labels_train_gensim_sparse_matrix.npz
nachhaltig.hypotheses.org/1;pluridisciplinarité_d, philosophie_d, sciences sociales interdisciplinaires_d, france_t, monde germanique_t;Datasets/all_labels_train_gensim_sparse_matrix.npz
archivewk1.hypotheses.org/10000;histoire_d, époque contemporaine_t, 1914-1918_t;Datasets/all_labels_train_gensim_sparse_matrix.npz
archivewk1.hypotheses.org/2546;histoire_d, époque contemporaine_t, 1914-1918_t;Datasets/all_labels_train_gensim_sparse_matrix.npz
francofil.hypotheses.org/1853;pluridisciplinarité_d, sciences sociales interdisciplinaires_d, histoire_t, épistémologie et méthodes_t, approches de corpus_t, enquêtes_t, archives_t, france_t;Datasets/all_labels_train_gensim_sparse_matrix.npz
archivewk1.hypotheses.org/31798;histoire_d, époque contemporaine_t, 1914-1918_t;Datasets/all_labels_train_gensim_sparse_matrix.npz
amuc.hypotheses.org/1326;humanités pluridisciplinaires_d, histoire_d, histoire_t, représentations_t, patrimoine_t;Datasets/all_labels_train_gensim_sparse_matrix.npz
musicaroma.hypotheses.org/855;musique_d, histoire_d, histoire_t, histoire culturelle_t, monde germanique_t;Datasets/all_labels_train_gensim_sparse_matrix.npz
mittelalter.hypotheses.org/6995;humanités pluridisciplinaires_d, religions_d, histoire_d, sociologie_d, histoire_t, histoire sociale_t, histoire intellectuelle_t, moyen âge_t, haut moyen âge_t, bas moyen âge_t;Datasets/all_labels_train_gensim_sparse_matrix.npz
archivalia.hypotheses.org/11731;histoire et archéologie_d, sciences sociales interdisciplinaires_d, histoire_t, approches de corpus_t, enquêtes_t, archives_t;Datasets/all_labels_train_gensim_sparse_matrix.npz
histbav.hypotheses.org/1836;humanités pluridisciplinaires_d, histoire_d, pluridisciplinarité_d, histoire_t, monde germanique_t;Datasets/all_labels_train_gensim_sparse_matrix.npz
amuc.hypotheses.org/147;humanités pluridisciplinaires_d, histoire_d, histoire_t, représentations_t, patrimoine_t;Datasets/all_labels_train_gensim_sparse_matrix.npz
archivewk1.hypotheses.org/26029;histoire_d, époque contemporaine_t, 1914-1918_t;Datasets/all_labels_train_gensim_sparse_matrix.npz
archivalia.hypotheses.org/6030;histoire et archéologie_d, sciences sociales interdisciplinaires_d, histoire_t, approches de corpus_t, enquêtes_t, archives_t;Datasets/all_labels_train_gensim_sparse_matrix.npz
archivewk1.hypotheses.org/9133;histoire_d, époque contemporaine_t, 1914-1918_t;Datasets/all_labels_train_gensim_sparse_matrix.npz
resilienz.hypotheses.org/1064;pluridisciplinarité_d, sciences sociales interdisciplinaires_d, études des sciences_t, épistémologie et méthodes_t, vie de la recherche_t, prospectives_t;Datasets/all_labels_train_gensim_sparse_matrix.npz
archive20.hypotheses.org/1413;pluridisciplinarité_d, sciences sociales interdisciplinaires_d, histoire_t, information_t, patrimoine_t, monde germanique_t;Datasets/all_labels_train_gensim_sparse_matrix.npz
mittelalter.hypotheses.org/8079;humanités pluridisciplinaires_d, religions_d, histoire_d, sociologie_d, histoire_t, histoire sociale_t, histoire intellectuelle_t, moyen âge_t, haut moyen âge_t, bas moyen âge_t;Datasets/all_labels_train_gensim_sparse_matrix.npz
archivewk1.hypotheses.org/6135;histoire_d, époque contemporaine_t, 1914-1918_t;Datasets/all_labels_train_gensim_sparse_matrix.npz
histbav.hypotheses.org/3326;humanités pluridisciplinaires_d, histoire_d, pluridisciplinarité_d, histoire_t, monde germanique_t;Datasets/all_labels_train_gensim_sparse_matrix.npz
archivalia.hypotheses.org/5847;histoire et archéologie_d, sciences sociales interdisciplinaires_d, histoire_t, approches de corpus_t, enquêtes_t, archives_t;Datasets/all_labels_train_gensim_sparse_matrix.npz
archivalia.hypotheses.org/13016;histoire et archéologie_d, sciences sociales interdisciplinaires_d, histoire_t, approches de corpus_t, enquêtes_t, archives_t;Datasets/all_labels_train_gensim_sparse_matrix.npz
gab.hypotheses.org/1336;histoire et archéologie_d, pluridisciplinarité_d, sciences sociales interdisciplinaires_d, études des sciences_t, sociologie des sciences_t, histoire_t;Datasets/all_labels_train_gensim_sparse_matrix.npz
archivewk1.hypotheses.org/26259;histoire_d, époque contemporaine_t, 1914-1918_t;Datasets/all_labels_train_gensim_sparse_matrix.npz
sdvigpress.hypotheses.org/636;langue et linguistique_d, philosophie_d, humanités pluridisciplinaires_d, épistémologie et méthodes_t, digital humanities_t, europe centrale et orientale_t, édition électronique_t, linguistique_t;Datasets/all_labels_train_gensim_sparse_matrix.npz
archivalia.hypotheses.org/6562;histoire et archéologie_d, sciences sociales interdisciplinaires_d, histoire_t, approches de corpus_t, enquêtes_t, archives_t;Datasets/all_labels_train_gensim_sparse_matrix.npz
archivewk1.hypotheses.org/28905;histoire_d, époque contemporaine_t, 1914-1918_t;Datasets/all_labels_train_gensim_sparse_matrix.npz
archives.hypotheses.org/1256;histoire_d, communication_d, patrimoine_t, digital humanities_t, moyen âge_t, époque moderne_t, france_t, monde germanique_t;Datasets/all_labels_train_gensim_sparse_matrix.npz
archivalia.hypotheses.org/62327;histoire et archéologie_d, sciences sociales interdisciplinaires_d, histoire_t, approches de corpus_t, enquêtes_t, archives_t;Datasets/all_labels_train_gensim_sparse_matrix.npz
archivalia.hypotheses.org/9396;histoire et archéologie_d, sciences sociales interdisciplinaires_d, histoire_t, approches de corpus_t, enquêtes_t, archives_t;Datasets/all_labels_train_gensim_sparse_matrix.npz
archivalia.hypotheses.org/4919;histoire et archéologie_d, sciences sociales interdisciplinaires_d, histoire_t, approches de corpus_t, enquêtes_t, archives_t;Datasets/all_labels_train_gensim_sparse_matrix.npz
archivewk1.hypotheses.org/12308;histoire_d, époque contemporaine_t, 1914-1918_t;Datasets/all_labels_train_gensim_sparse_matrix.npz
archivalia.hypotheses.org/10966;histoire et archéologie_d, sciences sociales interdisciplinaires_d, histoire_t, approches de corpus_t, enquêtes_t, archives_t;Datasets/all_labels_train_gensim_sparse_matrix.npz
histbav.hypotheses.org/4816;humanités pluridisciplinaires_d, histoire_d, pluridisciplinarité_d, histoire_t, monde germanique_t;Datasets/all_labels_train_gensim_sparse_matrix.npz
archive20.hypotheses.org/2719;pluridisciplinarité_d, sciences sociales interdisciplinaires_d, histoire_t, information_t, patrimoine_t, monde germanique_t;Datasets/all_labels_train_gensim_sparse_matrix.npz
histbav.hypotheses.org/1985;humanités pluridisciplinaires_d, histoire_d, pluridisciplinarité_d, histoire_t, monde germanique_t;Datasets/all_labels_train_gensim_sparse_matrix.npz
scriptorium.hypotheses.org/503;humanités pluridisciplinaires_d, pluridisciplinarité_d, digital humanities_t, moyen âge_t;Datasets/all_labels_train_gensim_sparse_matrix.npz
histbav.hypotheses.org/2130;humanités pluridisciplinaires_d, histoire_d, pluridisciplinarité_d, histoire_t, monde germanique_t;Datasets/all_labels_train_gensim_sparse_matrix.npz
dkblog.hypotheses.org/592;histoire_d, histoire_t, époque moderne_t, xviie siècle_t;Datasets/all_labels_train_gensim_sparse_matrix.npz
moraleconomy.hypotheses.org/168;histoire et archéologie_d, histoire_d, histoire économique_t, histoire sociale_t, prospectives_t, france_t;Datasets/all_labels_train_gensim_sparse_matrix.npz
histbav.hypotheses.org/634;humanités pluridisciplinaires_d, histoire_d, pluridisciplinarité_d, histoire_t, monde germanique_t;Datasets/all_labels_train_gensim_sparse_matrix.npz
etatsocial.hypotheses.org/1113;histoire_d, histoire des sciences sociales_d, sociologie_d, économie_d, sociologie du travail_t, âges de la vie_t, xxe siècle_t;Datasets/all_labels_train_gensim_sparse_matrix.npz
games.hypotheses.org/2036;arts et humanités_d, humanités pluridisciplinaires_d, psychologie expérimentale_d, sciences cognitives_t, psychisme_t, psychologie_t, représentations_t, histoire de l'art_t, études visuelles_t;Datasets/all_labels_train_gensim_sparse_matrix.npz
archivewk1.hypotheses.org/6870;histoire_d, époque contemporaine_t, 1914-1918_t;Datasets/all_labels_train_gensim_sparse_matrix.npz
archivalia.hypotheses.org/3066;histoire et archéologie_d, sciences sociales interdisciplinaires_d, histoire_t, approches de corpus_t, enquêtes_t, archives_t;Datasets/all_labels_train_gensim_sparse_matrix.npz
mittelalter.hypotheses.org/2042;humanités pluridisciplinaires_d, religions_d, histoire_d, sociologie_d, histoire_t, histoire sociale_t, histoire intellectuelle_t, moyen âge_t, haut moyen âge_t, bas moyen âge_t;Datasets/all_labels_train_gensim_sparse_matrix.npz
ordensgeschichte.hypotheses.org/3317;arts et humanités_d, humanités pluridisciplinaires_d, histoire et archéologie_d, histoire et philosophie des sciences_d, histoire_t, haut moyen âge_t, bas moyen âge_t, xviie siècle_t, xviiie siècle_t;Datasets/all_labels_train_gensim_sparse_matrix.npz
hsc.hypotheses.org/299;arts et humanités_d, humanités pluridisciplinaires_d, histoire et archéologie_d, histoire_t, historiographie_t;Datasets/all_labels_train_gensim_sparse_matrix.npz
dhmuc.hypotheses.org/1179;humanités pluridisciplinaires_d, communication_d, pluridisciplinarité_d, sciences sociales interdisciplinaires_d, études des sciences_t, édition électronique_t, digital humanities_t;Datasets/all_labels_train_gensim_sparse_matrix.npz
mobilvideo.hypotheses.org/213;humanités pluridisciplinaires_d, éducation_d, sciences sociales interdisciplinaires_d, histoire et sociologie des médias_t, études visuelles_t, éducation_t, sciences de l'éducation_t;Datasets/all_labels_train_gensim_sparse_matrix.npz
archivalia.hypotheses.org/13884;histoire et archéologie_d, sciences sociales interdisciplinaires_d, histoire_t, approches de corpus_t, enquêtes_t, archives_t;Datasets/all_labels_train_gensim_sparse_matrix.npz
archivalia.hypotheses.org/4508;histoire et archéologie_d, sciences sociales interdisciplinaires_d, histoire_t, approches de corpus_t, enquêtes_t, archives_t;Datasets/all_labels_train_gensim_sparse_matrix.npz
gab.hypotheses.org/2993;histoire et archéologie_d, pluridisciplinarité_d, sciences sociales interdisciplinaires_d, études des sciences_t, sociologie des sciences_t, histoire_t;Datasets/all_labels_train_gensim_sparse_matrix.npz
archivewk1.hypotheses.org/6172;histoire_d, époque contemporaine_t, 1914-1918_t;Datasets/all_labels_train_gensim_sparse_matrix.npz
archivewk1.hypotheses.org/32267;histoire_d, époque contemporaine_t, 1914-1918_t;Datasets/all_labels_train_gensim_sparse_matrix.npz
metablock.hypotheses.org/694;sciences sociales interdisciplinaires_d, linguistique appliquée_d, langue et linguistique_d, sociologie des sciences_t, langage_t, linguistique_t, édition électronique_t, histoire et sociologie des médias_t;Datasets/all_labels_train_gensim_sparse_matrix.npz
archivalia.hypotheses.org/4796;histoire et archéologie_d, sciences sociales interdisciplinaires_d, histoire_t, approches de corpus_t, enquêtes_t, archives_t;Datasets/all_labels_train_gensim_sparse_matrix.npz
redaktionsblog.hypotheses.org/413;arts et humanités_d, humanités pluridisciplinaires_d, épistémologie et méthodes_t, digital humanities_t;Datasets/all_labels_train_gensim_sparse_matrix.npz
metablock.hypotheses.org/18;sciences sociales interdisciplinaires_d, linguistique appliquée_d, langue et linguistique_d, sociologie des sciences_t, langage_t, linguistique_t, édition électronique_t, histoire et sociologie des médias_t;Datasets/all_labels_train_gensim_sparse_matrix.npz
archivalia.hypotheses.org/6186;histoire et archéologie_d, sciences sociales interdisciplinaires_d, histoire_t, approches de corpus_t, enquêtes_t, archives_t;Datasets/all_labels_train_gensim_sparse_matrix.npz
greflinger.hypotheses.org/52;littérature_d, littératures_t, xviie siècle_t;Datasets/all_labels_train_gensim_sparse_matrix.npz
pophistory.hypotheses.org/2350;humanités pluridisciplinaires_d, histoire et archéologie_d, sociologie de la culture_t, histoire sociale_t, histoire culturelle_t, époque contemporaine_t;Datasets/all_labels_train_gensim_sparse_matrix.npz
nummer.hypotheses.org/48;histoire_d, sciences de l'information et de la communication_d, bibliothéconomie_d, histoire_t, histoire intellectuelle_t, histoire et sociologie des médias_t, histoire culturelle_t;Datasets/all_labels_train_gensim_sparse_matrix.npz
archivalia.hypotheses.org/9927;histoire et archéologie_d, sciences sociales interdisciplinaires_d, histoire_t, approches de corpus_t, enquêtes_t, archives_t;Datasets/all_labels_train_gensim_sparse_matrix.npz
mittelalter.hypotheses.org/837;humanités pluridisciplinaires_d, religions_d, histoire_d, sociologie_d, histoire_t, histoire sociale_t, histoire intellectuelle_t, moyen âge_t, haut moyen âge_t, bas moyen âge_t;Datasets/all_labels_train_gensim_sparse_matrix.npz
soziologieblog.hypotheses.org/6320;sciences sociales interdisciplinaires_d, sociologie et anthropologie_d, sociologie du travail_t, sociologie urbaine_t, sociologie de la culture_t, sociologie économique_t;Datasets/all_labels_train_gensim_sparse_matrix.npz
games.hypotheses.org/2000;arts et humanités_d, humanités pluridisciplinaires_d, psychologie expérimentale_d, sciences cognitives_t, psychisme_t, psychologie_t, représentations_t, histoire de l'art_t, études visuelles_t;Datasets/all_labels_train_gensim_sparse_matrix.npz
bioeg.hypotheses.org/797;histoire et archéologie_d, histoire_d, histoire_t, sciences auxiliaires de l'histoire_t, europe centrale et orientale_t, monde germanique_t;Datasets/all_labels_train_gensim_sparse_matrix.npz
kristinoswald.hypotheses.org/1494;études anciennes_d, études des sciences_t, histoire_t, histoire et sociologie des médias_t, histoire culturelle_t, digital humanities_t;Datasets/all_labels_train_gensim_sparse_matrix.npz
archivamt.hypotheses.org/3535;communication_d, pluridisciplinarité_d, sciences sociales interdisciplinaires_d, information_t, sciences de l'information_t, représentations_t, patrimoine_t;Datasets/all_labels_train_gensim_sparse_matrix.npz
archivalia.hypotheses.org/12461;histoire et archéologie_d, sciences sociales interdisciplinaires_d, histoire_t, approches de corpus_t, enquêtes_t, archives_t;Datasets/all_labels_train_gensim_sparse_matrix.npz
bioeg.hypotheses.org/1103;histoire et archéologie_d, histoire_d, histoire_t, sciences auxiliaires de l'histoire_t, europe centrale et orientale_t, monde germanique_t;Datasets/all_labels_train_gensim_sparse_matrix.npz
archive20.hypotheses.org/2432;pluridisciplinarité_d, sciences sociales interdisciplinaires_d, histoire_t, information_t, patrimoine_t, monde germanique_t;Datasets/all_labels_train_gensim_sparse_matrix.npz
archivalia.hypotheses.org/3404;histoire et archéologie_d, sciences sociales interdisciplinaires_d, histoire_t, approches de corpus_t, enquêtes_t, archives_t;Datasets/all_labels_train_gensim_sparse_matrix.npz
archivalia.hypotheses.org/8173;histoire et archéologie_d, sciences sociales interdisciplinaires_d, histoire_t, approches de corpus_t, enquêtes_t, archives_t;Datasets/all_labels_train_gensim_sparse_matrix.npz
archivalia.hypotheses.org/57923;histoire et archéologie_d, sciences sociales interdisciplinaires_d, histoire_t, approches de corpus_t, enquêtes_t, archives_t;Datasets/all_labels_train_gensim_sparse_matrix.npz
tagebuch.hypotheses.org/144;histoire et archéologie_d, histoire_d, histoire_t, époque contemporaine_t, 1914-1918_t;Datasets/all_labels_train_gensim_sparse_matrix.npz
dtforum.hypotheses.org/611;arts et humanités_d, histoire_t, représentations_t, histoire de l'art_t;Datasets/all_labels_train_gensim_sparse_matrix.npz
texperimentales.hypotheses.org/95;linguistique appliquée_d, langue et linguistique_d, langage_t, linguistique_t, information_t, sciences de l'information_t, digital humanities_t;Datasets/all_labels_train_gensim_sparse_matrix.npz
barblog.hypotheses.org/1244;sciences sociales interdisciplinaires_d, sciences politiques_d, sociologie_d, anthropologie politique_t;Datasets/all_labels_train_gensim_sparse_matrix.npz
archivalia.hypotheses.org/5076;histoire et archéologie_d, sciences sociales interdisciplinaires_d, histoire_t, approches de corpus_t, enquêtes_t, archives_t;Datasets/all_labels_train_gensim_sparse_matrix.npz
historischdenken.hypotheses.org/2800;histoire et archéologie_d, histoire_t;Datasets/all_labels_train_gensim_sparse_matrix.npz
musermeku.hypotheses.org/3754;humanités pluridisciplinaires_d, pluridisciplinarité_d, sciences sociales interdisciplinaires_d, sociologie_t, sociologie de la culture_t, histoire_t, histoire politique_t;Datasets/all_labels_train_gensim_sparse_matrix.npz
winzen.hypotheses.org/630;histoire_d, histoire_t, études visuelles_t, 1918-1939_t, 1939-1945_t, monde germanique_t;Datasets/all_labels_train_gensim_sparse_matrix.npz
rhad.hypotheses.org/346;histoire_d, histoire des sciences sociales_d, histoire_t, époque moderne_t, révolution française_t, xviie siècle_t, xviiie siècle_t, prospectives_t;Datasets/all_labels_train_gensim_sparse_matrix.npz
archivalia.hypotheses.org/4045;histoire et archéologie_d, sciences sociales interdisciplinaires_d, histoire_t, approches de corpus_t, enquêtes_t, archives_t;Datasets/all_labels_train_gensim_sparse_matrix.npz
archivewk1.hypotheses.org/32258;histoire_d, époque contemporaine_t, 1914-1918_t;Datasets/all_labels_train_gensim_sparse_matrix.npz
gra.hypotheses.org/1639;arts et humanités_d, communication_d, sciences de l'information et bibliothéconomie_d, représentations_t, histoire culturelle_t, histoire de l'art_t, études visuelles_t;Datasets/all_labels_train_gensim_sparse_matrix.npz
bioeg.hypotheses.org/1349;histoire et archéologie_d, histoire_d, histoire_t, sciences auxiliaires de l'histoire_t, europe centrale et orientale_t, monde germanique_t;Datasets/all_labels_train_gensim_sparse_matrix.npz
gab.hypotheses.org/346;histoire et archéologie_d, pluridisciplinarité_d, sciences sociales interdisciplinaires_d, études des sciences_t, sociologie des sciences_t, histoire_t;Datasets/all_labels_train_gensim_sparse_matrix.npz
musermeku.hypotheses.org/894;humanités pluridisciplinaires_d, pluridisciplinarité_d, sciences sociales interdisciplinaires_d, sociologie_t, sociologie de la culture_t, histoire_t, histoire politique_t;Datasets/all_labels_train_gensim_sparse_matrix.npz
soziologieblog.hypotheses.org/9485;sciences sociales interdisciplinaires_d, sociologie et anthropologie_d, sociologie du travail_t, sociologie urbaine_t, sociologie de la culture_t, sociologie économique_t;Datasets/all_labels_train_gensim_sparse_matrix.npz
archivewk1.hypotheses.org/1608;histoire_d, époque contemporaine_t, 1914-1918_t;Datasets/all_labels_train_gensim_sparse_matrix.npz
reichwein.hypotheses.org/116;histoire et archéologie_d, histoire des sciences_t, 1945-1989_t;Datasets/all_labels_train_gensim_sparse_matrix.npz
archivalia.hypotheses.org/54702;histoire et archéologie_d, sciences sociales interdisciplinaires_d, histoire_t, approches de corpus_t, enquêtes_t, archives_t;Datasets/all_labels_train_gensim_sparse_matrix.npz
archivalia.hypotheses.org/1191;histoire et archéologie_d, sciences sociales interdisciplinaires_d, histoire_t, approches de corpus_t, enquêtes_t, archives_t;Datasets/all_labels_train_gensim_sparse_matrix.npz
archivalia.hypotheses.org/12532;histoire et archéologie_d, sciences sociales interdisciplinaires_d, histoire_t, approches de corpus_t, enquêtes_t, archives_t;Datasets/all_labels_train_gensim_sparse_matrix.npz
archivalia.hypotheses.org/9914;histoire et archéologie_d, sciences sociales interdisciplinaires_d, histoire_t, approches de corpus_t, enquêtes_t, archives_t;Datasets/all_labels_train_gensim_sparse_matrix.npz
medialogic.hypotheses.org/92;arts et humanités_d, sciences de l'information et de la communication_d, bibliothéconomie_d, sociologie_t;Datasets/all_labels_train_gensim_sparse_matrix.npz
archivalia.hypotheses.org/11034;histoire et archéologie_d, sciences sociales interdisciplinaires_d, histoire_t, approches de corpus_t, enquêtes_t, archives_t;Datasets/all_labels_train_gensim_sparse_matrix.npz
archivewk1.hypotheses.org/27270;histoire_d, époque contemporaine_t, 1914-1918_t;Datasets/all_labels_train_gensim_sparse_matrix.npz
intersex.hypotheses.org/1487;histoire_d, biomédecine_d, étude des genres_t, histoire des sciences_t, histoire_t, histoire du droit_t, moyen âge_t, xxie siècle_t;Datasets/all_labels_train_gensim_sparse_matrix.npz
archivalia.hypotheses.org/2218;histoire et archéologie_d, sciences sociales interdisciplinaires_d, histoire_t, approches de corpus_t, enquêtes_t, archives_t;Datasets/all_labels_train_gensim_sparse_matrix.npz
bereschitrabba.hypotheses.org/625;arts et humanités_d, religions_d, langue et linguistique_d, religions_t, histoire des religions_t;Datasets/all_labels_train_gensim_sparse_matrix.npz
archivewk1.hypotheses.org/20785;histoire_d, époque contemporaine_t, 1914-1918_t;Datasets/all_labels_train_gensim_sparse_matrix.npz
archivalia.hypotheses.org/9025;histoire et archéologie_d, sciences sociales interdisciplinaires_d, histoire_t, approches de corpus_t, enquêtes_t, archives_t;Datasets/all_labels_train_gensim_sparse_matrix.npz
archivewk1.hypotheses.org/26313;histoire_d, époque contemporaine_t, 1914-1918_t;Datasets/all_labels_train_gensim_sparse_matrix.npz
catholiccultures.hypotheses.org/124;histoire et archéologie_d, histoire des sciences sociales_d, sciences sociales interdisciplinaires_d, sociologie et anthropologie_d, histoire_t, histoire sociale_t, histoire des religions_t, époque moderne_t;Datasets/all_labels_train_gensim_sparse_matrix.npz
barblog.hypotheses.org/961;sciences sociales interdisciplinaires_d, sciences politiques_d, sociologie_d, anthropologie politique_t;Datasets/all_labels_train_gensim_sparse_matrix.npz
dgl.hypotheses.org/215;éducation spécialisée_d, histoire_d, histoire_t, histoire et sociologie des médias_t, éducation_t;Datasets/all_labels_train_gensim_sparse_matrix.npz
nordichistoryblog.hypotheses.org/1183;arts et humanités_d, histoire et archéologie_d, histoire_t, édition électronique_t, vie de la recherche_t, approches de corpus_t, enquêtes_t, archives_t, europe_t, pays baltes et scandinaves_t;Datasets/all_labels_train_gensim_sparse_matrix.npz
archivalia.hypotheses.org/9014;histoire et archéologie_d, sciences sociales interdisciplinaires_d, histoire_t, approches de corpus_t, enquêtes_t, archives_t;Datasets/all_labels_train_gensim_sparse_matrix.npz
dokunstlmu.hypotheses.org/552;arts et humanités_d, histoire intellectuelle_t;Datasets/all_labels_train_gensim_sparse_matrix.npz
archivalia.hypotheses.org/11331;histoire et archéologie_d, sciences sociales interdisciplinaires_d, histoire_t, approches de corpus_t, enquêtes_t, archives_t;Datasets/all_labels_train_gensim_sparse_matrix.npz
archivewk1.hypotheses.org/7776;histoire_d, époque contemporaine_t, 1914-1918_t;Datasets/all_labels_train_gensim_sparse_matrix.npz
archivewk1.hypotheses.org/14000;histoire_d, époque contemporaine_t, 1914-1918_t;Datasets/all_labels_train_gensim_sparse_matrix.npz
archivalia.hypotheses.org/11409;histoire et archéologie_d, sciences sociales interdisciplinaires_d, histoire_t, approches de corpus_t, enquêtes_t, archives_t;Datasets/all_labels_train_gensim_sparse_matrix.npz
archivalia.hypotheses.org/1274;histoire et archéologie_d, sciences sociales interdisciplinaires_d, histoire_t, approches de corpus_t, enquêtes_t, archives_t;Datasets/all_labels_train_gensim_sparse_matrix.npz
archivalia.hypotheses.org/14090;histoire et archéologie_d, sciences sociales interdisciplinaires_d, histoire_t, approches de corpus_t, enquêtes_t, archives_t;Datasets/all_labels_train_gensim_sparse_matrix.npz
histbav.hypotheses.org/2713;humanités pluridisciplinaires_d, histoire_d, pluridisciplinarité_d, histoire_t, monde germanique_t;Datasets/all_labels_train_gensim_sparse_matrix.npz
19jhdhip.hypotheses.org/1885;histoire_d, époque contemporaine_t, prospectives_t, france_t, monde germanique_t;Datasets/all_labels_train_gensim_sparse_matrix.npz
erinnerung.hypotheses.org/204;histoire et archéologie_d, histoire_t, xxe siècle_t, prospectives_t, europe_t;Datasets/all_labels_train_gensim_sparse_matrix.npz
musicaroma.hypotheses.org/16;musique_d, histoire_d, histoire_t, histoire culturelle_t, monde germanique_t;Datasets/all_labels_train_gensim_sparse_matrix.npz
archivewk1.hypotheses.org/35200;histoire_d, époque contemporaine_t, 1914-1918_t;Datasets/all_labels_train_gensim_sparse_matrix.npz
archivalia.hypotheses.org/611;histoire et archéologie_d, sciences sociales interdisciplinaires_d, histoire_t, approches de corpus_t, enquêtes_t, archives_t;Datasets/all_labels_train_gensim_sparse_matrix.npz
archivewk1.hypotheses.org/3744;histoire_d, époque contemporaine_t, 1914-1918_t;Datasets/all_labels_train_gensim_sparse_matrix.npz
archivalia.hypotheses.org/2293;histoire et archéologie_d, sciences sociales interdisciplinaires_d, histoire_t, approches de corpus_t, enquêtes_t, archives_t;Datasets/all_labels_train_gensim_sparse_matrix.npz
nummer.hypotheses.org/94;histoire_d, sciences de l'information et de la communication_d, bibliothéconomie_d, histoire_t, histoire intellectuelle_t, histoire et sociologie des médias_t, histoire culturelle_t;Datasets/all_labels_train_gensim_sparse_matrix.npz
archivalia.hypotheses.org/57023;histoire et archéologie_d, sciences sociales interdisciplinaires_d, histoire_t, approches de corpus_t, enquêtes_t, archives_t;Datasets/all_labels_train_gensim_sparse_matrix.npz
archivalia.hypotheses.org/10440;histoire et archéologie_d, sciences sociales interdisciplinaires_d, histoire_t, approches de corpus_t, enquêtes_t, archives_t;Datasets/all_labels_train_gensim_sparse_matrix.npz
sdvigpress.hypotheses.org/517;langue et linguistique_d, philosophie_d, humanités pluridisciplinaires_d, épistémologie et méthodes_t, digital humanities_t, europe centrale et orientale_t, édition électronique_t, linguistique_t;Datasets/all_labels_train_gensim_sparse_matrix.npz
archivalia.hypotheses.org/7151;histoire et archéologie_d, sciences sociales interdisciplinaires_d, histoire_t, approches de corpus_t, enquêtes_t, archives_t;Datasets/all_labels_train_gensim_sparse_matrix.npz
archivewk1.hypotheses.org/6121;histoire_d, époque contemporaine_t, 1914-1918_t;Datasets/all_labels_train_gensim_sparse_matrix.npz
archivewk1.hypotheses.org/19578;histoire_d, époque contemporaine_t, 1914-1918_t;Datasets/all_labels_train_gensim_sparse_matrix.npz
revolt.hypotheses.org/752;histoire_d, pluridisciplinarité_d, littérature_d, histoire et sociologie des médias_t, époque moderne_t, europe_t;Datasets/all_labels_train_gensim_sparse_matrix.npz
archive20.hypotheses.org/1947;pluridisciplinarité_d, sciences sociales interdisciplinaires_d, histoire_t, information_t, patrimoine_t, monde germanique_t;Datasets/all_labels_train_gensim_sparse_matrix.npz
archives.hypotheses.org/828;histoire_d, communication_d, patrimoine_t, digital humanities_t, moyen âge_t, époque moderne_t, france_t, monde germanique_t;Datasets/all_labels_train_gensim_sparse_matrix.npz
gid.hypotheses.org/232;pluridisciplinarité_d, sciences sociales interdisciplinaires_d, études des sciences_t, histoire des sciences_t, pensée_t, histoire intellectuelle_t, histoire culturelle_t, prospectives_t;Datasets/all_labels_train_gensim_sparse_matrix.npz
schotten.hypotheses.org/1152;religions_d, histoire et archéologie_d, sciences de l'information et de la communication_d, bibliothéconomie_d, histoire_t, histoire des religions_t, approches de corpus_t, enquêtes_t, archives_t, monde germanique_t;Datasets/all_labels_train_gensim_sparse_matrix.npz
archive20.hypotheses.org/1865;pluridisciplinarité_d, sciences sociales interdisciplinaires_d, histoire_t, information_t, patrimoine_t, monde germanique_t;Datasets/all_labels_train_gensim_sparse_matrix.npz
dhdhi.hypotheses.org/380;histoire et archéologie_d, histoire_t, épistémologie et méthodes_t, digital humanities_t;Datasets/all_labels_train_gensim_sparse_matrix.npz
amuc.hypotheses.org/1077;humanités pluridisciplinaires_d, histoire_d, histoire_t, représentations_t, patrimoine_t;Datasets/all_labels_train_gensim_sparse_matrix.npz
wppluslw.hypotheses.org/498;littérature_d, littératures_t, édition électronique_t, épistémologie et méthodes_t, approches de corpus_t, enquêtes_t, archives_t, monde germanique_t;Datasets/all_labels_train_gensim_sparse_matrix.npz
archivalia.hypotheses.org/9581;histoire et archéologie_d, sciences sociales interdisciplinaires_d, histoire_t, approches de corpus_t, enquêtes_t, archives_t;Datasets/all_labels_train_gensim_sparse_matrix.npz
archivalia.hypotheses.org/8933;histoire et archéologie_d, sciences sociales interdisciplinaires_d, histoire_t, approches de corpus_t, enquêtes_t, archives_t;Datasets/all_labels_train_gensim_sparse_matrix.npz
barblog.hypotheses.org/1377;sciences sociales interdisciplinaires_d, sciences politiques_d, sociologie_d, anthropologie politique_t;Datasets/all_labels_train_gensim_sparse_matrix.npz
texperimentales.hypotheses.org/223;linguistique appliquée_d, langue et linguistique_d, langage_t, linguistique_t, information_t, sciences de l'information_t, digital humanities_t;Datasets/all_labels_train_gensim_sparse_matrix.npz
archivewk1.hypotheses.org/30618;histoire_d, époque contemporaine_t, 1914-1918_t;Datasets/all_labels_train_gensim_sparse_matrix.npz
archivewk1.hypotheses.org/24535;histoire_d, époque contemporaine_t, 1914-1918_t;Datasets/all_labels_train_gensim_sparse_matrix.npz
archivamt.hypotheses.org/2214;communication_d, pluridisciplinarité_d, sciences sociales interdisciplinaires_d, information_t, sciences de l'information_t, représentations_t, patrimoine_t;Datasets/all_labels_train_gensim_sparse_matrix.npz
archivamt.hypotheses.org/3457;communication_d, pluridisciplinarité_d, sciences sociales interdisciplinaires_d, information_t, sciences de l'information_t, représentations_t, patrimoine_t;Datasets/all_labels_train_gensim_sparse_matrix.npz
resilienz.hypotheses.org/265;pluridisciplinarité_d, sciences sociales interdisciplinaires_d, études des sciences_t, épistémologie et méthodes_t, vie de la recherche_t, prospectives_t;Datasets/all_labels_train_gensim_sparse_matrix.npz
lvrafz.hypotheses.org/1550;pluridisciplinarité_d, information_t;Datasets/all_labels_train_gensim_sparse_matrix.npz
musermeku.hypotheses.org/2372;humanités pluridisciplinaires_d, pluridisciplinarité_d, sciences sociales interdisciplinaires_d, sociologie_t, sociologie de la culture_t, histoire_t, histoire politique_t;Datasets/all_labels_train_gensim_sparse_matrix.npz
archivalia.hypotheses.org/7836;histoire et archéologie_d, sciences sociales interdisciplinaires_d, histoire_t, approches de corpus_t, enquêtes_t, archives_t;Datasets/all_labels_train_gensim_sparse_matrix.npz
archivewk1.hypotheses.org/7990;histoire_d, époque contemporaine_t, 1914-1918_t;Datasets/all_labels_train_gensim_sparse_matrix.npz
bioeg.hypotheses.org/893;histoire et archéologie_d, histoire_d, histoire_t, sciences auxiliaires de l'histoire_t, europe centrale et orientale_t, monde germanique_t;Datasets/all_labels_train_gensim_sparse_matrix.npz
mittelalter.hypotheses.org/3011;humanités pluridisciplinaires_d, religions_d, histoire_d, sociologie_d, histoire_t, histoire sociale_t, histoire intellectuelle_t, moyen âge_t, haut moyen âge_t, bas moyen âge_t;Datasets/all_labels_train_gensim_sparse_matrix.npz
avantmusic.hypotheses.org/281;musique_d, europe_t, monde germanique_t, histoire culturelle_t, histoire de l'art_t;Datasets/all_labels_train_gensim_sparse_matrix.npz
bloghaus.hypotheses.org/1559;pluridisciplinarité_d, sciences sociales interdisciplinaires_d, information_t, digital humanities_t;Datasets/all_labels_train_gensim_sparse_matrix.npz
archivalia.hypotheses.org/7167;histoire et archéologie_d, sciences sociales interdisciplinaires_d, histoire_t, approches de corpus_t, enquêtes_t, archives_t;Datasets/all_labels_train_gensim_sparse_matrix.npz
archivalia.hypotheses.org/828;histoire et archéologie_d, sciences sociales interdisciplinaires_d, histoire_t, approches de corpus_t, enquêtes_t, archives_t;Datasets/all_labels_train_gensim_sparse_matrix.npz
archivalia.hypotheses.org/8698;histoire et archéologie_d, sciences sociales interdisciplinaires_d, histoire_t, approches de corpus_t, enquêtes_t, archives_t;Datasets/all_labels_train_gensim_sparse_matrix.npz
archive20.hypotheses.org/1244;pluridisciplinarité_d, sciences sociales interdisciplinaires_d, histoire_t, information_t, patrimoine_t, monde germanique_t;Datasets/all_labels_train_gensim_sparse_matrix.npz
archivalia.hypotheses.org/1887;histoire et archéologie_d, sciences sociales interdisciplinaires_d, histoire_t, approches de corpus_t, enquêtes_t, archives_t;Datasets/all_labels_train_gensim_sparse_matrix.npz
feldpost.hypotheses.org/330;histoire_d, histoire_t, guerres_t, conflits_t, violence_t, histoire culturelle_t, 1914-1918_t, monde germanique_t;Datasets/all_labels_train_gensim_sparse_matrix.npz
histbav.hypotheses.org/3803;humanités pluridisciplinaires_d, histoire_d, pluridisciplinarité_d, histoire_t, monde germanique_t;Datasets/all_labels_train_gensim_sparse_matrix.npz
archivamt.hypotheses.org/1816;communication_d, pluridisciplinarité_d, sciences sociales interdisciplinaires_d, information_t, sciences de l'information_t, représentations_t, patrimoine_t;Datasets/all_labels_train_gensim_sparse_matrix.npz
kristinoswald.hypotheses.org/558;études anciennes_d, études des sciences_t, histoire_t, histoire et sociologie des médias_t, histoire culturelle_t, digital humanities_t;Datasets/all_labels_train_gensim_sparse_matrix.npz
bloghaus.hypotheses.org/812;pluridisciplinarité_d, sciences sociales interdisciplinaires_d, information_t, digital humanities_t;Datasets/all_labels_train_gensim_sparse_matrix.npz
1914lvr.hypotheses.org/1157;sciences politiques_d, histoire_t, époque contemporaine_t, 1914-1918_t;Datasets/all_labels_train_gensim_sparse_matrix.npz
archivalia.hypotheses.org/11383;histoire et archéologie_d, sciences sociales interdisciplinaires_d, histoire_t, approches de corpus_t, enquêtes_t, archives_t;Datasets/all_labels_train_gensim_sparse_matrix.npz
archivalia.hypotheses.org/12206;histoire et archéologie_d, sciences sociales interdisciplinaires_d, histoire_t, approches de corpus_t, enquêtes_t, archives_t;Datasets/all_labels_train_gensim_sparse_matrix.npz
vgdrp.hypotheses.org/102;éducation_d, histoire des sciences sociales_d, histoire_t, histoire économique_t, histoire industrielle_t, histoire urbaine_t, histoire sociale_t;Datasets/all_labels_train_gensim_sparse_matrix.npz
dokunstlmu.hypotheses.org/714;arts et humanités_d, histoire intellectuelle_t;Datasets/all_labels_train_gensim_sparse_matrix.npz
dkblog.hypotheses.org/1036;histoire_d, histoire_t, époque moderne_t, xviie siècle_t;Datasets/all_labels_train_gensim_sparse_matrix.npz
archivewk1.hypotheses.org/23307;histoire_d, époque contemporaine_t, 1914-1918_t;Datasets/all_labels_train_gensim_sparse_matrix.npz
histbav.hypotheses.org/467;humanités pluridisciplinaires_d, histoire_d, pluridisciplinarité_d, histoire_t, monde germanique_t;Datasets/all_labels_train_gensim_sparse_matrix.npz
archivalia.hypotheses.org/9240;histoire et archéologie_d, sciences sociales interdisciplinaires_d, histoire_t, approches de corpus_t, enquêtes_t, archives_t;Datasets/all_labels_train_gensim_sparse_matrix.npz
oberrhein.hypotheses.org/699;religions_d, archéologie_d, histoire_d, histoire_t, moyen âge_t, france_t, monde germanique_t;Datasets/all_labels_train_gensim_sparse_matrix.npz
digitalintellectuals.hypotheses.org/2671;études anciennes_d, histoire et philosophie des sciences_d, pluridisciplinarité_d, littérature_d, histoire intellectuelle_t, approches de corpus_t, enquêtes_t, archives_t, époque moderne_t, prospectives_t, monde germanique_t;Datasets/all_labels_train_gensim_sparse_matrix.npz
dokunstlmu.hypotheses.org/263;arts et humanités_d, histoire intellectuelle_t;Datasets/all_labels_train_gensim_sparse_matrix.npz
histbav.hypotheses.org/4193;humanités pluridisciplinaires_d, histoire_d, pluridisciplinarité_d, histoire_t, monde germanique_t;Datasets/all_labels_train_gensim_sparse_matrix.npz
1914lvr.hypotheses.org/1145;sciences politiques_d, histoire_t, époque contemporaine_t, 1914-1918_t;Datasets/all_labels_train_gensim_sparse_matrix.npz
archivewk1.hypotheses.org/22002;histoire_d, époque contemporaine_t, 1914-1918_t;Datasets/all_labels_train_gensim_sparse_matrix.npz
dokunstlmu.hypotheses.org/617;arts et humanités_d, histoire intellectuelle_t;Datasets/all_labels_train_gensim_sparse_matrix.npz
kriegsfoto.hypotheses.org/823;arts_d, histoire_d, communication_d, guerres_t, conflits_t, violence_t, études visuelles_t, époque contemporaine_t, europe centrale et orientale_t;Datasets/all_labels_train_gensim_sparse_matrix.npz
dhdhi.hypotheses.org/2094;histoire et archéologie_d, histoire_t, épistémologie et méthodes_t, digital humanities_t;Datasets/all_labels_train_gensim_sparse_matrix.npz
archives.hypotheses.org/1232;histoire_d, communication_d, patrimoine_t, digital humanities_t, moyen âge_t, époque moderne_t, france_t, monde germanique_t;Datasets/all_labels_train_gensim_sparse_matrix.npz
gid.hypotheses.org/977;pluridisciplinarité_d, sciences sociales interdisciplinaires_d, études des sciences_t, histoire des sciences_t, pensée_t, histoire intellectuelle_t, histoire culturelle_t, prospectives_t;Datasets/all_labels_train_gensim_sparse_matrix.npz
archive20.hypotheses.org/3732;pluridisciplinarité_d, sciences sociales interdisciplinaires_d, histoire_t, information_t, patrimoine_t, monde germanique_t;Datasets/all_labels_train_gensim_sparse_matrix.npz
archivewk1.hypotheses.org/3368;histoire_d, époque contemporaine_t, 1914-1918_t;Datasets/all_labels_train_gensim_sparse_matrix.npz
anthropologicalmaterialism.hypotheses.org/1501;sociologie_t, philosophie_t;Datasets/all_labels_train_gensim_sparse_matrix.npz
archivalia.hypotheses.org/53752;histoire et archéologie_d, sciences sociales interdisciplinaires_d, histoire_t, approches de corpus_t, enquêtes_t, archives_t;Datasets/all_labels_train_gensim_sparse_matrix.npz
wwc.hypotheses.org/1863;humanités pluridisciplinaires_d, pluridisciplinarité_d, études régionales_d, relations internationales_t, information_t, représentations_t;Datasets/all_labels_train_gensim_sparse_matrix.npz
zeitraeume.hypotheses.org/251;histoire_d, histoire industrielle_t, histoire sociale_t, édition électronique_t, digital humanities_t, époque contemporaine_t;Datasets/all_labels_train_gensim_sparse_matrix.npz
archivalia.hypotheses.org/57445;histoire et archéologie_d, sciences sociales interdisciplinaires_d, histoire_t, approches de corpus_t, enquêtes_t, archives_t;Datasets/all_labels_train_gensim_sparse_matrix.npz
dfmfa.hypotheses.org/1439;humanités pluridisciplinaires_d, sciences sociales interdisciplinaires_d, histoire_t, moyen âge_t, haut moyen âge_t, bas moyen âge_t;Datasets/all_labels_train_gensim_sparse_matrix.npz
wwc.hypotheses.org/1583;humanités pluridisciplinaires_d, pluridisciplinarité_d, études régionales_d, relations internationales_t, information_t, représentations_t;Datasets/all_labels_train_gensim_sparse_matrix.npz
archivalia.hypotheses.org/10634;histoire et archéologie_d, sciences sociales interdisciplinaires_d, histoire_t, approches de corpus_t, enquêtes_t, archives_t;Datasets/all_labels_train_gensim_sparse_matrix.npz
grandeguerre.hypotheses.org/693;histoire et archéologie_d, histoire_t, 1914-1918_t, prospectives_t, france_t, monde germanique_t;Datasets/all_labels_train_gensim_sparse_matrix.npz
archivewk1.hypotheses.org/16963;histoire_d, époque contemporaine_t, 1914-1918_t;Datasets/all_labels_train_gensim_sparse_matrix.npz
archivewk1.hypotheses.org/6881;histoire_d, époque contemporaine_t, 1914-1918_t;Datasets/all_labels_train_gensim_sparse_matrix.npz
archivalia.hypotheses.org/10986;histoire et archéologie_d, sciences sociales interdisciplinaires_d, histoire_t, approches de corpus_t, enquêtes_t, archives_t;Datasets/all_labels_train_gensim_sparse_matrix.npz
medienbildung.hypotheses.org/1625;éducation_d, éducation spécialisée_d, travail social_d, sociologie_t, édition électronique_t, histoire et sociologie des médias_t, éducation_t;Datasets/all_labels_train_gensim_sparse_matrix.npz
archivalia.hypotheses.org/9176;histoire et archéologie_d, sciences sociales interdisciplinaires_d, histoire_t, approches de corpus_t, enquêtes_t, archives_t;Datasets/all_labels_train_gensim_sparse_matrix.npz
unibloggt.hypotheses.org/542;histoire et archéologie_d, pluridisciplinarité_d, histoire_t, information_t;Datasets/all_labels_train_gensim_sparse_matrix.npz
games.hypotheses.org/1643;arts et humanités_d, humanités pluridisciplinaires_d, psychologie expérimentale_d, sciences cognitives_t, psychisme_t, psychologie_t, représentations_t, histoire de l'art_t, études visuelles_t;Datasets/all_labels_train_gensim_sparse_matrix.npz
archivewk1.hypotheses.org/18961;histoire_d, époque contemporaine_t, 1914-1918_t;Datasets/all_labels_train_gensim_sparse_matrix.npz
dighist.hypotheses.org/57;histoire_d, sciences sociales interdisciplinaires_d, études sur la famille_d, sociologie_d, histoire urbaine_t, histoire sociale_t, europe centrale et orientale_t;Datasets/all_labels_train_gensim_sparse_matrix.npz
cereg.hypotheses.org/238;arts et humanités_d, histoire_d, littérature_d, monde germanique_t;Datasets/all_labels_train_gensim_sparse_matrix.npz
wilma.hypotheses.org/32;éducation_d, travail social et politique sociale_d, sciences de l'éducation_t;Datasets/all_labels_train_gensim_sparse_matrix.npz
geschichtsadmin.hypotheses.org/71;éducation_d, histoire_d, sociologie du travail_t, histoire_t;Datasets/all_labels_train_gensim_sparse_matrix.npz
erinnern.hypotheses.org/475;éducation et sciences de l'éducation_d, histoire_d, histoire_t, éducation_t, 1918-1939_t, 1939-1945_t, 1945-1989_t;Datasets/all_labels_train_gensim_sparse_matrix.npz
mindthegaps.hypotheses.org/1848;études asiatiques_d, histoire_d, histoire_t, histoire culturelle_t, asie_t, chine_t;Datasets/all_labels_train_gensim_sparse_matrix.npz
histbav.hypotheses.org/4240;humanités pluridisciplinaires_d, histoire_d, pluridisciplinarité_d, histoire_t, monde germanique_t;Datasets/all_labels_train_gensim_sparse_matrix.npz
archivalia.hypotheses.org/10426;histoire et archéologie_d, sciences sociales interdisciplinaires_d, histoire_t, approches de corpus_t, enquêtes_t, archives_t;Datasets/all_labels_train_gensim_sparse_matrix.npz
frueheneuzeit.hypotheses.org/656;histoire et archéologie_d, histoire_t, époque moderne_t, xviie siècle_t, xviiie siècle_t, révolution française_t;Datasets/all_labels_train_gensim_sparse_matrix.npz
archivalia.hypotheses.org/13757;histoire et archéologie_d, sciences sociales interdisciplinaires_d, histoire_t, approches de corpus_t, enquêtes_t, archives_t;Datasets/all_labels_train_gensim_sparse_matrix.npz
archivalia.hypotheses.org/8282;histoire et archéologie_d, sciences sociales interdisciplinaires_d, histoire_t, approches de corpus_t, enquêtes_t, archives_t;Datasets/all_labels_train_gensim_sparse_matrix.npz
nordichistoryblog.hypotheses.org/1606;arts et humanités_d, histoire et archéologie_d, histoire_t, édition électronique_t, vie de la recherche_t, approches de corpus_t, enquêtes_t, archives_t, europe_t, pays baltes et scandinaves_t;Datasets/all_labels_train_gensim_sparse_matrix.npz
digigw.hypotheses.org/1390;humanités pluridisciplinaires_d, histoire_t, édition électronique_t, sciences auxiliaires de l'histoire_t, digital humanities_t;Datasets/all_labels_train_gensim_sparse_matrix.npz
archivlinz.hypotheses.org/713;histoire et archéologie_d, histoire_d, histoire urbaine_t, 1914-1918_t, monde germanique_t;Datasets/all_labels_train_gensim_sparse_matrix.npz
medialogic.hypotheses.org/98;arts et humanités_d, sciences de l'information et de la communication_d, bibliothéconomie_d, sociologie_t;Datasets/all_labels_train_gensim_sparse_matrix.npz
ostbib.hypotheses.org/915;humanités pluridisciplinaires_d, histoire et archéologie_d, sciences de l'information et de la communication_d, bibliothéconomie_d, sciences sociales interdisciplinaires_d, sciences de l'information_t, édition électronique_t;Datasets/all_labels_train_gensim_sparse_matrix.npz
trafo.hypotheses.org/2812;pluridisciplinarité_d, sciences sociales interdisciplinaires_d, études régionales_d, sociologie_t, sociologie des religions_t, information_t, histoire culturelle_t;Datasets/all_labels_train_gensim_sparse_matrix.npz
archivalia.hypotheses.org/6338;histoire et archéologie_d, sciences sociales interdisciplinaires_d, histoire_t, approches de corpus_t, enquêtes_t, archives_t;Datasets/all_labels_train_gensim_sparse_matrix.npz
ostbib.hypotheses.org/745;humanités pluridisciplinaires_d, histoire et archéologie_d, sciences de l'information et de la communication_d, bibliothéconomie_d, sciences sociales interdisciplinaires_d, sciences de l'information_t, édition électronique_t;Datasets/all_labels_train_gensim_sparse_matrix.npz
archivalia.hypotheses.org/12681;histoire et archéologie_d, sciences sociales interdisciplinaires_d, histoire_t, approches de corpus_t, enquêtes_t, archives_t;Datasets/all_labels_train_gensim_sparse_matrix.npz
archive20.hypotheses.org/743;pluridisciplinarité_d, sciences sociales interdisciplinaires_d, histoire_t, information_t, patrimoine_t, monde germanique_t;Datasets/all_labels_train_gensim_sparse_matrix.npz
archivewk1.hypotheses.org/22993;histoire_d, époque contemporaine_t, 1914-1918_t;Datasets/all_labels_train_gensim_sparse_matrix.npz
musicaroma.hypotheses.org/391;musique_d, histoire_d, histoire_t, histoire culturelle_t, monde germanique_t;Datasets/all_labels_train_gensim_sparse_matrix.npz
gab.hypotheses.org/1201;histoire et archéologie_d, pluridisciplinarité_d, sciences sociales interdisciplinaires_d, études des sciences_t, sociologie des sciences_t, histoire_t;Datasets/all_labels_train_gensim_sparse_matrix.npz
ordensgeschichte.hypotheses.org/786;arts et humanités_d, humanités pluridisciplinaires_d, histoire et archéologie_d, histoire et philosophie des sciences_d, histoire_t, haut moyen âge_t, bas moyen âge_t, xviie siècle_t, xviiie siècle_t;Datasets/all_labels_train_gensim_sparse_matrix.npz
archivalia.hypotheses.org/1457;histoire et archéologie_d, sciences sociales interdisciplinaires_d, histoire_t, approches de corpus_t, enquêtes_t, archives_t;Datasets/all_labels_train_gensim_sparse_matrix.npz
archivalia.hypotheses.org/1416;histoire et archéologie_d, sciences sociales interdisciplinaires_d, histoire_t, approches de corpus_t, enquêtes_t, archives_t;Datasets/all_labels_train_gensim_sparse_matrix.npz
mgtud.hypotheses.org/287;humanités pluridisciplinaires_d, éducation_d, histoire et archéologie_d, histoire_d, histoire_t, histoire urbaine_t, édition électronique_t;Datasets/all_labels_train_gensim_sparse_matrix.npz
avantmusic.hypotheses.org/254;musique_d, europe_t, monde germanique_t, histoire culturelle_t, histoire de l'art_t;Datasets/all_labels_train_gensim_sparse_matrix.npz
archivalia.hypotheses.org/10083;histoire et archéologie_d, sciences sociales interdisciplinaires_d, histoire_t, approches de corpus_t, enquêtes_t, archives_t;Datasets/all_labels_train_gensim_sparse_matrix.npz
uegg.hypotheses.org/312;histoire_d, histoire_t, histoire politique_t, époque contemporaine_t, xxe siècle_t, prospectives_t;Datasets/all_labels_train_gensim_sparse_matrix.npz
dokunstlmu.hypotheses.org/1045;arts et humanités_d, histoire intellectuelle_t;Datasets/all_labels_train_gensim_sparse_matrix.npz
fnzinfo.hypotheses.org/667;arts et humanités_d, musique_d, histoire et archéologie_d, histoire_t, xvie siècle_t, xviie siècle_t, xviiie siècle_t, révolution française_t;Datasets/all_labels_train_gensim_sparse_matrix.npz
musicaroma.hypotheses.org/359;musique_d, histoire_d, histoire_t, histoire culturelle_t, monde germanique_t;Datasets/all_labels_train_gensim_sparse_matrix.npz
fortifica.hypotheses.org/97;histoire et archéologie_d, histoire_d, histoire urbaine_t, xvie siècle_t, xviie siècle_t, xviiie siècle_t;Datasets/all_labels_train_gensim_sparse_matrix.npz
grandeguerre.hypotheses.org/1126;histoire et archéologie_d, histoire_t, 1914-1918_t, prospectives_t, france_t, monde germanique_t;Datasets/all_labels_train_gensim_sparse_matrix.npz
archivalia.hypotheses.org/11317;histoire et archéologie_d, sciences sociales interdisciplinaires_d, histoire_t, approches de corpus_t, enquêtes_t, archives_t;Datasets/all_labels_train_gensim_sparse_matrix.npz
heraldica.hypotheses.org/1436;histoire_d, histoire_t, historiographie_t, sciences auxiliaires de l'histoire_t, moyen âge_t, haut moyen âge_t;Datasets/all_labels_train_gensim_sparse_matrix.npz
ordensgeschichte.hypotheses.org/1727;arts et humanités_d, humanités pluridisciplinaires_d, histoire et archéologie_d, histoire et philosophie des sciences_d, histoire_t, haut moyen âge_t, bas moyen âge_t, xviie siècle_t, xviiie siècle_t;Datasets/all_labels_train_gensim_sparse_matrix.npz
archivalia.hypotheses.org/11595;histoire et archéologie_d, sciences sociales interdisciplinaires_d, histoire_t, approches de corpus_t, enquêtes_t, archives_t;Datasets/all_labels_train_gensim_sparse_matrix.npz
reichwein.hypotheses.org/1080;histoire et archéologie_d, histoire des sciences_t, 1945-1989_t;Datasets/all_labels_train_gensim_sparse_matrix.npz
archivewk1.hypotheses.org/6781;histoire_d, époque contemporaine_t, 1914-1918_t;Datasets/all_labels_train_gensim_sparse_matrix.npz
dhmuc.hypotheses.org/1464;humanités pluridisciplinaires_d, communication_d, pluridisciplinarité_d, sciences sociales interdisciplinaires_d, études des sciences_t, édition électronique_t, digital humanities_t;Datasets/all_labels_train_gensim_sparse_matrix.npz
archivalia.hypotheses.org/12520;histoire et archéologie_d, sciences sociales interdisciplinaires_d, histoire_t, approches de corpus_t, enquêtes_t, archives_t;Datasets/all_labels_train_gensim_sparse_matrix.npz
soziologieblog.hypotheses.org/8311;sciences sociales interdisciplinaires_d, sociologie et anthropologie_d, sociologie du travail_t, sociologie urbaine_t, sociologie de la culture_t, sociologie économique_t;Datasets/all_labels_train_gensim_sparse_matrix.npz
histbav.hypotheses.org/3257;humanités pluridisciplinaires_d, histoire_d, pluridisciplinarité_d, histoire_t, monde germanique_t;Datasets/all_labels_train_gensim_sparse_matrix.npz
archivalia.hypotheses.org/8752;histoire et archéologie_d, sciences sociales interdisciplinaires_d, histoire_t, approches de corpus_t, enquêtes_t, archives_t;Datasets/all_labels_train_gensim_sparse_matrix.npz
dislab.hypotheses.org/2328;sciences sociales interdisciplinaires_d, langue et linguistique_d, sociologie des sciences_t, linguistique_t;Datasets/all_labels_train_gensim_sparse_matrix.npz
aktenkunde.hypotheses.org/398;histoire_d, histoire_t, sciences auxiliaires de l'histoire_t;Datasets/all_labels_train_gensim_sparse_matrix.npz
grammata.hypotheses.org/880;études anciennes_d, religions_d, littérature_d, religions_t, littératures_t;Datasets/all_labels_train_gensim_sparse_matrix.npz
bioeg.hypotheses.org/1333;histoire et archéologie_d, histoire_d, histoire_t, sciences auxiliaires de l'histoire_t, europe centrale et orientale_t, monde germanique_t;Datasets/all_labels_train_gensim_sparse_matrix.npz
soziologieblog.hypotheses.org/5156;sciences sociales interdisciplinaires_d, sociologie et anthropologie_d, sociologie du travail_t, sociologie urbaine_t, sociologie de la culture_t, sociologie économique_t;Datasets/all_labels_train_gensim_sparse_matrix.npz
archivalia.hypotheses.org/11884;histoire et archéologie_d, sciences sociales interdisciplinaires_d, histoire_t, approches de corpus_t, enquêtes_t, archives_t;Datasets/all_labels_train_gensim_sparse_matrix.npz
archivalia.hypotheses.org/61468;histoire et archéologie_d, sciences sociales interdisciplinaires_d, histoire_t, approches de corpus_t, enquêtes_t, archives_t;Datasets/all_labels_train_gensim_sparse_matrix.npz
archivalia.hypotheses.org/3141;histoire et archéologie_d, sciences sociales interdisciplinaires_d, histoire_t, approches de corpus_t, enquêtes_t, archives_t;Datasets/all_labels_train_gensim_sparse_matrix.npz
archivalia.hypotheses.org/10690;histoire et archéologie_d, sciences sociales interdisciplinaires_d, histoire_t, approches de corpus_t, enquêtes_t, archives_t;Datasets/all_labels_train_gensim_sparse_matrix.npz
ordensgeschichte.hypotheses.org/8134;arts et humanités_d, humanités pluridisciplinaires_d, histoire et archéologie_d, histoire et philosophie des sciences_d, histoire_t, haut moyen âge_t, bas moyen âge_t, xviie siècle_t, xviiie siècle_t;Datasets/all_labels_train_gensim_sparse_matrix.npz
soziologieblog.hypotheses.org/1524;sciences sociales interdisciplinaires_d, sociologie et anthropologie_d, sociologie du travail_t, sociologie urbaine_t, sociologie de la culture_t, sociologie économique_t;Datasets/all_labels_train_gensim_sparse_matrix.npz
archivalia.hypotheses.org/1890;histoire et archéologie_d, sciences sociales interdisciplinaires_d, histoire_t, approches de corpus_t, enquêtes_t, archives_t;Datasets/all_labels_train_gensim_sparse_matrix.npz
1914lvr.hypotheses.org/1632;sciences politiques_d, histoire_t, époque contemporaine_t, 1914-1918_t;Datasets/all_labels_train_gensim_sparse_matrix.npz
archivalia.hypotheses.org/13492;histoire et archéologie_d, sciences sociales interdisciplinaires_d, histoire_t, approches de corpus_t, enquêtes_t, archives_t;Datasets/all_labels_train_gensim_sparse_matrix.npz
ordensgeschichte.hypotheses.org/7901;arts et humanités_d, humanités pluridisciplinaires_d, histoire et archéologie_d, histoire et philosophie des sciences_d, histoire_t, haut moyen âge_t, bas moyen âge_t, xviie siècle_t, xviiie siècle_t;Datasets/all_labels_train_gensim_sparse_matrix.npz
archivalia.hypotheses.org/6385;histoire et archéologie_d, sciences sociales interdisciplinaires_d, histoire_t, approches de corpus_t, enquêtes_t, archives_t;Datasets/all_labels_train_gensim_sparse_matrix.npz
archivalia.hypotheses.org/770;histoire et archéologie_d, sciences sociales interdisciplinaires_d, histoire_t, approches de corpus_t, enquêtes_t, archives_t;Datasets/all_labels_train_gensim_sparse_matrix.npz
archivalia.hypotheses.org/7166;histoire et archéologie_d, sciences sociales interdisciplinaires_d, histoire_t, approches de corpus_t, enquêtes_t, archives_t;Datasets/all_labels_train_gensim_sparse_matrix.npz
archivalia.hypotheses.org/7368;histoire et archéologie_d, sciences sociales interdisciplinaires_d, histoire_t, approches de corpus_t, enquêtes_t, archives_t;Datasets/all_labels_train_gensim_sparse_matrix.npz
archivalia.hypotheses.org/8240;histoire et archéologie_d, sciences sociales interdisciplinaires_d, histoire_t, approches de corpus_t, enquêtes_t, archives_t;Datasets/all_labels_train_gensim_sparse_matrix.npz
archivewk1.hypotheses.org/16247;histoire_d, époque contemporaine_t, 1914-1918_t;Datasets/all_labels_train_gensim_sparse_matrix.npz
dss.hypotheses.org/1235;arts et humanités_d, communication_d, sciences de l'information et bibliothéconomie_d, information_t, édition électronique_t, représentations_t, histoire de l'art_t, patrimoine_t, prospectives_t;Datasets/all_labels_train_gensim_sparse_matrix.npz
archivewk1.hypotheses.org/14726;histoire_d, époque contemporaine_t, 1914-1918_t;Datasets/all_labels_train_gensim_sparse_matrix.npz
archivalia.hypotheses.org/571;histoire et archéologie_d, sciences sociales interdisciplinaires_d, histoire_t, approches de corpus_t, enquêtes_t, archives_t;Datasets/all_labels_train_gensim_sparse_matrix.npz
europhilomem.hypotheses.org/3428;philosophie_d, philosophie_t, histoire intellectuelle_t, xxe siècle_t, prospectives_t;Datasets/all_labels_train_gensim_sparse_matrix.npz
archivalia.hypotheses.org/9806;histoire et archéologie_d, sciences sociales interdisciplinaires_d, histoire_t, approches de corpus_t, enquêtes_t, archives_t;Datasets/all_labels_train_gensim_sparse_matrix.npz
archivalia.hypotheses.org/13578;histoire et archéologie_d, sciences sociales interdisciplinaires_d, histoire_t, approches de corpus_t, enquêtes_t, archives_t;Datasets/all_labels_train_gensim_sparse_matrix.npz
archivalia.hypotheses.org/14289;histoire et archéologie_d, sciences sociales interdisciplinaires_d, histoire_t, approches de corpus_t, enquêtes_t, archives_t;Datasets/all_labels_train_gensim_sparse_matrix.npz
mgtud.hypotheses.org/402;humanités pluridisciplinaires_d, éducation_d, histoire et archéologie_d, histoire_d, histoire_t, histoire urbaine_t, édition électronique_t;Datasets/all_labels_train_gensim_sparse_matrix.npz
zakunibonn.hypotheses.org/1555;histoire_d, psychologie_d, histoire_t, psychisme_t, psychologie_t, méthodes de traitement et de représentation_t, monde germanique_t;Datasets/all_labels_train_gensim_sparse_matrix.npz
archivalia.hypotheses.org/9021;histoire et archéologie_d, sciences sociales interdisciplinaires_d, histoire_t, approches de corpus_t, enquêtes_t, archives_t;Datasets/all_labels_train_gensim_sparse_matrix.npz
archivalia.hypotheses.org/2022;histoire et archéologie_d, sciences sociales interdisciplinaires_d, histoire_t, approches de corpus_t, enquêtes_t, archives_t;Datasets/all_labels_train_gensim_sparse_matrix.npz
mittelalter.hypotheses.org/1861;humanités pluridisciplinaires_d, religions_d, histoire_d, sociologie_d, histoire_t, histoire sociale_t, histoire intellectuelle_t, moyen âge_t, haut moyen âge_t, bas moyen âge_t;Datasets/all_labels_train_gensim_sparse_matrix.npz
wwc.hypotheses.org/102;humanités pluridisciplinaires_d, pluridisciplinarité_d, études régionales_d, relations internationales_t, information_t, représentations_t;Datasets/all_labels_train_gensim_sparse_matrix.npz
liparchiv.hypotheses.org/348;histoire et archéologie_d, sciences politiques_d, administration publique et développement_d, histoire urbaine_t, patrimoine_t, sciences auxiliaires de l'histoire_t, approches de corpus_t, enquêtes_t, archives_t, europe_t;Datasets/all_labels_train_gensim_sparse_matrix.npz
archivewk1.hypotheses.org/4881;histoire_d, époque contemporaine_t, 1914-1918_t;Datasets/all_labels_train_gensim_sparse_matrix.npz
gra.hypotheses.org/2361;arts et humanités_d, communication_d, sciences de l'information et bibliothéconomie_d, représentations_t, histoire culturelle_t, histoire de l'art_t, études visuelles_t;Datasets/all_labels_train_gensim_sparse_matrix.npz
ordensgeschichte.hypotheses.org/8159;arts et humanités_d, humanités pluridisciplinaires_d, histoire et archéologie_d, histoire et philosophie des sciences_d, histoire_t, haut moyen âge_t, bas moyen âge_t, xviie siècle_t, xviiie siècle_t;Datasets/all_labels_train_gensim_sparse_matrix.npz
ostbib.hypotheses.org/1040;humanités pluridisciplinaires_d, histoire et archéologie_d, sciences de l'information et de la communication_d, bibliothéconomie_d, sciences sociales interdisciplinaires_d, sciences de l'information_t, édition électronique_t;Datasets/all_labels_train_gensim_sparse_matrix.npz
archivalia.hypotheses.org/9861;histoire et archéologie_d, sciences sociales interdisciplinaires_d, histoire_t, approches de corpus_t, enquêtes_t, archives_t;Datasets/all_labels_train_gensim_sparse_matrix.npz
archivalia.hypotheses.org/55187;histoire et archéologie_d, sciences sociales interdisciplinaires_d, histoire_t, approches de corpus_t, enquêtes_t, archives_t;Datasets/all_labels_train_gensim_sparse_matrix.npz
barblog.hypotheses.org/835;sciences sociales interdisciplinaires_d, sciences politiques_d, sociologie_d, anthropologie politique_t;Datasets/all_labels_train_gensim_sparse_matrix.npz
redaktionsblog.hypotheses.org/392;arts et humanités_d, humanités pluridisciplinaires_d, épistémologie et méthodes_t, digital humanities_t;Datasets/all_labels_train_gensim_sparse_matrix.npz
soziologieblog.hypotheses.org/8889;sciences sociales interdisciplinaires_d, sociologie et anthropologie_d, sociologie du travail_t, sociologie urbaine_t, sociologie de la culture_t, sociologie économique_t;Datasets/all_labels_train_gensim_sparse_matrix.npz
archivalia.hypotheses.org/14045;histoire et archéologie_d, sciences sociales interdisciplinaires_d, histoire_t, approches de corpus_t, enquêtes_t, archives_t;Datasets/all_labels_train_gensim_sparse_matrix.npz
bioeg.hypotheses.org/1497;histoire et archéologie_d, histoire_d, histoire_t, sciences auxiliaires de l'histoire_t, europe centrale et orientale_t, monde germanique_t;Datasets/all_labels_train_gensim_sparse_matrix.npz
lvrafz.hypotheses.org/2183;pluridisciplinarité_d, information_t;Datasets/all_labels_train_gensim_sparse_matrix.npz
dhdhi.hypotheses.org/5;histoire et archéologie_d, histoire_t, épistémologie et méthodes_t, digital humanities_t;Datasets/all_labels_train_gensim_sparse_matrix.npz
kinder.hypotheses.org/1027;éducation et sciences de l'éducation_d, études sur la famille_d, âges de la vie_t, sciences de l'éducation_t;Datasets/all_labels_train_gensim_sparse_matrix.npz
archivewk1.hypotheses.org/4443;histoire_d, époque contemporaine_t, 1914-1918_t;Datasets/all_labels_train_gensim_sparse_matrix.npz
archivalia.hypotheses.org/10024;histoire et archéologie_d, sciences sociales interdisciplinaires_d, histoire_t, approches de corpus_t, enquêtes_t, archives_t;Datasets/all_labels_train_gensim_sparse_matrix.npz
archivalia.hypotheses.org/9807;histoire et archéologie_d, sciences sociales interdisciplinaires_d, histoire_t, approches de corpus_t, enquêtes_t, archives_t;Datasets/all_labels_train_gensim_sparse_matrix.npz
medienbildung.hypotheses.org/6024;éducation_d, éducation spécialisée_d, travail social_d, sociologie_t, édition électronique_t, histoire et sociologie des médias_t, éducation_t;Datasets/all_labels_train_gensim_sparse_matrix.npz
dokunstlmu.hypotheses.org/1608;arts et humanités_d, histoire intellectuelle_t;Datasets/all_labels_train_gensim_sparse_matrix.npz
rhad.hypotheses.org/617;histoire_d, histoire des sciences sociales_d, histoire_t, époque moderne_t, révolution française_t, xviie siècle_t, xviiie siècle_t, prospectives_t;Datasets/all_labels_train_gensim_sparse_matrix.npz
reichwein.hypotheses.org/1005;histoire et archéologie_d, histoire des sciences_t, 1945-1989_t;Datasets/all_labels_train_gensim_sparse_matrix.npz
mindthegaps.hypotheses.org/2185;études asiatiques_d, histoire_d, histoire_t, histoire culturelle_t, asie_t, chine_t;Datasets/all_labels_train_gensim_sparse_matrix.npz
archivamt.hypotheses.org/4190;communication_d, pluridisciplinarité_d, sciences sociales interdisciplinaires_d, information_t, sciences de l'information_t, représentations_t, patrimoine_t;Datasets/all_labels_train_gensim_sparse_matrix.npz
liparchiv.hypotheses.org/434;histoire et archéologie_d, sciences politiques_d, administration publique et développement_d, histoire urbaine_t, patrimoine_t, sciences auxiliaires de l'histoire_t, approches de corpus_t, enquêtes_t, archives_t, europe_t;Datasets/all_labels_train_gensim_sparse_matrix.npz
trafo.hypotheses.org/4566;pluridisciplinarité_d, sciences sociales interdisciplinaires_d, études régionales_d, sociologie_t, sociologie des religions_t, information_t, histoire culturelle_t;Datasets/all_labels_train_gensim_sparse_matrix.npz
wenhua.hypotheses.org/913;études asiatiques_d, humanités pluridisciplinaires_d, histoire_d, histoire culturelle_t, asie_t;Datasets/all_labels_train_gensim_sparse_matrix.npz
archive20.hypotheses.org/3896;pluridisciplinarité_d, sciences sociales interdisciplinaires_d, histoire_t, information_t, patrimoine_t, monde germanique_t;Datasets/all_labels_train_gensim_sparse_matrix.npz
archivewk1.hypotheses.org/14322;histoire_d, époque contemporaine_t, 1914-1918_t;Datasets/all_labels_train_gensim_sparse_matrix.npz
archivalia.hypotheses.org/11457;histoire et archéologie_d, sciences sociales interdisciplinaires_d, histoire_t, approches de corpus_t, enquêtes_t, archives_t;Datasets/all_labels_train_gensim_sparse_matrix.npz
archivalia.hypotheses.org/7790;histoire et archéologie_d, sciences sociales interdisciplinaires_d, histoire_t, approches de corpus_t, enquêtes_t, archives_t;Datasets/all_labels_train_gensim_sparse_matrix.npz
intersex.hypotheses.org/365;histoire_d, biomédecine_d, étude des genres_t, histoire des sciences_t, histoire_t, histoire du droit_t, moyen âge_t, xxie siècle_t;Datasets/all_labels_train_gensim_sparse_matrix.npz
archivalia.hypotheses.org/5457;histoire et archéologie_d, sciences sociales interdisciplinaires_d, histoire_t, approches de corpus_t, enquêtes_t, archives_t;Datasets/all_labels_train_gensim_sparse_matrix.npz
tagebuch.hypotheses.org/1424;histoire et archéologie_d, histoire_d, histoire_t, époque contemporaine_t, 1914-1918_t;Datasets/all_labels_train_gensim_sparse_matrix.npz
archivewk1.hypotheses.org/17693;histoire_d, époque contemporaine_t, 1914-1918_t;Datasets/all_labels_train_gensim_sparse_matrix.npz
archivalia.hypotheses.org/6557;histoire et archéologie_d, sciences sociales interdisciplinaires_d, histoire_t, approches de corpus_t, enquêtes_t, archives_t;Datasets/all_labels_train_gensim_sparse_matrix.npz
intersex.hypotheses.org/607;histoire_d, biomédecine_d, étude des genres_t, histoire des sciences_t, histoire_t, histoire du droit_t, moyen âge_t, xxie siècle_t;Datasets/all_labels_train_gensim_sparse_matrix.npz
gra.hypotheses.org/2258;arts et humanités_d, communication_d, sciences de l'information et bibliothéconomie_d, représentations_t, histoire culturelle_t, histoire de l'art_t, études visuelles_t;Datasets/all_labels_train_gensim_sparse_matrix.npz
archive20.hypotheses.org/578;pluridisciplinarité_d, sciences sociales interdisciplinaires_d, histoire_t, information_t, patrimoine_t, monde germanique_t;Datasets/all_labels_train_gensim_sparse_matrix.npz
wenhua.hypotheses.org/865;études asiatiques_d, humanités pluridisciplinaires_d, histoire_d, histoire culturelle_t, asie_t;Datasets/all_labels_train_gensim_sparse_matrix.npz
archivewk1.hypotheses.org/22989;histoire_d, époque contemporaine_t, 1914-1918_t;Datasets/all_labels_train_gensim_sparse_matrix.npz
archivalia.hypotheses.org/2844;histoire et archéologie_d, sciences sociales interdisciplinaires_d, histoire_t, approches de corpus_t, enquêtes_t, archives_t;Datasets/all_labels_train_gensim_sparse_matrix.npz
ecoglobreg.hypotheses.org/632;histoire_d, sciences politiques_d, histoire_t, 1945-1989_t;Datasets/all_labels_train_gensim_sparse_matrix.npz
histbav.hypotheses.org/3542;humanités pluridisciplinaires_d, histoire_d, pluridisciplinarité_d, histoire_t, monde germanique_t;Datasets/all_labels_train_gensim_sparse_matrix.npz
archive20.hypotheses.org/1840;pluridisciplinarité_d, sciences sociales interdisciplinaires_d, histoire_t, information_t, patrimoine_t, monde germanique_t;Datasets/all_labels_train_gensim_sparse_matrix.npz
archivalia.hypotheses.org/11281;histoire et archéologie_d, sciences sociales interdisciplinaires_d, histoire_t, approches de corpus_t, enquêtes_t, archives_t;Datasets/all_labels_train_gensim_sparse_matrix.npz
archivalia.hypotheses.org/56515;histoire et archéologie_d, sciences sociales interdisciplinaires_d, histoire_t, approches de corpus_t, enquêtes_t, archives_t;Datasets/all_labels_train_gensim_sparse_matrix.npz
mindthegaps.hypotheses.org/1639;études asiatiques_d, histoire_d, histoire_t, histoire culturelle_t, asie_t, chine_t;Datasets/all_labels_train_gensim_sparse_matrix.npz
archivalia.hypotheses.org/58285;histoire et archéologie_d, sciences sociales interdisciplinaires_d, histoire_t, approches de corpus_t, enquêtes_t, archives_t;Datasets/all_labels_train_gensim_sparse_matrix.npz
dokunstlmu.hypotheses.org/459;arts et humanités_d, histoire intellectuelle_t;Datasets/all_labels_train_gensim_sparse_matrix.npz
archivalia.hypotheses.org/5698;histoire et archéologie_d, sciences sociales interdisciplinaires_d, histoire_t, approches de corpus_t, enquêtes_t, archives_t;Datasets/all_labels_train_gensim_sparse_matrix.npz
amuc.hypotheses.org/732;humanités pluridisciplinaires_d, histoire_d, histoire_t, représentations_t, patrimoine_t;Datasets/all_labels_train_gensim_sparse_matrix.npz
mindthegaps.hypotheses.org/902;études asiatiques_d, histoire_d, histoire_t, histoire culturelle_t, asie_t, chine_t;Datasets/all_labels_train_gensim_sparse_matrix.npz
archivewk1.hypotheses.org/1240;histoire_d, époque contemporaine_t, 1914-1918_t;Datasets/all_labels_train_gensim_sparse_matrix.npz
musermeku.hypotheses.org/5504;humanités pluridisciplinaires_d, pluridisciplinarité_d, sciences sociales interdisciplinaires_d, sociologie_t, sociologie de la culture_t, histoire_t, histoire politique_t;Datasets/all_labels_train_gensim_sparse_matrix.npz
archivalia.hypotheses.org/13191;histoire et archéologie_d, sciences sociales interdisciplinaires_d, histoire_t, approches de corpus_t, enquêtes_t, archives_t;Datasets/all_labels_train_gensim_sparse_matrix.npz
archivewk1.hypotheses.org/18864;histoire_d, époque contemporaine_t, 1914-1918_t;Datasets/all_labels_train_gensim_sparse_matrix.npz
archivalia.hypotheses.org/7296;histoire et archéologie_d, sciences sociales interdisciplinaires_d, histoire_t, approches de corpus_t, enquêtes_t, archives_t;Datasets/all_labels_train_gensim_sparse_matrix.npz
soziologieblog.hypotheses.org/1236;sciences sociales interdisciplinaires_d, sociologie et anthropologie_d, sociologie du travail_t, sociologie urbaine_t, sociologie de la culture_t, sociologie économique_t;Datasets/all_labels_train_gensim_sparse_matrix.npz
archivalia.hypotheses.org/8923;histoire et archéologie_d, sciences sociales interdisciplinaires_d, histoire_t, approches de corpus_t, enquêtes_t, archives_t;Datasets/all_labels_train_gensim_sparse_matrix.npz
medienbildung.hypotheses.org/6712;éducation_d, éducation spécialisée_d, travail social_d, sociologie_t, édition électronique_t, histoire et sociologie des médias_t, éducation_t;Datasets/all_labels_train_gensim_sparse_matrix.npz
vivien.hypotheses.org/283;arts et humanités_d, représentations_t, histoire de l'art_t, xviiie siècle_t, france_t;Datasets/all_labels_train_gensim_sparse_matrix.npz
archivalia.hypotheses.org/7424;histoire et archéologie_d, sciences sociales interdisciplinaires_d, histoire_t, approches de corpus_t, enquêtes_t, archives_t;Datasets/all_labels_train_gensim_sparse_matrix.npz
ecoglobreg.hypotheses.org/29;histoire_d, sciences politiques_d, histoire_t, 1945-1989_t;Datasets/all_labels_train_gensim_sparse_matrix.npz
archivalia.hypotheses.org/57105;histoire et archéologie_d, sciences sociales interdisciplinaires_d, histoire_t, approches de corpus_t, enquêtes_t, archives_t;Datasets/all_labels_train_gensim_sparse_matrix.npz
archivalia.hypotheses.org/9468;histoire et archéologie_d, sciences sociales interdisciplinaires_d, histoire_t, approches de corpus_t, enquêtes_t, archives_t;Datasets/all_labels_train_gensim_sparse_matrix.npz
reichwein.hypotheses.org/531;histoire et archéologie_d, histoire des sciences_t, 1945-1989_t;Datasets/all_labels_train_gensim_sparse_matrix.npz
vgdrp.hypotheses.org/367;éducation_d, histoire des sciences sociales_d, histoire_t, histoire économique_t, histoire industrielle_t, histoire urbaine_t, histoire sociale_t;Datasets/all_labels_train_gensim_sparse_matrix.npz
bioeg.hypotheses.org/1574;histoire et archéologie_d, histoire_d, histoire_t, sciences auxiliaires de l'histoire_t, europe centrale et orientale_t, monde germanique_t;Datasets/all_labels_train_gensim_sparse_matrix.npz
archivalia.hypotheses.org/1087;histoire et archéologie_d, sciences sociales interdisciplinaires_d, histoire_t, approches de corpus_t, enquêtes_t, archives_t;Datasets/all_labels_train_gensim_sparse_matrix.npz
vgdrp.hypotheses.org/246;éducation_d, histoire des sciences sociales_d, histoire_t, histoire économique_t, histoire industrielle_t, histoire urbaine_t, histoire sociale_t;Datasets/all_labels_train_gensim_sparse_matrix.npz
mindthegaps.hypotheses.org/1502;études asiatiques_d, histoire_d, histoire_t, histoire culturelle_t, asie_t, chine_t;Datasets/all_labels_train_gensim_sparse_matrix.npz
archivalia.hypotheses.org/12075;histoire et archéologie_d, sciences sociales interdisciplinaires_d, histoire_t, approches de corpus_t, enquêtes_t, archives_t;Datasets/all_labels_train_gensim_sparse_matrix.npz
aktenkunde.hypotheses.org/438;histoire_d, histoire_t, sciences auxiliaires de l'histoire_t;Datasets/all_labels_train_gensim_sparse_matrix.npz
archivalia.hypotheses.org/7879;histoire et archéologie_d, sciences sociales interdisciplinaires_d, histoire_t, approches de corpus_t, enquêtes_t, archives_t;Datasets/all_labels_train_gensim_sparse_matrix.npz
aes.hypotheses.org/317;histoire_t, religions_t;Datasets/all_labels_train_gensim_sparse_matrix.npz
amuc.hypotheses.org/1534;humanités pluridisciplinaires_d, histoire_d, histoire_t, représentations_t, patrimoine_t;Datasets/all_labels_train_gensim_sparse_matrix.npz
archivalia.hypotheses.org/1701;histoire et archéologie_d, sciences sociales interdisciplinaires_d, histoire_t, approches de corpus_t, enquêtes_t, archives_t;Datasets/all_labels_train_gensim_sparse_matrix.npz
archivalia.hypotheses.org/8232;histoire et archéologie_d, sciences sociales interdisciplinaires_d, histoire_t, approches de corpus_t, enquêtes_t, archives_t;Datasets/all_labels_train_gensim_sparse_matrix.npz
bioeg.hypotheses.org/406;histoire et archéologie_d, histoire_d, histoire_t, sciences auxiliaires de l'histoire_t, europe centrale et orientale_t, monde germanique_t;Datasets/all_labels_train_gensim_sparse_matrix.npz
histbav.hypotheses.org/4584;humanités pluridisciplinaires_d, histoire_d, pluridisciplinarité_d, histoire_t, monde germanique_t;Datasets/all_labels_train_gensim_sparse_matrix.npz
soziologieblog.hypotheses.org/7041;sciences sociales interdisciplinaires_d, sociologie et anthropologie_d, sociologie du travail_t, sociologie urbaine_t, sociologie de la culture_t, sociologie économique_t;Datasets/all_labels_train_gensim_sparse_matrix.npz
archivalia.hypotheses.org/7211;histoire et archéologie_d, sciences sociales interdisciplinaires_d, histoire_t, approches de corpus_t, enquêtes_t, archives_t;Datasets/all_labels_train_gensim_sparse_matrix.npz
archivalia.hypotheses.org/14484;histoire et archéologie_d, sciences sociales interdisciplinaires_d, histoire_t, approches de corpus_t, enquêtes_t, archives_t;Datasets/all_labels_train_gensim_sparse_matrix.npz
archivewk1.hypotheses.org/30677;histoire_d, époque contemporaine_t, 1914-1918_t;Datasets/all_labels_train_gensim_sparse_matrix.npz
kristinoswald.hypotheses.org/1576;études anciennes_d, études des sciences_t, histoire_t, histoire et sociologie des médias_t, histoire culturelle_t, digital humanities_t;Datasets/all_labels_train_gensim_sparse_matrix.npz
archivalia.hypotheses.org/54975;histoire et archéologie_d, sciences sociales interdisciplinaires_d, histoire_t, approches de corpus_t, enquêtes_t, archives_t;Datasets/all_labels_train_gensim_sparse_matrix.npz
archivalia.hypotheses.org/8206;histoire et archéologie_d, sciences sociales interdisciplinaires_d, histoire_t, approches de corpus_t, enquêtes_t, archives_t;Datasets/all_labels_train_gensim_sparse_matrix.npz
francofil.hypotheses.org/717;pluridisciplinarité_d, sciences sociales interdisciplinaires_d, histoire_t, épistémologie et méthodes_t, approches de corpus_t, enquêtes_t, archives_t, france_t;Datasets/all_labels_train_gensim_sparse_matrix.npz
inklusion.hypotheses.org/622;éducation_d, travail social et politique sociale_d, sociologie du travail_t, âges de la vie_t, information_t, sciences de l'éducation_t;Datasets/all_labels_train_gensim_sparse_matrix.npz
mindthegaps.hypotheses.org/1140;études asiatiques_d, histoire_d, histoire_t, histoire culturelle_t, asie_t, chine_t;Datasets/all_labels_train_gensim_sparse_matrix.npz
archivalia.hypotheses.org/10495;histoire et archéologie_d, sciences sociales interdisciplinaires_d, histoire_t, approches de corpus_t, enquêtes_t, archives_t;Datasets/all_labels_train_gensim_sparse_matrix.npz
archivewk1.hypotheses.org/13884;histoire_d, époque contemporaine_t, 1914-1918_t;Datasets/all_labels_train_gensim_sparse_matrix.npz
antisem19c.hypotheses.org/409;histoire et archéologie_d, histoire sociale_t, prospectives_t;Datasets/all_labels_train_gensim_sparse_matrix.npz
merzdadaco.hypotheses.org/397;humanités pluridisciplinaires_d, littérature_d, littératures_t, représentations_t, histoire culturelle_t, histoire de l'art_t;Datasets/all_labels_train_gensim_sparse_matrix.npz
lvrafz.hypotheses.org/1391;pluridisciplinarité_d, information_t;Datasets/all_labels_train_gensim_sparse_matrix.npz
dkblog.hypotheses.org/946;histoire_d, histoire_t, époque moderne_t, xviie siècle_t;Datasets/all_labels_train_gensim_sparse_matrix.npz
archivewk1.hypotheses.org/17705;histoire_d, époque contemporaine_t, 1914-1918_t;Datasets/all_labels_train_gensim_sparse_matrix.npz
archivewk1.hypotheses.org/17961;histoire_d, époque contemporaine_t, 1914-1918_t;Datasets/all_labels_train_gensim_sparse_matrix.npz
fotoarchiv.hypotheses.org/1;sciences sociales interdisciplinaires_d, histoire_t, information_t;Datasets/all_labels_train_gensim_sparse_matrix.npz
ordensgeschichte.hypotheses.org/6687;arts et humanités_d, humanités pluridisciplinaires_d, histoire et archéologie_d, histoire et philosophie des sciences_d, histoire_t, haut moyen âge_t, bas moyen âge_t, xviie siècle_t, xviiie siècle_t;Datasets/all_labels_train_gensim_sparse_matrix.npz
archivewk1.hypotheses.org/13390;histoire_d, époque contemporaine_t, 1914-1918_t;Datasets/all_labels_train_gensim_sparse_matrix.npz
archivalia.hypotheses.org/1005;histoire et archéologie_d, sciences sociales interdisciplinaires_d, histoire_t, approches de corpus_t, enquêtes_t, archives_t;Datasets/all_labels_train_gensim_sparse_matrix.npz
archivalia.hypotheses.org/6717;histoire et archéologie_d, sciences sociales interdisciplinaires_d, histoire_t, approches de corpus_t, enquêtes_t, archives_t;Datasets/all_labels_train_gensim_sparse_matrix.npz
soziologieblog.hypotheses.org/9220;sciences sociales interdisciplinaires_d, sociologie et anthropologie_d, sociologie du travail_t, sociologie urbaine_t, sociologie de la culture_t, sociologie économique_t;Datasets/all_labels_train_gensim_sparse_matrix.npz
archivewk1.hypotheses.org/7447;histoire_d, époque contemporaine_t, 1914-1918_t;Datasets/all_labels_train_gensim_sparse_matrix.npz
wenhua.hypotheses.org/964;études asiatiques_d, humanités pluridisciplinaires_d, histoire_d, histoire culturelle_t, asie_t;Datasets/all_labels_train_gensim_sparse_matrix.npz
archivewk1.hypotheses.org/16878;histoire_d, époque contemporaine_t, 1914-1918_t;Datasets/all_labels_train_gensim_sparse_matrix.npz
mindthegaps.hypotheses.org/234;études asiatiques_d, histoire_d, histoire_t, histoire culturelle_t, asie_t, chine_t;Datasets/all_labels_train_gensim_sparse_matrix.npz
grham.hypotheses.org/2780;arts_d, humanités pluridisciplinaires_d, histoire_d, histoire_t, histoire culturelle_t, histoire de l'art_t, xviie siècle_t, xviiie siècle_t;Datasets/all_labels_train_gensim_sparse_matrix.npz
dokunstlmu.hypotheses.org/610;arts et humanités_d, histoire intellectuelle_t;Datasets/all_labels_train_gensim_sparse_matrix.npz
sdvigpress.hypotheses.org/473;langue et linguistique_d, philosophie_d, humanités pluridisciplinaires_d, épistémologie et méthodes_t, digital humanities_t, europe centrale et orientale_t, édition électronique_t, linguistique_t;Datasets/all_labels_train_gensim_sparse_matrix.npz
archivalia.hypotheses.org/11020;histoire et archéologie_d, sciences sociales interdisciplinaires_d, histoire_t, approches de corpus_t, enquêtes_t, archives_t;Datasets/all_labels_train_gensim_sparse_matrix.npz
archivalia.hypotheses.org/54517;histoire et archéologie_d, sciences sociales interdisciplinaires_d, histoire_t, approches de corpus_t, enquêtes_t, archives_t;Datasets/all_labels_train_gensim_sparse_matrix.npz
tagebuch.hypotheses.org/1174;histoire et archéologie_d, histoire_d, histoire_t, époque contemporaine_t, 1914-1918_t;Datasets/all_labels_train_gensim_sparse_matrix.npz
dkblog.hypotheses.org/557;histoire_d, histoire_t, époque moderne_t, xviie siècle_t;Datasets/all_labels_train_gensim_sparse_matrix.npz
catholiccultures.hypotheses.org/442;histoire et archéologie_d, histoire des sciences sociales_d, sciences sociales interdisciplinaires_d, sociologie et anthropologie_d, histoire_t, histoire sociale_t, histoire des religions_t, époque moderne_t;Datasets/all_labels_train_gensim_sparse_matrix.npz
dkblog.hypotheses.org/1013;histoire_d, histoire_t, époque moderne_t, xviie siècle_t;Datasets/all_labels_train_gensim_sparse_matrix.npz
kristinoswald.hypotheses.org/1084;études anciennes_d, études des sciences_t, histoire_t, histoire et sociologie des médias_t, histoire culturelle_t, digital humanities_t;Datasets/all_labels_train_gensim_sparse_matrix.npz
schotten.hypotheses.org/178;religions_d, histoire et archéologie_d, sciences de l'information et de la communication_d, bibliothéconomie_d, histoire_t, histoire des religions_t, approches de corpus_t, enquêtes_t, archives_t, monde germanique_t;Datasets/all_labels_train_gensim_sparse_matrix.npz
archivalia.hypotheses.org/14229;histoire et archéologie_d, sciences sociales interdisciplinaires_d, histoire_t, approches de corpus_t, enquêtes_t, archives_t;Datasets/all_labels_train_gensim_sparse_matrix.npz
kriegsfoto.hypotheses.org/377;arts_d, histoire_d, communication_d, guerres_t, conflits_t, violence_t, études visuelles_t, époque contemporaine_t, europe centrale et orientale_t;Datasets/all_labels_train_gensim_sparse_matrix.npz
babyvision.hypotheses.org/159;psychologie_d, études des sciences_t, psychisme_t;Datasets/all_labels_train_gensim_sparse_matrix.npz
archivewk1.hypotheses.org/26487;histoire_d, époque contemporaine_t, 1914-1918_t;Datasets/all_labels_train_gensim_sparse_matrix.npz
artincrisis.hypotheses.org/371;arts et humanités_d, représentations_t, histoire de l'art_t, époque contemporaine_t, 1939-1945_t, monde germanique_t;Datasets/all_labels_train_gensim_sparse_matrix.npz
1914lvr.hypotheses.org/1112;sciences politiques_d, histoire_t, époque contemporaine_t, 1914-1918_t;Datasets/all_labels_train_gensim_sparse_matrix.npz
texperimentales.hypotheses.org/1970;linguistique appliquée_d, langue et linguistique_d, langage_t, linguistique_t, information_t, sciences de l'information_t, digital humanities_t;Datasets/all_labels_train_gensim_sparse_matrix.npz
archivewk1.hypotheses.org/32132;histoire_d, époque contemporaine_t, 1914-1918_t;Datasets/all_labels_train_gensim_sparse_matrix.npz
historischdenken.hypotheses.org/3550;histoire et archéologie_d, histoire_t;Datasets/all_labels_train_gensim_sparse_matrix.npz
archivalia.hypotheses.org/2792;histoire et archéologie_d, sciences sociales interdisciplinaires_d, histoire_t, approches de corpus_t, enquêtes_t, archives_t;Datasets/all_labels_train_gensim_sparse_matrix.npz
catholiccultures.hypotheses.org/1435;histoire et archéologie_d, histoire des sciences sociales_d, sciences sociales interdisciplinaires_d, sociologie et anthropologie_d, histoire_t, histoire sociale_t, histoire des religions_t, époque moderne_t;Datasets/all_labels_train_gensim_sparse_matrix.npz
intersex.hypotheses.org/398;histoire_d, biomédecine_d, étude des genres_t, histoire des sciences_t, histoire_t, histoire du droit_t, moyen âge_t, xxie siècle_t;Datasets/all_labels_train_gensim_sparse_matrix.npz
19jhdhip.hypotheses.org/2790;histoire_d, époque contemporaine_t, prospectives_t, france_t, monde germanique_t;Datasets/all_labels_train_gensim_sparse_matrix.npz
archivewk1.hypotheses.org/7594;histoire_d, époque contemporaine_t, 1914-1918_t;Datasets/all_labels_train_gensim_sparse_matrix.npz
archivalia.hypotheses.org/1668;histoire et archéologie_d, sciences sociales interdisciplinaires_d, histoire_t, approches de corpus_t, enquêtes_t, archives_t;Datasets/all_labels_train_gensim_sparse_matrix.npz
archivewk1.hypotheses.org/13049;histoire_d, époque contemporaine_t, 1914-1918_t;Datasets/all_labels_train_gensim_sparse_matrix.npz
mittelalter.hypotheses.org/8107;humanités pluridisciplinaires_d, religions_d, histoire_d, sociologie_d, histoire_t, histoire sociale_t, histoire intellectuelle_t, moyen âge_t, haut moyen âge_t, bas moyen âge_t;Datasets/all_labels_train_gensim_sparse_matrix.npz
tagebuch.hypotheses.org/1364;histoire et archéologie_d, histoire_d, histoire_t, époque contemporaine_t, 1914-1918_t;Datasets/all_labels_train_gensim_sparse_matrix.npz
schotten.hypotheses.org/525;religions_d, histoire et archéologie_d, sciences de l'information et de la communication_d, bibliothéconomie_d, histoire_t, histoire des religions_t, approches de corpus_t, enquêtes_t, archives_t, monde germanique_t;Datasets/all_labels_train_gensim_sparse_matrix.npz
archivewk1.hypotheses.org/2919;histoire_d, époque contemporaine_t, 1914-1918_t;Datasets/all_labels_train_gensim_sparse_matrix.npz
archivalia.hypotheses.org/13192;histoire et archéologie_d, sciences sociales interdisciplinaires_d, histoire_t, approches de corpus_t, enquêtes_t, archives_t;Datasets/all_labels_train_gensim_sparse_matrix.npz
erinnerung.hypotheses.org/583;histoire et archéologie_d, histoire_t, xxe siècle_t, prospectives_t, europe_t;Datasets/all_labels_train_gensim_sparse_matrix.npz
archivalia.hypotheses.org/3825;histoire et archéologie_d, sciences sociales interdisciplinaires_d, histoire_t, approches de corpus_t, enquêtes_t, archives_t;Datasets/all_labels_train_gensim_sparse_matrix.npz
grk1678.hypotheses.org/597;arts et humanités_d, humanités pluridisciplinaires_d, histoire et philosophie des sciences_d, pluridisciplinarité_d, philosophie_t, littératures_t, histoire culturelle_t, histoire de l'art_t;Datasets/all_labels_train_gensim_sparse_matrix.npz
archivewk1.hypotheses.org/27536;histoire_d, époque contemporaine_t, 1914-1918_t;Datasets/all_labels_train_gensim_sparse_matrix.npz
wenhua.hypotheses.org/632;études asiatiques_d, humanités pluridisciplinaires_d, histoire_d, histoire culturelle_t, asie_t;Datasets/all_labels_train_gensim_sparse_matrix.npz
nordichistoryblog.hypotheses.org/2145;arts et humanités_d, histoire et archéologie_d, histoire_t, édition électronique_t, vie de la recherche_t, approches de corpus_t, enquêtes_t, archives_t, europe_t, pays baltes et scandinaves_t;Datasets/all_labels_train_gensim_sparse_matrix.npz
archivewk1.hypotheses.org/8880;histoire_d, époque contemporaine_t, 1914-1918_t;Datasets/all_labels_train_gensim_sparse_matrix.npz
19jhdhip.hypotheses.org/2811;histoire_d, époque contemporaine_t, prospectives_t, france_t, monde germanique_t;Datasets/all_labels_train_gensim_sparse_matrix.npz
archivalia.hypotheses.org/12997;histoire et archéologie_d, sciences sociales interdisciplinaires_d, histoire_t, approches de corpus_t, enquêtes_t, archives_t;Datasets/all_labels_train_gensim_sparse_matrix.npz
dkblog.hypotheses.org/468;histoire_d, histoire_t, époque moderne_t, xviie siècle_t;Datasets/all_labels_train_gensim_sparse_matrix.npz
archivalia.hypotheses.org/4620;histoire et archéologie_d, sciences sociales interdisciplinaires_d, histoire_t, approches de corpus_t, enquêtes_t, archives_t;Datasets/all_labels_train_gensim_sparse_matrix.npz
archivalia.hypotheses.org/5417;histoire et archéologie_d, sciences sociales interdisciplinaires_d, histoire_t, approches de corpus_t, enquêtes_t, archives_t;Datasets/all_labels_train_gensim_sparse_matrix.npz
archivalia.hypotheses.org/3774;histoire et archéologie_d, sciences sociales interdisciplinaires_d, histoire_t, approches de corpus_t, enquêtes_t, archives_t;Datasets/all_labels_train_gensim_sparse_matrix.npz
nordichistoryblog.hypotheses.org/1316;arts et humanités_d, histoire et archéologie_d, histoire_t, édition électronique_t, vie de la recherche_t, approches de corpus_t, enquêtes_t, archives_t, europe_t, pays baltes et scandinaves_t;Datasets/all_labels_train_gensim_sparse_matrix.npz
texperimentales.hypotheses.org/1022;linguistique appliquée_d, langue et linguistique_d, langage_t, linguistique_t, information_t, sciences de l'information_t, digital humanities_t;Datasets/all_labels_train_gensim_sparse_matrix.npz
archivewk1.hypotheses.org/70;histoire_d, époque contemporaine_t, 1914-1918_t;Datasets/all_labels_train_gensim_sparse_matrix.npz
archivalia.hypotheses.org/10165;histoire et archéologie_d, sciences sociales interdisciplinaires_d, histoire_t, approches de corpus_t, enquêtes_t, archives_t;Datasets/all_labels_train_gensim_sparse_matrix.npz
archivalia.hypotheses.org/2698;histoire et archéologie_d, sciences sociales interdisciplinaires_d, histoire_t, approches de corpus_t, enquêtes_t, archives_t;Datasets/all_labels_train_gensim_sparse_matrix.npz
archivewk1.hypotheses.org/11963;histoire_d, époque contemporaine_t, 1914-1918_t;Datasets/all_labels_train_gensim_sparse_matrix.npz
bereschitrabba.hypotheses.org/1510;arts et humanités_d, religions_d, langue et linguistique_d, religions_t, histoire des religions_t;Datasets/all_labels_train_gensim_sparse_matrix.npz
winzen.hypotheses.org/314;histoire_d, histoire_t, études visuelles_t, 1918-1939_t, 1939-1945_t, monde germanique_t;Datasets/all_labels_train_gensim_sparse_matrix.npz
mittelalter.hypotheses.org/8236;humanités pluridisciplinaires_d, religions_d, histoire_d, sociologie_d, histoire_t, histoire sociale_t, histoire intellectuelle_t, moyen âge_t, haut moyen âge_t, bas moyen âge_t;Datasets/all_labels_train_gensim_sparse_matrix.npz
tagebuch.hypotheses.org/798;histoire et archéologie_d, histoire_d, histoire_t, époque contemporaine_t, 1914-1918_t;Datasets/all_labels_train_gensim_sparse_matrix.npz
archivalia.hypotheses.org/53400;histoire et archéologie_d, sciences sociales interdisciplinaires_d, histoire_t, approches de corpus_t, enquêtes_t, archives_t;Datasets/all_labels_train_gensim_sparse_matrix.npz
archivalia.hypotheses.org/972;histoire et archéologie_d, sciences sociales interdisciplinaires_d, histoire_t, approches de corpus_t, enquêtes_t, archives_t;Datasets/all_labels_train_gensim_sparse_matrix.npz
maxweber.hypotheses.org/580;humanités pluridisciplinaires_d, histoire et archéologie_d, histoire et philosophie des sciences_d, sociologie et anthropologie_d, histoire sociale_t, histoire intellectuelle_t, sociologie des religions_t, vie de la recherche_t;Datasets/all_labels_train_gensim_sparse_matrix.npz
vgdrp.hypotheses.org/270;éducation_d, histoire des sciences sociales_d, histoire_t, histoire économique_t, histoire industrielle_t, histoire urbaine_t, histoire sociale_t;Datasets/all_labels_train_gensim_sparse_matrix.npz
soziologieblog.hypotheses.org/9929;sciences sociales interdisciplinaires_d, sociologie et anthropologie_d, sociologie du travail_t, sociologie urbaine_t, sociologie de la culture_t, sociologie économique_t;Datasets/all_labels_train_gensim_sparse_matrix.npz
archivewk1.hypotheses.org/8868;histoire_d, époque contemporaine_t, 1914-1918_t;Datasets/all_labels_train_gensim_sparse_matrix.npz
texperimentales.hypotheses.org/84;linguistique appliquée_d, langue et linguistique_d, langage_t, linguistique_t, information_t, sciences de l'information_t, digital humanities_t;Datasets/all_labels_train_gensim_sparse_matrix.npz
gab.hypotheses.org/1987;histoire et archéologie_d, pluridisciplinarité_d, sciences sociales interdisciplinaires_d, études des sciences_t, sociologie des sciences_t, histoire_t;Datasets/all_labels_train_gensim_sparse_matrix.npz
soziologieblog.hypotheses.org/3253;sciences sociales interdisciplinaires_d, sociologie et anthropologie_d, sociologie du travail_t, sociologie urbaine_t, sociologie de la culture_t, sociologie économique_t;Datasets/all_labels_train_gensim_sparse_matrix.npz
archivewk1.hypotheses.org/35157;histoire_d, époque contemporaine_t, 1914-1918_t;Datasets/all_labels_train_gensim_sparse_matrix.npz
ordensgeschichte.hypotheses.org/9758;arts et humanités_d, humanités pluridisciplinaires_d, histoire et archéologie_d, histoire et philosophie des sciences_d, histoire_t, haut moyen âge_t, bas moyen âge_t, xviie siècle_t, xviiie siècle_t;Datasets/all_labels_train_gensim_sparse_matrix.npz
uegg.hypotheses.org/257;histoire_d, histoire_t, histoire politique_t, époque contemporaine_t, xxe siècle_t, prospectives_t;Datasets/all_labels_train_gensim_sparse_matrix.npz
fortifica.hypotheses.org/931;histoire et archéologie_d, histoire_d, histoire urbaine_t, xvie siècle_t, xviie siècle_t, xviiie siècle_t;Datasets/all_labels_train_gensim_sparse_matrix.npz
grk1678.hypotheses.org/659;arts et humanités_d, humanités pluridisciplinaires_d, histoire et philosophie des sciences_d, pluridisciplinarité_d, philosophie_t, littératures_t, histoire culturelle_t, histoire de l'art_t;Datasets/all_labels_train_gensim_sparse_matrix.npz
sdvigpress.hypotheses.org/555;langue et linguistique_d, philosophie_d, humanités pluridisciplinaires_d, épistémologie et méthodes_t, digital humanities_t, europe centrale et orientale_t, édition électronique_t, linguistique_t;Datasets/all_labels_train_gensim_sparse_matrix.npz
archivewk1.hypotheses.org/4888;histoire_d, époque contemporaine_t, 1914-1918_t;Datasets/all_labels_train_gensim_sparse_matrix.npz
greflinger.hypotheses.org/238;littérature_d, littératures_t, xviie siècle_t;Datasets/all_labels_train_gensim_sparse_matrix.npz
archivewk1.hypotheses.org/14384;histoire_d, époque contemporaine_t, 1914-1918_t;Datasets/all_labels_train_gensim_sparse_matrix.npz
ordensgeschichte.hypotheses.org/10808;arts et humanités_d, humanités pluridisciplinaires_d, histoire et archéologie_d, histoire et philosophie des sciences_d, histoire_t, haut moyen âge_t, bas moyen âge_t, xviie siècle_t, xviiie siècle_t;Datasets/all_labels_train_gensim_sparse_matrix.npz
archivalia.hypotheses.org/13928;histoire et archéologie_d, sciences sociales interdisciplinaires_d, histoire_t, approches de corpus_t, enquêtes_t, archives_t;Datasets/all_labels_train_gensim_sparse_matrix.npz
soziologieblog.hypotheses.org/2860;sciences sociales interdisciplinaires_d, sociologie et anthropologie_d, sociologie du travail_t, sociologie urbaine_t, sociologie de la culture_t, sociologie économique_t;Datasets/all_labels_train_gensim_sparse_matrix.npz
archivalia.hypotheses.org/14638;histoire et archéologie_d, sciences sociales interdisciplinaires_d, histoire_t, approches de corpus_t, enquêtes_t, archives_t;Datasets/all_labels_train_gensim_sparse_matrix.npz
oberrhein.hypotheses.org/1838;religions_d, archéologie_d, histoire_d, histoire_t, moyen âge_t, france_t, monde germanique_t;Datasets/all_labels_train_gensim_sparse_matrix.npz
fnzinfo.hypotheses.org/478;arts et humanités_d, musique_d, histoire et archéologie_d, histoire_t, xvie siècle_t, xviie siècle_t, xviiie siècle_t, révolution française_t;Datasets/all_labels_train_gensim_sparse_matrix.npz
archivalia.hypotheses.org/8474;histoire et archéologie_d, sciences sociales interdisciplinaires_d, histoire_t, approches de corpus_t, enquêtes_t, archives_t;Datasets/all_labels_train_gensim_sparse_matrix.npz
dighist.hypotheses.org/133;histoire_d, sciences sociales interdisciplinaires_d, études sur la famille_d, sociologie_d, histoire urbaine_t, histoire sociale_t, europe centrale et orientale_t;Datasets/all_labels_train_gensim_sparse_matrix.npz
archivalia.hypotheses.org/10153;histoire et archéologie_d, sciences sociales interdisciplinaires_d, histoire_t, approches de corpus_t, enquêtes_t, archives_t;Datasets/all_labels_train_gensim_sparse_matrix.npz
archivewk1.hypotheses.org/23335;histoire_d, époque contemporaine_t, 1914-1918_t;Datasets/all_labels_train_gensim_sparse_matrix.npz
archivalia.hypotheses.org/7226;histoire et archéologie_d, sciences sociales interdisciplinaires_d, histoire_t, approches de corpus_t, enquêtes_t, archives_t;Datasets/all_labels_train_gensim_sparse_matrix.npz
1914lvr.hypotheses.org/245;sciences politiques_d, histoire_t, époque contemporaine_t, 1914-1918_t;Datasets/all_labels_train_gensim_sparse_matrix.npz
archivewk1.hypotheses.org/9334;histoire_d, époque contemporaine_t, 1914-1918_t;Datasets/all_labels_train_gensim_sparse_matrix.npz
lvrafz.hypotheses.org/1471;pluridisciplinarité_d, information_t;Datasets/all_labels_train_gensim_sparse_matrix.npz
archivalia.hypotheses.org/2799;histoire et archéologie_d, sciences sociales interdisciplinaires_d, histoire_t, approches de corpus_t, enquêtes_t, archives_t;Datasets/all_labels_train_gensim_sparse_matrix.npz
medienbildung.hypotheses.org/6624;éducation_d, éducation spécialisée_d, travail social_d, sociologie_t, édition électronique_t, histoire et sociologie des médias_t, éducation_t;Datasets/all_labels_train_gensim_sparse_matrix.npz
fnzinfo.hypotheses.org/128;arts et humanités_d, musique_d, histoire et archéologie_d, histoire_t, xvie siècle_t, xviie siècle_t, xviiie siècle_t, révolution française_t;Datasets/all_labels_train_gensim_sparse_matrix.npz
archivalia.hypotheses.org/52800;histoire et archéologie_d, sciences sociales interdisciplinaires_d, histoire_t, approches de corpus_t, enquêtes_t, archives_t;Datasets/all_labels_train_gensim_sparse_matrix.npz
zakunibonn.hypotheses.org/205;histoire_d, psychologie_d, histoire_t, psychisme_t, psychologie_t, méthodes de traitement et de représentation_t, monde germanique_t;Datasets/all_labels_train_gensim_sparse_matrix.npz
archivlinz.hypotheses.org/945;histoire et archéologie_d, histoire_d, histoire urbaine_t, 1914-1918_t, monde germanique_t;Datasets/all_labels_train_gensim_sparse_matrix.npz
intersex.hypotheses.org/987;histoire_d, biomédecine_d, étude des genres_t, histoire des sciences_t, histoire_t, histoire du droit_t, moyen âge_t, xxie siècle_t;Datasets/all_labels_train_gensim_sparse_matrix.npz
archivalia.hypotheses.org/4622;histoire et archéologie_d, sciences sociales interdisciplinaires_d, histoire_t, approches de corpus_t, enquêtes_t, archives_t;Datasets/all_labels_train_gensim_sparse_matrix.npz
geschichtsadmin.hypotheses.org/312;éducation_d, histoire_d, sociologie du travail_t, histoire_t;Datasets/all_labels_train_gensim_sparse_matrix.npz
mindthegaps.hypotheses.org/971;études asiatiques_d, histoire_d, histoire_t, histoire culturelle_t, asie_t, chine_t;Datasets/all_labels_train_gensim_sparse_matrix.npz
ordensgeschichte.hypotheses.org/10648;arts et humanités_d, humanités pluridisciplinaires_d, histoire et archéologie_d, histoire et philosophie des sciences_d, histoire_t, haut moyen âge_t, bas moyen âge_t, xviie siècle_t, xviiie siècle_t;Datasets/all_labels_train_gensim_sparse_matrix.npz
winzen.hypotheses.org/84;histoire_d, histoire_t, études visuelles_t, 1918-1939_t, 1939-1945_t, monde germanique_t;Datasets/all_labels_train_gensim_sparse_matrix.npz
archivalia.hypotheses.org/537;histoire et archéologie_d, sciences sociales interdisciplinaires_d, histoire_t, approches de corpus_t, enquêtes_t, archives_t;Datasets/all_labels_train_gensim_sparse_matrix.npz
bioeg.hypotheses.org/1931;histoire et archéologie_d, histoire_d, histoire_t, sciences auxiliaires de l'histoire_t, europe centrale et orientale_t, monde germanique_t;Datasets/all_labels_train_gensim_sparse_matrix.npz
gid.hypotheses.org/454;pluridisciplinarité_d, sciences sociales interdisciplinaires_d, études des sciences_t, histoire des sciences_t, pensée_t, histoire intellectuelle_t, histoire culturelle_t, prospectives_t;Datasets/all_labels_train_gensim_sparse_matrix.npz
bioeg.hypotheses.org/1994;histoire et archéologie_d, histoire_d, histoire_t, sciences auxiliaires de l'histoire_t, europe centrale et orientale_t, monde germanique_t;Datasets/all_labels_train_gensim_sparse_matrix.npz
archivewk1.hypotheses.org/11990;histoire_d, époque contemporaine_t, 1914-1918_t;Datasets/all_labels_train_gensim_sparse_matrix.npz
reichwein.hypotheses.org/66;histoire et archéologie_d, histoire des sciences_t, 1945-1989_t;Datasets/all_labels_train_gensim_sparse_matrix.npz
1914lvr.hypotheses.org/704;sciences politiques_d, histoire_t, époque contemporaine_t, 1914-1918_t;Datasets/all_labels_train_gensim_sparse_matrix.npz
histbav.hypotheses.org/3194;humanités pluridisciplinaires_d, histoire_d, pluridisciplinarité_d, histoire_t, monde germanique_t;Datasets/all_labels_train_gensim_sparse_matrix.npz
archivalia.hypotheses.org/11782;histoire et archéologie_d, sciences sociales interdisciplinaires_d, histoire_t, approches de corpus_t, enquêtes_t, archives_t;Datasets/all_labels_train_gensim_sparse_matrix.npz
mittelalter.hypotheses.org/3975;humanités pluridisciplinaires_d, religions_d, histoire_d, sociologie_d, histoire_t, histoire sociale_t, histoire intellectuelle_t, moyen âge_t, haut moyen âge_t, bas moyen âge_t;Datasets/all_labels_train_gensim_sparse_matrix.npz
archivalia.hypotheses.org/7009;histoire et archéologie_d, sciences sociales interdisciplinaires_d, histoire_t, approches de corpus_t, enquêtes_t, archives_t;Datasets/all_labels_train_gensim_sparse_matrix.npz
cereg.hypotheses.org/338;arts et humanités_d, histoire_d, littérature_d, monde germanique_t;Datasets/all_labels_train_gensim_sparse_matrix.npz
jameel.hypotheses.org/1016;pluridisciplinarité_d, études régionales_d, archéologie_d, arts_d, humanités pluridisciplinaires_d, représentations_t, asie_t, digital humanities_t, histoire de l'art_t;Datasets/all_labels_train_gensim_sparse_matrix.npz
archivalia.hypotheses.org/1914;histoire et archéologie_d, sciences sociales interdisciplinaires_d, histoire_t, approches de corpus_t, enquêtes_t, archives_t;Datasets/all_labels_train_gensim_sparse_matrix.npz
archivalia.hypotheses.org/1606;histoire et archéologie_d, sciences sociales interdisciplinaires_d, histoire_t, approches de corpus_t, enquêtes_t, archives_t;Datasets/all_labels_train_gensim_sparse_matrix.npz
dhmuc.hypotheses.org/1241;humanités pluridisciplinaires_d, communication_d, pluridisciplinarité_d, sciences sociales interdisciplinaires_d, études des sciences_t, édition électronique_t, digital humanities_t;Datasets/all_labels_train_gensim_sparse_matrix.npz
archivalia.hypotheses.org/11157;histoire et archéologie_d, sciences sociales interdisciplinaires_d, histoire_t, approches de corpus_t, enquêtes_t, archives_t;Datasets/all_labels_train_gensim_sparse_matrix.npz
archivewk1.hypotheses.org/27177;histoire_d, époque contemporaine_t, 1914-1918_t;Datasets/all_labels_train_gensim_sparse_matrix.npz
speyermemo.hypotheses.org/2740;histoire_d, pluridisciplinarité_d, sciences sociales interdisciplinaires_d, sociologie de la culture_t, histoire_t, 1939-1945_t, europe_t;Datasets/all_labels_train_gensim_sparse_matrix.npz
philophiso.hypotheses.org/969;philosophie_d, éducation_d, éducation spécialisée_d, pensée_t, philosophie_t, représentations_t, patrimoine_t;Datasets/all_labels_train_gensim_sparse_matrix.npz
archive20.hypotheses.org/4063;pluridisciplinarité_d, sciences sociales interdisciplinaires_d, histoire_t, information_t, patrimoine_t, monde germanique_t;Datasets/all_labels_train_gensim_sparse_matrix.npz
archivalia.hypotheses.org/4696;histoire et archéologie_d, sciences sociales interdisciplinaires_d, histoire_t, approches de corpus_t, enquêtes_t, archives_t;Datasets/all_labels_train_gensim_sparse_matrix.npz
grk1678.hypotheses.org/194;arts et humanités_d, humanités pluridisciplinaires_d, histoire et philosophie des sciences_d, pluridisciplinarité_d, philosophie_t, littératures_t, histoire culturelle_t, histoire de l'art_t;Datasets/all_labels_train_gensim_sparse_matrix.npz
nachhaltig.hypotheses.org/431;pluridisciplinarité_d, philosophie_d, sciences sociales interdisciplinaires_d, france_t, monde germanique_t;Datasets/all_labels_train_gensim_sparse_matrix.npz
bereschitrabba.hypotheses.org/190;arts et humanités_d, religions_d, langue et linguistique_d, religions_t, histoire des religions_t;Datasets/all_labels_train_gensim_sparse_matrix.npz
archivalia.hypotheses.org/58346;histoire et archéologie_d, sciences sociales interdisciplinaires_d, histoire_t, approches de corpus_t, enquêtes_t, archives_t;Datasets/all_labels_train_gensim_sparse_matrix.npz
archivalia.hypotheses.org/8526;histoire et archéologie_d, sciences sociales interdisciplinaires_d, histoire_t, approches de corpus_t, enquêtes_t, archives_t;Datasets/all_labels_train_gensim_sparse_matrix.npz
gid.hypotheses.org/216;pluridisciplinarité_d, sciences sociales interdisciplinaires_d, études des sciences_t, histoire des sciences_t, pensée_t, histoire intellectuelle_t, histoire culturelle_t, prospectives_t;Datasets/all_labels_train_gensim_sparse_matrix.npz
archivewk1.hypotheses.org/30470;histoire_d, époque contemporaine_t, 1914-1918_t;Datasets/all_labels_train_gensim_sparse_matrix.npz
tagebuch.hypotheses.org/785;histoire et archéologie_d, histoire_d, histoire_t, époque contemporaine_t, 1914-1918_t;Datasets/all_labels_train_gensim_sparse_matrix.npz
inklusion.hypotheses.org/2423;éducation_d, travail social et politique sociale_d, sociologie du travail_t, âges de la vie_t, information_t, sciences de l'éducation_t;Datasets/all_labels_train_gensim_sparse_matrix.npz
wenhua.hypotheses.org/1366;études asiatiques_d, humanités pluridisciplinaires_d, histoire_d, histoire culturelle_t, asie_t;Datasets/all_labels_train_gensim_sparse_matrix.npz
archivalia.hypotheses.org/14600;histoire et archéologie_d, sciences sociales interdisciplinaires_d, histoire_t, approches de corpus_t, enquêtes_t, archives_t;Datasets/all_labels_train_gensim_sparse_matrix.npz
trafo.hypotheses.org/2187;pluridisciplinarité_d, sciences sociales interdisciplinaires_d, études régionales_d, sociologie_t, sociologie des religions_t, information_t, histoire culturelle_t;Datasets/all_labels_train_gensim_sparse_matrix.npz
ordensgeschichte.hypotheses.org/8081;arts et humanités_d, humanités pluridisciplinaires_d, histoire et archéologie_d, histoire et philosophie des sciences_d, histoire_t, haut moyen âge_t, bas moyen âge_t, xviie siècle_t, xviiie siècle_t;Datasets/all_labels_train_gensim_sparse_matrix.npz
beruf.hypotheses.org/387;histoire et archéologie_d, histoire_d, histoire_t;Datasets/all_labels_train_gensim_sparse_matrix.npz
archivekod.hypotheses.org/529;religions_d, histoire et archéologie_d, sciences de l'information et de la communication_d, bibliothéconomie_d, communication_d, histoire_t, histoire des religions_t, patrimoine_t;Datasets/all_labels_train_gensim_sparse_matrix.npz
1914lvr.hypotheses.org/1463;sciences politiques_d, histoire_t, époque contemporaine_t, 1914-1918_t;Datasets/all_labels_train_gensim_sparse_matrix.npz
archivalia.hypotheses.org/342;histoire et archéologie_d, sciences sociales interdisciplinaires_d, histoire_t, approches de corpus_t, enquêtes_t, archives_t;Datasets/all_labels_train_gensim_sparse_matrix.npz
dhdhi.hypotheses.org/2067;histoire et archéologie_d, histoire_t, épistémologie et méthodes_t, digital humanities_t;Datasets/all_labels_train_gensim_sparse_matrix.npz
soziologieblog.hypotheses.org/4002;sciences sociales interdisciplinaires_d, sociologie et anthropologie_d, sociologie du travail_t, sociologie urbaine_t, sociologie de la culture_t, sociologie économique_t;Datasets/all_labels_train_gensim_sparse_matrix.npz
archives.hypotheses.org/726;histoire_d, communication_d, patrimoine_t, digital humanities_t, moyen âge_t, époque moderne_t, france_t, monde germanique_t;Datasets/all_labels_train_gensim_sparse_matrix.npz
zakunibonn.hypotheses.org/226;histoire_d, psychologie_d, histoire_t, psychisme_t, psychologie_t, méthodes de traitement et de représentation_t, monde germanique_t;Datasets/all_labels_train_gensim_sparse_matrix.npz
anthropologicalmaterialism.hypotheses.org/2002;sociologie_t, philosophie_t;Datasets/all_labels_train_gensim_sparse_matrix.npz
ordensgeschichte.hypotheses.org/10599;arts et humanités_d, humanités pluridisciplinaires_d, histoire et archéologie_d, histoire et philosophie des sciences_d, histoire_t, haut moyen âge_t, bas moyen âge_t, xviie siècle_t, xviiie siècle_t;Datasets/all_labels_train_gensim_sparse_matrix.npz
archivewk1.hypotheses.org/16280;histoire_d, époque contemporaine_t, 1914-1918_t;Datasets/all_labels_train_gensim_sparse_matrix.npz
archivalia.hypotheses.org/9871;histoire et archéologie_d, sciences sociales interdisciplinaires_d, histoire_t, approches de corpus_t, enquêtes_t, archives_t;Datasets/all_labels_train_gensim_sparse_matrix.npz
kristinoswald.hypotheses.org/32;études anciennes_d, études des sciences_t, histoire_t, histoire et sociologie des médias_t, histoire culturelle_t, digital humanities_t;Datasets/all_labels_train_gensim_sparse_matrix.npz
archivalia.hypotheses.org/6112;histoire et archéologie_d, sciences sociales interdisciplinaires_d, histoire_t, approches de corpus_t, enquêtes_t, archives_t;Datasets/all_labels_train_gensim_sparse_matrix.npz
bioeg.hypotheses.org/607;histoire et archéologie_d, histoire_d, histoire_t, sciences auxiliaires de l'histoire_t, europe centrale et orientale_t, monde germanique_t;Datasets/all_labels_train_gensim_sparse_matrix.npz
maxweber.hypotheses.org/69;humanités pluridisciplinaires_d, histoire et archéologie_d, histoire et philosophie des sciences_d, sociologie et anthropologie_d, histoire sociale_t, histoire intellectuelle_t, sociologie des religions_t, vie de la recherche_t;Datasets/all_labels_train_gensim_sparse_matrix.npz
archivalia.hypotheses.org/53550;histoire et archéologie_d, sciences sociales interdisciplinaires_d, histoire_t, approches de corpus_t, enquêtes_t, archives_t;Datasets/all_labels_train_gensim_sparse_matrix.npz
lvrafz.hypotheses.org/943;pluridisciplinarité_d, information_t;Datasets/all_labels_train_gensim_sparse_matrix.npz
tagebuch.hypotheses.org/996;histoire et archéologie_d, histoire_d, histoire_t, époque contemporaine_t, 1914-1918_t;Datasets/all_labels_train_gensim_sparse_matrix.npz
1914lvr.hypotheses.org/1208;sciences politiques_d, histoire_t, époque contemporaine_t, 1914-1918_t;Datasets/all_labels_train_gensim_sparse_matrix.npz
archivewk1.hypotheses.org/3585;histoire_d, époque contemporaine_t, 1914-1918_t;Datasets/all_labels_train_gensim_sparse_matrix.npz
archivalia.hypotheses.org/12353;histoire et archéologie_d, sciences sociales interdisciplinaires_d, histoire_t, approches de corpus_t, enquêtes_t, archives_t;Datasets/all_labels_train_gensim_sparse_matrix.npz
archivalia.hypotheses.org/6479;histoire et archéologie_d, sciences sociales interdisciplinaires_d, histoire_t, approches de corpus_t, enquêtes_t, archives_t;Datasets/all_labels_train_gensim_sparse_matrix.npz
archivamt.hypotheses.org/1168;communication_d, pluridisciplinarité_d, sciences sociales interdisciplinaires_d, information_t, sciences de l'information_t, représentations_t, patrimoine_t;Datasets/all_labels_train_gensim_sparse_matrix.npz
bioeg.hypotheses.org/1025;histoire et archéologie_d, histoire_d, histoire_t, sciences auxiliaires de l'histoire_t, europe centrale et orientale_t, monde germanique_t;Datasets/all_labels_train_gensim_sparse_matrix.npz
archivalia.hypotheses.org/53073;histoire et archéologie_d, sciences sociales interdisciplinaires_d, histoire_t, approches de corpus_t, enquêtes_t, archives_t;Datasets/all_labels_train_gensim_sparse_matrix.npz
mittelalter.hypotheses.org/2795;humanités pluridisciplinaires_d, religions_d, histoire_d, sociologie_d, histoire_t, histoire sociale_t, histoire intellectuelle_t, moyen âge_t, haut moyen âge_t, bas moyen âge_t;Datasets/all_labels_train_gensim_sparse_matrix.npz
ordensgeschichte.hypotheses.org/5626;arts et humanités_d, humanités pluridisciplinaires_d, histoire et archéologie_d, histoire et philosophie des sciences_d, histoire_t, haut moyen âge_t, bas moyen âge_t, xviie siècle_t, xviiie siècle_t;Datasets/all_labels_train_gensim_sparse_matrix.npz
archivewk1.hypotheses.org/24835;histoire_d, époque contemporaine_t, 1914-1918_t;Datasets/all_labels_train_gensim_sparse_matrix.npz
redaktionsblog.hypotheses.org/1769;arts et humanités_d, humanités pluridisciplinaires_d, épistémologie et méthodes_t, digital humanities_t;Datasets/all_labels_train_gensim_sparse_matrix.npz
frobeniusforster.hypotheses.org/47;histoire et archéologie_d, histoire_t, époque moderne_t, xviiie siècle_t;Datasets/all_labels_train_gensim_sparse_matrix.npz
archivalia.hypotheses.org/11217;histoire et archéologie_d, sciences sociales interdisciplinaires_d, histoire_t, approches de corpus_t, enquêtes_t, archives_t;Datasets/all_labels_train_gensim_sparse_matrix.npz
nordichistoryblog.hypotheses.org/189;arts et humanités_d, histoire et archéologie_d, histoire_t, édition électronique_t, vie de la recherche_t, approches de corpus_t, enquêtes_t, archives_t, europe_t, pays baltes et scandinaves_t;Datasets/all_labels_train_gensim_sparse_matrix.npz
archivalia.hypotheses.org/7835;histoire et archéologie_d, sciences sociales interdisciplinaires_d, histoire_t, approches de corpus_t, enquêtes_t, archives_t;Datasets/all_labels_train_gensim_sparse_matrix.npz
geschichtsadmin.hypotheses.org/389;éducation_d, histoire_d, sociologie du travail_t, histoire_t;Datasets/all_labels_train_gensim_sparse_matrix.npz
babyvision.hypotheses.org/164;psychologie_d, études des sciences_t, psychisme_t;Datasets/all_labels_train_gensim_sparse_matrix.npz
archivewk1.hypotheses.org/26271;histoire_d, époque contemporaine_t, 1914-1918_t;Datasets/all_labels_train_gensim_sparse_matrix.npz
reichwein.hypotheses.org/1833;histoire et archéologie_d, histoire des sciences_t, 1945-1989_t;Datasets/all_labels_train_gensim_sparse_matrix.npz
histbav.hypotheses.org/641;humanités pluridisciplinaires_d, histoire_d, pluridisciplinarité_d, histoire_t, monde germanique_t;Datasets/all_labels_train_gensim_sparse_matrix.npz
catholiccultures.hypotheses.org/1899;histoire et archéologie_d, histoire des sciences sociales_d, sciences sociales interdisciplinaires_d, sociologie et anthropologie_d, histoire_t, histoire sociale_t, histoire des religions_t, époque moderne_t;Datasets/all_labels_train_gensim_sparse_matrix.npz
archivalia.hypotheses.org/9092;histoire et archéologie_d, sciences sociales interdisciplinaires_d, histoire_t, approches de corpus_t, enquêtes_t, archives_t;Datasets/all_labels_train_gensim_sparse_matrix.npz
nordichistoryblog.hypotheses.org/2629;arts et humanités_d, histoire et archéologie_d, histoire_t, édition électronique_t, vie de la recherche_t, approches de corpus_t, enquêtes_t, archives_t, europe_t, pays baltes et scandinaves_t;Datasets/all_labels_train_gensim_sparse_matrix.npz
mittelalter.hypotheses.org/6419;humanités pluridisciplinaires_d, religions_d, histoire_d, sociologie_d, histoire_t, histoire sociale_t, histoire intellectuelle_t, moyen âge_t, haut moyen âge_t, bas moyen âge_t;Datasets/all_labels_train_gensim_sparse_matrix.npz
archivalia.hypotheses.org/10393;histoire et archéologie_d, sciences sociales interdisciplinaires_d, histoire_t, approches de corpus_t, enquêtes_t, archives_t;Datasets/all_labels_train_gensim_sparse_matrix.npz
mittelalter.hypotheses.org/7842;humanités pluridisciplinaires_d, religions_d, histoire_d, sociologie_d, histoire_t, histoire sociale_t, histoire intellectuelle_t, moyen âge_t, haut moyen âge_t, bas moyen âge_t;Datasets/all_labels_train_gensim_sparse_matrix.npz
archivalia.hypotheses.org/55710;histoire et archéologie_d, sciences sociales interdisciplinaires_d, histoire_t, approches de corpus_t, enquêtes_t, archives_t;Datasets/all_labels_train_gensim_sparse_matrix.npz
archivewk1.hypotheses.org/15984;histoire_d, époque contemporaine_t, 1914-1918_t;Datasets/all_labels_train_gensim_sparse_matrix.npz
nummer.hypotheses.org/100;histoire_d, sciences de l'information et de la communication_d, bibliothéconomie_d, histoire_t, histoire intellectuelle_t, histoire et sociologie des médias_t, histoire culturelle_t;Datasets/all_labels_train_gensim_sparse_matrix.npz
archive20.hypotheses.org/3048;pluridisciplinarité_d, sciences sociales interdisciplinaires_d, histoire_t, information_t, patrimoine_t, monde germanique_t;Datasets/all_labels_train_gensim_sparse_matrix.npz
histbav.hypotheses.org/4874;humanités pluridisciplinaires_d, histoire_d, pluridisciplinarité_d, histoire_t, monde germanique_t;Datasets/all_labels_train_gensim_sparse_matrix.npz
dkblog.hypotheses.org/810;histoire_d, histoire_t, époque moderne_t, xviie siècle_t;Datasets/all_labels_train_gensim_sparse_matrix.npz
bioeg.hypotheses.org/2029;histoire et archéologie_d, histoire_d, histoire_t, sciences auxiliaires de l'histoire_t, europe centrale et orientale_t, monde germanique_t;Datasets/all_labels_train_gensim_sparse_matrix.npz
gab.hypotheses.org/550;histoire et archéologie_d, pluridisciplinarité_d, sciences sociales interdisciplinaires_d, études des sciences_t, sociologie des sciences_t, histoire_t;Datasets/all_labels_train_gensim_sparse_matrix.npz
archivalia.hypotheses.org/9376;histoire et archéologie_d, sciences sociales interdisciplinaires_d, histoire_t, approches de corpus_t, enquêtes_t, archives_t;Datasets/all_labels_train_gensim_sparse_matrix.npz
archivalia.hypotheses.org/56845;histoire et archéologie_d, sciences sociales interdisciplinaires_d, histoire_t, approches de corpus_t, enquêtes_t, archives_t;Datasets/all_labels_train_gensim_sparse_matrix.npz
maxweber.hypotheses.org/675;humanités pluridisciplinaires_d, histoire et archéologie_d, histoire et philosophie des sciences_d, sociologie et anthropologie_d, histoire sociale_t, histoire intellectuelle_t, sociologie des religions_t, vie de la recherche_t;Datasets/all_labels_train_gensim_sparse_matrix.npz
histgymbib.hypotheses.org/1259;arts et humanités_d, humanités pluridisciplinaires_d, sciences de l'information et de la communication_d, bibliothéconomie_d, sciences sociales interdisciplinaires_d, éducation_t, xvie siècle_t, xviie siècle_t, xviiie siècle_t, prospectives_t;Datasets/all_labels_train_gensim_sparse_matrix.npz
gab.hypotheses.org/2961;histoire et archéologie_d, pluridisciplinarité_d, sciences sociales interdisciplinaires_d, études des sciences_t, sociologie des sciences_t, histoire_t;Datasets/all_labels_train_gensim_sparse_matrix.npz
archivalia.hypotheses.org/2553;histoire et archéologie_d, sciences sociales interdisciplinaires_d, histoire_t, approches de corpus_t, enquêtes_t, archives_t;Datasets/all_labels_train_gensim_sparse_matrix.npz
europhilomem.hypotheses.org/3613;philosophie_d, philosophie_t, histoire intellectuelle_t, xxe siècle_t, prospectives_t;Datasets/all_labels_train_gensim_sparse_matrix.npz
soziologieblog.hypotheses.org/8881;sciences sociales interdisciplinaires_d, sociologie et anthropologie_d, sociologie du travail_t, sociologie urbaine_t, sociologie de la culture_t, sociologie économique_t;Datasets/all_labels_train_gensim_sparse_matrix.npz
archivewk1.hypotheses.org/27508;histoire_d, époque contemporaine_t, 1914-1918_t;Datasets/all_labels_train_gensim_sparse_matrix.npz
dokunstlmu.hypotheses.org/1793;arts et humanités_d, histoire intellectuelle_t;Datasets/all_labels_train_gensim_sparse_matrix.npz
schotten.hypotheses.org/56;religions_d, histoire et archéologie_d, sciences de l'information et de la communication_d, bibliothéconomie_d, histoire_t, histoire des religions_t, approches de corpus_t, enquêtes_t, archives_t, monde germanique_t;Datasets/all_labels_train_gensim_sparse_matrix.npz
soziologieblog.hypotheses.org/9339;sciences sociales interdisciplinaires_d, sociologie et anthropologie_d, sociologie du travail_t, sociologie urbaine_t, sociologie de la culture_t, sociologie économique_t;Datasets/all_labels_train_gensim_sparse_matrix.npz
francofil.hypotheses.org/2513;pluridisciplinarité_d, sciences sociales interdisciplinaires_d, histoire_t, épistémologie et méthodes_t, approches de corpus_t, enquêtes_t, archives_t, france_t;Datasets/all_labels_train_gensim_sparse_matrix.npz
archivalia.hypotheses.org/4177;histoire et archéologie_d, sciences sociales interdisciplinaires_d, histoire_t, approches de corpus_t, enquêtes_t, archives_t;Datasets/all_labels_train_gensim_sparse_matrix.npz
soziologieblog.hypotheses.org/1714;sciences sociales interdisciplinaires_d, sociologie et anthropologie_d, sociologie du travail_t, sociologie urbaine_t, sociologie de la culture_t, sociologie économique_t;Datasets/all_labels_train_gensim_sparse_matrix.npz
archivalia.hypotheses.org/8368;histoire et archéologie_d, sciences sociales interdisciplinaires_d, histoire_t, approches de corpus_t, enquêtes_t, archives_t;Datasets/all_labels_train_gensim_sparse_matrix.npz
redaktionsblog.hypotheses.org/243;arts et humanités_d, humanités pluridisciplinaires_d, épistémologie et méthodes_t, digital humanities_t;Datasets/all_labels_train_gensim_sparse_matrix.npz
archivalia.hypotheses.org/12291;histoire et archéologie_d, sciences sociales interdisciplinaires_d, histoire_t, approches de corpus_t, enquêtes_t, archives_t;Datasets/all_labels_train_gensim_sparse_matrix.npz
archivewk1.hypotheses.org/18053;histoire_d, époque contemporaine_t, 1914-1918_t;Datasets/all_labels_train_gensim_sparse_matrix.npz
archivalia.hypotheses.org/54888;histoire et archéologie_d, sciences sociales interdisciplinaires_d, histoire_t, approches de corpus_t, enquêtes_t, archives_t;Datasets/all_labels_train_gensim_sparse_matrix.npz
speyermemo.hypotheses.org/2696;histoire_d, pluridisciplinarité_d, sciences sociales interdisciplinaires_d, sociologie de la culture_t, histoire_t, 1939-1945_t, europe_t;Datasets/all_labels_train_gensim_sparse_matrix.npz
archivalia.hypotheses.org/4636;histoire et archéologie_d, sciences sociales interdisciplinaires_d, histoire_t, approches de corpus_t, enquêtes_t, archives_t;Datasets/all_labels_train_gensim_sparse_matrix.npz
hsc.hypotheses.org/51;arts et humanités_d, humanités pluridisciplinaires_d, histoire et archéologie_d, histoire_t, historiographie_t;Datasets/all_labels_train_gensim_sparse_matrix.npz
archivewk1.hypotheses.org/14508;histoire_d, époque contemporaine_t, 1914-1918_t;Datasets/all_labels_train_gensim_sparse_matrix.npz
soziologieblog.hypotheses.org/5102;sciences sociales interdisciplinaires_d, sociologie et anthropologie_d, sociologie du travail_t, sociologie urbaine_t, sociologie de la culture_t, sociologie économique_t;Datasets/all_labels_train_gensim_sparse_matrix.npz
resilienz.hypotheses.org/554;pluridisciplinarité_d, sciences sociales interdisciplinaires_d, études des sciences_t, épistémologie et méthodes_t, vie de la recherche_t, prospectives_t;Datasets/all_labels_train_gensim_sparse_matrix.npz
ordensgeschichte.hypotheses.org/10890;arts et humanités_d, humanités pluridisciplinaires_d, histoire et archéologie_d, histoire et philosophie des sciences_d, histoire_t, haut moyen âge_t, bas moyen âge_t, xviie siècle_t, xviiie siècle_t;Datasets/all_labels_train_gensim_sparse_matrix.npz
inklusion.hypotheses.org/1315;éducation_d, travail social et politique sociale_d, sociologie du travail_t, âges de la vie_t, information_t, sciences de l'éducation_t;Datasets/all_labels_train_gensim_sparse_matrix.npz
gab.hypotheses.org/1565;histoire et archéologie_d, pluridisciplinarité_d, sciences sociales interdisciplinaires_d, études des sciences_t, sociologie des sciences_t, histoire_t;Datasets/all_labels_train_gensim_sparse_matrix.npz
fnzinfo.hypotheses.org/464;arts et humanités_d, musique_d, histoire et archéologie_d, histoire_t, xvie siècle_t, xviie siècle_t, xviiie siècle_t, révolution française_t;Datasets/all_labels_train_gensim_sparse_matrix.npz
irhis.hypotheses.org/3842;arts et humanités_d, histoire et archéologie_d, histoire économique_t, histoire sociale_t, études visuelles_t;Datasets/all_labels_train_gensim_sparse_matrix.npz
archivalia.hypotheses.org/6100;histoire et archéologie_d, sciences sociales interdisciplinaires_d, histoire_t, approches de corpus_t, enquêtes_t, archives_t;Datasets/all_labels_train_gensim_sparse_matrix.npz
histbav.hypotheses.org/4586;humanités pluridisciplinaires_d, histoire_d, pluridisciplinarité_d, histoire_t, monde germanique_t;Datasets/all_labels_train_gensim_sparse_matrix.npz
archivewk1.hypotheses.org/14028;histoire_d, époque contemporaine_t, 1914-1918_t;Datasets/all_labels_train_gensim_sparse_matrix.npz
winzen.hypotheses.org/19;histoire_d, histoire_t, études visuelles_t, 1918-1939_t, 1939-1945_t, monde germanique_t;Datasets/all_labels_train_gensim_sparse_matrix.npz
archivalia.hypotheses.org/813;histoire et archéologie_d, sciences sociales interdisciplinaires_d, histoire_t, approches de corpus_t, enquêtes_t, archives_t;Datasets/all_labels_train_gensim_sparse_matrix.npz
unibloggt.hypotheses.org/1092;histoire et archéologie_d, pluridisciplinarité_d, histoire_t, information_t;Datasets/all_labels_train_gensim_sparse_matrix.npz
archivalia.hypotheses.org/54144;histoire et archéologie_d, sciences sociales interdisciplinaires_d, histoire_t, approches de corpus_t, enquêtes_t, archives_t;Datasets/all_labels_train_gensim_sparse_matrix.npz
mindthegaps.hypotheses.org/1359;études asiatiques_d, histoire_d, histoire_t, histoire culturelle_t, asie_t, chine_t;Datasets/all_labels_train_gensim_sparse_matrix.npz
archivalia.hypotheses.org/62705;histoire et archéologie_d, sciences sociales interdisciplinaires_d, histoire_t, approches de corpus_t, enquêtes_t, archives_t;Datasets/all_labels_train_gensim_sparse_matrix.npz
erinnern.hypotheses.org/853;éducation et sciences de l'éducation_d, histoire_d, histoire_t, éducation_t, 1918-1939_t, 1939-1945_t, 1945-1989_t;Datasets/all_labels_train_gensim_sparse_matrix.npz
archivewk1.hypotheses.org/294;histoire_d, époque contemporaine_t, 1914-1918_t;Datasets/all_labels_train_gensim_sparse_matrix.npz
archivamt.hypotheses.org/1883;communication_d, pluridisciplinarité_d, sciences sociales interdisciplinaires_d, information_t, sciences de l'information_t, représentations_t, patrimoine_t;Datasets/all_labels_train_gensim_sparse_matrix.npz
fnzinfo.hypotheses.org/749;arts et humanités_d, musique_d, histoire et archéologie_d, histoire_t, xvie siècle_t, xviie siècle_t, xviiie siècle_t, révolution française_t;Datasets/all_labels_train_gensim_sparse_matrix.npz
archivalia.hypotheses.org/52593;histoire et archéologie_d, sciences sociales interdisciplinaires_d, histoire_t, approches de corpus_t, enquêtes_t, archives_t;Datasets/all_labels_train_gensim_sparse_matrix.npz
dhmuc.hypotheses.org/296;humanités pluridisciplinaires_d, communication_d, pluridisciplinarité_d, sciences sociales interdisciplinaires_d, études des sciences_t, édition électronique_t, digital humanities_t;Datasets/all_labels_train_gensim_sparse_matrix.npz
archivalia.hypotheses.org/14267;histoire et archéologie_d, sciences sociales interdisciplinaires_d, histoire_t, approches de corpus_t, enquêtes_t, archives_t;Datasets/all_labels_train_gensim_sparse_matrix.npz
jameel.hypotheses.org/462;pluridisciplinarité_d, études régionales_d, archéologie_d, arts_d, humanités pluridisciplinaires_d, représentations_t, asie_t, digital humanities_t, histoire de l'art_t;Datasets/all_labels_train_gensim_sparse_matrix.npz
bloghaus.hypotheses.org/1187;pluridisciplinarité_d, sciences sociales interdisciplinaires_d, information_t, digital humanities_t;Datasets/all_labels_train_gensim_sparse_matrix.npz
dhdhi.hypotheses.org/1752;histoire et archéologie_d, histoire_t, épistémologie et méthodes_t, digital humanities_t;Datasets/all_labels_train_gensim_sparse_matrix.npz
archivamt.hypotheses.org/4523;communication_d, pluridisciplinarité_d, sciences sociales interdisciplinaires_d, information_t, sciences de l'information_t, représentations_t, patrimoine_t;Datasets/all_labels_train_gensim_sparse_matrix.npz
archive20.hypotheses.org/1497;pluridisciplinarité_d, sciences sociales interdisciplinaires_d, histoire_t, information_t, patrimoine_t, monde germanique_t;Datasets/all_labels_train_gensim_sparse_matrix.npz
archivalia.hypotheses.org/2005;histoire et archéologie_d, sciences sociales interdisciplinaires_d, histoire_t, approches de corpus_t, enquêtes_t, archives_t;Datasets/all_labels_train_gensim_sparse_matrix.npz
archivalia.hypotheses.org/6162;histoire et archéologie_d, sciences sociales interdisciplinaires_d, histoire_t, approches de corpus_t, enquêtes_t, archives_t;Datasets/all_labels_train_gensim_sparse_matrix.npz
games.hypotheses.org/496;arts et humanités_d, humanités pluridisciplinaires_d, psychologie expérimentale_d, sciences cognitives_t, psychisme_t, psychologie_t, représentations_t, histoire de l'art_t, études visuelles_t;Datasets/all_labels_train_gensim_sparse_matrix.npz
archivalia.hypotheses.org/3519;histoire et archéologie_d, sciences sociales interdisciplinaires_d, histoire_t, approches de corpus_t, enquêtes_t, archives_t;Datasets/all_labels_train_gensim_sparse_matrix.npz
dhdhi.hypotheses.org/1598;histoire et archéologie_d, histoire_t, épistémologie et méthodes_t, digital humanities_t;Datasets/all_labels_train_gensim_sparse_matrix.npz
minuseinsebene.hypotheses.org/407;archéologie_d, histoire urbaine_t, histoire des religions_t, moyen âge_t, haut moyen âge_t, monde germanique_t;Datasets/all_labels_train_gensim_sparse_matrix.npz
ordensgeschichte.hypotheses.org/449;arts et humanités_d, humanités pluridisciplinaires_d, histoire et archéologie_d, histoire et philosophie des sciences_d, histoire_t, haut moyen âge_t, bas moyen âge_t, xviie siècle_t, xviiie siècle_t;Datasets/all_labels_train_gensim_sparse_matrix.npz
resilienz.hypotheses.org/875;pluridisciplinarité_d, sciences sociales interdisciplinaires_d, études des sciences_t, épistémologie et méthodes_t, vie de la recherche_t, prospectives_t;Datasets/all_labels_train_gensim_sparse_matrix.npz
archivalia.hypotheses.org/5382;histoire et archéologie_d, sciences sociales interdisciplinaires_d, histoire_t, approches de corpus_t, enquêtes_t, archives_t;Datasets/all_labels_train_gensim_sparse_matrix.npz
archivalia.hypotheses.org/12472;histoire et archéologie_d, sciences sociales interdisciplinaires_d, histoire_t, approches de corpus_t, enquêtes_t, archives_t;Datasets/all_labels_train_gensim_sparse_matrix.npz
archivalia.hypotheses.org/10050;histoire et archéologie_d, sciences sociales interdisciplinaires_d, histoire_t, approches de corpus_t, enquêtes_t, archives_t;Datasets/all_labels_train_gensim_sparse_matrix.npz
archivalia.hypotheses.org/2059;histoire et archéologie_d, sciences sociales interdisciplinaires_d, histoire_t, approches de corpus_t, enquêtes_t, archives_t;Datasets/all_labels_train_gensim_sparse_matrix.npz
archivalia.hypotheses.org/7465;histoire et archéologie_d, sciences sociales interdisciplinaires_d, histoire_t, approches de corpus_t, enquêtes_t, archives_t;Datasets/all_labels_train_gensim_sparse_matrix.npz
archivalia.hypotheses.org/7667;histoire et archéologie_d, sciences sociales interdisciplinaires_d, histoire_t, approches de corpus_t, enquêtes_t, archives_t;Datasets/all_labels_train_gensim_sparse_matrix.npz
studpro.hypotheses.org/1099;histoire_d, histoire_t, époque moderne_t, xviie siècle_t, xviiie siècle_t;Datasets/all_labels_train_gensim_sparse_matrix.npz
texperimentales.hypotheses.org/63;linguistique appliquée_d, langue et linguistique_d, langage_t, linguistique_t, information_t, sciences de l'information_t, digital humanities_t;Datasets/all_labels_train_gensim_sparse_matrix.npz
wwc.hypotheses.org/1562;humanités pluridisciplinaires_d, pluridisciplinarité_d, études régionales_d, relations internationales_t, information_t, représentations_t;Datasets/all_labels_train_gensim_sparse_matrix.npz
musermeku.hypotheses.org/1769;humanités pluridisciplinaires_d, pluridisciplinarité_d, sciences sociales interdisciplinaires_d, sociologie_t, sociologie de la culture_t, histoire_t, histoire politique_t;Datasets/all_labels_train_gensim_sparse_matrix.npz
kinder.hypotheses.org/789;éducation et sciences de l'éducation_d, études sur la famille_d, âges de la vie_t, sciences de l'éducation_t;Datasets/all_labels_train_gensim_sparse_matrix.npz
mittelalter.hypotheses.org/9573;humanités pluridisciplinaires_d, religions_d, histoire_d, sociologie_d, histoire_t, histoire sociale_t, histoire intellectuelle_t, moyen âge_t, haut moyen âge_t, bas moyen âge_t;Datasets/all_labels_train_gensim_sparse_matrix.npz
archivalia.hypotheses.org/60185;histoire et archéologie_d, sciences sociales interdisciplinaires_d, histoire_t, approches de corpus_t, enquêtes_t, archives_t;Datasets/all_labels_train_gensim_sparse_matrix.npz
archivalia.hypotheses.org/4832;histoire et archéologie_d, sciences sociales interdisciplinaires_d, histoire_t, approches de corpus_t, enquêtes_t, archives_t;Datasets/all_labels_train_gensim_sparse_matrix.npz
archivalia.hypotheses.org/11621;histoire et archéologie_d, sciences sociales interdisciplinaires_d, histoire_t, approches de corpus_t, enquêtes_t, archives_t;Datasets/all_labels_train_gensim_sparse_matrix.npz
ordensgeschichte.hypotheses.org/1918;arts et humanités_d, humanités pluridisciplinaires_d, histoire et archéologie_d, histoire et philosophie des sciences_d, histoire_t, haut moyen âge_t, bas moyen âge_t, xviie siècle_t, xviiie siècle_t;Datasets/all_labels_train_gensim_sparse_matrix.npz
archivewk1.hypotheses.org/4080;histoire_d, époque contemporaine_t, 1914-1918_t;Datasets/all_labels_train_gensim_sparse_matrix.npz
kindzeit.hypotheses.org/126;éducation_d, histoire_d, histoire_t, sciences de l'éducation_t, xxie siècle_t;Datasets/all_labels_train_gensim_sparse_matrix.npz
dislab.hypotheses.org/360;sciences sociales interdisciplinaires_d, langue et linguistique_d, sociologie des sciences_t, linguistique_t;Datasets/all_labels_train_gensim_sparse_matrix.npz
2wkvisuell.hypotheses.org/633;arts et humanités_d, histoire et archéologie_d, histoire sociale_t, guerres_t, conflits_t, violence_t, histoire et sociologie des médias_t, études visuelles_t, époque contemporaine_t;Datasets/all_labels_train_gensim_sparse_matrix.npz
dhdhi.hypotheses.org/1072;histoire et archéologie_d, histoire_t, épistémologie et méthodes_t, digital humanities_t;Datasets/all_labels_train_gensim_sparse_matrix.npz
archivalia.hypotheses.org/3307;histoire et archéologie_d, sciences sociales interdisciplinaires_d, histoire_t, approches de corpus_t, enquêtes_t, archives_t;Datasets/all_labels_train_gensim_sparse_matrix.npz
archivalia.hypotheses.org/9133;histoire et archéologie_d, sciences sociales interdisciplinaires_d, histoire_t, approches de corpus_t, enquêtes_t, archives_t;Datasets/all_labels_train_gensim_sparse_matrix.npz
gid.hypotheses.org/1028;pluridisciplinarité_d, sciences sociales interdisciplinaires_d, études des sciences_t, histoire des sciences_t, pensée_t, histoire intellectuelle_t, histoire culturelle_t, prospectives_t;Datasets/all_labels_train_gensim_sparse_matrix.npz
amuc.hypotheses.org/1521;humanités pluridisciplinaires_d, histoire_d, histoire_t, représentations_t, patrimoine_t;Datasets/all_labels_train_gensim_sparse_matrix.npz
archivalia.hypotheses.org/9441;histoire et archéologie_d, sciences sociales interdisciplinaires_d, histoire_t, approches de corpus_t, enquêtes_t, archives_t;Datasets/all_labels_train_gensim_sparse_matrix.npz
minuseinsebene.hypotheses.org/797;archéologie_d, histoire urbaine_t, histoire des religions_t, moyen âge_t, haut moyen âge_t, monde germanique_t;Datasets/all_labels_train_gensim_sparse_matrix.npz
archivewk1.hypotheses.org/22913;histoire_d, époque contemporaine_t, 1914-1918_t;Datasets/all_labels_train_gensim_sparse_matrix.npz
archivamt.hypotheses.org/3454;communication_d, pluridisciplinarité_d, sciences sociales interdisciplinaires_d, information_t, sciences de l'information_t, représentations_t, patrimoine_t;Datasets/all_labels_train_gensim_sparse_matrix.npz
archivalia.hypotheses.org/4679;histoire et archéologie_d, sciences sociales interdisciplinaires_d, histoire_t, approches de corpus_t, enquêtes_t, archives_t;Datasets/all_labels_train_gensim_sparse_matrix.npz
archivalia.hypotheses.org/13489;histoire et archéologie_d, sciences sociales interdisciplinaires_d, histoire_t, approches de corpus_t, enquêtes_t, archives_t;Datasets/all_labels_train_gensim_sparse_matrix.npz
archivewk1.hypotheses.org/10054;histoire_d, époque contemporaine_t, 1914-1918_t;Datasets/all_labels_train_gensim_sparse_matrix.npz
archivalia.hypotheses.org/5073;histoire et archéologie_d, sciences sociales interdisciplinaires_d, histoire_t, approches de corpus_t, enquêtes_t, archives_t;Datasets/all_labels_train_gensim_sparse_matrix.npz
bioeg.hypotheses.org/1186;histoire et archéologie_d, histoire_d, histoire_t, sciences auxiliaires de l'histoire_t, europe centrale et orientale_t, monde germanique_t;Datasets/all_labels_train_gensim_sparse_matrix.npz
archivalia.hypotheses.org/4675;histoire et archéologie_d, sciences sociales interdisciplinaires_d, histoire_t, approches de corpus_t, enquêtes_t, archives_t;Datasets/all_labels_train_gensim_sparse_matrix.npz
archivalia.hypotheses.org/5776;histoire et archéologie_d, sciences sociales interdisciplinaires_d, histoire_t, approches de corpus_t, enquêtes_t, archives_t;Datasets/all_labels_train_gensim_sparse_matrix.npz
archivalia.hypotheses.org/7446;histoire et archéologie_d, sciences sociales interdisciplinaires_d, histoire_t, approches de corpus_t, enquêtes_t, archives_t;Datasets/all_labels_train_gensim_sparse_matrix.npz
aes.hypotheses.org/257;histoire_t, religions_t;Datasets/all_labels_train_gensim_sparse_matrix.npz
archivewk1.hypotheses.org/18293;histoire_d, époque contemporaine_t, 1914-1918_t;Datasets/all_labels_train_gensim_sparse_matrix.npz
antisem19c.hypotheses.org/448;histoire et archéologie_d, histoire sociale_t, prospectives_t;Datasets/all_labels_train_gensim_sparse_matrix.npz
archivewk1.hypotheses.org/10167;histoire_d, époque contemporaine_t, 1914-1918_t;Datasets/all_labels_train_gensim_sparse_matrix.npz
guerre-froide.hypotheses.org/2025;histoire_d, relations internationales_t, histoire culturelle_t, 1945-1989_t;Datasets/all_labels_train_gensim_sparse_matrix.npz
bloghaus.hypotheses.org/1292;pluridisciplinarité_d, sciences sociales interdisciplinaires_d, information_t, digital humanities_t;Datasets/all_labels_train_gensim_sparse_matrix.npz
archivewk1.hypotheses.org/10010;histoire_d, époque contemporaine_t, 1914-1918_t;Datasets/all_labels_train_gensim_sparse_matrix.npz
dkblog.hypotheses.org/616;histoire_d, histoire_t, époque moderne_t, xviie siècle_t;Datasets/all_labels_train_gensim_sparse_matrix.npz
musicaroma.hypotheses.org/340;musique_d, histoire_d, histoire_t, histoire culturelle_t, monde germanique_t;Datasets/all_labels_train_gensim_sparse_matrix.npz
wwc.hypotheses.org/445;humanités pluridisciplinaires_d, pluridisciplinarité_d, études régionales_d, relations internationales_t, information_t, représentations_t;Datasets/all_labels_train_gensim_sparse_matrix.npz
dislab.hypotheses.org/1259;sciences sociales interdisciplinaires_d, langue et linguistique_d, sociologie des sciences_t, linguistique_t;Datasets/all_labels_train_gensim_sparse_matrix.npz
archivamt.hypotheses.org/1393;communication_d, pluridisciplinarité_d, sciences sociales interdisciplinaires_d, information_t, sciences de l'information_t, représentations_t, patrimoine_t;Datasets/all_labels_train_gensim_sparse_matrix.npz
erinnerung.hypotheses.org/910;histoire et archéologie_d, histoire_t, xxe siècle_t, prospectives_t, europe_t;Datasets/all_labels_train_gensim_sparse_matrix.npz
gab.hypotheses.org/1816;histoire et archéologie_d, pluridisciplinarité_d, sciences sociales interdisciplinaires_d, études des sciences_t, sociologie des sciences_t, histoire_t;Datasets/all_labels_train_gensim_sparse_matrix.npz
archivalia.hypotheses.org/3808;histoire et archéologie_d, sciences sociales interdisciplinaires_d, histoire_t, approches de corpus_t, enquêtes_t, archives_t;Datasets/all_labels_train_gensim_sparse_matrix.npz
dkblog.hypotheses.org/93;histoire_d, histoire_t, époque moderne_t, xviie siècle_t;Datasets/all_labels_train_gensim_sparse_matrix.npz
archivalia.hypotheses.org/9519;histoire et archéologie_d, sciences sociales interdisciplinaires_d, histoire_t, approches de corpus_t, enquêtes_t, archives_t;Datasets/all_labels_train_gensim_sparse_matrix.npz
archivalia.hypotheses.org/3758;histoire et archéologie_d, sciences sociales interdisciplinaires_d, histoire_t, approches de corpus_t, enquêtes_t, archives_t;Datasets/all_labels_train_gensim_sparse_matrix.npz
archivewk1.hypotheses.org/4859;histoire_d, époque contemporaine_t, 1914-1918_t;Datasets/all_labels_train_gensim_sparse_matrix.npz
achtundvierzig.hypotheses.org/160;sciences politiques_d, histoire_d, époque contemporaine_t, prospectives_t, histoire politique_t, monde germanique_t;Datasets/all_labels_train_gensim_sparse_matrix.npz
leibnizarc.hypotheses.org/553;éducation_d, histoire et archéologie_d, sciences de l'information et bibliothéconomie_d, études des sciences_t, histoire industrielle_t, histoire de l'art_t;Datasets/all_labels_train_gensim_sparse_matrix.npz
archivewk1.hypotheses.org/2723;histoire_d, époque contemporaine_t, 1914-1918_t;Datasets/all_labels_train_gensim_sparse_matrix.npz
musermeku.hypotheses.org/2239;humanités pluridisciplinaires_d, pluridisciplinarité_d, sciences sociales interdisciplinaires_d, sociologie_t, sociologie de la culture_t, histoire_t, histoire politique_t;Datasets/all_labels_train_gensim_sparse_matrix.npz
archivalia.hypotheses.org/6805;histoire et archéologie_d, sciences sociales interdisciplinaires_d, histoire_t, approches de corpus_t, enquêtes_t, archives_t;Datasets/all_labels_train_gensim_sparse_matrix.npz
soziologieblog.hypotheses.org/2982;sciences sociales interdisciplinaires_d, sociologie et anthropologie_d, sociologie du travail_t, sociologie urbaine_t, sociologie de la culture_t, sociologie économique_t;Datasets/all_labels_train_gensim_sparse_matrix.npz
archivalia.hypotheses.org/2038;histoire et archéologie_d, sciences sociales interdisciplinaires_d, histoire_t, approches de corpus_t, enquêtes_t, archives_t;Datasets/all_labels_train_gensim_sparse_matrix.npz
archivlinz.hypotheses.org/926;histoire et archéologie_d, histoire_d, histoire urbaine_t, 1914-1918_t, monde germanique_t;Datasets/all_labels_train_gensim_sparse_matrix.npz
archivewk1.hypotheses.org/4969;histoire_d, époque contemporaine_t, 1914-1918_t;Datasets/all_labels_train_gensim_sparse_matrix.npz
dokunstlmu.hypotheses.org/1537;arts et humanités_d, histoire intellectuelle_t;Datasets/all_labels_train_gensim_sparse_matrix.npz
archivalia.hypotheses.org/51917;histoire et archéologie_d, sciences sociales interdisciplinaires_d, histoire_t, approches de corpus_t, enquêtes_t, archives_t;Datasets/all_labels_train_gensim_sparse_matrix.npz
inklusion.hypotheses.org/89;éducation_d, travail social et politique sociale_d, sociologie du travail_t, âges de la vie_t, information_t, sciences de l'éducation_t;Datasets/all_labels_train_gensim_sparse_matrix.npz
quadrivium.hypotheses.org/22;pluridisciplinarité_d, histoire des sciences_t, histoire_t, histoire et sociologie des médias_t, historiographie_t, moyen âge_t, haut moyen âge_t;Datasets/all_labels_train_gensim_sparse_matrix.npz
unibloggt.hypotheses.org/621;histoire et archéologie_d, pluridisciplinarité_d, histoire_t, information_t;Datasets/all_labels_train_gensim_sparse_matrix.npz
aktenkunde.hypotheses.org/539;histoire_d, histoire_t, sciences auxiliaires de l'histoire_t;Datasets/all_labels_train_gensim_sparse_matrix.npz
dkblog.hypotheses.org/710;histoire_d, histoire_t, époque moderne_t, xviie siècle_t;Datasets/all_labels_train_gensim_sparse_matrix.npz
archivalia.hypotheses.org/12714;histoire et archéologie_d, sciences sociales interdisciplinaires_d, histoire_t, approches de corpus_t, enquêtes_t, archives_t;Datasets/all_labels_train_gensim_sparse_matrix.npz
achtundvierzig.hypotheses.org/84;sciences politiques_d, histoire_d, époque contemporaine_t, prospectives_t, histoire politique_t, monde germanique_t;Datasets/all_labels_train_gensim_sparse_matrix.npz
archivalia.hypotheses.org/62487;histoire et archéologie_d, sciences sociales interdisciplinaires_d, histoire_t, approches de corpus_t, enquêtes_t, archives_t;Datasets/all_labels_train_gensim_sparse_matrix.npz
archivewk1.hypotheses.org/8598;histoire_d, époque contemporaine_t, 1914-1918_t;Datasets/all_labels_train_gensim_sparse_matrix.npz
archivewk1.hypotheses.org/21056;histoire_d, époque contemporaine_t, 1914-1918_t;Datasets/all_labels_train_gensim_sparse_matrix.npz
nordichistoryblog.hypotheses.org/1714;arts et humanités_d, histoire et archéologie_d, histoire_t, édition électronique_t, vie de la recherche_t, approches de corpus_t, enquêtes_t, archives_t, europe_t, pays baltes et scandinaves_t;Datasets/all_labels_train_gensim_sparse_matrix.npz
bioeg.hypotheses.org/1590;histoire et archéologie_d, histoire_d, histoire_t, sciences auxiliaires de l'histoire_t, europe centrale et orientale_t, monde germanique_t;Datasets/all_labels_train_gensim_sparse_matrix.npz
archivalia.hypotheses.org/9223;histoire et archéologie_d, sciences sociales interdisciplinaires_d, histoire_t, approches de corpus_t, enquêtes_t, archives_t;Datasets/all_labels_train_gensim_sparse_matrix.npz
speyermemo.hypotheses.org/2886;histoire_d, pluridisciplinarité_d, sciences sociales interdisciplinaires_d, sociologie de la culture_t, histoire_t, 1939-1945_t, europe_t;Datasets/all_labels_train_gensim_sparse_matrix.npz
adngwdng.hypotheses.org/26;histoire_d, histoire politique_t, historiographie_t, xxe siècle_t, monde germanique_t;Datasets/all_labels_train_gensim_sparse_matrix.npz
archivalia.hypotheses.org/681;histoire et archéologie_d, sciences sociales interdisciplinaires_d, histoire_t, approches de corpus_t, enquêtes_t, archives_t;Datasets/all_labels_train_gensim_sparse_matrix.npz
dokunstlmu.hypotheses.org/1781;arts et humanités_d, histoire intellectuelle_t;Datasets/all_labels_train_gensim_sparse_matrix.npz
archivewk1.hypotheses.org/22963;histoire_d, époque contemporaine_t, 1914-1918_t;Datasets/all_labels_train_gensim_sparse_matrix.npz
etatsocial.hypotheses.org/127;histoire_d, histoire des sciences sociales_d, sociologie_d, économie_d, sociologie du travail_t, âges de la vie_t, xxe siècle_t;Datasets/all_labels_train_gensim_sparse_matrix.npz
archivalia.hypotheses.org/8798;histoire et archéologie_d, sciences sociales interdisciplinaires_d, histoire_t, approches de corpus_t, enquêtes_t, archives_t;Datasets/all_labels_train_gensim_sparse_matrix.npz
jeunegen.hypotheses.org/249;histoire_d, pluridisciplinarité_d, histoire_t, vie de la recherche_t, moyen âge_t, haut moyen âge_t, bas moyen âge_t;Datasets/all_labels_train_gensim_sparse_matrix.npz
archivalia.hypotheses.org/53491;histoire et archéologie_d, sciences sociales interdisciplinaires_d, histoire_t, approches de corpus_t, enquêtes_t, archives_t;Datasets/all_labels_train_gensim_sparse_matrix.npz
archivalia.hypotheses.org/3239;histoire et archéologie_d, sciences sociales interdisciplinaires_d, histoire_t, approches de corpus_t, enquêtes_t, archives_t;Datasets/all_labels_train_gensim_sparse_matrix.npz
histbav.hypotheses.org/1516;humanités pluridisciplinaires_d, histoire_d, pluridisciplinarité_d, histoire_t, monde germanique_t;Datasets/all_labels_train_gensim_sparse_matrix.npz
archivalia.hypotheses.org/12436;histoire et archéologie_d, sciences sociales interdisciplinaires_d, histoire_t, approches de corpus_t, enquêtes_t, archives_t;Datasets/all_labels_train_gensim_sparse_matrix.npz
archivewk1.hypotheses.org/16229;histoire_d, époque contemporaine_t, 1914-1918_t;Datasets/all_labels_train_gensim_sparse_matrix.npz
ordensgeschichte.hypotheses.org/7209;arts et humanités_d, humanités pluridisciplinaires_d, histoire et archéologie_d, histoire et philosophie des sciences_d, histoire_t, haut moyen âge_t, bas moyen âge_t, xviie siècle_t, xviiie siècle_t;Datasets/all_labels_train_gensim_sparse_matrix.npz
inklusion.hypotheses.org/1069;éducation_d, travail social et politique sociale_d, sociologie du travail_t, âges de la vie_t, information_t, sciences de l'éducation_t;Datasets/all_labels_train_gensim_sparse_matrix.npz
histbav.hypotheses.org/1343;humanités pluridisciplinaires_d, histoire_d, pluridisciplinarité_d, histoire_t, monde germanique_t;Datasets/all_labels_train_gensim_sparse_matrix.npz
geschichtsadmin.hypotheses.org/401;éducation_d, histoire_d, sociologie du travail_t, histoire_t;Datasets/all_labels_train_gensim_sparse_matrix.npz
histbav.hypotheses.org/2571;humanités pluridisciplinaires_d, histoire_d, pluridisciplinarité_d, histoire_t, monde germanique_t;Datasets/all_labels_train_gensim_sparse_matrix.npz
intersex.hypotheses.org/3788;histoire_d, biomédecine_d, étude des genres_t, histoire des sciences_t, histoire_t, histoire du droit_t, moyen âge_t, xxie siècle_t;Datasets/all_labels_train_gensim_sparse_matrix.npz
medienbildung.hypotheses.org/880;éducation_d, éducation spécialisée_d, travail social_d, sociologie_t, édition électronique_t, histoire et sociologie des médias_t, éducation_t;Datasets/all_labels_train_gensim_sparse_matrix.npz
erinnern.hypotheses.org/856;éducation et sciences de l'éducation_d, histoire_d, histoire_t, éducation_t, 1918-1939_t, 1939-1945_t, 1945-1989_t;Datasets/all_labels_train_gensim_sparse_matrix.npz
archivamt.hypotheses.org/3127;communication_d, pluridisciplinarité_d, sciences sociales interdisciplinaires_d, information_t, sciences de l'information_t, représentations_t, patrimoine_t;Datasets/all_labels_train_gensim_sparse_matrix.npz
speyermemo.hypotheses.org/2374;histoire_d, pluridisciplinarité_d, sciences sociales interdisciplinaires_d, sociologie de la culture_t, histoire_t, 1939-1945_t, europe_t;Datasets/all_labels_train_gensim_sparse_matrix.npz
charlemagne.hypotheses.org/474;histoire_d, histoire_t, moyen âge_t, europe centrale et orientale_t, monde germanique_t;Datasets/all_labels_train_gensim_sparse_matrix.npz
archivalia.hypotheses.org/56107;histoire et archéologie_d, sciences sociales interdisciplinaires_d, histoire_t, approches de corpus_t, enquêtes_t, archives_t;Datasets/all_labels_train_gensim_sparse_matrix.npz
1914lvr.hypotheses.org/859;sciences politiques_d, histoire_t, époque contemporaine_t, 1914-1918_t;Datasets/all_labels_train_gensim_sparse_matrix.npz
astrologiefnz.hypotheses.org/56;arts et humanités_d, humanités pluridisciplinaires_d, histoire et archéologie_d, histoire et philosophie des sciences_d, études des sciences_t, histoire intellectuelle_t, époque moderne_t, xviie siècle_t;Datasets/all_labels_train_gensim_sparse_matrix.npz
aktenkunde.hypotheses.org/358;histoire_d, histoire_t, sciences auxiliaires de l'histoire_t;Datasets/all_labels_train_gensim_sparse_matrix.npz
archivewk1.hypotheses.org/20300;histoire_d, époque contemporaine_t, 1914-1918_t;Datasets/all_labels_train_gensim_sparse_matrix.npz
dhdhi.hypotheses.org/2529;histoire et archéologie_d, histoire_t, épistémologie et méthodes_t, digital humanities_t;Datasets/all_labels_train_gensim_sparse_matrix.npz
archivalia.hypotheses.org/3452;histoire et archéologie_d, sciences sociales interdisciplinaires_d, histoire_t, approches de corpus_t, enquêtes_t, archives_t;Datasets/all_labels_train_gensim_sparse_matrix.npz
dgl.hypotheses.org/462;éducation spécialisée_d, histoire_d, histoire_t, histoire et sociologie des médias_t, éducation_t;Datasets/all_labels_train_gensim_sparse_matrix.npz
beruf.hypotheses.org/171;histoire et archéologie_d, histoire_d, histoire_t;Datasets/all_labels_train_gensim_sparse_matrix.npz
intersex.hypotheses.org/1731;histoire_d, biomédecine_d, étude des genres_t, histoire des sciences_t, histoire_t, histoire du droit_t, moyen âge_t, xxie siècle_t;Datasets/all_labels_train_gensim_sparse_matrix.npz
hsc.hypotheses.org/328;arts et humanités_d, humanités pluridisciplinaires_d, histoire et archéologie_d, histoire_t, historiographie_t;Datasets/all_labels_train_gensim_sparse_matrix.npz
tagebuch.hypotheses.org/118;histoire et archéologie_d, histoire_d, histoire_t, époque contemporaine_t, 1914-1918_t;Datasets/all_labels_train_gensim_sparse_matrix.npz
archivalia.hypotheses.org/10339;histoire et archéologie_d, sciences sociales interdisciplinaires_d, histoire_t, approches de corpus_t, enquêtes_t, archives_t;Datasets/all_labels_train_gensim_sparse_matrix.npz
archivewk1.hypotheses.org/22991;histoire_d, époque contemporaine_t, 1914-1918_t;Datasets/all_labels_train_gensim_sparse_matrix.npz
gewalt.hypotheses.org/776;sciences politiques_d, sociologie_d, sociologie_t, sociologie urbaine_t, anthropologie politique_t, histoire urbaine_t, guerres_t, conflits_t, violence_t;Datasets/all_labels_train_gensim_sparse_matrix.npz
archivalia.hypotheses.org/10977;histoire et archéologie_d, sciences sociales interdisciplinaires_d, histoire_t, approches de corpus_t, enquêtes_t, archives_t;Datasets/all_labels_train_gensim_sparse_matrix.npz
metablock.hypotheses.org/1118;sciences sociales interdisciplinaires_d, linguistique appliquée_d, langue et linguistique_d, sociologie des sciences_t, langage_t, linguistique_t, édition électronique_t, histoire et sociologie des médias_t;Datasets/all_labels_train_gensim_sparse_matrix.npz
archivalia.hypotheses.org/13228;histoire et archéologie_d, sciences sociales interdisciplinaires_d, histoire_t, approches de corpus_t, enquêtes_t, archives_t;Datasets/all_labels_train_gensim_sparse_matrix.npz
archivalia.hypotheses.org/5844;histoire et archéologie_d, sciences sociales interdisciplinaires_d, histoire_t, approches de corpus_t, enquêtes_t, archives_t;Datasets/all_labels_train_gensim_sparse_matrix.npz
archivalia.hypotheses.org/55012;histoire et archéologie_d, sciences sociales interdisciplinaires_d, histoire_t, approches de corpus_t, enquêtes_t, archives_t;Datasets/all_labels_train_gensim_sparse_matrix.npz
archivalia.hypotheses.org/13169;histoire et archéologie_d, sciences sociales interdisciplinaires_d, histoire_t, approches de corpus_t, enquêtes_t, archives_t;Datasets/all_labels_train_gensim_sparse_matrix.npz
kinder.hypotheses.org/1266;éducation et sciences de l'éducation_d, études sur la famille_d, âges de la vie_t, sciences de l'éducation_t;Datasets/all_labels_train_gensim_sparse_matrix.npz
winzen.hypotheses.org/560;histoire_d, histoire_t, études visuelles_t, 1918-1939_t, 1939-1945_t, monde germanique_t;Datasets/all_labels_train_gensim_sparse_matrix.npz
archivalia.hypotheses.org/57950;histoire et archéologie_d, sciences sociales interdisciplinaires_d, histoire_t, approches de corpus_t, enquêtes_t, archives_t;Datasets/all_labels_train_gensim_sparse_matrix.npz
archivalia.hypotheses.org/10868;histoire et archéologie_d, sciences sociales interdisciplinaires_d, histoire_t, approches de corpus_t, enquêtes_t, archives_t;Datasets/all_labels_train_gensim_sparse_matrix.npz
histbav.hypotheses.org/3889;humanités pluridisciplinaires_d, histoire_d, pluridisciplinarité_d, histoire_t, monde germanique_t;Datasets/all_labels_train_gensim_sparse_matrix.npz
winzen.hypotheses.org/421;histoire_d, histoire_t, études visuelles_t, 1918-1939_t, 1939-1945_t, monde germanique_t;Datasets/all_labels_train_gensim_sparse_matrix.npz
soziologieblog.hypotheses.org/1425;sciences sociales interdisciplinaires_d, sociologie et anthropologie_d, sociologie du travail_t, sociologie urbaine_t, sociologie de la culture_t, sociologie économique_t;Datasets/all_labels_train_gensim_sparse_matrix.npz
archivewk1.hypotheses.org/12467;histoire_d, époque contemporaine_t, 1914-1918_t;Datasets/all_labels_train_gensim_sparse_matrix.npz
beruf.hypotheses.org/228;histoire et archéologie_d, histoire_d, histoire_t;Datasets/all_labels_train_gensim_sparse_matrix.npz
archivewk1.hypotheses.org/10760;histoire_d, époque contemporaine_t, 1914-1918_t;Datasets/all_labels_train_gensim_sparse_matrix.npz
archivalia.hypotheses.org/9798;histoire et archéologie_d, sciences sociales interdisciplinaires_d, histoire_t, approches de corpus_t, enquêtes_t, archives_t;Datasets/all_labels_train_gensim_sparse_matrix.npz
archivalia.hypotheses.org/3523;histoire et archéologie_d, sciences sociales interdisciplinaires_d, histoire_t, approches de corpus_t, enquêtes_t, archives_t;Datasets/all_labels_train_gensim_sparse_matrix.npz
archivewk1.hypotheses.org/30565;histoire_d, époque contemporaine_t, 1914-1918_t;Datasets/all_labels_train_gensim_sparse_matrix.npz
archivamt.hypotheses.org/1676;communication_d, pluridisciplinarité_d, sciences sociales interdisciplinaires_d, information_t, sciences de l'information_t, représentations_t, patrimoine_t;Datasets/all_labels_train_gensim_sparse_matrix.npz
ordensgeschichte.hypotheses.org/1726;arts et humanités_d, humanités pluridisciplinaires_d, histoire et archéologie_d, histoire et philosophie des sciences_d, histoire_t, haut moyen âge_t, bas moyen âge_t, xviie siècle_t, xviiie siècle_t;Datasets/all_labels_train_gensim_sparse_matrix.npz
archivalia.hypotheses.org/11788;histoire et archéologie_d, sciences sociales interdisciplinaires_d, histoire_t, approches de corpus_t, enquêtes_t, archives_t;Datasets/all_labels_train_gensim_sparse_matrix.npz
archivalia.hypotheses.org/9320;histoire et archéologie_d, sciences sociales interdisciplinaires_d, histoire_t, approches de corpus_t, enquêtes_t, archives_t;Datasets/all_labels_train_gensim_sparse_matrix.npz
fnzinfo.hypotheses.org/604;arts et humanités_d, musique_d, histoire et archéologie_d, histoire_t, xvie siècle_t, xviie siècle_t, xviiie siècle_t, révolution française_t;Datasets/all_labels_train_gensim_sparse_matrix.npz
archivalia.hypotheses.org/61547;histoire et archéologie_d, sciences sociales interdisciplinaires_d, histoire_t, approches de corpus_t, enquêtes_t, archives_t;Datasets/all_labels_train_gensim_sparse_matrix.npz
studpro.hypotheses.org/88;histoire_d, histoire_t, époque moderne_t, xviie siècle_t, xviiie siècle_t;Datasets/all_labels_train_gensim_sparse_matrix.npz
grk1678.hypotheses.org/413;arts et humanités_d, humanités pluridisciplinaires_d, histoire et philosophie des sciences_d, pluridisciplinarité_d, philosophie_t, littératures_t, histoire culturelle_t, histoire de l'art_t;Datasets/all_labels_train_gensim_sparse_matrix.npz
ostblog.hypotheses.org/283;histoire_d, économie_d, histoire_t;Datasets/all_labels_train_gensim_sparse_matrix.npz
archive20.hypotheses.org/683;pluridisciplinarité_d, sciences sociales interdisciplinaires_d, histoire_t, information_t, patrimoine_t, monde germanique_t;Datasets/all_labels_train_gensim_sparse_matrix.npz
archivalia.hypotheses.org/5235;histoire et archéologie_d, sciences sociales interdisciplinaires_d, histoire_t, approches de corpus_t, enquêtes_t, archives_t;Datasets/all_labels_train_gensim_sparse_matrix.npz
archivalia.hypotheses.org/57424;histoire et archéologie_d, sciences sociales interdisciplinaires_d, histoire_t, approches de corpus_t, enquêtes_t, archives_t;Datasets/all_labels_train_gensim_sparse_matrix.npz
soziologieblog.hypotheses.org/4802;sciences sociales interdisciplinaires_d, sociologie et anthropologie_d, sociologie du travail_t, sociologie urbaine_t, sociologie de la culture_t, sociologie économique_t;Datasets/all_labels_train_gensim_sparse_matrix.npz
dfmfa.hypotheses.org/1248;humanités pluridisciplinaires_d, sciences sociales interdisciplinaires_d, histoire_t, moyen âge_t, haut moyen âge_t, bas moyen âge_t;Datasets/all_labels_train_gensim_sparse_matrix.npz
medienbildung.hypotheses.org/437;éducation_d, éducation spécialisée_d, travail social_d, sociologie_t, édition électronique_t, histoire et sociologie des médias_t, éducation_t;Datasets/all_labels_train_gensim_sparse_matrix.npz
archivewk1.hypotheses.org/17065;histoire_d, époque contemporaine_t, 1914-1918_t;Datasets/all_labels_train_gensim_sparse_matrix.npz
archivalia.hypotheses.org/7017;histoire et archéologie_d, sciences sociales interdisciplinaires_d, histoire_t, approches de corpus_t, enquêtes_t, archives_t;Datasets/all_labels_train_gensim_sparse_matrix.npz
archivalia.hypotheses.org/5993;histoire et archéologie_d, sciences sociales interdisciplinaires_d, histoire_t, approches de corpus_t, enquêtes_t, archives_t;Datasets/all_labels_train_gensim_sparse_matrix.npz
archivalia.hypotheses.org/9413;histoire et archéologie_d, sciences sociales interdisciplinaires_d, histoire_t, approches de corpus_t, enquêtes_t, archives_t;Datasets/all_labels_train_gensim_sparse_matrix.npz
resilienz.hypotheses.org/709;pluridisciplinarité_d, sciences sociales interdisciplinaires_d, études des sciences_t, épistémologie et méthodes_t, vie de la recherche_t, prospectives_t;Datasets/all_labels_train_gensim_sparse_matrix.npz
musermeku.hypotheses.org/3351;humanités pluridisciplinaires_d, pluridisciplinarité_d, sciences sociales interdisciplinaires_d, sociologie_t, sociologie de la culture_t, histoire_t, histoire politique_t;Datasets/all_labels_train_gensim_sparse_matrix.npz
archivewk1.hypotheses.org/22939;histoire_d, époque contemporaine_t, 1914-1918_t;Datasets/all_labels_train_gensim_sparse_matrix.npz
dhtg.hypotheses.org/185;histoire et archéologie_d, sciences de l'information et de la communication_d, bibliothéconomie_d, histoire_t, sciences de l'information_t, 1939-1945_t, 1945-1989_t;Datasets/all_labels_train_gensim_sparse_matrix.npz
archivewk1.hypotheses.org/15006;histoire_d, époque contemporaine_t, 1914-1918_t;Datasets/all_labels_train_gensim_sparse_matrix.npz
archivamt.hypotheses.org/3778;communication_d, pluridisciplinarité_d, sciences sociales interdisciplinaires_d, information_t, sciences de l'information_t, représentations_t, patrimoine_t;Datasets/all_labels_train_gensim_sparse_matrix.npz
wwc.hypotheses.org/620;humanités pluridisciplinaires_d, pluridisciplinarité_d, études régionales_d, relations internationales_t, information_t, représentations_t;Datasets/all_labels_train_gensim_sparse_matrix.npz
catholiccultures.hypotheses.org/57;histoire et archéologie_d, histoire des sciences sociales_d, sciences sociales interdisciplinaires_d, sociologie et anthropologie_d, histoire_t, histoire sociale_t, histoire des religions_t, époque moderne_t;Datasets/all_labels_train_gensim_sparse_matrix.npz
archivalia.hypotheses.org/8259;histoire et archéologie_d, sciences sociales interdisciplinaires_d, histoire_t, approches de corpus_t, enquêtes_t, archives_t;Datasets/all_labels_train_gensim_sparse_matrix.npz
archivewk1.hypotheses.org/3885;histoire_d, époque contemporaine_t, 1914-1918_t;Datasets/all_labels_train_gensim_sparse_matrix.npz
archivalia.hypotheses.org/8331;histoire et archéologie_d, sciences sociales interdisciplinaires_d, histoire_t, approches de corpus_t, enquêtes_t, archives_t;Datasets/all_labels_train_gensim_sparse_matrix.npz
archive20.hypotheses.org/1899;pluridisciplinarité_d, sciences sociales interdisciplinaires_d, histoire_t, information_t, patrimoine_t, monde germanique_t;Datasets/all_labels_train_gensim_sparse_matrix.npz
gab.hypotheses.org/600;histoire et archéologie_d, pluridisciplinarité_d, sciences sociales interdisciplinaires_d, études des sciences_t, sociologie des sciences_t, histoire_t;Datasets/all_labels_train_gensim_sparse_matrix.npz
archdigi.hypotheses.org/775;archéologie_d, monde germanique_t;Datasets/all_labels_train_gensim_sparse_matrix.npz
gab.hypotheses.org/2871;histoire et archéologie_d, pluridisciplinarité_d, sciences sociales interdisciplinaires_d, études des sciences_t, sociologie des sciences_t, histoire_t;Datasets/all_labels_train_gensim_sparse_matrix.npz
archivalia.hypotheses.org/55601;histoire et archéologie_d, sciences sociales interdisciplinaires_d, histoire_t, approches de corpus_t, enquêtes_t, archives_t;Datasets/all_labels_train_gensim_sparse_matrix.npz
soziologieblog.hypotheses.org/4756;sciences sociales interdisciplinaires_d, sociologie et anthropologie_d, sociologie du travail_t, sociologie urbaine_t, sociologie de la culture_t, sociologie économique_t;Datasets/all_labels_train_gensim_sparse_matrix.npz
archivalia.hypotheses.org/557;histoire et archéologie_d, sciences sociales interdisciplinaires_d, histoire_t, approches de corpus_t, enquêtes_t, archives_t;Datasets/all_labels_train_gensim_sparse_matrix.npz
archivalia.hypotheses.org/13298;histoire et archéologie_d, sciences sociales interdisciplinaires_d, histoire_t, approches de corpus_t, enquêtes_t, archives_t;Datasets/all_labels_train_gensim_sparse_matrix.npz
mindthegaps.hypotheses.org/2242;études asiatiques_d, histoire_d, histoire_t, histoire culturelle_t, asie_t, chine_t;Datasets/all_labels_train_gensim_sparse_matrix.npz
edit.hypotheses.org/38;sciences de l'information et bibliothéconomie_d, édition électronique_t, vie de la recherche_t, méthodes de traitement et de représentation_t, digital humanities_t;Datasets/all_labels_train_gensim_sparse_matrix.npz
tagebuch.hypotheses.org/1301;histoire et archéologie_d, histoire_d, histoire_t, époque contemporaine_t, 1914-1918_t;Datasets/all_labels_train_gensim_sparse_matrix.npz
gewalt.hypotheses.org/540;sciences politiques_d, sociologie_d, sociologie_t, sociologie urbaine_t, anthropologie politique_t, histoire urbaine_t, guerres_t, conflits_t, violence_t;Datasets/all_labels_train_gensim_sparse_matrix.npz
redaktionsblog.hypotheses.org/1909;arts et humanités_d, humanités pluridisciplinaires_d, épistémologie et méthodes_t, digital humanities_t;Datasets/all_labels_train_gensim_sparse_matrix.npz
dwgd.hypotheses.org/214;éducation_d, histoire_d, histoire des sciences sociales_d, histoire_t, éducation_t, sciences de l'éducation_t;Datasets/all_labels_train_gensim_sparse_matrix.npz
tagebuch.hypotheses.org/752;histoire et archéologie_d, histoire_d, histoire_t, époque contemporaine_t, 1914-1918_t;Datasets/all_labels_train_gensim_sparse_matrix.npz
archivalia.hypotheses.org/56337;histoire et archéologie_d, sciences sociales interdisciplinaires_d, histoire_t, approches de corpus_t, enquêtes_t, archives_t;Datasets/all_labels_train_gensim_sparse_matrix.npz
soziologieblog.hypotheses.org/6698;sciences sociales interdisciplinaires_d, sociologie et anthropologie_d, sociologie du travail_t, sociologie urbaine_t, sociologie de la culture_t, sociologie économique_t;Datasets/all_labels_train_gensim_sparse_matrix.npz
tagebuch.hypotheses.org/875;histoire et archéologie_d, histoire_d, histoire_t, époque contemporaine_t, 1914-1918_t;Datasets/all_labels_train_gensim_sparse_matrix.npz
archivalia.hypotheses.org/10473;histoire et archéologie_d, sciences sociales interdisciplinaires_d, histoire_t, approches de corpus_t, enquêtes_t, archives_t;Datasets/all_labels_train_gensim_sparse_matrix.npz
amuc.hypotheses.org/1055;humanités pluridisciplinaires_d, histoire_d, histoire_t, représentations_t, patrimoine_t;Datasets/all_labels_train_gensim_sparse_matrix.npz
archivalia.hypotheses.org/8455;histoire et archéologie_d, sciences sociales interdisciplinaires_d, histoire_t, approches de corpus_t, enquêtes_t, archives_t;Datasets/all_labels_train_gensim_sparse_matrix.npz
mgtud.hypotheses.org/259;humanités pluridisciplinaires_d, éducation_d, histoire et archéologie_d, histoire_d, histoire_t, histoire urbaine_t, édition électronique_t;Datasets/all_labels_train_gensim_sparse_matrix.npz
archivalia.hypotheses.org/2923;histoire et archéologie_d, sciences sociales interdisciplinaires_d, histoire_t, approches de corpus_t, enquêtes_t, archives_t;Datasets/all_labels_train_gensim_sparse_matrix.npz
merzdadaco.hypotheses.org/241;humanités pluridisciplinaires_d, littérature_d, littératures_t, représentations_t, histoire culturelle_t, histoire de l'art_t;Datasets/all_labels_train_gensim_sparse_matrix.npz
archivalia.hypotheses.org/11859;histoire et archéologie_d, sciences sociales interdisciplinaires_d, histoire_t, approches de corpus_t, enquêtes_t, archives_t;Datasets/all_labels_train_gensim_sparse_matrix.npz
archivalia.hypotheses.org/3973;histoire et archéologie_d, sciences sociales interdisciplinaires_d, histoire_t, approches de corpus_t, enquêtes_t, archives_t;Datasets/all_labels_train_gensim_sparse_matrix.npz
archivalia.hypotheses.org/10161;histoire et archéologie_d, sciences sociales interdisciplinaires_d, histoire_t, approches de corpus_t, enquêtes_t, archives_t;Datasets/all_labels_train_gensim_sparse_matrix.npz
archivewk1.hypotheses.org/17442;histoire_d, époque contemporaine_t, 1914-1918_t;Datasets/all_labels_train_gensim_sparse_matrix.npz
speyermemo.hypotheses.org/2597;histoire_d, pluridisciplinarité_d, sciences sociales interdisciplinaires_d, sociologie de la culture_t, histoire_t, 1939-1945_t, europe_t;Datasets/all_labels_train_gensim_sparse_matrix.npz
francofil.hypotheses.org/30;pluridisciplinarité_d, sciences sociales interdisciplinaires_d, histoire_t, épistémologie et méthodes_t, approches de corpus_t, enquêtes_t, archives_t, france_t;Datasets/all_labels_train_gensim_sparse_matrix.npz
archivalia.hypotheses.org/2199;histoire et archéologie_d, sciences sociales interdisciplinaires_d, histoire_t, approches de corpus_t, enquêtes_t, archives_t;Datasets/all_labels_train_gensim_sparse_matrix.npz
archivewk1.hypotheses.org/16272;histoire_d, époque contemporaine_t, 1914-1918_t;Datasets/all_labels_train_gensim_sparse_matrix.npz
tagebuch.hypotheses.org/887;histoire et archéologie_d, histoire_d, histoire_t, époque contemporaine_t, 1914-1918_t;Datasets/all_labels_train_gensim_sparse_matrix.npz
archivalia.hypotheses.org/12235;histoire et archéologie_d, sciences sociales interdisciplinaires_d, histoire_t, approches de corpus_t, enquêtes_t, archives_t;Datasets/all_labels_train_gensim_sparse_matrix.npz
medienbildung.hypotheses.org/3053;éducation_d, éducation spécialisée_d, travail social_d, sociologie_t, édition électronique_t, histoire et sociologie des médias_t, éducation_t;Datasets/all_labels_train_gensim_sparse_matrix.npz
ockenheim.hypotheses.org/492;histoire et archéologie_d, archéologie_d, histoire_t, histoire urbaine_t, édition électronique_t, monde germanique_t;Datasets/all_labels_train_gensim_sparse_matrix.npz
archivalia.hypotheses.org/11732;histoire et archéologie_d, sciences sociales interdisciplinaires_d, histoire_t, approches de corpus_t, enquêtes_t, archives_t;Datasets/all_labels_train_gensim_sparse_matrix.npz
zakunibonn.hypotheses.org/1607;histoire_d, psychologie_d, histoire_t, psychisme_t, psychologie_t, méthodes de traitement et de représentation_t, monde germanique_t;Datasets/all_labels_train_gensim_sparse_matrix.npz
histbav.hypotheses.org/1797;humanités pluridisciplinaires_d, histoire_d, pluridisciplinarité_d, histoire_t, monde germanique_t;Datasets/all_labels_train_gensim_sparse_matrix.npz
dhmuc.hypotheses.org/186;humanités pluridisciplinaires_d, communication_d, pluridisciplinarité_d, sciences sociales interdisciplinaires_d, études des sciences_t, édition électronique_t, digital humanities_t;Datasets/all_labels_train_gensim_sparse_matrix.npz
archivalia.hypotheses.org/3754;histoire et archéologie_d, sciences sociales interdisciplinaires_d, histoire_t, approches de corpus_t, enquêtes_t, archives_t;Datasets/all_labels_train_gensim_sparse_matrix.npz
naps.hypotheses.org/1234;histoire_d, histoire_t, épistémologie et méthodes_t, approches de corpus_t, enquêtes_t, archives_t, prospectives_t, france_t, monde germanique_t;Datasets/all_labels_train_gensim_sparse_matrix.npz
archivekod.hypotheses.org/347;religions_d, histoire et archéologie_d, sciences de l'information et de la communication_d, bibliothéconomie_d, communication_d, histoire_t, histoire des religions_t, patrimoine_t;Datasets/all_labels_train_gensim_sparse_matrix.npz
archivewk1.hypotheses.org/352;histoire_d, époque contemporaine_t, 1914-1918_t;Datasets/all_labels_train_gensim_sparse_matrix.npz
archivewk1.hypotheses.org/13459;histoire_d, époque contemporaine_t, 1914-1918_t;Datasets/all_labels_train_gensim_sparse_matrix.npz
wwc.hypotheses.org/408;humanités pluridisciplinaires_d, pluridisciplinarité_d, études régionales_d, relations internationales_t, information_t, représentations_t;Datasets/all_labels_train_gensim_sparse_matrix.npz
archivalia.hypotheses.org/12018;histoire et archéologie_d, sciences sociales interdisciplinaires_d, histoire_t, approches de corpus_t, enquêtes_t, archives_t;Datasets/all_labels_train_gensim_sparse_matrix.npz
archivalia.hypotheses.org/9648;histoire et archéologie_d, sciences sociales interdisciplinaires_d, histoire_t, approches de corpus_t, enquêtes_t, archives_t;Datasets/all_labels_train_gensim_sparse_matrix.npz
liparchiv.hypotheses.org/632;histoire et archéologie_d, sciences politiques_d, administration publique et développement_d, histoire urbaine_t, patrimoine_t, sciences auxiliaires de l'histoire_t, approches de corpus_t, enquêtes_t, archives_t, europe_t;Datasets/all_labels_train_gensim_sparse_matrix.npz
archivalia.hypotheses.org/52679;histoire et archéologie_d, sciences sociales interdisciplinaires_d, histoire_t, approches de corpus_t, enquêtes_t, archives_t;Datasets/all_labels_train_gensim_sparse_matrix.npz
archivalia.hypotheses.org/13166;histoire et archéologie_d, sciences sociales interdisciplinaires_d, histoire_t, approches de corpus_t, enquêtes_t, archives_t;Datasets/all_labels_train_gensim_sparse_matrix.npz
histbav.hypotheses.org/2936;humanités pluridisciplinaires_d, histoire_d, pluridisciplinarité_d, histoire_t, monde germanique_t;Datasets/all_labels_train_gensim_sparse_matrix.npz
archivalia.hypotheses.org/13270;histoire et archéologie_d, sciences sociales interdisciplinaires_d, histoire_t, approches de corpus_t, enquêtes_t, archives_t;Datasets/all_labels_train_gensim_sparse_matrix.npz
pophistory.hypotheses.org/227;humanités pluridisciplinaires_d, histoire et archéologie_d, sociologie de la culture_t, histoire sociale_t, histoire culturelle_t, époque contemporaine_t;Datasets/all_labels_train_gensim_sparse_matrix.npz
archivalia.hypotheses.org/9149;histoire et archéologie_d, sciences sociales interdisciplinaires_d, histoire_t, approches de corpus_t, enquêtes_t, archives_t;Datasets/all_labels_train_gensim_sparse_matrix.npz
archivewk1.hypotheses.org/16808;histoire_d, époque contemporaine_t, 1914-1918_t;Datasets/all_labels_train_gensim_sparse_matrix.npz
grammata.hypotheses.org/304;études anciennes_d, religions_d, littérature_d, religions_t, littératures_t;Datasets/all_labels_train_gensim_sparse_matrix.npz
archivalia.hypotheses.org/55764;histoire et archéologie_d, sciences sociales interdisciplinaires_d, histoire_t, approches de corpus_t, enquêtes_t, archives_t;Datasets/all_labels_train_gensim_sparse_matrix.npz
archivalia.hypotheses.org/5654;histoire et archéologie_d, sciences sociales interdisciplinaires_d, histoire_t, approches de corpus_t, enquêtes_t, archives_t;Datasets/all_labels_train_gensim_sparse_matrix.npz
ordensgeschichte.hypotheses.org/4026;arts et humanités_d, humanités pluridisciplinaires_d, histoire et archéologie_d, histoire et philosophie des sciences_d, histoire_t, haut moyen âge_t, bas moyen âge_t, xviie siècle_t, xviiie siècle_t;Datasets/all_labels_train_gensim_sparse_matrix.npz
archivalia.hypotheses.org/356;histoire et archéologie_d, sciences sociales interdisciplinaires_d, histoire_t, approches de corpus_t, enquêtes_t, archives_t;Datasets/all_labels_train_gensim_sparse_matrix.npz
ordensgeschichte.hypotheses.org/6469;arts et humanités_d, humanités pluridisciplinaires_d, histoire et archéologie_d, histoire et philosophie des sciences_d, histoire_t, haut moyen âge_t, bas moyen âge_t, xviie siècle_t, xviiie siècle_t;Datasets/all_labels_train_gensim_sparse_matrix.npz
archivewk1.hypotheses.org/21519;histoire_d, époque contemporaine_t, 1914-1918_t;Datasets/all_labels_train_gensim_sparse_matrix.npz
archivalia.hypotheses.org/13352;histoire et archéologie_d, sciences sociales interdisciplinaires_d, histoire_t, approches de corpus_t, enquêtes_t, archives_t;Datasets/all_labels_train_gensim_sparse_matrix.npz
gab.hypotheses.org/750;histoire et archéologie_d, pluridisciplinarité_d, sciences sociales interdisciplinaires_d, études des sciences_t, sociologie des sciences_t, histoire_t;Datasets/all_labels_train_gensim_sparse_matrix.npz
archivekod.hypotheses.org/443;religions_d, histoire et archéologie_d, sciences de l'information et de la communication_d, bibliothéconomie_d, communication_d, histoire_t, histoire des religions_t, patrimoine_t;Datasets/all_labels_train_gensim_sparse_matrix.npz
redaktionsblog.hypotheses.org/1069;arts et humanités_d, humanités pluridisciplinaires_d, épistémologie et méthodes_t, digital humanities_t;Datasets/all_labels_train_gensim_sparse_matrix.npz
archivalia.hypotheses.org/4266;histoire et archéologie_d, sciences sociales interdisciplinaires_d, histoire_t, approches de corpus_t, enquêtes_t, archives_t;Datasets/all_labels_train_gensim_sparse_matrix.npz
jameel.hypotheses.org/386;pluridisciplinarité_d, études régionales_d, archéologie_d, arts_d, humanités pluridisciplinaires_d, représentations_t, asie_t, digital humanities_t, histoire de l'art_t;Datasets/all_labels_train_gensim_sparse_matrix.npz
soziologieblog.hypotheses.org/6818;sciences sociales interdisciplinaires_d, sociologie et anthropologie_d, sociologie du travail_t, sociologie urbaine_t, sociologie de la culture_t, sociologie économique_t;Datasets/all_labels_train_gensim_sparse_matrix.npz
archivalia.hypotheses.org/2862;histoire et archéologie_d, sciences sociales interdisciplinaires_d, histoire_t, approches de corpus_t, enquêtes_t, archives_t;Datasets/all_labels_train_gensim_sparse_matrix.npz
archivewk1.hypotheses.org/17382;histoire_d, époque contemporaine_t, 1914-1918_t;Datasets/all_labels_train_gensim_sparse_matrix.npz
gid.hypotheses.org/874;pluridisciplinarité_d, sciences sociales interdisciplinaires_d, études des sciences_t, histoire des sciences_t, pensée_t, histoire intellectuelle_t, histoire culturelle_t, prospectives_t;Datasets/all_labels_train_gensim_sparse_matrix.npz
archivalia.hypotheses.org/7467;histoire et archéologie_d, sciences sociales interdisciplinaires_d, histoire_t, approches de corpus_t, enquêtes_t, archives_t;Datasets/all_labels_train_gensim_sparse_matrix.npz
tagebuch.hypotheses.org/670;histoire et archéologie_d, histoire_d, histoire_t, époque contemporaine_t, 1914-1918_t;Datasets/all_labels_train_gensim_sparse_matrix.npz
1914lvr.hypotheses.org/1069;sciences politiques_d, histoire_t, époque contemporaine_t, 1914-1918_t;Datasets/all_labels_train_gensim_sparse_matrix.npz
archivalia.hypotheses.org/5515;histoire et archéologie_d, sciences sociales interdisciplinaires_d, histoire_t, approches de corpus_t, enquêtes_t, archives_t;Datasets/all_labels_train_gensim_sparse_matrix.npz
archivalia.hypotheses.org/13068;histoire et archéologie_d, sciences sociales interdisciplinaires_d, histoire_t, approches de corpus_t, enquêtes_t, archives_t;Datasets/all_labels_train_gensim_sparse_matrix.npz
games.hypotheses.org/488;arts et humanités_d, humanités pluridisciplinaires_d, psychologie expérimentale_d, sciences cognitives_t, psychisme_t, psychologie_t, représentations_t, histoire de l'art_t, études visuelles_t;Datasets/all_labels_train_gensim_sparse_matrix.npz
grandeguerre.hypotheses.org/219;histoire et archéologie_d, histoire_t, 1914-1918_t, prospectives_t, france_t, monde germanique_t;Datasets/all_labels_train_gensim_sparse_matrix.npz
archivalia.hypotheses.org/2079;histoire et archéologie_d, sciences sociales interdisciplinaires_d, histoire_t, approches de corpus_t, enquêtes_t, archives_t;Datasets/all_labels_train_gensim_sparse_matrix.npz
medienbildung.hypotheses.org/5474;éducation_d, éducation spécialisée_d, travail social_d, sociologie_t, édition électronique_t, histoire et sociologie des médias_t, éducation_t;Datasets/all_labels_train_gensim_sparse_matrix.npz
archivalia.hypotheses.org/14319;histoire et archéologie_d, sciences sociales interdisciplinaires_d, histoire_t, approches de corpus_t, enquêtes_t, archives_t;Datasets/all_labels_train_gensim_sparse_matrix.npz
archivewk1.hypotheses.org/22931;histoire_d, époque contemporaine_t, 1914-1918_t;Datasets/all_labels_train_gensim_sparse_matrix.npz
archivewk1.hypotheses.org/13289;histoire_d, époque contemporaine_t, 1914-1918_t;Datasets/all_labels_train_gensim_sparse_matrix.npz
archivalia.hypotheses.org/13096;histoire et archéologie_d, sciences sociales interdisciplinaires_d, histoire_t, approches de corpus_t, enquêtes_t, archives_t;Datasets/all_labels_train_gensim_sparse_matrix.npz
dhmuc.hypotheses.org/189;humanités pluridisciplinaires_d, communication_d, pluridisciplinarité_d, sciences sociales interdisciplinaires_d, études des sciences_t, édition électronique_t, digital humanities_t;Datasets/all_labels_train_gensim_sparse_matrix.npz
histbav.hypotheses.org/1904;humanités pluridisciplinaires_d, histoire_d, pluridisciplinarité_d, histoire_t, monde germanique_t;Datasets/all_labels_train_gensim_sparse_matrix.npz
jameel.hypotheses.org/189;pluridisciplinarité_d, études régionales_d, archéologie_d, arts_d, humanités pluridisciplinaires_d, représentations_t, asie_t, digital humanities_t, histoire de l'art_t;Datasets/all_labels_train_gensim_sparse_matrix.npz
mindthegaps.hypotheses.org/1887;études asiatiques_d, histoire_d, histoire_t, histoire culturelle_t, asie_t, chine_t;Datasets/all_labels_train_gensim_sparse_matrix.npz
archivalia.hypotheses.org/10748;histoire et archéologie_d, sciences sociales interdisciplinaires_d, histoire_t, approches de corpus_t, enquêtes_t, archives_t;Datasets/all_labels_train_gensim_sparse_matrix.npz
archivalia.hypotheses.org/8143;histoire et archéologie_d, sciences sociales interdisciplinaires_d, histoire_t, approches de corpus_t, enquêtes_t, archives_t;Datasets/all_labels_train_gensim_sparse_matrix.npz
bioeg.hypotheses.org/1264;histoire et archéologie_d, histoire_d, histoire_t, sciences auxiliaires de l'histoire_t, europe centrale et orientale_t, monde germanique_t;Datasets/all_labels_train_gensim_sparse_matrix.npz
archivalia.hypotheses.org/11104;histoire et archéologie_d, sciences sociales interdisciplinaires_d, histoire_t, approches de corpus_t, enquêtes_t, archives_t;Datasets/all_labels_train_gensim_sparse_matrix.npz
archivalia.hypotheses.org/55524;histoire et archéologie_d, sciences sociales interdisciplinaires_d, histoire_t, approches de corpus_t, enquêtes_t, archives_t;Datasets/all_labels_train_gensim_sparse_matrix.npz
archivamt.hypotheses.org/2217;communication_d, pluridisciplinarité_d, sciences sociales interdisciplinaires_d, information_t, sciences de l'information_t, représentations_t, patrimoine_t;Datasets/all_labels_train_gensim_sparse_matrix.npz
archives.hypotheses.org/789;histoire_d, communication_d, patrimoine_t, digital humanities_t, moyen âge_t, époque moderne_t, france_t, monde germanique_t;Datasets/all_labels_train_gensim_sparse_matrix.npz
quadrivium.hypotheses.org/208;pluridisciplinarité_d, histoire des sciences_t, histoire_t, histoire et sociologie des médias_t, historiographie_t, moyen âge_t, haut moyen âge_t;Datasets/all_labels_train_gensim_sparse_matrix.npz
archivalia.hypotheses.org/61747;histoire et archéologie_d, sciences sociales interdisciplinaires_d, histoire_t, approches de corpus_t, enquêtes_t, archives_t;Datasets/all_labels_train_gensim_sparse_matrix.npz
dhdhi.hypotheses.org/1188;histoire et archéologie_d, histoire_t, épistémologie et méthodes_t, digital humanities_t;Datasets/all_labels_train_gensim_sparse_matrix.npz
lvrafz.hypotheses.org/1317;pluridisciplinarité_d, information_t;Datasets/all_labels_train_gensim_sparse_matrix.npz
archive20.hypotheses.org/2764;pluridisciplinarité_d, sciences sociales interdisciplinaires_d, histoire_t, information_t, patrimoine_t, monde germanique_t;Datasets/all_labels_train_gensim_sparse_matrix.npz
trafo.hypotheses.org/1006;pluridisciplinarité_d, sciences sociales interdisciplinaires_d, études régionales_d, sociologie_t, sociologie des religions_t, information_t, histoire culturelle_t;Datasets/all_labels_train_gensim_sparse_matrix.npz
archivamt.hypotheses.org/1779;communication_d, pluridisciplinarité_d, sciences sociales interdisciplinaires_d, information_t, sciences de l'information_t, représentations_t, patrimoine_t;Datasets/all_labels_train_gensim_sparse_matrix.npz
histbav.hypotheses.org/736;humanités pluridisciplinaires_d, histoire_d, pluridisciplinarité_d, histoire_t, monde germanique_t;Datasets/all_labels_train_gensim_sparse_matrix.npz
archivewk1.hypotheses.org/16233;histoire_d, époque contemporaine_t, 1914-1918_t;Datasets/all_labels_train_gensim_sparse_matrix.npz
kristinoswald.hypotheses.org/1656;études anciennes_d, études des sciences_t, histoire_t, histoire et sociologie des médias_t, histoire culturelle_t, digital humanities_t;Datasets/all_labels_train_gensim_sparse_matrix.npz
heraldica.hypotheses.org/4720;histoire_d, histoire_t, historiographie_t, sciences auxiliaires de l'histoire_t, moyen âge_t, haut moyen âge_t;Datasets/all_labels_train_gensim_sparse_matrix.npz
lvrafz.hypotheses.org/1598;pluridisciplinarité_d, information_t;Datasets/all_labels_train_gensim_sparse_matrix.npz
archivalia.hypotheses.org/12708;histoire et archéologie_d, sciences sociales interdisciplinaires_d, histoire_t, approches de corpus_t, enquêtes_t, archives_t;Datasets/all_labels_train_gensim_sparse_matrix.npz
archivalia.hypotheses.org/56088;histoire et archéologie_d, sciences sociales interdisciplinaires_d, histoire_t, approches de corpus_t, enquêtes_t, archives_t;Datasets/all_labels_train_gensim_sparse_matrix.npz
archivalia.hypotheses.org/14001;histoire et archéologie_d, sciences sociales interdisciplinaires_d, histoire_t, approches de corpus_t, enquêtes_t, archives_t;Datasets/all_labels_train_gensim_sparse_matrix.npz
archivalia.hypotheses.org/10889;histoire et archéologie_d, sciences sociales interdisciplinaires_d, histoire_t, approches de corpus_t, enquêtes_t, archives_t;Datasets/all_labels_train_gensim_sparse_matrix.npz
archivalia.hypotheses.org/12558;histoire et archéologie_d, sciences sociales interdisciplinaires_d, histoire_t, approches de corpus_t, enquêtes_t, archives_t;Datasets/all_labels_train_gensim_sparse_matrix.npz
histbav.hypotheses.org/4642;humanités pluridisciplinaires_d, histoire_d, pluridisciplinarité_d, histoire_t, monde germanique_t;Datasets/all_labels_train_gensim_sparse_matrix.npz
bioeg.hypotheses.org/598;histoire et archéologie_d, histoire_d, histoire_t, sciences auxiliaires de l'histoire_t, europe centrale et orientale_t, monde germanique_t;Datasets/all_labels_train_gensim_sparse_matrix.npz
mittelalter.hypotheses.org/7629;humanités pluridisciplinaires_d, religions_d, histoire_d, sociologie_d, histoire_t, histoire sociale_t, histoire intellectuelle_t, moyen âge_t, haut moyen âge_t, bas moyen âge_t;Datasets/all_labels_train_gensim_sparse_matrix.npz
archivalia.hypotheses.org/57254;histoire et archéologie_d, sciences sociales interdisciplinaires_d, histoire_t, approches de corpus_t, enquêtes_t, archives_t;Datasets/all_labels_train_gensim_sparse_matrix.npz
netzwerk.hypotheses.org/1883;histoire et archéologie_d, histoire urbaine_t, histoire sociale_t, histoire intellectuelle_t, époque contemporaine_t;Datasets/all_labels_train_gensim_sparse_matrix.npz
archivalia.hypotheses.org/4292;histoire et archéologie_d, sciences sociales interdisciplinaires_d, histoire_t, approches de corpus_t, enquêtes_t, archives_t;Datasets/all_labels_train_gensim_sparse_matrix.npz
archivewk1.hypotheses.org/26311;histoire_d, époque contemporaine_t, 1914-1918_t;Datasets/all_labels_train_gensim_sparse_matrix.npz
archivewk1.hypotheses.org/3975;histoire_d, époque contemporaine_t, 1914-1918_t;Datasets/all_labels_train_gensim_sparse_matrix.npz
tagebuch.hypotheses.org/926;histoire et archéologie_d, histoire_d, histoire_t, époque contemporaine_t, 1914-1918_t;Datasets/all_labels_train_gensim_sparse_matrix.npz
archivewk1.hypotheses.org/10689;histoire_d, époque contemporaine_t, 1914-1918_t;Datasets/all_labels_train_gensim_sparse_matrix.npz
naps.hypotheses.org/581;histoire_d, histoire_t, épistémologie et méthodes_t, approches de corpus_t, enquêtes_t, archives_t, prospectives_t, france_t, monde germanique_t;Datasets/all_labels_train_gensim_sparse_matrix.npz
archivalia.hypotheses.org/9840;histoire et archéologie_d, sciences sociales interdisciplinaires_d, histoire_t, approches de corpus_t, enquêtes_t, archives_t;Datasets/all_labels_train_gensim_sparse_matrix.npz
unibloggt.hypotheses.org/1074;histoire et archéologie_d, pluridisciplinarité_d, histoire_t, information_t;Datasets/all_labels_train_gensim_sparse_matrix.npz
archivlinz.hypotheses.org/732;histoire et archéologie_d, histoire_d, histoire urbaine_t, 1914-1918_t, monde germanique_t;Datasets/all_labels_train_gensim_sparse_matrix.npz
wwc.hypotheses.org/2226;humanités pluridisciplinaires_d, pluridisciplinarité_d, études régionales_d, relations internationales_t, information_t, représentations_t;Datasets/all_labels_train_gensim_sparse_matrix.npz
archivalia.hypotheses.org/4597;histoire et archéologie_d, sciences sociales interdisciplinaires_d, histoire_t, approches de corpus_t, enquêtes_t, archives_t;Datasets/all_labels_train_gensim_sparse_matrix.npz
archivalia.hypotheses.org/55814;histoire et archéologie_d, sciences sociales interdisciplinaires_d, histoire_t, approches de corpus_t, enquêtes_t, archives_t;Datasets/all_labels_train_gensim_sparse_matrix.npz
archivewk1.hypotheses.org/17321;histoire_d, époque contemporaine_t, 1914-1918_t;Datasets/all_labels_train_gensim_sparse_matrix.npz
geschichtsadmin.hypotheses.org/371;éducation_d, histoire_d, sociologie du travail_t, histoire_t;Datasets/all_labels_train_gensim_sparse_matrix.npz
dislab.hypotheses.org/1447;sciences sociales interdisciplinaires_d, langue et linguistique_d, sociologie des sciences_t, linguistique_t;Datasets/all_labels_train_gensim_sparse_matrix.npz
archivewk1.hypotheses.org/8475;histoire_d, époque contemporaine_t, 1914-1918_t;Datasets/all_labels_train_gensim_sparse_matrix.npz
mittelalter.hypotheses.org/2481;humanités pluridisciplinaires_d, religions_d, histoire_d, sociologie_d, histoire_t, histoire sociale_t, histoire intellectuelle_t, moyen âge_t, haut moyen âge_t, bas moyen âge_t;Datasets/all_labels_train_gensim_sparse_matrix.npz
archivalia.hypotheses.org/4945;histoire et archéologie_d, sciences sociales interdisciplinaires_d, histoire_t, approches de corpus_t, enquêtes_t, archives_t;Datasets/all_labels_train_gensim_sparse_matrix.npz
archivalia.hypotheses.org/57015;histoire et archéologie_d, sciences sociales interdisciplinaires_d, histoire_t, approches de corpus_t, enquêtes_t, archives_t;Datasets/all_labels_train_gensim_sparse_matrix.npz
archivalia.hypotheses.org/8987;histoire et archéologie_d, sciences sociales interdisciplinaires_d, histoire_t, approches de corpus_t, enquêtes_t, archives_t;Datasets/all_labels_train_gensim_sparse_matrix.npz
frueheneuzeit.hypotheses.org/1818;histoire et archéologie_d, histoire_t, époque moderne_t, xviie siècle_t, xviiie siècle_t, révolution française_t;Datasets/all_labels_train_gensim_sparse_matrix.npz
dokunstlmu.hypotheses.org/1728;arts et humanités_d, histoire intellectuelle_t;Datasets/all_labels_train_gensim_sparse_matrix.npz
archivalia.hypotheses.org/5752;histoire et archéologie_d, sciences sociales interdisciplinaires_d, histoire_t, approches de corpus_t, enquêtes_t, archives_t;Datasets/all_labels_train_gensim_sparse_matrix.npz
archivewk1.hypotheses.org/35121;histoire_d, époque contemporaine_t, 1914-1918_t;Datasets/all_labels_train_gensim_sparse_matrix.npz
dkblog.hypotheses.org/327;histoire_d, histoire_t, époque moderne_t, xviie siècle_t;Datasets/all_labels_train_gensim_sparse_matrix.npz
archivalia.hypotheses.org/10747;histoire et archéologie_d, sciences sociales interdisciplinaires_d, histoire_t, approches de corpus_t, enquêtes_t, archives_t;Datasets/all_labels_train_gensim_sparse_matrix.npz
dss.hypotheses.org/1371;arts et humanités_d, communication_d, sciences de l'information et bibliothéconomie_d, information_t, édition électronique_t, représentations_t, histoire de l'art_t, patrimoine_t, prospectives_t;Datasets/all_labels_train_gensim_sparse_matrix.npz
ecoglobreg.hypotheses.org/509;histoire_d, sciences politiques_d, histoire_t, 1945-1989_t;Datasets/all_labels_train_gensim_sparse_matrix.npz
archivalia.hypotheses.org/346;histoire et archéologie_d, sciences sociales interdisciplinaires_d, histoire_t, approches de corpus_t, enquêtes_t, archives_t;Datasets/all_labels_train_gensim_sparse_matrix.npz
archivalia.hypotheses.org/9193;histoire et archéologie_d, sciences sociales interdisciplinaires_d, histoire_t, approches de corpus_t, enquêtes_t, archives_t;Datasets/all_labels_train_gensim_sparse_matrix.npz
archivalia.hypotheses.org/8495;histoire et archéologie_d, sciences sociales interdisciplinaires_d, histoire_t, approches de corpus_t, enquêtes_t, archives_t;Datasets/all_labels_train_gensim_sparse_matrix.npz
archivalia.hypotheses.org/14212;histoire et archéologie_d, sciences sociales interdisciplinaires_d, histoire_t, approches de corpus_t, enquêtes_t, archives_t;Datasets/all_labels_train_gensim_sparse_matrix.npz
archivewk1.hypotheses.org/13553;histoire_d, époque contemporaine_t, 1914-1918_t;Datasets/all_labels_train_gensim_sparse_matrix.npz
archivewk1.hypotheses.org/22909;histoire_d, époque contemporaine_t, 1914-1918_t;Datasets/all_labels_train_gensim_sparse_matrix.npz
wilma.hypotheses.org/192;éducation_d, travail social et politique sociale_d, sciences de l'éducation_t;Datasets/all_labels_train_gensim_sparse_matrix.npz
gab.hypotheses.org/2247;histoire et archéologie_d, pluridisciplinarité_d, sciences sociales interdisciplinaires_d, études des sciences_t, sociologie des sciences_t, histoire_t;Datasets/all_labels_train_gensim_sparse_matrix.npz
unibloggt.hypotheses.org/212;histoire et archéologie_d, pluridisciplinarité_d, histoire_t, information_t;Datasets/all_labels_train_gensim_sparse_matrix.npz
soziologieblog.hypotheses.org/3210;sciences sociales interdisciplinaires_d, sociologie et anthropologie_d, sociologie du travail_t, sociologie urbaine_t, sociologie de la culture_t, sociologie économique_t;Datasets/all_labels_train_gensim_sparse_matrix.npz
nordichistoryblog.hypotheses.org/624;arts et humanités_d, histoire et archéologie_d, histoire_t, édition électronique_t, vie de la recherche_t, approches de corpus_t, enquêtes_t, archives_t, europe_t, pays baltes et scandinaves_t;Datasets/all_labels_train_gensim_sparse_matrix.npz
ordensgeschichte.hypotheses.org/5094;arts et humanités_d, humanités pluridisciplinaires_d, histoire et archéologie_d, histoire et philosophie des sciences_d, histoire_t, haut moyen âge_t, bas moyen âge_t, xviie siècle_t, xviiie siècle_t;Datasets/all_labels_train_gensim_sparse_matrix.npz
inklusion.hypotheses.org/2575;éducation_d, travail social et politique sociale_d, sociologie du travail_t, âges de la vie_t, information_t, sciences de l'éducation_t;Datasets/all_labels_train_gensim_sparse_matrix.npz
kinder.hypotheses.org/990;éducation et sciences de l'éducation_d, études sur la famille_d, âges de la vie_t, sciences de l'éducation_t;Datasets/all_labels_train_gensim_sparse_matrix.npz
gewalt.hypotheses.org/401;sciences politiques_d, sociologie_d, sociologie_t, sociologie urbaine_t, anthropologie politique_t, histoire urbaine_t, guerres_t, conflits_t, violence_t;Datasets/all_labels_train_gensim_sparse_matrix.npz
archivalia.hypotheses.org/62754;histoire et archéologie_d, sciences sociales interdisciplinaires_d, histoire_t, approches de corpus_t, enquêtes_t, archives_t;Datasets/all_labels_train_gensim_sparse_matrix.npz
djgd.hypotheses.org/598;histoire_d, histoire_t, digital humanities_t, xxe siècle_t, prospectives_t;Datasets/all_labels_train_gensim_sparse_matrix.npz
archivewk1.hypotheses.org/21069;histoire_d, époque contemporaine_t, 1914-1918_t;Datasets/all_labels_train_gensim_sparse_matrix.npz
histbav.hypotheses.org/2611;humanités pluridisciplinaires_d, histoire_d, pluridisciplinarité_d, histoire_t, monde germanique_t;Datasets/all_labels_train_gensim_sparse_matrix.npz
archivalia.hypotheses.org/14192;histoire et archéologie_d, sciences sociales interdisciplinaires_d, histoire_t, approches de corpus_t, enquêtes_t, archives_t;Datasets/all_labels_train_gensim_sparse_matrix.npz
jameel.hypotheses.org/657;pluridisciplinarité_d, études régionales_d, archéologie_d, arts_d, humanités pluridisciplinaires_d, représentations_t, asie_t, digital humanities_t, histoire de l'art_t;Datasets/all_labels_train_gensim_sparse_matrix.npz
feldpost.hypotheses.org/68;histoire_d, histoire_t, guerres_t, conflits_t, violence_t, histoire culturelle_t, 1914-1918_t, monde germanique_t;Datasets/all_labels_train_gensim_sparse_matrix.npz
archivalia.hypotheses.org/7572;histoire et archéologie_d, sciences sociales interdisciplinaires_d, histoire_t, approches de corpus_t, enquêtes_t, archives_t;Datasets/all_labels_train_gensim_sparse_matrix.npz
archivewk1.hypotheses.org/17883;histoire_d, époque contemporaine_t, 1914-1918_t;Datasets/all_labels_train_gensim_sparse_matrix.npz
archivalia.hypotheses.org/12433;histoire et archéologie_d, sciences sociales interdisciplinaires_d, histoire_t, approches de corpus_t, enquêtes_t, archives_t;Datasets/all_labels_train_gensim_sparse_matrix.npz
archivamt.hypotheses.org/1348;communication_d, pluridisciplinarité_d, sciences sociales interdisciplinaires_d, information_t, sciences de l'information_t, représentations_t, patrimoine_t;Datasets/all_labels_train_gensim_sparse_matrix.npz
archivalia.hypotheses.org/9489;histoire et archéologie_d, sciences sociales interdisciplinaires_d, histoire_t, approches de corpus_t, enquêtes_t, archives_t;Datasets/all_labels_train_gensim_sparse_matrix.npz
archivalia.hypotheses.org/13094;histoire et archéologie_d, sciences sociales interdisciplinaires_d, histoire_t, approches de corpus_t, enquêtes_t, archives_t;Datasets/all_labels_train_gensim_sparse_matrix.npz
gid.hypotheses.org/268;pluridisciplinarité_d, sciences sociales interdisciplinaires_d, études des sciences_t, histoire des sciences_t, pensée_t, histoire intellectuelle_t, histoire culturelle_t, prospectives_t;Datasets/all_labels_train_gensim_sparse_matrix.npz
zakunibonn.hypotheses.org/334;histoire_d, psychologie_d, histoire_t, psychisme_t, psychologie_t, méthodes de traitement et de représentation_t, monde germanique_t;Datasets/all_labels_train_gensim_sparse_matrix.npz
grk1678.hypotheses.org/673;arts et humanités_d, humanités pluridisciplinaires_d, histoire et philosophie des sciences_d, pluridisciplinarité_d, philosophie_t, littératures_t, histoire culturelle_t, histoire de l'art_t;Datasets/all_labels_train_gensim_sparse_matrix.npz
tagebuch.hypotheses.org/120;histoire et archéologie_d, histoire_d, histoire_t, époque contemporaine_t, 1914-1918_t;Datasets/all_labels_train_gensim_sparse_matrix.npz
archivalia.hypotheses.org/6184;histoire et archéologie_d, sciences sociales interdisciplinaires_d, histoire_t, approches de corpus_t, enquêtes_t, archives_t;Datasets/all_labels_train_gensim_sparse_matrix.npz
reichwein.hypotheses.org/1499;histoire et archéologie_d, histoire des sciences_t, 1945-1989_t;Datasets/all_labels_train_gensim_sparse_matrix.npz
mittelalter.hypotheses.org/7554;humanités pluridisciplinaires_d, religions_d, histoire_d, sociologie_d, histoire_t, histoire sociale_t, histoire intellectuelle_t, moyen âge_t, haut moyen âge_t, bas moyen âge_t;Datasets/all_labels_train_gensim_sparse_matrix.npz
archivewk1.hypotheses.org/34764;histoire_d, époque contemporaine_t, 1914-1918_t;Datasets/all_labels_train_gensim_sparse_matrix.npz
archivewk1.hypotheses.org/26219;histoire_d, époque contemporaine_t, 1914-1918_t;Datasets/all_labels_train_gensim_sparse_matrix.npz
dhdhi.hypotheses.org/830;histoire et archéologie_d, histoire_t, épistémologie et méthodes_t, digital humanities_t;Datasets/all_labels_train_gensim_sparse_matrix.npz
archivewk1.hypotheses.org/15049;histoire_d, époque contemporaine_t, 1914-1918_t;Datasets/all_labels_train_gensim_sparse_matrix.npz
kriegsfoto.hypotheses.org/963;arts_d, histoire_d, communication_d, guerres_t, conflits_t, violence_t, études visuelles_t, époque contemporaine_t, europe centrale et orientale_t;Datasets/all_labels_train_gensim_sparse_matrix.npz
jeunegen.hypotheses.org/1562;histoire_d, pluridisciplinarité_d, histoire_t, vie de la recherche_t, moyen âge_t, haut moyen âge_t, bas moyen âge_t;Datasets/all_labels_train_gensim_sparse_matrix.npz
archivewk1.hypotheses.org/4692;histoire_d, époque contemporaine_t, 1914-1918_t;Datasets/all_labels_train_gensim_sparse_matrix.npz
bereschitrabba.hypotheses.org/290;arts et humanités_d, religions_d, langue et linguistique_d, religions_t, histoire des religions_t;Datasets/all_labels_train_gensim_sparse_matrix.npz
archivalia.hypotheses.org/8246;histoire et archéologie_d, sciences sociales interdisciplinaires_d, histoire_t, approches de corpus_t, enquêtes_t, archives_t;Datasets/all_labels_train_gensim_sparse_matrix.npz
redaktionsblog.hypotheses.org/961;arts et humanités_d, humanités pluridisciplinaires_d, épistémologie et méthodes_t, digital humanities_t;Datasets/all_labels_train_gensim_sparse_matrix.npz
artincrisis.hypotheses.org/943;arts et humanités_d, représentations_t, histoire de l'art_t, époque contemporaine_t, 1939-1945_t, monde germanique_t;Datasets/all_labels_train_gensim_sparse_matrix.npz
ordensgeschichte.hypotheses.org/10504;arts et humanités_d, humanités pluridisciplinaires_d, histoire et archéologie_d, histoire et philosophie des sciences_d, histoire_t, haut moyen âge_t, bas moyen âge_t, xviie siècle_t, xviiie siècle_t;Datasets/all_labels_train_gensim_sparse_matrix.npz
leibnizarc.hypotheses.org/836;éducation_d, histoire et archéologie_d, sciences de l'information et bibliothéconomie_d, études des sciences_t, histoire industrielle_t, histoire de l'art_t;Datasets/all_labels_train_gensim_sparse_matrix.npz
aktenkunde.hypotheses.org/561;histoire_d, histoire_t, sciences auxiliaires de l'histoire_t;Datasets/all_labels_train_gensim_sparse_matrix.npz
frobeniusforster.hypotheses.org/393;histoire et archéologie_d, histoire_t, époque moderne_t, xviiie siècle_t;Datasets/all_labels_train_gensim_sparse_matrix.npz
pgfw.hypotheses.org/1082;histoire et archéologie_d, histoire des sciences_t, histoire_t;Datasets/all_labels_train_gensim_sparse_matrix.npz
dss.hypotheses.org/496;arts et humanités_d, communication_d, sciences de l'information et bibliothéconomie_d, information_t, édition électronique_t, représentations_t, histoire de l'art_t, patrimoine_t, prospectives_t;Datasets/all_labels_train_gensim_sparse_matrix.npz
winzen.hypotheses.org/365;histoire_d, histoire_t, études visuelles_t, 1918-1939_t, 1939-1945_t, monde germanique_t;Datasets/all_labels_train_gensim_sparse_matrix.npz
texperimentales.hypotheses.org/1473;linguistique appliquée_d, langue et linguistique_d, langage_t, linguistique_t, information_t, sciences de l'information_t, digital humanities_t;Datasets/all_labels_train_gensim_sparse_matrix.npz
archivalia.hypotheses.org/11021;histoire et archéologie_d, sciences sociales interdisciplinaires_d, histoire_t, approches de corpus_t, enquêtes_t, archives_t;Datasets/all_labels_train_gensim_sparse_matrix.npz
archivalia.hypotheses.org/8444;histoire et archéologie_d, sciences sociales interdisciplinaires_d, histoire_t, approches de corpus_t, enquêtes_t, archives_t;Datasets/all_labels_train_gensim_sparse_matrix.npz
reichwein.hypotheses.org/40;histoire et archéologie_d, histoire des sciences_t, 1945-1989_t;Datasets/all_labels_train_gensim_sparse_matrix.npz
mindthegaps.hypotheses.org/1924;études asiatiques_d, histoire_d, histoire_t, histoire culturelle_t, asie_t, chine_t;Datasets/all_labels_train_gensim_sparse_matrix.npz
archivewk1.hypotheses.org/26245;histoire_d, époque contemporaine_t, 1914-1918_t;Datasets/all_labels_train_gensim_sparse_matrix.npz
archivamt.hypotheses.org/3896;communication_d, pluridisciplinarité_d, sciences sociales interdisciplinaires_d, information_t, sciences de l'information_t, représentations_t, patrimoine_t;Datasets/all_labels_train_gensim_sparse_matrix.npz
digigw.hypotheses.org/746;humanités pluridisciplinaires_d, histoire_t, édition électronique_t, sciences auxiliaires de l'histoire_t, digital humanities_t;Datasets/all_labels_train_gensim_sparse_matrix.npz
digitalintellectuals.hypotheses.org/2369;études anciennes_d, histoire et philosophie des sciences_d, pluridisciplinarité_d, littérature_d, histoire intellectuelle_t, approches de corpus_t, enquêtes_t, archives_t, époque moderne_t, prospectives_t, monde germanique_t;Datasets/all_labels_train_gensim_sparse_matrix.npz
kristinoswald.hypotheses.org/1062;études anciennes_d, études des sciences_t, histoire_t, histoire et sociologie des médias_t, histoire culturelle_t, digital humanities_t;Datasets/all_labels_train_gensim_sparse_matrix.npz
archivalia.hypotheses.org/61568;histoire et archéologie_d, sciences sociales interdisciplinaires_d, histoire_t, approches de corpus_t, enquêtes_t, archives_t;Datasets/all_labels_train_gensim_sparse_matrix.npz
hofordnung.hypotheses.org/163;arts et humanités_d, histoire et archéologie_d, histoire sociale_t, xvie siècle_t, xviie siècle_t, xviiie siècle_t;Datasets/all_labels_train_gensim_sparse_matrix.npz
dfmfa.hypotheses.org/24;humanités pluridisciplinaires_d, sciences sociales interdisciplinaires_d, histoire_t, moyen âge_t, haut moyen âge_t, bas moyen âge_t;Datasets/all_labels_train_gensim_sparse_matrix.npz
archivalia.hypotheses.org/14330;histoire et archéologie_d, sciences sociales interdisciplinaires_d, histoire_t, approches de corpus_t, enquêtes_t, archives_t;Datasets/all_labels_train_gensim_sparse_matrix.npz
archivalia.hypotheses.org/2458;histoire et archéologie_d, sciences sociales interdisciplinaires_d, histoire_t, approches de corpus_t, enquêtes_t, archives_t;Datasets/all_labels_train_gensim_sparse_matrix.npz
archivalia.hypotheses.org/6838;histoire et archéologie_d, sciences sociales interdisciplinaires_d, histoire_t, approches de corpus_t, enquêtes_t, archives_t;Datasets/all_labels_train_gensim_sparse_matrix.npz
filmeditio.hypotheses.org/422;arts_d, humanités pluridisciplinaires_d, édition électronique_t, histoire et sociologie des médias_t, patrimoine_t, études visuelles_t;Datasets/all_labels_train_gensim_sparse_matrix.npz
digitalintellectuals.hypotheses.org/2341;études anciennes_d, histoire et philosophie des sciences_d, pluridisciplinarité_d, littérature_d, histoire intellectuelle_t, approches de corpus_t, enquêtes_t, archives_t, époque moderne_t, prospectives_t, monde germanique_t;Datasets/all_labels_train_gensim_sparse_matrix.npz
dfmfa.hypotheses.org/1633;humanités pluridisciplinaires_d, sciences sociales interdisciplinaires_d, histoire_t, moyen âge_t, haut moyen âge_t, bas moyen âge_t;Datasets/all_labels_train_gensim_sparse_matrix.npz
pophistory.hypotheses.org/640;humanités pluridisciplinaires_d, histoire et archéologie_d, sociologie de la culture_t, histoire sociale_t, histoire culturelle_t, époque contemporaine_t;Datasets/all_labels_train_gensim_sparse_matrix.npz
archivalia.hypotheses.org/2327;histoire et archéologie_d, sciences sociales interdisciplinaires_d, histoire_t, approches de corpus_t, enquêtes_t, archives_t;Datasets/all_labels_train_gensim_sparse_matrix.npz
1914lvr.hypotheses.org/465;sciences politiques_d, histoire_t, époque contemporaine_t, 1914-1918_t;Datasets/all_labels_train_gensim_sparse_matrix.npz
tagebuch.hypotheses.org/142;histoire et archéologie_d, histoire_d, histoire_t, époque contemporaine_t, 1914-1918_t;Datasets/all_labels_train_gensim_sparse_matrix.npz
games.hypotheses.org/126;arts et humanités_d, humanités pluridisciplinaires_d, psychologie expérimentale_d, sciences cognitives_t, psychisme_t, psychologie_t, représentations_t, histoire de l'art_t, études visuelles_t;Datasets/all_labels_train_gensim_sparse_matrix.npz
archivewk1.hypotheses.org/23301;histoire_d, époque contemporaine_t, 1914-1918_t;Datasets/all_labels_train_gensim_sparse_matrix.npz
digigw.hypotheses.org/498;humanités pluridisciplinaires_d, histoire_t, édition électronique_t, sciences auxiliaires de l'histoire_t, digital humanities_t;Datasets/all_labels_train_gensim_sparse_matrix.npz
schotten.hypotheses.org/180;religions_d, histoire et archéologie_d, sciences de l'information et de la communication_d, bibliothéconomie_d, histoire_t, histoire des religions_t, approches de corpus_t, enquêtes_t, archives_t, monde germanique_t;Datasets/all_labels_train_gensim_sparse_matrix.npz
archiskop.hypotheses.org/99;archéologie_d, bas moyen âge_t;Datasets/all_labels_train_gensim_sparse_matrix.npz
mittelalter.hypotheses.org/9106;humanités pluridisciplinaires_d, religions_d, histoire_d, sociologie_d, histoire_t, histoire sociale_t, histoire intellectuelle_t, moyen âge_t, haut moyen âge_t, bas moyen âge_t;Datasets/all_labels_train_gensim_sparse_matrix.npz
rhad.hypotheses.org/365;histoire_d, histoire des sciences sociales_d, histoire_t, époque moderne_t, révolution française_t, xviie siècle_t, xviiie siècle_t, prospectives_t;Datasets/all_labels_train_gensim_sparse_matrix.npz
archivalia.hypotheses.org/12837;histoire et archéologie_d, sciences sociales interdisciplinaires_d, histoire_t, approches de corpus_t, enquêtes_t, archives_t;Datasets/all_labels_train_gensim_sparse_matrix.npz
kristinoswald.hypotheses.org/1600;études anciennes_d, études des sciences_t, histoire_t, histoire et sociologie des médias_t, histoire culturelle_t, digital humanities_t;Datasets/all_labels_train_gensim_sparse_matrix.npz
unibloggt.hypotheses.org/293;histoire et archéologie_d, pluridisciplinarité_d, histoire_t, information_t;Datasets/all_labels_train_gensim_sparse_matrix.npz
mittelalter.hypotheses.org/2644;humanités pluridisciplinaires_d, religions_d, histoire_d, sociologie_d, histoire_t, histoire sociale_t, histoire intellectuelle_t, moyen âge_t, haut moyen âge_t, bas moyen âge_t;Datasets/all_labels_train_gensim_sparse_matrix.npz
archivalia.hypotheses.org/986;histoire et archéologie_d, sciences sociales interdisciplinaires_d, histoire_t, approches de corpus_t, enquêtes_t, archives_t;Datasets/all_labels_train_gensim_sparse_matrix.npz
dkblog.hypotheses.org/632;histoire_d, histoire_t, époque moderne_t, xviie siècle_t;Datasets/all_labels_train_gensim_sparse_matrix.npz
zakunibonn.hypotheses.org/1544;histoire_d, psychologie_d, histoire_t, psychisme_t, psychologie_t, méthodes de traitement et de représentation_t, monde germanique_t;Datasets/all_labels_train_gensim_sparse_matrix.npz
archivalia.hypotheses.org/56940;histoire et archéologie_d, sciences sociales interdisciplinaires_d, histoire_t, approches de corpus_t, enquêtes_t, archives_t;Datasets/all_labels_train_gensim_sparse_matrix.npz
geschichtsadmin.hypotheses.org/356;éducation_d, histoire_d, sociologie du travail_t, histoire_t;Datasets/all_labels_train_gensim_sparse_matrix.npz
archivewk1.hypotheses.org/9598;histoire_d, époque contemporaine_t, 1914-1918_t;Datasets/all_labels_train_gensim_sparse_matrix.npz
archivalia.hypotheses.org/9398;histoire et archéologie_d, sciences sociales interdisciplinaires_d, histoire_t, approches de corpus_t, enquêtes_t, archives_t;Datasets/all_labels_train_gensim_sparse_matrix.npz
archivalia.hypotheses.org/10609;histoire et archéologie_d, sciences sociales interdisciplinaires_d, histoire_t, approches de corpus_t, enquêtes_t, archives_t;Datasets/all_labels_train_gensim_sparse_matrix.npz
archivalia.hypotheses.org/11709;histoire et archéologie_d, sciences sociales interdisciplinaires_d, histoire_t, approches de corpus_t, enquêtes_t, archives_t;Datasets/all_labels_train_gensim_sparse_matrix.npz
archivalia.hypotheses.org/9768;histoire et archéologie_d, sciences sociales interdisciplinaires_d, histoire_t, approches de corpus_t, enquêtes_t, archives_t;Datasets/all_labels_train_gensim_sparse_matrix.npz
artincrisis.hypotheses.org/973;arts et humanités_d, représentations_t, histoire de l'art_t, époque contemporaine_t, 1939-1945_t, monde germanique_t;Datasets/all_labels_train_gensim_sparse_matrix.npz
archivalia.hypotheses.org/62118;histoire et archéologie_d, sciences sociales interdisciplinaires_d, histoire_t, approches de corpus_t, enquêtes_t, archives_t;Datasets/all_labels_train_gensim_sparse_matrix.npz
lvrafz.hypotheses.org/2085;pluridisciplinarité_d, information_t;Datasets/all_labels_train_gensim_sparse_matrix.npz
histbav.hypotheses.org/1048;humanités pluridisciplinaires_d, histoire_d, pluridisciplinarité_d, histoire_t, monde germanique_t;Datasets/all_labels_train_gensim_sparse_matrix.npz
dfmfa.hypotheses.org/1240;humanités pluridisciplinaires_d, sciences sociales interdisciplinaires_d, histoire_t, moyen âge_t, haut moyen âge_t, bas moyen âge_t;Datasets/all_labels_train_gensim_sparse_matrix.npz
wwc.hypotheses.org/1413;humanités pluridisciplinaires_d, pluridisciplinarité_d, études régionales_d, relations internationales_t, information_t, représentations_t;Datasets/all_labels_train_gensim_sparse_matrix.npz
archivalia.hypotheses.org/13058;histoire et archéologie_d, sciences sociales interdisciplinaires_d, histoire_t, approches de corpus_t, enquêtes_t, archives_t;Datasets/all_labels_train_gensim_sparse_matrix.npz
archives.hypotheses.org/1189;histoire_d, communication_d, patrimoine_t, digital humanities_t, moyen âge_t, époque moderne_t, france_t, monde germanique_t;Datasets/all_labels_train_gensim_sparse_matrix.npz
medienbildung.hypotheses.org/2765;éducation_d, éducation spécialisée_d, travail social_d, sociologie_t, édition électronique_t, histoire et sociologie des médias_t, éducation_t;Datasets/all_labels_train_gensim_sparse_matrix.npz
soziologieblog.hypotheses.org/4968;sciences sociales interdisciplinaires_d, sociologie et anthropologie_d, sociologie du travail_t, sociologie urbaine_t, sociologie de la culture_t, sociologie économique_t;Datasets/all_labels_train_gensim_sparse_matrix.npz
gra.hypotheses.org/973;arts et humanités_d, communication_d, sciences de l'information et bibliothéconomie_d, représentations_t, histoire culturelle_t, histoire de l'art_t, études visuelles_t;Datasets/all_labels_train_gensim_sparse_matrix.npz
grandeguerre.hypotheses.org/495;histoire et archéologie_d, histoire_t, 1914-1918_t, prospectives_t, france_t, monde germanique_t;Datasets/all_labels_train_gensim_sparse_matrix.npz
archivalia.hypotheses.org/61942;histoire et archéologie_d, sciences sociales interdisciplinaires_d, histoire_t, approches de corpus_t, enquêtes_t, archives_t;Datasets/all_labels_train_gensim_sparse_matrix.npz
archivewk1.hypotheses.org/16079;histoire_d, époque contemporaine_t, 1914-1918_t;Datasets/all_labels_train_gensim_sparse_matrix.npz
redaktionsblog.hypotheses.org/2932;arts et humanités_d, humanités pluridisciplinaires_d, épistémologie et méthodes_t, digital humanities_t;Datasets/all_labels_train_gensim_sparse_matrix.npz
archivalia.hypotheses.org/7268;histoire et archéologie_d, sciences sociales interdisciplinaires_d, histoire_t, approches de corpus_t, enquêtes_t, archives_t;Datasets/all_labels_train_gensim_sparse_matrix.npz
archivewk1.hypotheses.org/29541;histoire_d, époque contemporaine_t, 1914-1918_t;Datasets/all_labels_train_gensim_sparse_matrix.npz
sdvigpress.hypotheses.org/503;langue et linguistique_d, philosophie_d, humanités pluridisciplinaires_d, épistémologie et méthodes_t, digital humanities_t, europe centrale et orientale_t, édition électronique_t, linguistique_t;Datasets/all_labels_train_gensim_sparse_matrix.npz
archivalia.hypotheses.org/9082;histoire et archéologie_d, sciences sociales interdisciplinaires_d, histoire_t, approches de corpus_t, enquêtes_t, archives_t;Datasets/all_labels_train_gensim_sparse_matrix.npz
resilienz.hypotheses.org/732;pluridisciplinarité_d, sciences sociales interdisciplinaires_d, études des sciences_t, épistémologie et méthodes_t, vie de la recherche_t, prospectives_t;Datasets/all_labels_train_gensim_sparse_matrix.npz
histbav.hypotheses.org/1556;humanités pluridisciplinaires_d, histoire_d, pluridisciplinarité_d, histoire_t, monde germanique_t;Datasets/all_labels_train_gensim_sparse_matrix.npz
bioeg.hypotheses.org/1811;histoire et archéologie_d, histoire_d, histoire_t, sciences auxiliaires de l'histoire_t, europe centrale et orientale_t, monde germanique_t;Datasets/all_labels_train_gensim_sparse_matrix.npz
archivalia.hypotheses.org/5726;histoire et archéologie_d, sciences sociales interdisciplinaires_d, histoire_t, approches de corpus_t, enquêtes_t, archives_t;Datasets/all_labels_train_gensim_sparse_matrix.npz
archivewk1.hypotheses.org/18471;histoire_d, époque contemporaine_t, 1914-1918_t;Datasets/all_labels_train_gensim_sparse_matrix.npz
archivalia.hypotheses.org/54212;histoire et archéologie_d, sciences sociales interdisciplinaires_d, histoire_t, approches de corpus_t, enquêtes_t, archives_t;Datasets/all_labels_train_gensim_sparse_matrix.npz
maxweber.hypotheses.org/758;humanités pluridisciplinaires_d, histoire et archéologie_d, histoire et philosophie des sciences_d, sociologie et anthropologie_d, histoire sociale_t, histoire intellectuelle_t, sociologie des religions_t, vie de la recherche_t;Datasets/all_labels_train_gensim_sparse_matrix.npz
dighist.hypotheses.org/735;histoire_d, sciences sociales interdisciplinaires_d, études sur la famille_d, sociologie_d, histoire urbaine_t, histoire sociale_t, europe centrale et orientale_t;Datasets/all_labels_train_gensim_sparse_matrix.npz
fnzinfo.hypotheses.org/684;arts et humanités_d, musique_d, histoire et archéologie_d, histoire_t, xvie siècle_t, xviie siècle_t, xviiie siècle_t, révolution française_t;Datasets/all_labels_train_gensim_sparse_matrix.npz
archivlinz.hypotheses.org/253;histoire et archéologie_d, histoire_d, histoire urbaine_t, 1914-1918_t, monde germanique_t;Datasets/all_labels_train_gensim_sparse_matrix.npz
blogweimar.hypotheses.org/143;histoire et archéologie_d, histoire_t, histoire politique_t, 1918-1939_t, monde germanique_t;Datasets/all_labels_train_gensim_sparse_matrix.npz
archivewk1.hypotheses.org/1733;histoire_d, époque contemporaine_t, 1914-1918_t;Datasets/all_labels_train_gensim_sparse_matrix.npz
metablock.hypotheses.org/423;sciences sociales interdisciplinaires_d, linguistique appliquée_d, langue et linguistique_d, sociologie des sciences_t, langage_t, linguistique_t, édition électronique_t, histoire et sociologie des médias_t;Datasets/all_labels_train_gensim_sparse_matrix.npz
archivalia.hypotheses.org/57887;histoire et archéologie_d, sciences sociales interdisciplinaires_d, histoire_t, approches de corpus_t, enquêtes_t, archives_t;Datasets/all_labels_train_gensim_sparse_matrix.npz
archivewk1.hypotheses.org/17908;histoire_d, époque contemporaine_t, 1914-1918_t;Datasets/all_labels_train_gensim_sparse_matrix.npz
archivalia.hypotheses.org/13918;histoire et archéologie_d, sciences sociales interdisciplinaires_d, histoire_t, approches de corpus_t, enquêtes_t, archives_t;Datasets/all_labels_train_gensim_sparse_matrix.npz
fotoarchiv.hypotheses.org/29;sciences sociales interdisciplinaires_d, histoire_t, information_t;Datasets/all_labels_train_gensim_sparse_matrix.npz
lacriee.hypotheses.org/59452;sciences sociales interdisciplinaires_d, édition électronique_t;Datasets/all_labels_train_gensim_sparse_matrix.npz
intersex.hypotheses.org/2911;histoire_d, biomédecine_d, étude des genres_t, histoire des sciences_t, histoire_t, histoire du droit_t, moyen âge_t, xxie siècle_t;Datasets/all_labels_train_gensim_sparse_matrix.npz
texperimentales.hypotheses.org/911;linguistique appliquée_d, langue et linguistique_d, langage_t, linguistique_t, information_t, sciences de l'information_t, digital humanities_t;Datasets/all_labels_train_gensim_sparse_matrix.npz
minuseinsebene.hypotheses.org/429;archéologie_d, histoire urbaine_t, histoire des religions_t, moyen âge_t, haut moyen âge_t, monde germanique_t;Datasets/all_labels_train_gensim_sparse_matrix.npz
archivalia.hypotheses.org/6489;histoire et archéologie_d, sciences sociales interdisciplinaires_d, histoire_t, approches de corpus_t, enquêtes_t, archives_t;Datasets/all_labels_train_gensim_sparse_matrix.npz
archivalia.hypotheses.org/8249;histoire et archéologie_d, sciences sociales interdisciplinaires_d, histoire_t, approches de corpus_t, enquêtes_t, archives_t;Datasets/all_labels_train_gensim_sparse_matrix.npz
archivalia.hypotheses.org/1177;histoire et archéologie_d, sciences sociales interdisciplinaires_d, histoire_t, approches de corpus_t, enquêtes_t, archives_t;Datasets/all_labels_train_gensim_sparse_matrix.npz
archivalia.hypotheses.org/2286;histoire et archéologie_d, sciences sociales interdisciplinaires_d, histoire_t, approches de corpus_t, enquêtes_t, archives_t;Datasets/all_labels_train_gensim_sparse_matrix.npz
archivewk1.hypotheses.org/10728;histoire_d, époque contemporaine_t, 1914-1918_t;Datasets/all_labels_train_gensim_sparse_matrix.npz
archivalia.hypotheses.org/60247;histoire et archéologie_d, sciences sociales interdisciplinaires_d, histoire_t, approches de corpus_t, enquêtes_t, archives_t;Datasets/all_labels_train_gensim_sparse_matrix.npz
archivalia.hypotheses.org/12232;histoire et archéologie_d, sciences sociales interdisciplinaires_d, histoire_t, approches de corpus_t, enquêtes_t, archives_t;Datasets/all_labels_train_gensim_sparse_matrix.npz
kinder.hypotheses.org/1097;éducation et sciences de l'éducation_d, études sur la famille_d, âges de la vie_t, sciences de l'éducation_t;Datasets/all_labels_train_gensim_sparse_matrix.npz
gab.hypotheses.org/1709;histoire et archéologie_d, pluridisciplinarité_d, sciences sociales interdisciplinaires_d, études des sciences_t, sociologie des sciences_t, histoire_t;Datasets/all_labels_train_gensim_sparse_matrix.npz
archivewk1.hypotheses.org/17125;histoire_d, époque contemporaine_t, 1914-1918_t;Datasets/all_labels_train_gensim_sparse_matrix.npz
catholiccultures.hypotheses.org/1329;histoire et archéologie_d, histoire des sciences sociales_d, sciences sociales interdisciplinaires_d, sociologie et anthropologie_d, histoire_t, histoire sociale_t, histoire des religions_t, époque moderne_t;Datasets/all_labels_train_gensim_sparse_matrix.npz
medialogic.hypotheses.org/392;arts et humanités_d, sciences de l'information et de la communication_d, bibliothéconomie_d, sociologie_t;Datasets/all_labels_train_gensim_sparse_matrix.npz
bioeg.hypotheses.org/189;histoire et archéologie_d, histoire_d, histoire_t, sciences auxiliaires de l'histoire_t, europe centrale et orientale_t, monde germanique_t;Datasets/all_labels_train_gensim_sparse_matrix.npz
archivewk1.hypotheses.org/7576;histoire_d, époque contemporaine_t, 1914-1918_t;Datasets/all_labels_train_gensim_sparse_matrix.npz
archivewk1.hypotheses.org/21956;histoire_d, époque contemporaine_t, 1914-1918_t;Datasets/all_labels_train_gensim_sparse_matrix.npz
erinnern.hypotheses.org/467;éducation et sciences de l'éducation_d, histoire_d, histoire_t, éducation_t, 1918-1939_t, 1939-1945_t, 1945-1989_t;Datasets/all_labels_train_gensim_sparse_matrix.npz
bioeg.hypotheses.org/447;histoire et archéologie_d, histoire_d, histoire_t, sciences auxiliaires de l'histoire_t, europe centrale et orientale_t, monde germanique_t;Datasets/all_labels_train_gensim_sparse_matrix.npz
erinnern.hypotheses.org/132;éducation et sciences de l'éducation_d, histoire_d, histoire_t, éducation_t, 1918-1939_t, 1939-1945_t, 1945-1989_t;Datasets/all_labels_train_gensim_sparse_matrix.npz
archivalia.hypotheses.org/3511;histoire et archéologie_d, sciences sociales interdisciplinaires_d, histoire_t, approches de corpus_t, enquêtes_t, archives_t;Datasets/all_labels_train_gensim_sparse_matrix.npz
archivalia.hypotheses.org/3961;histoire et archéologie_d, sciences sociales interdisciplinaires_d, histoire_t, approches de corpus_t, enquêtes_t, archives_t;Datasets/all_labels_train_gensim_sparse_matrix.npz
archivewk1.hypotheses.org/4656;histoire_d, époque contemporaine_t, 1914-1918_t;Datasets/all_labels_train_gensim_sparse_matrix.npz
archive20.hypotheses.org/1880;pluridisciplinarité_d, sciences sociales interdisciplinaires_d, histoire_t, information_t, patrimoine_t, monde germanique_t;Datasets/all_labels_train_gensim_sparse_matrix.npz
kinder.hypotheses.org/45;éducation et sciences de l'éducation_d, études sur la famille_d, âges de la vie_t, sciences de l'éducation_t;Datasets/all_labels_train_gensim_sparse_matrix.npz
archivalia.hypotheses.org/14514;histoire et archéologie_d, sciences sociales interdisciplinaires_d, histoire_t, approches de corpus_t, enquêtes_t, archives_t;Datasets/all_labels_train_gensim_sparse_matrix.npz
archivalia.hypotheses.org/8539;histoire et archéologie_d, sciences sociales interdisciplinaires_d, histoire_t, approches de corpus_t, enquêtes_t, archives_t;Datasets/all_labels_train_gensim_sparse_matrix.npz
archivalia.hypotheses.org/11993;histoire et archéologie_d, sciences sociales interdisciplinaires_d, histoire_t, approches de corpus_t, enquêtes_t, archives_t;Datasets/all_labels_train_gensim_sparse_matrix.npz
archivalia.hypotheses.org/5709;histoire et archéologie_d, sciences sociales interdisciplinaires_d, histoire_t, approches de corpus_t, enquêtes_t, archives_t;Datasets/all_labels_train_gensim_sparse_matrix.npz
archivalia.hypotheses.org/4099;histoire et archéologie_d, sciences sociales interdisciplinaires_d, histoire_t, approches de corpus_t, enquêtes_t, archives_t;Datasets/all_labels_train_gensim_sparse_matrix.npz
archivewk1.hypotheses.org/18819;histoire_d, époque contemporaine_t, 1914-1918_t;Datasets/all_labels_train_gensim_sparse_matrix.npz
ordensgeschichte.hypotheses.org/8979;arts et humanités_d, humanités pluridisciplinaires_d, histoire et archéologie_d, histoire et philosophie des sciences_d, histoire_t, haut moyen âge_t, bas moyen âge_t, xviie siècle_t, xviiie siècle_t;Datasets/all_labels_train_gensim_sparse_matrix.npz
1914lvr.hypotheses.org/156;sciences politiques_d, histoire_t, époque contemporaine_t, 1914-1918_t;Datasets/all_labels_train_gensim_sparse_matrix.npz
archivamt.hypotheses.org/3632;communication_d, pluridisciplinarité_d, sciences sociales interdisciplinaires_d, information_t, sciences de l'information_t, représentations_t, patrimoine_t;Datasets/all_labels_train_gensim_sparse_matrix.npz
mittelalter.hypotheses.org/3082;humanités pluridisciplinaires_d, religions_d, histoire_d, sociologie_d, histoire_t, histoire sociale_t, histoire intellectuelle_t, moyen âge_t, haut moyen âge_t, bas moyen âge_t;Datasets/all_labels_train_gensim_sparse_matrix.npz
archivalia.hypotheses.org/14237;histoire et archéologie_d, sciences sociales interdisciplinaires_d, histoire_t, approches de corpus_t, enquêtes_t, archives_t;Datasets/all_labels_train_gensim_sparse_matrix.npz
beruf.hypotheses.org/1;histoire et archéologie_d, histoire_d, histoire_t;Datasets/all_labels_train_gensim_sparse_matrix.npz
archivalia.hypotheses.org/13844;histoire et archéologie_d, sciences sociales interdisciplinaires_d, histoire_t, approches de corpus_t, enquêtes_t, archives_t;Datasets/all_labels_train_gensim_sparse_matrix.npz
archivalia.hypotheses.org/10653;histoire et archéologie_d, sciences sociales interdisciplinaires_d, histoire_t, approches de corpus_t, enquêtes_t, archives_t;Datasets/all_labels_train_gensim_sparse_matrix.npz
jeunegen.hypotheses.org/242;histoire_d, pluridisciplinarité_d, histoire_t, vie de la recherche_t, moyen âge_t, haut moyen âge_t, bas moyen âge_t;Datasets/all_labels_train_gensim_sparse_matrix.npz
archivalia.hypotheses.org/53956;histoire et archéologie_d, sciences sociales interdisciplinaires_d, histoire_t, approches de corpus_t, enquêtes_t, archives_t;Datasets/all_labels_train_gensim_sparse_matrix.npz
archivalia.hypotheses.org/61364;histoire et archéologie_d, sciences sociales interdisciplinaires_d, histoire_t, approches de corpus_t, enquêtes_t, archives_t;Datasets/all_labels_train_gensim_sparse_matrix.npz
erinnerung.hypotheses.org/244;histoire et archéologie_d, histoire_t, xxe siècle_t, prospectives_t, europe_t;Datasets/all_labels_train_gensim_sparse_matrix.npz
archivewk1.hypotheses.org/10574;histoire_d, époque contemporaine_t, 1914-1918_t;Datasets/all_labels_train_gensim_sparse_matrix.npz
archivewk1.hypotheses.org/15240;histoire_d, époque contemporaine_t, 1914-1918_t;Datasets/all_labels_train_gensim_sparse_matrix.npz
archivalia.hypotheses.org/13669;histoire et archéologie_d, sciences sociales interdisciplinaires_d, histoire_t, approches de corpus_t, enquêtes_t, archives_t;Datasets/all_labels_train_gensim_sparse_matrix.npz
archivalia.hypotheses.org/11026;histoire et archéologie_d, sciences sociales interdisciplinaires_d, histoire_t, approches de corpus_t, enquêtes_t, archives_t;Datasets/all_labels_train_gensim_sparse_matrix.npz
mindthegaps.hypotheses.org/716;études asiatiques_d, histoire_d, histoire_t, histoire culturelle_t, asie_t, chine_t;Datasets/all_labels_train_gensim_sparse_matrix.npz
archivlinz.hypotheses.org/51;histoire et archéologie_d, histoire_d, histoire urbaine_t, 1914-1918_t, monde germanique_t;Datasets/all_labels_train_gensim_sparse_matrix.npz
archivalia.hypotheses.org/11832;histoire et archéologie_d, sciences sociales interdisciplinaires_d, histoire_t, approches de corpus_t, enquêtes_t, archives_t;Datasets/all_labels_train_gensim_sparse_matrix.npz
oberrhein.hypotheses.org/76;religions_d, archéologie_d, histoire_d, histoire_t, moyen âge_t, france_t, monde germanique_t;Datasets/all_labels_train_gensim_sparse_matrix.npz
gab.hypotheses.org/1791;histoire et archéologie_d, pluridisciplinarité_d, sciences sociales interdisciplinaires_d, études des sciences_t, sociologie des sciences_t, histoire_t;Datasets/all_labels_train_gensim_sparse_matrix.npz
francofil.hypotheses.org/3491;pluridisciplinarité_d, sciences sociales interdisciplinaires_d, histoire_t, épistémologie et méthodes_t, approches de corpus_t, enquêtes_t, archives_t, france_t;Datasets/all_labels_train_gensim_sparse_matrix.npz
merzdadaco.hypotheses.org/33;humanités pluridisciplinaires_d, littérature_d, littératures_t, représentations_t, histoire culturelle_t, histoire de l'art_t;Datasets/all_labels_train_gensim_sparse_matrix.npz
histbav.hypotheses.org/1632;humanités pluridisciplinaires_d, histoire_d, pluridisciplinarité_d, histoire_t, monde germanique_t;Datasets/all_labels_train_gensim_sparse_matrix.npz
archivalia.hypotheses.org/7686;histoire et archéologie_d, sciences sociales interdisciplinaires_d, histoire_t, approches de corpus_t, enquêtes_t, archives_t;Datasets/all_labels_train_gensim_sparse_matrix.npz
archivewk1.hypotheses.org/15065;histoire_d, époque contemporaine_t, 1914-1918_t;Datasets/all_labels_train_gensim_sparse_matrix.npz
archivalia.hypotheses.org/6571;histoire et archéologie_d, sciences sociales interdisciplinaires_d, histoire_t, approches de corpus_t, enquêtes_t, archives_t;Datasets/all_labels_train_gensim_sparse_matrix.npz
archivalia.hypotheses.org/59266;histoire et archéologie_d, sciences sociales interdisciplinaires_d, histoire_t, approches de corpus_t, enquêtes_t, archives_t;Datasets/all_labels_train_gensim_sparse_matrix.npz
archivalia.hypotheses.org/56677;histoire et archéologie_d, sciences sociales interdisciplinaires_d, histoire_t, approches de corpus_t, enquêtes_t, archives_t;Datasets/all_labels_train_gensim_sparse_matrix.npz
grk1678.hypotheses.org/751;arts et humanités_d, humanités pluridisciplinaires_d, histoire et philosophie des sciences_d, pluridisciplinarité_d, philosophie_t, littératures_t, histoire culturelle_t, histoire de l'art_t;Datasets/all_labels_train_gensim_sparse_matrix.npz
archivalia.hypotheses.org/62938;histoire et archéologie_d, sciences sociales interdisciplinaires_d, histoire_t, approches de corpus_t, enquêtes_t, archives_t;Datasets/all_labels_train_gensim_sparse_matrix.npz
archivewk1.hypotheses.org/29645;histoire_d, époque contemporaine_t, 1914-1918_t;Datasets/all_labels_train_gensim_sparse_matrix.npz
archivalia.hypotheses.org/13469;histoire et archéologie_d, sciences sociales interdisciplinaires_d, histoire_t, approches de corpus_t, enquêtes_t, archives_t;Datasets/all_labels_train_gensim_sparse_matrix.npz
trafo.hypotheses.org/5043;pluridisciplinarité_d, sciences sociales interdisciplinaires_d, études régionales_d, sociologie_t, sociologie des religions_t, information_t, histoire culturelle_t;Datasets/all_labels_train_gensim_sparse_matrix.npz
ordensgeschichte.hypotheses.org/2550;arts et humanités_d, humanités pluridisciplinaires_d, histoire et archéologie_d, histoire et philosophie des sciences_d, histoire_t, haut moyen âge_t, bas moyen âge_t, xviie siècle_t, xviiie siècle_t;Datasets/all_labels_train_gensim_sparse_matrix.npz
archivamt.hypotheses.org/1414;communication_d, pluridisciplinarité_d, sciences sociales interdisciplinaires_d, information_t, sciences de l'information_t, représentations_t, patrimoine_t;Datasets/all_labels_train_gensim_sparse_matrix.npz
liparchiv.hypotheses.org/701;histoire et archéologie_d, sciences politiques_d, administration publique et développement_d, histoire urbaine_t, patrimoine_t, sciences auxiliaires de l'histoire_t, approches de corpus_t, enquêtes_t, archives_t, europe_t;Datasets/all_labels_train_gensim_sparse_matrix.npz
archivewk1.hypotheses.org/2503;histoire_d, époque contemporaine_t, 1914-1918_t;Datasets/all_labels_train_gensim_sparse_matrix.npz
grammata.hypotheses.org/14;études anciennes_d, religions_d, littérature_d, religions_t, littératures_t;Datasets/all_labels_train_gensim_sparse_matrix.npz
archivalia.hypotheses.org/5376;histoire et archéologie_d, sciences sociales interdisciplinaires_d, histoire_t, approches de corpus_t, enquêtes_t, archives_t;Datasets/all_labels_train_gensim_sparse_matrix.npz
archivewk1.hypotheses.org/14714;histoire_d, époque contemporaine_t, 1914-1918_t;Datasets/all_labels_train_gensim_sparse_matrix.npz
archivewk1.hypotheses.org/3586;histoire_d, époque contemporaine_t, 1914-1918_t;Datasets/all_labels_train_gensim_sparse_matrix.npz
merzdadaco.hypotheses.org/588;humanités pluridisciplinaires_d, littérature_d, littératures_t, représentations_t, histoire culturelle_t, histoire de l'art_t;Datasets/all_labels_train_gensim_sparse_matrix.npz
inklusion.hypotheses.org/480;éducation_d, travail social et politique sociale_d, sociologie du travail_t, âges de la vie_t, information_t, sciences de l'éducation_t;Datasets/all_labels_train_gensim_sparse_matrix.npz
texperimentales.hypotheses.org/559;linguistique appliquée_d, langue et linguistique_d, langage_t, linguistique_t, information_t, sciences de l'information_t, digital humanities_t;Datasets/all_labels_train_gensim_sparse_matrix.npz
archivalia.hypotheses.org/7523;histoire et archéologie_d, sciences sociales interdisciplinaires_d, histoire_t, approches de corpus_t, enquêtes_t, archives_t;Datasets/all_labels_train_gensim_sparse_matrix.npz
lvrafz.hypotheses.org/1794;pluridisciplinarité_d, information_t;Datasets/all_labels_train_gensim_sparse_matrix.npz
artincrisis.hypotheses.org/1047;arts et humanités_d, représentations_t, histoire de l'art_t, époque contemporaine_t, 1939-1945_t, monde germanique_t;Datasets/all_labels_train_gensim_sparse_matrix.npz
texperimentales.hypotheses.org/1155;linguistique appliquée_d, langue et linguistique_d, langage_t, linguistique_t, information_t, sciences de l'information_t, digital humanities_t;Datasets/all_labels_train_gensim_sparse_matrix.npz
nordichistoryblog.hypotheses.org/2966;arts et humanités_d, histoire et archéologie_d, histoire_t, édition électronique_t, vie de la recherche_t, approches de corpus_t, enquêtes_t, archives_t, europe_t, pays baltes et scandinaves_t;Datasets/all_labels_train_gensim_sparse_matrix.npz
archivewk1.hypotheses.org/28084;histoire_d, époque contemporaine_t, 1914-1918_t;Datasets/all_labels_train_gensim_sparse_matrix.npz
archivewk1.hypotheses.org/18721;histoire_d, époque contemporaine_t, 1914-1918_t;Datasets/all_labels_train_gensim_sparse_matrix.npz
archivalia.hypotheses.org/12275;histoire et archéologie_d, sciences sociales interdisciplinaires_d, histoire_t, approches de corpus_t, enquêtes_t, archives_t;Datasets/all_labels_train_gensim_sparse_matrix.npz
archivalia.hypotheses.org/9463;histoire et archéologie_d, sciences sociales interdisciplinaires_d, histoire_t, approches de corpus_t, enquêtes_t, archives_t;Datasets/all_labels_train_gensim_sparse_matrix.npz
intersex.hypotheses.org/609;histoire_d, biomédecine_d, étude des genres_t, histoire des sciences_t, histoire_t, histoire du droit_t, moyen âge_t, xxie siècle_t;Datasets/all_labels_train_gensim_sparse_matrix.npz
zakunibonn.hypotheses.org/59;histoire_d, psychologie_d, histoire_t, psychisme_t, psychologie_t, méthodes de traitement et de représentation_t, monde germanique_t;Datasets/all_labels_train_gensim_sparse_matrix.npz
archdigi.hypotheses.org/173;archéologie_d, monde germanique_t;Datasets/all_labels_train_gensim_sparse_matrix.npz
archivalia.hypotheses.org/55876;histoire et archéologie_d, sciences sociales interdisciplinaires_d, histoire_t, approches de corpus_t, enquêtes_t, archives_t;Datasets/all_labels_train_gensim_sparse_matrix.npz
archivalia.hypotheses.org/8207;histoire et archéologie_d, sciences sociales interdisciplinaires_d, histoire_t, approches de corpus_t, enquêtes_t, archives_t;Datasets/all_labels_train_gensim_sparse_matrix.npz
games.hypotheses.org/899;arts et humanités_d, humanités pluridisciplinaires_d, psychologie expérimentale_d, sciences cognitives_t, psychisme_t, psychologie_t, représentations_t, histoire de l'art_t, études visuelles_t;Datasets/all_labels_train_gensim_sparse_matrix.npz
gab.hypotheses.org/1640;histoire et archéologie_d, pluridisciplinarité_d, sciences sociales interdisciplinaires_d, études des sciences_t, sociologie des sciences_t, histoire_t;Datasets/all_labels_train_gensim_sparse_matrix.npz
feldpost.hypotheses.org/451;histoire_d, histoire_t, guerres_t, conflits_t, violence_t, histoire culturelle_t, 1914-1918_t, monde germanique_t;Datasets/all_labels_train_gensim_sparse_matrix.npz
medienbildung.hypotheses.org/612;éducation_d, éducation spécialisée_d, travail social_d, sociologie_t, édition électronique_t, histoire et sociologie des médias_t, éducation_t;Datasets/all_labels_train_gensim_sparse_matrix.npz
adngwdng.hypotheses.org/1;histoire_d, histoire politique_t, historiographie_t, xxe siècle_t, monde germanique_t;Datasets/all_labels_train_gensim_sparse_matrix.npz
histbav.hypotheses.org/2631;humanités pluridisciplinaires_d, histoire_d, pluridisciplinarité_d, histoire_t, monde germanique_t;Datasets/all_labels_train_gensim_sparse_matrix.npz
trafo.hypotheses.org/3830;pluridisciplinarité_d, sciences sociales interdisciplinaires_d, études régionales_d, sociologie_t, sociologie des religions_t, information_t, histoire culturelle_t;Datasets/all_labels_train_gensim_sparse_matrix.npz
medienbildung.hypotheses.org/4199;éducation_d, éducation spécialisée_d, travail social_d, sociologie_t, édition électronique_t, histoire et sociologie des médias_t, éducation_t;Datasets/all_labels_train_gensim_sparse_matrix.npz
mgtud.hypotheses.org/276;humanités pluridisciplinaires_d, éducation_d, histoire et archéologie_d, histoire_d, histoire_t, histoire urbaine_t, édition électronique_t;Datasets/all_labels_train_gensim_sparse_matrix.npz
histbav.hypotheses.org/4073;humanités pluridisciplinaires_d, histoire_d, pluridisciplinarité_d, histoire_t, monde germanique_t;Datasets/all_labels_train_gensim_sparse_matrix.npz
soziologieblog.hypotheses.org/4090;sciences sociales interdisciplinaires_d, sociologie et anthropologie_d, sociologie du travail_t, sociologie urbaine_t, sociologie de la culture_t, sociologie économique_t;Datasets/all_labels_train_gensim_sparse_matrix.npz
dkblog.hypotheses.org/447;histoire_d, histoire_t, époque moderne_t, xviie siècle_t;Datasets/all_labels_train_gensim_sparse_matrix.npz
archivalia.hypotheses.org/226;histoire et archéologie_d, sciences sociales interdisciplinaires_d, histoire_t, approches de corpus_t, enquêtes_t, archives_t;Datasets/all_labels_train_gensim_sparse_matrix.npz
archive20.hypotheses.org/993;pluridisciplinarité_d, sciences sociales interdisciplinaires_d, histoire_t, information_t, patrimoine_t, monde germanique_t;Datasets/all_labels_train_gensim_sparse_matrix.npz
archivalia.hypotheses.org/11836;histoire et archéologie_d, sciences sociales interdisciplinaires_d, histoire_t, approches de corpus_t, enquêtes_t, archives_t;Datasets/all_labels_train_gensim_sparse_matrix.npz
ordensgeschichte.hypotheses.org/6718;arts et humanités_d, humanités pluridisciplinaires_d, histoire et archéologie_d, histoire et philosophie des sciences_d, histoire_t, haut moyen âge_t, bas moyen âge_t, xviie siècle_t, xviiie siècle_t;Datasets/all_labels_train_gensim_sparse_matrix.npz
cereg.hypotheses.org/348;arts et humanités_d, histoire_d, littérature_d, monde germanique_t;Datasets/all_labels_train_gensim_sparse_matrix.npz
archivalia.hypotheses.org/60479;histoire et archéologie_d, sciences sociales interdisciplinaires_d, histoire_t, approches de corpus_t, enquêtes_t, archives_t;Datasets/all_labels_train_gensim_sparse_matrix.npz
medienbildung.hypotheses.org/7816;éducation_d, éducation spécialisée_d, travail social_d, sociologie_t, édition électronique_t, histoire et sociologie des médias_t, éducation_t;Datasets/all_labels_train_gensim_sparse_matrix.npz
archivalia.hypotheses.org/13614;histoire et archéologie_d, sciences sociales interdisciplinaires_d, histoire_t, approches de corpus_t, enquêtes_t, archives_t;Datasets/all_labels_train_gensim_sparse_matrix.npz
mgtud.hypotheses.org/270;humanités pluridisciplinaires_d, éducation_d, histoire et archéologie_d, histoire_d, histoire_t, histoire urbaine_t, édition électronique_t;Datasets/all_labels_train_gensim_sparse_matrix.npz
barblog.hypotheses.org/1391;sciences sociales interdisciplinaires_d, sciences politiques_d, sociologie_d, anthropologie politique_t;Datasets/all_labels_train_gensim_sparse_matrix.npz
archivalia.hypotheses.org/6793;histoire et archéologie_d, sciences sociales interdisciplinaires_d, histoire_t, approches de corpus_t, enquêtes_t, archives_t;Datasets/all_labels_train_gensim_sparse_matrix.npz
archivalia.hypotheses.org/52725;histoire et archéologie_d, sciences sociales interdisciplinaires_d, histoire_t, approches de corpus_t, enquêtes_t, archives_t;Datasets/all_labels_train_gensim_sparse_matrix.npz
lvrafz.hypotheses.org/1141;pluridisciplinarité_d, information_t;Datasets/all_labels_train_gensim_sparse_matrix.npz
ordensgeschichte.hypotheses.org/4795;arts et humanités_d, humanités pluridisciplinaires_d, histoire et archéologie_d, histoire et philosophie des sciences_d, histoire_t, haut moyen âge_t, bas moyen âge_t, xviie siècle_t, xviiie siècle_t;Datasets/all_labels_train_gensim_sparse_matrix.npz
archivewk1.hypotheses.org/12340;histoire_d, époque contemporaine_t, 1914-1918_t;Datasets/all_labels_train_gensim_sparse_matrix.npz
fnzinfo.hypotheses.org/794;arts et humanités_d, musique_d, histoire et archéologie_d, histoire_t, xvie siècle_t, xviie siècle_t, xviiie siècle_t, révolution française_t;Datasets/all_labels_train_gensim_sparse_matrix.npz
wenhua.hypotheses.org/1278;études asiatiques_d, humanités pluridisciplinaires_d, histoire_d, histoire culturelle_t, asie_t;Datasets/all_labels_train_gensim_sparse_matrix.npz
dgl.hypotheses.org/687;éducation spécialisée_d, histoire_d, histoire_t, histoire et sociologie des médias_t, éducation_t;Datasets/all_labels_train_gensim_sparse_matrix.npz
archivalia.hypotheses.org/60791;histoire et archéologie_d, sciences sociales interdisciplinaires_d, histoire_t, approches de corpus_t, enquêtes_t, archives_t;Datasets/all_labels_train_gensim_sparse_matrix.npz
histbav.hypotheses.org/4404;humanités pluridisciplinaires_d, histoire_d, pluridisciplinarité_d, histoire_t, monde germanique_t;Datasets/all_labels_train_gensim_sparse_matrix.npz
archivalia.hypotheses.org/1195;histoire et archéologie_d, sciences sociales interdisciplinaires_d, histoire_t, approches de corpus_t, enquêtes_t, archives_t;Datasets/all_labels_train_gensim_sparse_matrix.npz
archivewk1.hypotheses.org/6375;histoire_d, époque contemporaine_t, 1914-1918_t;Datasets/all_labels_train_gensim_sparse_matrix.npz
tagebuch.hypotheses.org/640;histoire et archéologie_d, histoire_d, histoire_t, époque contemporaine_t, 1914-1918_t;Datasets/all_labels_train_gensim_sparse_matrix.npz
dfmfa.hypotheses.org/840;humanités pluridisciplinaires_d, sciences sociales interdisciplinaires_d, histoire_t, moyen âge_t, haut moyen âge_t, bas moyen âge_t;Datasets/all_labels_train_gensim_sparse_matrix.npz
ordensgeschichte.hypotheses.org/1535;arts et humanités_d, humanités pluridisciplinaires_d, histoire et archéologie_d, histoire et philosophie des sciences_d, histoire_t, haut moyen âge_t, bas moyen âge_t, xviie siècle_t, xviiie siècle_t;Datasets/all_labels_train_gensim_sparse_matrix.npz
archivalia.hypotheses.org/11978;histoire et archéologie_d, sciences sociales interdisciplinaires_d, histoire_t, approches de corpus_t, enquêtes_t, archives_t;Datasets/all_labels_train_gensim_sparse_matrix.npz
archivalia.hypotheses.org/9397;histoire et archéologie_d, sciences sociales interdisciplinaires_d, histoire_t, approches de corpus_t, enquêtes_t, archives_t;Datasets/all_labels_train_gensim_sparse_matrix.npz
gab.hypotheses.org/2739;histoire et archéologie_d, pluridisciplinarité_d, sciences sociales interdisciplinaires_d, études des sciences_t, sociologie des sciences_t, histoire_t;Datasets/all_labels_train_gensim_sparse_matrix.npz
philophiso.hypotheses.org/506;philosophie_d, éducation_d, éducation spécialisée_d, pensée_t, philosophie_t, représentations_t, patrimoine_t;Datasets/all_labels_train_gensim_sparse_matrix.npz
1914lvr.hypotheses.org/867;sciences politiques_d, histoire_t, époque contemporaine_t, 1914-1918_t;Datasets/all_labels_train_gensim_sparse_matrix.npz
artincrisis.hypotheses.org/1318;arts et humanités_d, représentations_t, histoire de l'art_t, époque contemporaine_t, 1939-1945_t, monde germanique_t;Datasets/all_labels_train_gensim_sparse_matrix.npz
archivalia.hypotheses.org/1083;histoire et archéologie_d, sciences sociales interdisciplinaires_d, histoire_t, approches de corpus_t, enquêtes_t, archives_t;Datasets/all_labels_train_gensim_sparse_matrix.npz
archdigi.hypotheses.org/161;archéologie_d, monde germanique_t;Datasets/all_labels_train_gensim_sparse_matrix.npz
archivalia.hypotheses.org/9484;histoire et archéologie_d, sciences sociales interdisciplinaires_d, histoire_t, approches de corpus_t, enquêtes_t, archives_t;Datasets/all_labels_train_gensim_sparse_matrix.npz
archivewk1.hypotheses.org/13118;histoire_d, époque contemporaine_t, 1914-1918_t;Datasets/all_labels_train_gensim_sparse_matrix.npz
archivewk1.hypotheses.org/1101;histoire_d, époque contemporaine_t, 1914-1918_t;Datasets/all_labels_train_gensim_sparse_matrix.npz
jameel.hypotheses.org/985;pluridisciplinarité_d, études régionales_d, archéologie_d, arts_d, humanités pluridisciplinaires_d, représentations_t, asie_t, digital humanities_t, histoire de l'art_t;Datasets/all_labels_train_gensim_sparse_matrix.npz
histbav.hypotheses.org/4810;humanités pluridisciplinaires_d, histoire_d, pluridisciplinarité_d, histoire_t, monde germanique_t;Datasets/all_labels_train_gensim_sparse_matrix.npz
archivalia.hypotheses.org/9340;histoire et archéologie_d, sciences sociales interdisciplinaires_d, histoire_t, approches de corpus_t, enquêtes_t, archives_t;Datasets/all_labels_train_gensim_sparse_matrix.npz
archivewk1.hypotheses.org/34945;histoire_d, époque contemporaine_t, 1914-1918_t;Datasets/all_labels_train_gensim_sparse_matrix.npz
guerre-froide.hypotheses.org/1127;histoire_d, relations internationales_t, histoire culturelle_t, 1945-1989_t;Datasets/all_labels_train_gensim_sparse_matrix.npz
archivekod.hypotheses.org/462;religions_d, histoire et archéologie_d, sciences de l'information et de la communication_d, bibliothéconomie_d, communication_d, histoire_t, histoire des religions_t, patrimoine_t;Datasets/all_labels_train_gensim_sparse_matrix.npz
digigw.hypotheses.org/575;humanités pluridisciplinaires_d, histoire_t, édition électronique_t, sciences auxiliaires de l'histoire_t, digital humanities_t;Datasets/all_labels_train_gensim_sparse_matrix.npz
zakunibonn.hypotheses.org/1119;histoire_d, psychologie_d, histoire_t, psychisme_t, psychologie_t, méthodes de traitement et de représentation_t, monde germanique_t;Datasets/all_labels_train_gensim_sparse_matrix.npz
archivalia.hypotheses.org/57328;histoire et archéologie_d, sciences sociales interdisciplinaires_d, histoire_t, approches de corpus_t, enquêtes_t, archives_t;Datasets/all_labels_train_gensim_sparse_matrix.npz
francofil.hypotheses.org/2081;pluridisciplinarité_d, sciences sociales interdisciplinaires_d, histoire_t, épistémologie et méthodes_t, approches de corpus_t, enquêtes_t, archives_t, france_t;Datasets/all_labels_train_gensim_sparse_matrix.npz
histbav.hypotheses.org/4205;humanités pluridisciplinaires_d, histoire_d, pluridisciplinarité_d, histoire_t, monde germanique_t;Datasets/all_labels_train_gensim_sparse_matrix.npz
archivalia.hypotheses.org/4984;histoire et archéologie_d, sciences sociales interdisciplinaires_d, histoire_t, approches de corpus_t, enquêtes_t, archives_t;Datasets/all_labels_train_gensim_sparse_matrix.npz
histbav.hypotheses.org/3368;humanités pluridisciplinaires_d, histoire_d, pluridisciplinarité_d, histoire_t, monde germanique_t;Datasets/all_labels_train_gensim_sparse_matrix.npz
etatsocial.hypotheses.org/753;histoire_d, histoire des sciences sociales_d, sociologie_d, économie_d, sociologie du travail_t, âges de la vie_t, xxe siècle_t;Datasets/all_labels_train_gensim_sparse_matrix.npz
kindzeit.hypotheses.org/115;éducation_d, histoire_d, histoire_t, sciences de l'éducation_t, xxie siècle_t;Datasets/all_labels_train_gensim_sparse_matrix.npz
archivalia.hypotheses.org/3421;histoire et archéologie_d, sciences sociales interdisciplinaires_d, histoire_t, approches de corpus_t, enquêtes_t, archives_t;Datasets/all_labels_train_gensim_sparse_matrix.npz
archivewk1.hypotheses.org/1656;histoire_d, époque contemporaine_t, 1914-1918_t;Datasets/all_labels_train_gensim_sparse_matrix.npz
archivewk1.hypotheses.org/24262;histoire_d, époque contemporaine_t, 1914-1918_t;Datasets/all_labels_train_gensim_sparse_matrix.npz
archivewk1.hypotheses.org/22070;histoire_d, époque contemporaine_t, 1914-1918_t;Datasets/all_labels_train_gensim_sparse_matrix.npz
archivewk1.hypotheses.org/12829;histoire_d, époque contemporaine_t, 1914-1918_t;Datasets/all_labels_train_gensim_sparse_matrix.npz
archive20.hypotheses.org/648;pluridisciplinarité_d, sciences sociales interdisciplinaires_d, histoire_t, information_t, patrimoine_t, monde germanique_t;Datasets/all_labels_train_gensim_sparse_matrix.npz
archivewk1.hypotheses.org/33210;histoire_d, époque contemporaine_t, 1914-1918_t;Datasets/all_labels_train_gensim_sparse_matrix.npz
feldpost.hypotheses.org/733;histoire_d, histoire_t, guerres_t, conflits_t, violence_t, histoire culturelle_t, 1914-1918_t, monde germanique_t;Datasets/all_labels_train_gensim_sparse_matrix.npz
archivalia.hypotheses.org/10775;histoire et archéologie_d, sciences sociales interdisciplinaires_d, histoire_t, approches de corpus_t, enquêtes_t, archives_t;Datasets/all_labels_train_gensim_sparse_matrix.npz
19jhdhip.hypotheses.org/671;histoire_d, époque contemporaine_t, prospectives_t, france_t, monde germanique_t;Datasets/all_labels_train_gensim_sparse_matrix.npz
archivalia.hypotheses.org/6632;histoire et archéologie_d, sciences sociales interdisciplinaires_d, histoire_t, approches de corpus_t, enquêtes_t, archives_t;Datasets/all_labels_train_gensim_sparse_matrix.npz
intersex.hypotheses.org/4409;histoire_d, biomédecine_d, étude des genres_t, histoire des sciences_t, histoire_t, histoire du droit_t, moyen âge_t, xxie siècle_t;Datasets/all_labels_train_gensim_sparse_matrix.npz
nummer.hypotheses.org/208;histoire_d, sciences de l'information et de la communication_d, bibliothéconomie_d, histoire_t, histoire intellectuelle_t, histoire et sociologie des médias_t, histoire culturelle_t;Datasets/all_labels_train_gensim_sparse_matrix.npz
ordensgeschichte.hypotheses.org/958;arts et humanités_d, humanités pluridisciplinaires_d, histoire et archéologie_d, histoire et philosophie des sciences_d, histoire_t, haut moyen âge_t, bas moyen âge_t, xviie siècle_t, xviiie siècle_t;Datasets/all_labels_train_gensim_sparse_matrix.npz
musicaroma.hypotheses.org/557;musique_d, histoire_d, histoire_t, histoire culturelle_t, monde germanique_t;Datasets/all_labels_train_gensim_sparse_matrix.npz
resilienz.hypotheses.org/499;pluridisciplinarité_d, sciences sociales interdisciplinaires_d, études des sciences_t, épistémologie et méthodes_t, vie de la recherche_t, prospectives_t;Datasets/all_labels_train_gensim_sparse_matrix.npz
resilienz.hypotheses.org/1029;pluridisciplinarité_d, sciences sociales interdisciplinaires_d, études des sciences_t, épistémologie et méthodes_t, vie de la recherche_t, prospectives_t;Datasets/all_labels_train_gensim_sparse_matrix.npz
histbav.hypotheses.org/689;humanités pluridisciplinaires_d, histoire_d, pluridisciplinarité_d, histoire_t, monde germanique_t;Datasets/all_labels_train_gensim_sparse_matrix.npz
1914lvr.hypotheses.org/1184;sciences politiques_d, histoire_t, époque contemporaine_t, 1914-1918_t;Datasets/all_labels_train_gensim_sparse_matrix.npz
digigw.hypotheses.org/719;humanités pluridisciplinaires_d, histoire_t, édition électronique_t, sciences auxiliaires de l'histoire_t, digital humanities_t;Datasets/all_labels_train_gensim_sparse_matrix.npz
archivalia.hypotheses.org/5582;histoire et archéologie_d, sciences sociales interdisciplinaires_d, histoire_t, approches de corpus_t, enquêtes_t, archives_t;Datasets/all_labels_train_gensim_sparse_matrix.npz
mittelalter.hypotheses.org/6789;humanités pluridisciplinaires_d, religions_d, histoire_d, sociologie_d, histoire_t, histoire sociale_t, histoire intellectuelle_t, moyen âge_t, haut moyen âge_t, bas moyen âge_t;Datasets/all_labels_train_gensim_sparse_matrix.npz
reichwein.hypotheses.org/596;histoire et archéologie_d, histoire des sciences_t, 1945-1989_t;Datasets/all_labels_train_gensim_sparse_matrix.npz
soziologieblog.hypotheses.org/3222;sciences sociales interdisciplinaires_d, sociologie et anthropologie_d, sociologie du travail_t, sociologie urbaine_t, sociologie de la culture_t, sociologie économique_t;Datasets/all_labels_train_gensim_sparse_matrix.npz
gab.hypotheses.org/1000;histoire et archéologie_d, pluridisciplinarité_d, sciences sociales interdisciplinaires_d, études des sciences_t, sociologie des sciences_t, histoire_t;Datasets/all_labels_train_gensim_sparse_matrix.npz
gid.hypotheses.org/717;pluridisciplinarité_d, sciences sociales interdisciplinaires_d, études des sciences_t, histoire des sciences_t, pensée_t, histoire intellectuelle_t, histoire culturelle_t, prospectives_t;Datasets/all_labels_train_gensim_sparse_matrix.npz
archivalia.hypotheses.org/52513;histoire et archéologie_d, sciences sociales interdisciplinaires_d, histoire_t, approches de corpus_t, enquêtes_t, archives_t;Datasets/all_labels_train_gensim_sparse_matrix.npz
archivalia.hypotheses.org/3446;histoire et archéologie_d, sciences sociales interdisciplinaires_d, histoire_t, approches de corpus_t, enquêtes_t, archives_t;Datasets/all_labels_train_gensim_sparse_matrix.npz
frueheneuzeit.hypotheses.org/1593;histoire et archéologie_d, histoire_t, époque moderne_t, xviie siècle_t, xviiie siècle_t, révolution française_t;Datasets/all_labels_train_gensim_sparse_matrix.npz
archivalia.hypotheses.org/11431;histoire et archéologie_d, sciences sociales interdisciplinaires_d, histoire_t, approches de corpus_t, enquêtes_t, archives_t;Datasets/all_labels_train_gensim_sparse_matrix.npz
ostblog.hypotheses.org/67;histoire_d, économie_d, histoire_t;Datasets/all_labels_train_gensim_sparse_matrix.npz
bioeg.hypotheses.org/1127;histoire et archéologie_d, histoire_d, histoire_t, sciences auxiliaires de l'histoire_t, europe centrale et orientale_t, monde germanique_t;Datasets/all_labels_train_gensim_sparse_matrix.npz
archivalia.hypotheses.org/4959;histoire et archéologie_d, sciences sociales interdisciplinaires_d, histoire_t, approches de corpus_t, enquêtes_t, archives_t;Datasets/all_labels_train_gensim_sparse_matrix.npz
erinnern.hypotheses.org/603;éducation et sciences de l'éducation_d, histoire_d, histoire_t, éducation_t, 1918-1939_t, 1939-1945_t, 1945-1989_t;Datasets/all_labels_train_gensim_sparse_matrix.npz
archivalia.hypotheses.org/57051;histoire et archéologie_d, sciences sociales interdisciplinaires_d, histoire_t, approches de corpus_t, enquêtes_t, archives_t;Datasets/all_labels_train_gensim_sparse_matrix.npz
intersex.hypotheses.org/4653;histoire_d, biomédecine_d, étude des genres_t, histoire des sciences_t, histoire_t, histoire du droit_t, moyen âge_t, xxie siècle_t;Datasets/all_labels_train_gensim_sparse_matrix.npz
archivalia.hypotheses.org/7752;histoire et archéologie_d, sciences sociales interdisciplinaires_d, histoire_t, approches de corpus_t, enquêtes_t, archives_t;Datasets/all_labels_train_gensim_sparse_matrix.npz
archivalia.hypotheses.org/2558;histoire et archéologie_d, sciences sociales interdisciplinaires_d, histoire_t, approches de corpus_t, enquêtes_t, archives_t;Datasets/all_labels_train_gensim_sparse_matrix.npz
archivalia.hypotheses.org/5771;histoire et archéologie_d, sciences sociales interdisciplinaires_d, histoire_t, approches de corpus_t, enquêtes_t, archives_t;Datasets/all_labels_train_gensim_sparse_matrix.npz
trafo.hypotheses.org/13;pluridisciplinarité_d, sciences sociales interdisciplinaires_d, études régionales_d, sociologie_t, sociologie des religions_t, information_t, histoire culturelle_t;Datasets/all_labels_train_gensim_sparse_matrix.npz
lvrafz.hypotheses.org/35;pluridisciplinarité_d, information_t;Datasets/all_labels_train_gensim_sparse_matrix.npz
archivalia.hypotheses.org/10087;histoire et archéologie_d, sciences sociales interdisciplinaires_d, histoire_t, approches de corpus_t, enquêtes_t, archives_t;Datasets/all_labels_train_gensim_sparse_matrix.npz
archivalia.hypotheses.org/10757;histoire et archéologie_d, sciences sociales interdisciplinaires_d, histoire_t, approches de corpus_t, enquêtes_t, archives_t;Datasets/all_labels_train_gensim_sparse_matrix.npz
dwgd.hypotheses.org/346;éducation_d, histoire_d, histoire des sciences sociales_d, histoire_t, éducation_t, sciences de l'éducation_t;Datasets/all_labels_train_gensim_sparse_matrix.npz
musermeku.hypotheses.org/1166;humanités pluridisciplinaires_d, pluridisciplinarité_d, sciences sociales interdisciplinaires_d, sociologie_t, sociologie de la culture_t, histoire_t, histoire politique_t;Datasets/all_labels_train_gensim_sparse_matrix.npz
minuseinsebene.hypotheses.org/533;archéologie_d, histoire urbaine_t, histoire des religions_t, moyen âge_t, haut moyen âge_t, monde germanique_t;Datasets/all_labels_train_gensim_sparse_matrix.npz
musermeku.hypotheses.org/882;humanités pluridisciplinaires_d, pluridisciplinarité_d, sciences sociales interdisciplinaires_d, sociologie_t, sociologie de la culture_t, histoire_t, histoire politique_t;Datasets/all_labels_train_gensim_sparse_matrix.npz
fnzinfo.hypotheses.org/805;arts et humanités_d, musique_d, histoire et archéologie_d, histoire_t, xvie siècle_t, xviie siècle_t, xviiie siècle_t, révolution française_t;Datasets/all_labels_train_gensim_sparse_matrix.npz
archivalia.hypotheses.org/7987;histoire et archéologie_d, sciences sociales interdisciplinaires_d, histoire_t, approches de corpus_t, enquêtes_t, archives_t;Datasets/all_labels_train_gensim_sparse_matrix.npz
mittelalter.hypotheses.org/488;humanités pluridisciplinaires_d, religions_d, histoire_d, sociologie_d, histoire_t, histoire sociale_t, histoire intellectuelle_t, moyen âge_t, haut moyen âge_t, bas moyen âge_t;Datasets/all_labels_train_gensim_sparse_matrix.npz
archivalia.hypotheses.org/11891;histoire et archéologie_d, sciences sociales interdisciplinaires_d, histoire_t, approches de corpus_t, enquêtes_t, archives_t;Datasets/all_labels_train_gensim_sparse_matrix.npz
grammata.hypotheses.org/462;études anciennes_d, religions_d, littérature_d, religions_t, littératures_t;Datasets/all_labels_train_gensim_sparse_matrix.npz
ordensgeschichte.hypotheses.org/3029;arts et humanités_d, humanités pluridisciplinaires_d, histoire et archéologie_d, histoire et philosophie des sciences_d, histoire_t, haut moyen âge_t, bas moyen âge_t, xviie siècle_t, xviiie siècle_t;Datasets/all_labels_train_gensim_sparse_matrix.npz
bioeg.hypotheses.org/762;histoire et archéologie_d, histoire_d, histoire_t, sciences auxiliaires de l'histoire_t, europe centrale et orientale_t, monde germanique_t;Datasets/all_labels_train_gensim_sparse_matrix.npz
winzen.hypotheses.org/745;histoire_d, histoire_t, études visuelles_t, 1918-1939_t, 1939-1945_t, monde germanique_t;Datasets/all_labels_train_gensim_sparse_matrix.npz
histbav.hypotheses.org/4909;humanités pluridisciplinaires_d, histoire_d, pluridisciplinarité_d, histoire_t, monde germanique_t;Datasets/all_labels_train_gensim_sparse_matrix.npz
archivalia.hypotheses.org/437;histoire et archéologie_d, sciences sociales interdisciplinaires_d, histoire_t, approches de corpus_t, enquêtes_t, archives_t;Datasets/all_labels_train_gensim_sparse_matrix.npz
archivewk1.hypotheses.org/16158;histoire_d, époque contemporaine_t, 1914-1918_t;Datasets/all_labels_train_gensim_sparse_matrix.npz
bioeg.hypotheses.org/1293;histoire et archéologie_d, histoire_d, histoire_t, sciences auxiliaires de l'histoire_t, europe centrale et orientale_t, monde germanique_t;Datasets/all_labels_train_gensim_sparse_matrix.npz
archivekod.hypotheses.org/343;religions_d, histoire et archéologie_d, sciences de l'information et de la communication_d, bibliothéconomie_d, communication_d, histoire_t, histoire des religions_t, patrimoine_t;Datasets/all_labels_train_gensim_sparse_matrix.npz
archivewk1.hypotheses.org/21661;histoire_d, époque contemporaine_t, 1914-1918_t;Datasets/all_labels_train_gensim_sparse_matrix.npz
archivalia.hypotheses.org/6372;histoire et archéologie_d, sciences sociales interdisciplinaires_d, histoire_t, approches de corpus_t, enquêtes_t, archives_t;Datasets/all_labels_train_gensim_sparse_matrix.npz
zakunibonn.hypotheses.org/249;histoire_d, psychologie_d, histoire_t, psychisme_t, psychologie_t, méthodes de traitement et de représentation_t, monde germanique_t;Datasets/all_labels_train_gensim_sparse_matrix.npz
zakunibonn.hypotheses.org/369;histoire_d, psychologie_d, histoire_t, psychisme_t, psychologie_t, méthodes de traitement et de représentation_t, monde germanique_t;Datasets/all_labels_train_gensim_sparse_matrix.npz
gra.hypotheses.org/1091;arts et humanités_d, communication_d, sciences de l'information et bibliothéconomie_d, représentations_t, histoire culturelle_t, histoire de l'art_t, études visuelles_t;Datasets/all_labels_train_gensim_sparse_matrix.npz
dislab.hypotheses.org/1665;sciences sociales interdisciplinaires_d, langue et linguistique_d, sociologie des sciences_t, linguistique_t;Datasets/all_labels_train_gensim_sparse_matrix.npz
minuseinsebene.hypotheses.org/825;archéologie_d, histoire urbaine_t, histoire des religions_t, moyen âge_t, haut moyen âge_t, monde germanique_t;Datasets/all_labels_train_gensim_sparse_matrix.npz
geschichtsadmin.hypotheses.org/178;éducation_d, histoire_d, sociologie du travail_t, histoire_t;Datasets/all_labels_train_gensim_sparse_matrix.npz
sdvigpress.hypotheses.org/693;langue et linguistique_d, philosophie_d, humanités pluridisciplinaires_d, épistémologie et méthodes_t, digital humanities_t, europe centrale et orientale_t, édition électronique_t, linguistique_t;Datasets/all_labels_train_gensim_sparse_matrix.npz
fnzinfo.hypotheses.org/358;arts et humanités_d, musique_d, histoire et archéologie_d, histoire_t, xvie siècle_t, xviie siècle_t, xviiie siècle_t, révolution française_t;Datasets/all_labels_train_gensim_sparse_matrix.npz
archivewk1.hypotheses.org/30456;histoire_d, époque contemporaine_t, 1914-1918_t;Datasets/all_labels_train_gensim_sparse_matrix.npz
inklusion.hypotheses.org/2222;éducation_d, travail social et politique sociale_d, sociologie du travail_t, âges de la vie_t, information_t, sciences de l'éducation_t;Datasets/all_labels_train_gensim_sparse_matrix.npz
irhis.hypotheses.org/4374;arts et humanités_d, histoire et archéologie_d, histoire économique_t, histoire sociale_t, études visuelles_t;Datasets/all_labels_train_gensim_sparse_matrix.npz
quadrivium.hypotheses.org/367;pluridisciplinarité_d, histoire des sciences_t, histoire_t, histoire et sociologie des médias_t, historiographie_t, moyen âge_t, haut moyen âge_t;Datasets/all_labels_train_gensim_sparse_matrix.npz
etatsocial.hypotheses.org/1161;histoire_d, histoire des sciences sociales_d, sociologie_d, économie_d, sociologie du travail_t, âges de la vie_t, xxe siècle_t;Datasets/all_labels_train_gensim_sparse_matrix.npz
gab.hypotheses.org/2330;histoire et archéologie_d, pluridisciplinarité_d, sciences sociales interdisciplinaires_d, études des sciences_t, sociologie des sciences_t, histoire_t;Datasets/all_labels_train_gensim_sparse_matrix.npz
archivewk1.hypotheses.org/4578;histoire_d, époque contemporaine_t, 1914-1918_t;Datasets/all_labels_train_gensim_sparse_matrix.npz
hsc.hypotheses.org/258;arts et humanités_d, humanités pluridisciplinaires_d, histoire et archéologie_d, histoire_t, historiographie_t;Datasets/all_labels_train_gensim_sparse_matrix.npz
ordensgeschichte.hypotheses.org/2789;arts et humanités_d, humanités pluridisciplinaires_d, histoire et archéologie_d, histoire et philosophie des sciences_d, histoire_t, haut moyen âge_t, bas moyen âge_t, xviie siècle_t, xviiie siècle_t;Datasets/all_labels_train_gensim_sparse_matrix.npz
speyermemo.hypotheses.org/1991;histoire_d, pluridisciplinarité_d, sciences sociales interdisciplinaires_d, sociologie de la culture_t, histoire_t, 1939-1945_t, europe_t;Datasets/all_labels_train_gensim_sparse_matrix.npz
1914lvr.hypotheses.org/1059;sciences politiques_d, histoire_t, époque contemporaine_t, 1914-1918_t;Datasets/all_labels_train_gensim_sparse_matrix.npz
archivalia.hypotheses.org/12221;histoire et archéologie_d, sciences sociales interdisciplinaires_d, histoire_t, approches de corpus_t, enquêtes_t, archives_t;Datasets/all_labels_train_gensim_sparse_matrix.npz
archivalia.hypotheses.org/14674;histoire et archéologie_d, sciences sociales interdisciplinaires_d, histoire_t, approches de corpus_t, enquêtes_t, archives_t;Datasets/all_labels_train_gensim_sparse_matrix.npz
archivalia.hypotheses.org/13986;histoire et archéologie_d, sciences sociales interdisciplinaires_d, histoire_t, approches de corpus_t, enquêtes_t, archives_t;Datasets/all_labels_train_gensim_sparse_matrix.npz
soziologieblog.hypotheses.org/2715;sciences sociales interdisciplinaires_d, sociologie et anthropologie_d, sociologie du travail_t, sociologie urbaine_t, sociologie de la culture_t, sociologie économique_t;Datasets/all_labels_train_gensim_sparse_matrix.npz
archivalia.hypotheses.org/6076;histoire et archéologie_d, sciences sociales interdisciplinaires_d, histoire_t, approches de corpus_t, enquêtes_t, archives_t;Datasets/all_labels_train_gensim_sparse_matrix.npz
archivalia.hypotheses.org/55006;histoire et archéologie_d, sciences sociales interdisciplinaires_d, histoire_t, approches de corpus_t, enquêtes_t, archives_t;Datasets/all_labels_train_gensim_sparse_matrix.npz
archivalia.hypotheses.org/8598;histoire et archéologie_d, sciences sociales interdisciplinaires_d, histoire_t, approches de corpus_t, enquêtes_t, archives_t;Datasets/all_labels_train_gensim_sparse_matrix.npz
ostbib.hypotheses.org/535;humanités pluridisciplinaires_d, histoire et archéologie_d, sciences de l'information et de la communication_d, bibliothéconomie_d, sciences sociales interdisciplinaires_d, sciences de l'information_t, édition électronique_t;Datasets/all_labels_train_gensim_sparse_matrix.npz
kristinoswald.hypotheses.org/1753;études anciennes_d, études des sciences_t, histoire_t, histoire et sociologie des médias_t, histoire culturelle_t, digital humanities_t;Datasets/all_labels_train_gensim_sparse_matrix.npz
archivalia.hypotheses.org/5548;histoire et archéologie_d, sciences sociales interdisciplinaires_d, histoire_t, approches de corpus_t, enquêtes_t, archives_t;Datasets/all_labels_train_gensim_sparse_matrix.npz
archivamt.hypotheses.org/3330;communication_d, pluridisciplinarité_d, sciences sociales interdisciplinaires_d, information_t, sciences de l'information_t, représentations_t, patrimoine_t;Datasets/all_labels_train_gensim_sparse_matrix.npz
ordensgeschichte.hypotheses.org/8172;arts et humanités_d, humanités pluridisciplinaires_d, histoire et archéologie_d, histoire et philosophie des sciences_d, histoire_t, haut moyen âge_t, bas moyen âge_t, xviie siècle_t, xviiie siècle_t;Datasets/all_labels_train_gensim_sparse_matrix.npz
archivewk1.hypotheses.org/13094;histoire_d, époque contemporaine_t, 1914-1918_t;Datasets/all_labels_train_gensim_sparse_matrix.npz
archivalia.hypotheses.org/61976;histoire et archéologie_d, sciences sociales interdisciplinaires_d, histoire_t, approches de corpus_t, enquêtes_t, archives_t;Datasets/all_labels_train_gensim_sparse_matrix.npz
archivalia.hypotheses.org/57411;histoire et archéologie_d, sciences sociales interdisciplinaires_d, histoire_t, approches de corpus_t, enquêtes_t, archives_t;Datasets/all_labels_train_gensim_sparse_matrix.npz
archivalia.hypotheses.org/62499;histoire et archéologie_d, sciences sociales interdisciplinaires_d, histoire_t, approches de corpus_t, enquêtes_t, archives_t;Datasets/all_labels_train_gensim_sparse_matrix.npz
vwm.hypotheses.org/347;histoire et archéologie_d, histoire_d, études sur la famille_d, histoire_t, histoire sociale_t, époque moderne_t, xviie siècle_t, xviiie siècle_t;Datasets/all_labels_train_gensim_sparse_matrix.npz
unibloggt.hypotheses.org/1023;histoire et archéologie_d, pluridisciplinarité_d, histoire_t, information_t;Datasets/all_labels_train_gensim_sparse_matrix.npz
archivewk1.hypotheses.org/18383;histoire_d, époque contemporaine_t, 1914-1918_t;Datasets/all_labels_train_gensim_sparse_matrix.npz
archivalia.hypotheses.org/4904;histoire et archéologie_d, sciences sociales interdisciplinaires_d, histoire_t, approches de corpus_t, enquêtes_t, archives_t;Datasets/all_labels_train_gensim_sparse_matrix.npz
archivamt.hypotheses.org/2997;communication_d, pluridisciplinarité_d, sciences sociales interdisciplinaires_d, information_t, sciences de l'information_t, représentations_t, patrimoine_t;Datasets/all_labels_train_gensim_sparse_matrix.npz
intersex.hypotheses.org/1733;histoire_d, biomédecine_d, étude des genres_t, histoire des sciences_t, histoire_t, histoire du droit_t, moyen âge_t, xxie siècle_t;Datasets/all_labels_train_gensim_sparse_matrix.npz
archivalia.hypotheses.org/7487;histoire et archéologie_d, sciences sociales interdisciplinaires_d, histoire_t, approches de corpus_t, enquêtes_t, archives_t;Datasets/all_labels_train_gensim_sparse_matrix.npz
archivewk1.hypotheses.org/5591;histoire_d, époque contemporaine_t, 1914-1918_t;Datasets/all_labels_train_gensim_sparse_matrix.npz
naps.hypotheses.org/1341;histoire_d, histoire_t, épistémologie et méthodes_t, approches de corpus_t, enquêtes_t, archives_t, prospectives_t, france_t, monde germanique_t;Datasets/all_labels_train_gensim_sparse_matrix.npz
archivalia.hypotheses.org/13206;histoire et archéologie_d, sciences sociales interdisciplinaires_d, histoire_t, approches de corpus_t, enquêtes_t, archives_t;Datasets/all_labels_train_gensim_sparse_matrix.npz
archivalia.hypotheses.org/4761;histoire et archéologie_d, sciences sociales interdisciplinaires_d, histoire_t, approches de corpus_t, enquêtes_t, archives_t;Datasets/all_labels_train_gensim_sparse_matrix.npz
archivalia.hypotheses.org/11708;histoire et archéologie_d, sciences sociales interdisciplinaires_d, histoire_t, approches de corpus_t, enquêtes_t, archives_t;Datasets/all_labels_train_gensim_sparse_matrix.npz
archivalia.hypotheses.org/12151;histoire et archéologie_d, sciences sociales interdisciplinaires_d, histoire_t, approches de corpus_t, enquêtes_t, archives_t;Datasets/all_labels_train_gensim_sparse_matrix.npz
archivalia.hypotheses.org/58815;histoire et archéologie_d, sciences sociales interdisciplinaires_d, histoire_t, approches de corpus_t, enquêtes_t, archives_t;Datasets/all_labels_train_gensim_sparse_matrix.npz
ordensgeschichte.hypotheses.org/10297;arts et humanités_d, humanités pluridisciplinaires_d, histoire et archéologie_d, histoire et philosophie des sciences_d, histoire_t, haut moyen âge_t, bas moyen âge_t, xviie siècle_t, xviiie siècle_t;Datasets/all_labels_train_gensim_sparse_matrix.npz
archivewk1.hypotheses.org/16302;histoire_d, époque contemporaine_t, 1914-1918_t;Datasets/all_labels_train_gensim_sparse_matrix.npz
inklusion.hypotheses.org/2401;éducation_d, travail social et politique sociale_d, sociologie du travail_t, âges de la vie_t, information_t, sciences de l'éducation_t;Datasets/all_labels_train_gensim_sparse_matrix.npz
archivewk1.hypotheses.org/2439;histoire_d, époque contemporaine_t, 1914-1918_t;Datasets/all_labels_train_gensim_sparse_matrix.npz
trafo.hypotheses.org/2270;pluridisciplinarité_d, sciences sociales interdisciplinaires_d, études régionales_d, sociologie_t, sociologie des religions_t, information_t, histoire culturelle_t;Datasets/all_labels_train_gensim_sparse_matrix.npz
archivalia.hypotheses.org/8343;histoire et archéologie_d, sciences sociales interdisciplinaires_d, histoire_t, approches de corpus_t, enquêtes_t, archives_t;Datasets/all_labels_train_gensim_sparse_matrix.npz
grk1678.hypotheses.org/327;arts et humanités_d, humanités pluridisciplinaires_d, histoire et philosophie des sciences_d, pluridisciplinarité_d, philosophie_t, littératures_t, histoire culturelle_t, histoire de l'art_t;Datasets/all_labels_train_gensim_sparse_matrix.npz
archivalia.hypotheses.org/7359;histoire et archéologie_d, sciences sociales interdisciplinaires_d, histoire_t, approches de corpus_t, enquêtes_t, archives_t;Datasets/all_labels_train_gensim_sparse_matrix.npz
archivalia.hypotheses.org/7979;histoire et archéologie_d, sciences sociales interdisciplinaires_d, histoire_t, approches de corpus_t, enquêtes_t, archives_t;Datasets/all_labels_train_gensim_sparse_matrix.npz
amuc.hypotheses.org/1478;humanités pluridisciplinaires_d, histoire_d, histoire_t, représentations_t, patrimoine_t;Datasets/all_labels_train_gensim_sparse_matrix.npz
medialogic.hypotheses.org/587;arts et humanités_d, sciences de l'information et de la communication_d, bibliothéconomie_d, sociologie_t;Datasets/all_labels_train_gensim_sparse_matrix.npz
hsc.hypotheses.org/280;arts et humanités_d, humanités pluridisciplinaires_d, histoire et archéologie_d, histoire_t, historiographie_t;Datasets/all_labels_train_gensim_sparse_matrix.npz
jeunegen.hypotheses.org/222;histoire_d, pluridisciplinarité_d, histoire_t, vie de la recherche_t, moyen âge_t, haut moyen âge_t, bas moyen âge_t;Datasets/all_labels_train_gensim_sparse_matrix.npz
archivekod.hypotheses.org/514;religions_d, histoire et archéologie_d, sciences de l'information et de la communication_d, bibliothéconomie_d, communication_d, histoire_t, histoire des religions_t, patrimoine_t;Datasets/all_labels_train_gensim_sparse_matrix.npz
archiskop.hypotheses.org/106;archéologie_d, bas moyen âge_t;Datasets/all_labels_train_gensim_sparse_matrix.npz
archivewk1.hypotheses.org/6634;histoire_d, époque contemporaine_t, 1914-1918_t;Datasets/all_labels_train_gensim_sparse_matrix.npz
mittelalter.hypotheses.org/6172;humanités pluridisciplinaires_d, religions_d, histoire_d, sociologie_d, histoire_t, histoire sociale_t, histoire intellectuelle_t, moyen âge_t, haut moyen âge_t, bas moyen âge_t;Datasets/all_labels_train_gensim_sparse_matrix.npz
amuc.hypotheses.org/1337;humanités pluridisciplinaires_d, histoire_d, histoire_t, représentations_t, patrimoine_t;Datasets/all_labels_train_gensim_sparse_matrix.npz
archivalia.hypotheses.org/10629;histoire et archéologie_d, sciences sociales interdisciplinaires_d, histoire_t, approches de corpus_t, enquêtes_t, archives_t;Datasets/all_labels_train_gensim_sparse_matrix.npz
dkblog.hypotheses.org/662;histoire_d, histoire_t, époque moderne_t, xviie siècle_t;Datasets/all_labels_train_gensim_sparse_matrix.npz
archivalia.hypotheses.org/8460;histoire et archéologie_d, sciences sociales interdisciplinaires_d, histoire_t, approches de corpus_t, enquêtes_t, archives_t;Datasets/all_labels_train_gensim_sparse_matrix.npz
lvrafz.hypotheses.org/1435;pluridisciplinarité_d, information_t;Datasets/all_labels_train_gensim_sparse_matrix.npz
ordensgeschichte.hypotheses.org/4371;arts et humanités_d, humanités pluridisciplinaires_d, histoire et archéologie_d, histoire et philosophie des sciences_d, histoire_t, haut moyen âge_t, bas moyen âge_t, xviie siècle_t, xviiie siècle_t;Datasets/all_labels_train_gensim_sparse_matrix.npz
barblog.hypotheses.org/973;sciences sociales interdisciplinaires_d, sciences politiques_d, sociologie_d, anthropologie politique_t;Datasets/all_labels_train_gensim_sparse_matrix.npz
1914lvr.hypotheses.org/1297;sciences politiques_d, histoire_t, époque contemporaine_t, 1914-1918_t;Datasets/all_labels_train_gensim_sparse_matrix.npz
tagebuch.hypotheses.org/1226;histoire et archéologie_d, histoire_d, histoire_t, époque contemporaine_t, 1914-1918_t;Datasets/all_labels_train_gensim_sparse_matrix.npz
archivewk1.hypotheses.org/19373;histoire_d, époque contemporaine_t, 1914-1918_t;Datasets/all_labels_train_gensim_sparse_matrix.npz
histbav.hypotheses.org/4637;humanités pluridisciplinaires_d, histoire_d, pluridisciplinarité_d, histoire_t, monde germanique_t;Datasets/all_labels_train_gensim_sparse_matrix.npz
reichwein.hypotheses.org/1629;histoire et archéologie_d, histoire des sciences_t, 1945-1989_t;Datasets/all_labels_train_gensim_sparse_matrix.npz
liparchiv.hypotheses.org/342;histoire et archéologie_d, sciences politiques_d, administration publique et développement_d, histoire urbaine_t, patrimoine_t, sciences auxiliaires de l'histoire_t, approches de corpus_t, enquêtes_t, archives_t, europe_t;Datasets/all_labels_train_gensim_sparse_matrix.npz
speyermemo.hypotheses.org/2878;histoire_d, pluridisciplinarité_d, sciences sociales interdisciplinaires_d, sociologie de la culture_t, histoire_t, 1939-1945_t, europe_t;Datasets/all_labels_train_gensim_sparse_matrix.npz
grham.hypotheses.org/2903;arts_d, humanités pluridisciplinaires_d, histoire_d, histoire_t, histoire culturelle_t, histoire de l'art_t, xviie siècle_t, xviiie siècle_t;Datasets/all_labels_train_gensim_sparse_matrix.npz
archivalia.hypotheses.org/7768;histoire et archéologie_d, sciences sociales interdisciplinaires_d, histoire_t, approches de corpus_t, enquêtes_t, archives_t;Datasets/all_labels_train_gensim_sparse_matrix.npz
archives.hypotheses.org/873;histoire_d, communication_d, patrimoine_t, digital humanities_t, moyen âge_t, époque moderne_t, france_t, monde germanique_t;Datasets/all_labels_train_gensim_sparse_matrix.npz
archivewk1.hypotheses.org/22981;histoire_d, époque contemporaine_t, 1914-1918_t;Datasets/all_labels_train_gensim_sparse_matrix.npz
archivalia.hypotheses.org/12899;histoire et archéologie_d, sciences sociales interdisciplinaires_d, histoire_t, approches de corpus_t, enquêtes_t, archives_t;Datasets/all_labels_train_gensim_sparse_matrix.npz
archivalia.hypotheses.org/10078;histoire et archéologie_d, sciences sociales interdisciplinaires_d, histoire_t, approches de corpus_t, enquêtes_t, archives_t;Datasets/all_labels_train_gensim_sparse_matrix.npz
nummer.hypotheses.org/11;histoire_d, sciences de l'information et de la communication_d, bibliothéconomie_d, histoire_t, histoire intellectuelle_t, histoire et sociologie des médias_t, histoire culturelle_t;Datasets/all_labels_train_gensim_sparse_matrix.npz
archivalia.hypotheses.org/7541;histoire et archéologie_d, sciences sociales interdisciplinaires_d, histoire_t, approches de corpus_t, enquêtes_t, archives_t;Datasets/all_labels_train_gensim_sparse_matrix.npz
archivewk1.hypotheses.org/15141;histoire_d, époque contemporaine_t, 1914-1918_t;Datasets/all_labels_train_gensim_sparse_matrix.npz
ordensgeschichte.hypotheses.org/1176;arts et humanités_d, humanités pluridisciplinaires_d, histoire et archéologie_d, histoire et philosophie des sciences_d, histoire_t, haut moyen âge_t, bas moyen âge_t, xviie siècle_t, xviiie siècle_t;Datasets/all_labels_train_gensim_sparse_matrix.npz
histbav.hypotheses.org/2178;humanités pluridisciplinaires_d, histoire_d, pluridisciplinarité_d, histoire_t, monde germanique_t;Datasets/all_labels_train_gensim_sparse_matrix.npz
archivalia.hypotheses.org/6718;histoire et archéologie_d, sciences sociales interdisciplinaires_d, histoire_t, approches de corpus_t, enquêtes_t, archives_t;Datasets/all_labels_train_gensim_sparse_matrix.npz
vivien.hypotheses.org/231;arts et humanités_d, représentations_t, histoire de l'art_t, xviiie siècle_t, france_t;Datasets/all_labels_train_gensim_sparse_matrix.npz
archivalia.hypotheses.org/8412;histoire et archéologie_d, sciences sociales interdisciplinaires_d, histoire_t, approches de corpus_t, enquêtes_t, archives_t;Datasets/all_labels_train_gensim_sparse_matrix.npz
archivewk1.hypotheses.org/28082;histoire_d, époque contemporaine_t, 1914-1918_t;Datasets/all_labels_train_gensim_sparse_matrix.npz
ordensgeschichte.hypotheses.org/2434;arts et humanités_d, humanités pluridisciplinaires_d, histoire et archéologie_d, histoire et philosophie des sciences_d, histoire_t, haut moyen âge_t, bas moyen âge_t, xviie siècle_t, xviiie siècle_t;Datasets/all_labels_train_gensim_sparse_matrix.npz
archivalia.hypotheses.org/9572;histoire et archéologie_d, sciences sociales interdisciplinaires_d, histoire_t, approches de corpus_t, enquêtes_t, archives_t;Datasets/all_labels_train_gensim_sparse_matrix.npz
resilienz.hypotheses.org/173;pluridisciplinarité_d, sciences sociales interdisciplinaires_d, études des sciences_t, épistémologie et méthodes_t, vie de la recherche_t, prospectives_t;Datasets/all_labels_train_gensim_sparse_matrix.npz
archivalia.hypotheses.org/11001;histoire et archéologie_d, sciences sociales interdisciplinaires_d, histoire_t, approches de corpus_t, enquêtes_t, archives_t;Datasets/all_labels_train_gensim_sparse_matrix.npz
studpro.hypotheses.org/387;histoire_d, histoire_t, époque moderne_t, xviie siècle_t, xviiie siècle_t;Datasets/all_labels_train_gensim_sparse_matrix.npz
archivalia.hypotheses.org/7578;histoire et archéologie_d, sciences sociales interdisciplinaires_d, histoire_t, approches de corpus_t, enquêtes_t, archives_t;Datasets/all_labels_train_gensim_sparse_matrix.npz
ockenheim.hypotheses.org/339;histoire et archéologie_d, archéologie_d, histoire_t, histoire urbaine_t, édition électronique_t, monde germanique_t;Datasets/all_labels_train_gensim_sparse_matrix.npz
archivalia.hypotheses.org/4565;histoire et archéologie_d, sciences sociales interdisciplinaires_d, histoire_t, approches de corpus_t, enquêtes_t, archives_t;Datasets/all_labels_train_gensim_sparse_matrix.npz
inklusion.hypotheses.org/368;éducation_d, travail social et politique sociale_d, sociologie du travail_t, âges de la vie_t, information_t, sciences de l'éducation_t;Datasets/all_labels_train_gensim_sparse_matrix.npz
bioeg.hypotheses.org/1954;histoire et archéologie_d, histoire_d, histoire_t, sciences auxiliaires de l'histoire_t, europe centrale et orientale_t, monde germanique_t;Datasets/all_labels_train_gensim_sparse_matrix.npz
edit.hypotheses.org/399;sciences de l'information et bibliothéconomie_d, édition électronique_t, vie de la recherche_t, méthodes de traitement et de représentation_t, digital humanities_t;Datasets/all_labels_train_gensim_sparse_matrix.npz
archivalia.hypotheses.org/1374;histoire et archéologie_d, sciences sociales interdisciplinaires_d, histoire_t, approches de corpus_t, enquêtes_t, archives_t;Datasets/all_labels_train_gensim_sparse_matrix.npz
archivewk1.hypotheses.org/20018;histoire_d, époque contemporaine_t, 1914-1918_t;Datasets/all_labels_train_gensim_sparse_matrix.npz
archivalia.hypotheses.org/4875;histoire et archéologie_d, sciences sociales interdisciplinaires_d, histoire_t, approches de corpus_t, enquêtes_t, archives_t;Datasets/all_labels_train_gensim_sparse_matrix.npz
tagebuch.hypotheses.org/174;histoire et archéologie_d, histoire_d, histoire_t, époque contemporaine_t, 1914-1918_t;Datasets/all_labels_train_gensim_sparse_matrix.npz
archivalia.hypotheses.org/61619;histoire et archéologie_d, sciences sociales interdisciplinaires_d, histoire_t, approches de corpus_t, enquêtes_t, archives_t;Datasets/all_labels_train_gensim_sparse_matrix.npz
archivalia.hypotheses.org/53791;histoire et archéologie_d, sciences sociales interdisciplinaires_d, histoire_t, approches de corpus_t, enquêtes_t, archives_t;Datasets/all_labels_train_gensim_sparse_matrix.npz
archivalia.hypotheses.org/5754;histoire et archéologie_d, sciences sociales interdisciplinaires_d, histoire_t, approches de corpus_t, enquêtes_t, archives_t;Datasets/all_labels_train_gensim_sparse_matrix.npz
gab.hypotheses.org/2564;histoire et archéologie_d, pluridisciplinarité_d, sciences sociales interdisciplinaires_d, études des sciences_t, sociologie des sciences_t, histoire_t;Datasets/all_labels_train_gensim_sparse_matrix.npz
rhad.hypotheses.org/673;histoire_d, histoire des sciences sociales_d, histoire_t, époque moderne_t, révolution française_t, xviie siècle_t, xviiie siècle_t, prospectives_t;Datasets/all_labels_train_gensim_sparse_matrix.npz
nummer.hypotheses.org/67;histoire_d, sciences de l'information et de la communication_d, bibliothéconomie_d, histoire_t, histoire intellectuelle_t, histoire et sociologie des médias_t, histoire culturelle_t;Datasets/all_labels_train_gensim_sparse_matrix.npz
intersex.hypotheses.org/4063;histoire_d, biomédecine_d, étude des genres_t, histoire des sciences_t, histoire_t, histoire du droit_t, moyen âge_t, xxie siècle_t;Datasets/all_labels_train_gensim_sparse_matrix.npz
archivalia.hypotheses.org/57661;histoire et archéologie_d, sciences sociales interdisciplinaires_d, histoire_t, approches de corpus_t, enquêtes_t, archives_t;Datasets/all_labels_train_gensim_sparse_matrix.npz
archivalia.hypotheses.org/11018;histoire et archéologie_d, sciences sociales interdisciplinaires_d, histoire_t, approches de corpus_t, enquêtes_t, archives_t;Datasets/all_labels_train_gensim_sparse_matrix.npz
archivalia.hypotheses.org/5839;histoire et archéologie_d, sciences sociales interdisciplinaires_d, histoire_t, approches de corpus_t, enquêtes_t, archives_t;Datasets/all_labels_train_gensim_sparse_matrix.npz
pgfw.hypotheses.org/1102;histoire et archéologie_d, histoire des sciences_t, histoire_t;Datasets/all_labels_train_gensim_sparse_matrix.npz
archivalia.hypotheses.org/3151;histoire et archéologie_d, sciences sociales interdisciplinaires_d, histoire_t, approches de corpus_t, enquêtes_t, archives_t;Datasets/all_labels_train_gensim_sparse_matrix.npz
archivewk1.hypotheses.org/19222;histoire_d, époque contemporaine_t, 1914-1918_t;Datasets/all_labels_train_gensim_sparse_matrix.npz
naps.hypotheses.org/293;histoire_d, histoire_t, épistémologie et méthodes_t, approches de corpus_t, enquêtes_t, archives_t, prospectives_t, france_t, monde germanique_t;Datasets/all_labels_train_gensim_sparse_matrix.npz
tagebuch.hypotheses.org/1152;histoire et archéologie_d, histoire_d, histoire_t, époque contemporaine_t, 1914-1918_t;Datasets/all_labels_train_gensim_sparse_matrix.npz
bloghaus.hypotheses.org/335;pluridisciplinarité_d, sciences sociales interdisciplinaires_d, information_t, digital humanities_t;Datasets/all_labels_train_gensim_sparse_matrix.npz
archivalia.hypotheses.org/2609;histoire et archéologie_d, sciences sociales interdisciplinaires_d, histoire_t, approches de corpus_t, enquêtes_t, archives_t;Datasets/all_labels_train_gensim_sparse_matrix.npz
lvrafz.hypotheses.org/2157;pluridisciplinarité_d, information_t;Datasets/all_labels_train_gensim_sparse_matrix.npz
heraldica.hypotheses.org/2203;histoire_d, histoire_t, historiographie_t, sciences auxiliaires de l'histoire_t, moyen âge_t, haut moyen âge_t;Datasets/all_labels_train_gensim_sparse_matrix.npz
archivalia.hypotheses.org/7999;histoire et archéologie_d, sciences sociales interdisciplinaires_d, histoire_t, approches de corpus_t, enquêtes_t, archives_t;Datasets/all_labels_train_gensim_sparse_matrix.npz
schlehen.hypotheses.org/841;éducation_d, langage_t, éducation_t, sciences de l'éducation_t, linguistique_t;Datasets/all_labels_train_gensim_sparse_matrix.npz
dgl.hypotheses.org/497;éducation spécialisée_d, histoire_d, histoire_t, histoire et sociologie des médias_t, éducation_t;Datasets/all_labels_train_gensim_sparse_matrix.npz
pgfw.hypotheses.org/1178;histoire et archéologie_d, histoire des sciences_t, histoire_t;Datasets/all_labels_train_gensim_sparse_matrix.npz
archivalia.hypotheses.org/56668;histoire et archéologie_d, sciences sociales interdisciplinaires_d, histoire_t, approches de corpus_t, enquêtes_t, archives_t;Datasets/all_labels_train_gensim_sparse_matrix.npz
kinder.hypotheses.org/769;éducation et sciences de l'éducation_d, études sur la famille_d, âges de la vie_t, sciences de l'éducation_t;Datasets/all_labels_train_gensim_sparse_matrix.npz
dislab.hypotheses.org/2412;sciences sociales interdisciplinaires_d, langue et linguistique_d, sociologie des sciences_t, linguistique_t;Datasets/all_labels_train_gensim_sparse_matrix.npz
geschichtsadmin.hypotheses.org/204;éducation_d, histoire_d, sociologie du travail_t, histoire_t;Datasets/all_labels_train_gensim_sparse_matrix.npz
wwc.hypotheses.org/2266;humanités pluridisciplinaires_d, pluridisciplinarité_d, études régionales_d, relations internationales_t, information_t, représentations_t;Datasets/all_labels_train_gensim_sparse_matrix.npz
mindthegaps.hypotheses.org/1325;études asiatiques_d, histoire_d, histoire_t, histoire culturelle_t, asie_t, chine_t;Datasets/all_labels_train_gensim_sparse_matrix.npz
archivalia.hypotheses.org/9146;histoire et archéologie_d, sciences sociales interdisciplinaires_d, histoire_t, approches de corpus_t, enquêtes_t, archives_t;Datasets/all_labels_train_gensim_sparse_matrix.npz
archivalia.hypotheses.org/7085;histoire et archéologie_d, sciences sociales interdisciplinaires_d, histoire_t, approches de corpus_t, enquêtes_t, archives_t;Datasets/all_labels_train_gensim_sparse_matrix.npz
bioeg.hypotheses.org/1739;histoire et archéologie_d, histoire_d, histoire_t, sciences auxiliaires de l'histoire_t, europe centrale et orientale_t, monde germanique_t;Datasets/all_labels_train_gensim_sparse_matrix.npz
archivalia.hypotheses.org/10386;histoire et archéologie_d, sciences sociales interdisciplinaires_d, histoire_t, approches de corpus_t, enquêtes_t, archives_t;Datasets/all_labels_train_gensim_sparse_matrix.npz
histbav.hypotheses.org/2142;humanités pluridisciplinaires_d, histoire_d, pluridisciplinarité_d, histoire_t, monde germanique_t;Datasets/all_labels_train_gensim_sparse_matrix.npz
gab.hypotheses.org/2990;histoire et archéologie_d, pluridisciplinarité_d, sciences sociales interdisciplinaires_d, études des sciences_t, sociologie des sciences_t, histoire_t;Datasets/all_labels_train_gensim_sparse_matrix.npz
sdvigpress.hypotheses.org/584;langue et linguistique_d, philosophie_d, humanités pluridisciplinaires_d, épistémologie et méthodes_t, digital humanities_t, europe centrale et orientale_t, édition électronique_t, linguistique_t;Datasets/all_labels_train_gensim_sparse_matrix.npz
kinder.hypotheses.org/881;éducation et sciences de l'éducation_d, études sur la famille_d, âges de la vie_t, sciences de l'éducation_t;Datasets/all_labels_train_gensim_sparse_matrix.npz
archivewk1.hypotheses.org/26037;histoire_d, époque contemporaine_t, 1914-1918_t;Datasets/all_labels_train_gensim_sparse_matrix.npz
jeunegen.hypotheses.org/105;histoire_d, pluridisciplinarité_d, histoire_t, vie de la recherche_t, moyen âge_t, haut moyen âge_t, bas moyen âge_t;Datasets/all_labels_train_gensim_sparse_matrix.npz
soziologieblog.hypotheses.org/8525;sciences sociales interdisciplinaires_d, sociologie et anthropologie_d, sociologie du travail_t, sociologie urbaine_t, sociologie de la culture_t, sociologie économique_t;Datasets/all_labels_train_gensim_sparse_matrix.npz
archivalia.hypotheses.org/13493;histoire et archéologie_d, sciences sociales interdisciplinaires_d, histoire_t, approches de corpus_t, enquêtes_t, archives_t;Datasets/all_labels_train_gensim_sparse_matrix.npz
nordichistoryblog.hypotheses.org/1680;arts et humanités_d, histoire et archéologie_d, histoire_t, édition électronique_t, vie de la recherche_t, approches de corpus_t, enquêtes_t, archives_t, europe_t, pays baltes et scandinaves_t;Datasets/all_labels_train_gensim_sparse_matrix.npz
fnzinfo.hypotheses.org/126;arts et humanités_d, musique_d, histoire et archéologie_d, histoire_t, xvie siècle_t, xviie siècle_t, xviiie siècle_t, révolution française_t;Datasets/all_labels_train_gensim_sparse_matrix.npz
rkb.hypotheses.org/321;arts et humanités_d, communication_d, sciences de l'information et bibliothéconomie_d, sociologie des sciences_t, édition électronique_t, histoire et sociologie des médias_t;Datasets/all_labels_train_gensim_sparse_matrix.npz
wenhua.hypotheses.org/927;études asiatiques_d, humanités pluridisciplinaires_d, histoire_d, histoire culturelle_t, asie_t;Datasets/all_labels_train_gensim_sparse_matrix.npz
archivalia.hypotheses.org/12569;histoire et archéologie_d, sciences sociales interdisciplinaires_d, histoire_t, approches de corpus_t, enquêtes_t, archives_t;Datasets/all_labels_train_gensim_sparse_matrix.npz
archivewk1.hypotheses.org/10683;histoire_d, époque contemporaine_t, 1914-1918_t;Datasets/all_labels_train_gensim_sparse_matrix.npz
frueheneuzeit.hypotheses.org/1453;histoire et archéologie_d, histoire_t, époque moderne_t, xviie siècle_t, xviiie siècle_t, révolution française_t;Datasets/all_labels_train_gensim_sparse_matrix.npz
nachhaltig.hypotheses.org/490;pluridisciplinarité_d, philosophie_d, sciences sociales interdisciplinaires_d, france_t, monde germanique_t;Datasets/all_labels_train_gensim_sparse_matrix.npz
archivalia.hypotheses.org/10361;histoire et archéologie_d, sciences sociales interdisciplinaires_d, histoire_t, approches de corpus_t, enquêtes_t, archives_t;Datasets/all_labels_train_gensim_sparse_matrix.npz
archivalia.hypotheses.org/1800;histoire et archéologie_d, sciences sociales interdisciplinaires_d, histoire_t, approches de corpus_t, enquêtes_t, archives_t;Datasets/all_labels_train_gensim_sparse_matrix.npz
archivalia.hypotheses.org/8217;histoire et archéologie_d, sciences sociales interdisciplinaires_d, histoire_t, approches de corpus_t, enquêtes_t, archives_t;Datasets/all_labels_train_gensim_sparse_matrix.npz
medienbildung.hypotheses.org/5619;éducation_d, éducation spécialisée_d, travail social_d, sociologie_t, édition électronique_t, histoire et sociologie des médias_t, éducation_t;Datasets/all_labels_train_gensim_sparse_matrix.npz
archivewk1.hypotheses.org/14375;histoire_d, époque contemporaine_t, 1914-1918_t;Datasets/all_labels_train_gensim_sparse_matrix.npz
archivalia.hypotheses.org/14435;histoire et archéologie_d, sciences sociales interdisciplinaires_d, histoire_t, approches de corpus_t, enquêtes_t, archives_t;Datasets/all_labels_train_gensim_sparse_matrix.npz
inklusion.hypotheses.org/2633;éducation_d, travail social et politique sociale_d, sociologie du travail_t, âges de la vie_t, information_t, sciences de l'éducation_t;Datasets/all_labels_train_gensim_sparse_matrix.npz
medienbildung.hypotheses.org/8530;éducation_d, éducation spécialisée_d, travail social_d, sociologie_t, édition électronique_t, histoire et sociologie des médias_t, éducation_t;Datasets/all_labels_train_gensim_sparse_matrix.npz
dss.hypotheses.org/1596;arts et humanités_d, communication_d, sciences de l'information et bibliothéconomie_d, information_t, édition électronique_t, représentations_t, histoire de l'art_t, patrimoine_t, prospectives_t;Datasets/all_labels_train_gensim_sparse_matrix.npz
dhmuc.hypotheses.org/52;humanités pluridisciplinaires_d, communication_d, pluridisciplinarité_d, sciences sociales interdisciplinaires_d, études des sciences_t, édition électronique_t, digital humanities_t;Datasets/all_labels_train_gensim_sparse_matrix.npz
merzdadaco.hypotheses.org/199;humanités pluridisciplinaires_d, littérature_d, littératures_t, représentations_t, histoire culturelle_t, histoire de l'art_t;Datasets/all_labels_train_gensim_sparse_matrix.npz
mittelalter.hypotheses.org/9617;humanités pluridisciplinaires_d, religions_d, histoire_d, sociologie_d, histoire_t, histoire sociale_t, histoire intellectuelle_t, moyen âge_t, haut moyen âge_t, bas moyen âge_t;Datasets/all_labels_train_gensim_sparse_matrix.npz
archivalia.hypotheses.org/3711;histoire et archéologie_d, sciences sociales interdisciplinaires_d, histoire_t, approches de corpus_t, enquêtes_t, archives_t;Datasets/all_labels_train_gensim_sparse_matrix.npz
archivewk1.hypotheses.org/12299;histoire_d, époque contemporaine_t, 1914-1918_t;Datasets/all_labels_train_gensim_sparse_matrix.npz
gewalt.hypotheses.org/283;sciences politiques_d, sociologie_d, sociologie_t, sociologie urbaine_t, anthropologie politique_t, histoire urbaine_t, guerres_t, conflits_t, violence_t;Datasets/all_labels_train_gensim_sparse_matrix.npz
archivalia.hypotheses.org/14590;histoire et archéologie_d, sciences sociales interdisciplinaires_d, histoire_t, approches de corpus_t, enquêtes_t, archives_t;Datasets/all_labels_train_gensim_sparse_matrix.npz
archivalia.hypotheses.org/1035;histoire et archéologie_d, sciences sociales interdisciplinaires_d, histoire_t, approches de corpus_t, enquêtes_t, archives_t;Datasets/all_labels_train_gensim_sparse_matrix.npz
amuc.hypotheses.org/1484;humanités pluridisciplinaires_d, histoire_d, histoire_t, représentations_t, patrimoine_t;Datasets/all_labels_train_gensim_sparse_matrix.npz
mgtud.hypotheses.org/122;humanités pluridisciplinaires_d, éducation_d, histoire et archéologie_d, histoire_d, histoire_t, histoire urbaine_t, édition électronique_t;Datasets/all_labels_train_gensim_sparse_matrix.npz
archivalia.hypotheses.org/13195;histoire et archéologie_d, sciences sociales interdisciplinaires_d, histoire_t, approches de corpus_t, enquêtes_t, archives_t;Datasets/all_labels_train_gensim_sparse_matrix.npz
histbav.hypotheses.org/4666;humanités pluridisciplinaires_d, histoire_d, pluridisciplinarité_d, histoire_t, monde germanique_t;Datasets/all_labels_train_gensim_sparse_matrix.npz
archivalia.hypotheses.org/1339;histoire et archéologie_d, sciences sociales interdisciplinaires_d, histoire_t, approches de corpus_t, enquêtes_t, archives_t;Datasets/all_labels_train_gensim_sparse_matrix.npz
archivalia.hypotheses.org/13550;histoire et archéologie_d, sciences sociales interdisciplinaires_d, histoire_t, approches de corpus_t, enquêtes_t, archives_t;Datasets/all_labels_train_gensim_sparse_matrix.npz
histbav.hypotheses.org/2757;humanités pluridisciplinaires_d, histoire_d, pluridisciplinarité_d, histoire_t, monde germanique_t;Datasets/all_labels_train_gensim_sparse_matrix.npz
mittelalter.hypotheses.org/2228;humanités pluridisciplinaires_d, religions_d, histoire_d, sociologie_d, histoire_t, histoire sociale_t, histoire intellectuelle_t, moyen âge_t, haut moyen âge_t, bas moyen âge_t;Datasets/all_labels_train_gensim_sparse_matrix.npz
archivalia.hypotheses.org/8661;histoire et archéologie_d, sciences sociales interdisciplinaires_d, histoire_t, approches de corpus_t, enquêtes_t, archives_t;Datasets/all_labels_train_gensim_sparse_matrix.npz
rkb.hypotheses.org/327;arts et humanités_d, communication_d, sciences de l'information et bibliothéconomie_d, sociologie des sciences_t, édition électronique_t, histoire et sociologie des médias_t;Datasets/all_labels_train_gensim_sparse_matrix.npz
archivalia.hypotheses.org/51943;histoire et archéologie_d, sciences sociales interdisciplinaires_d, histoire_t, approches de corpus_t, enquêtes_t, archives_t;Datasets/all_labels_train_gensim_sparse_matrix.npz
wenhua.hypotheses.org/1137;études asiatiques_d, humanités pluridisciplinaires_d, histoire_d, histoire culturelle_t, asie_t;Datasets/all_labels_train_gensim_sparse_matrix.npz
archivalia.hypotheses.org/8660;histoire et archéologie_d, sciences sociales interdisciplinaires_d, histoire_t, approches de corpus_t, enquêtes_t, archives_t;Datasets/all_labels_train_gensim_sparse_matrix.npz
archivalia.hypotheses.org/11371;histoire et archéologie_d, sciences sociales interdisciplinaires_d, histoire_t, approches de corpus_t, enquêtes_t, archives_t;Datasets/all_labels_train_gensim_sparse_matrix.npz
fnzinfo.hypotheses.org/395;arts et humanités_d, musique_d, histoire et archéologie_d, histoire_t, xvie siècle_t, xviie siècle_t, xviiie siècle_t, révolution française_t;Datasets/all_labels_train_gensim_sparse_matrix.npz
bereschitrabba.hypotheses.org/232;arts et humanités_d, religions_d, langue et linguistique_d, religions_t, histoire des religions_t;Datasets/all_labels_train_gensim_sparse_matrix.npz
soziologieblog.hypotheses.org/8863;sciences sociales interdisciplinaires_d, sociologie et anthropologie_d, sociologie du travail_t, sociologie urbaine_t, sociologie de la culture_t, sociologie économique_t;Datasets/all_labels_train_gensim_sparse_matrix.npz
archivalia.hypotheses.org/4483;histoire et archéologie_d, sciences sociales interdisciplinaires_d, histoire_t, approches de corpus_t, enquêtes_t, archives_t;Datasets/all_labels_train_gensim_sparse_matrix.npz
ecoglobreg.hypotheses.org/620;histoire_d, sciences politiques_d, histoire_t, 1945-1989_t;Datasets/all_labels_train_gensim_sparse_matrix.npz
kindzeit.hypotheses.org/148;éducation_d, histoire_d, histoire_t, sciences de l'éducation_t, xxie siècle_t;Datasets/all_labels_train_gensim_sparse_matrix.npz
ostbib.hypotheses.org/664;humanités pluridisciplinaires_d, histoire et archéologie_d, sciences de l'information et de la communication_d, bibliothéconomie_d, sciences sociales interdisciplinaires_d, sciences de l'information_t, édition électronique_t;Datasets/all_labels_train_gensim_sparse_matrix.npz
histbav.hypotheses.org/2222;humanités pluridisciplinaires_d, histoire_d, pluridisciplinarité_d, histoire_t, monde germanique_t;Datasets/all_labels_train_gensim_sparse_matrix.npz
archivalia.hypotheses.org/10876;histoire et archéologie_d, sciences sociales interdisciplinaires_d, histoire_t, approches de corpus_t, enquêtes_t, archives_t;Datasets/all_labels_train_gensim_sparse_matrix.npz
archivalia.hypotheses.org/11480;histoire et archéologie_d, sciences sociales interdisciplinaires_d, histoire_t, approches de corpus_t, enquêtes_t, archives_t;Datasets/all_labels_train_gensim_sparse_matrix.npz
netzwerk.hypotheses.org/1342;histoire et archéologie_d, histoire urbaine_t, histoire sociale_t, histoire intellectuelle_t, époque contemporaine_t;Datasets/all_labels_train_gensim_sparse_matrix.npz
archivalia.hypotheses.org/12279;histoire et archéologie_d, sciences sociales interdisciplinaires_d, histoire_t, approches de corpus_t, enquêtes_t, archives_t;Datasets/all_labels_train_gensim_sparse_matrix.npz
archivewk1.hypotheses.org/11884;histoire_d, époque contemporaine_t, 1914-1918_t;Datasets/all_labels_train_gensim_sparse_matrix.npz
intersex.hypotheses.org/1021;histoire_d, biomédecine_d, étude des genres_t, histoire des sciences_t, histoire_t, histoire du droit_t, moyen âge_t, xxie siècle_t;Datasets/all_labels_train_gensim_sparse_matrix.npz
schotten.hypotheses.org/1076;religions_d, histoire et archéologie_d, sciences de l'information et de la communication_d, bibliothéconomie_d, histoire_t, histoire des religions_t, approches de corpus_t, enquêtes_t, archives_t, monde germanique_t;Datasets/all_labels_train_gensim_sparse_matrix.npz
nordichistoryblog.hypotheses.org/1476;arts et humanités_d, histoire et archéologie_d, histoire_t, édition électronique_t, vie de la recherche_t, approches de corpus_t, enquêtes_t, archives_t, europe_t, pays baltes et scandinaves_t;Datasets/all_labels_train_gensim_sparse_matrix.npz
archivalia.hypotheses.org/6573;histoire et archéologie_d, sciences sociales interdisciplinaires_d, histoire_t, approches de corpus_t, enquêtes_t, archives_t;Datasets/all_labels_train_gensim_sparse_matrix.npz
archivamt.hypotheses.org/3124;communication_d, pluridisciplinarité_d, sciences sociales interdisciplinaires_d, information_t, sciences de l'information_t, représentations_t, patrimoine_t;Datasets/all_labels_train_gensim_sparse_matrix.npz
archivalia.hypotheses.org/52472;histoire et archéologie_d, sciences sociales interdisciplinaires_d, histoire_t, approches de corpus_t, enquêtes_t, archives_t;Datasets/all_labels_train_gensim_sparse_matrix.npz
archivewk1.hypotheses.org/15762;histoire_d, époque contemporaine_t, 1914-1918_t;Datasets/all_labels_train_gensim_sparse_matrix.npz
19jhdhip.hypotheses.org/2318;histoire_d, époque contemporaine_t, prospectives_t, france_t, monde germanique_t;Datasets/all_labels_train_gensim_sparse_matrix.npz
histbav.hypotheses.org/3223;humanités pluridisciplinaires_d, histoire_d, pluridisciplinarité_d, histoire_t, monde germanique_t;Datasets/all_labels_train_gensim_sparse_matrix.npz
archivalia.hypotheses.org/10562;histoire et archéologie_d, sciences sociales interdisciplinaires_d, histoire_t, approches de corpus_t, enquêtes_t, archives_t;Datasets/all_labels_train_gensim_sparse_matrix.npz
fnzinfo.hypotheses.org/159;arts et humanités_d, musique_d, histoire et archéologie_d, histoire_t, xvie siècle_t, xviie siècle_t, xviiie siècle_t, révolution française_t;Datasets/all_labels_train_gensim_sparse_matrix.npz
archivewk1.hypotheses.org/22821;histoire_d, époque contemporaine_t, 1914-1918_t;Datasets/all_labels_train_gensim_sparse_matrix.npz
naps.hypotheses.org/253;histoire_d, histoire_t, épistémologie et méthodes_t, approches de corpus_t, enquêtes_t, archives_t, prospectives_t, france_t, monde germanique_t;Datasets/all_labels_train_gensim_sparse_matrix.npz
soziologieblog.hypotheses.org/5458;sciences sociales interdisciplinaires_d, sociologie et anthropologie_d, sociologie du travail_t, sociologie urbaine_t, sociologie de la culture_t, sociologie économique_t;Datasets/all_labels_train_gensim_sparse_matrix.npz
archivalia.hypotheses.org/55679;histoire et archéologie_d, sciences sociales interdisciplinaires_d, histoire_t, approches de corpus_t, enquêtes_t, archives_t;Datasets/all_labels_train_gensim_sparse_matrix.npz
mgtud.hypotheses.org/87;humanités pluridisciplinaires_d, éducation_d, histoire et archéologie_d, histoire_d, histoire_t, histoire urbaine_t, édition électronique_t;Datasets/all_labels_train_gensim_sparse_matrix.npz
archivewk1.hypotheses.org/30825;histoire_d, époque contemporaine_t, 1914-1918_t;Datasets/all_labels_train_gensim_sparse_matrix.npz
fnzinfo.hypotheses.org/377;arts et humanités_d, musique_d, histoire et archéologie_d, histoire_t, xvie siècle_t, xviie siècle_t, xviiie siècle_t, révolution française_t;Datasets/all_labels_train_gensim_sparse_matrix.npz
archivalia.hypotheses.org/12690;histoire et archéologie_d, sciences sociales interdisciplinaires_d, histoire_t, approches de corpus_t, enquêtes_t, archives_t;Datasets/all_labels_train_gensim_sparse_matrix.npz
ordensgeschichte.hypotheses.org/7318;arts et humanités_d, humanités pluridisciplinaires_d, histoire et archéologie_d, histoire et philosophie des sciences_d, histoire_t, haut moyen âge_t, bas moyen âge_t, xviie siècle_t, xviiie siècle_t;Datasets/all_labels_train_gensim_sparse_matrix.npz
mittelalter.hypotheses.org/9196;humanités pluridisciplinaires_d, religions_d, histoire_d, sociologie_d, histoire_t, histoire sociale_t, histoire intellectuelle_t, moyen âge_t, haut moyen âge_t, bas moyen âge_t;Datasets/all_labels_train_gensim_sparse_matrix.npz
archivewk1.hypotheses.org/17798;histoire_d, époque contemporaine_t, 1914-1918_t;Datasets/all_labels_train_gensim_sparse_matrix.npz
achtundvierzig.hypotheses.org/107;sciences politiques_d, histoire_d, époque contemporaine_t, prospectives_t, histoire politique_t, monde germanique_t;Datasets/all_labels_train_gensim_sparse_matrix.npz
histbav.hypotheses.org/2453;humanités pluridisciplinaires_d, histoire_d, pluridisciplinarité_d, histoire_t, monde germanique_t;Datasets/all_labels_train_gensim_sparse_matrix.npz
1914lvr.hypotheses.org/952;sciences politiques_d, histoire_t, époque contemporaine_t, 1914-1918_t;Datasets/all_labels_train_gensim_sparse_matrix.npz
francofil.hypotheses.org/3302;pluridisciplinarité_d, sciences sociales interdisciplinaires_d, histoire_t, épistémologie et méthodes_t, approches de corpus_t, enquêtes_t, archives_t, france_t;Datasets/all_labels_train_gensim_sparse_matrix.npz
archivalia.hypotheses.org/54502;histoire et archéologie_d, sciences sociales interdisciplinaires_d, histoire_t, approches de corpus_t, enquêtes_t, archives_t;Datasets/all_labels_train_gensim_sparse_matrix.npz
archivalia.hypotheses.org/9392;histoire et archéologie_d, sciences sociales interdisciplinaires_d, histoire_t, approches de corpus_t, enquêtes_t, archives_t;Datasets/all_labels_train_gensim_sparse_matrix.npz
archivalia.hypotheses.org/7563;histoire et archéologie_d, sciences sociales interdisciplinaires_d, histoire_t, approches de corpus_t, enquêtes_t, archives_t;Datasets/all_labels_train_gensim_sparse_matrix.npz
archivalia.hypotheses.org/9298;histoire et archéologie_d, sciences sociales interdisciplinaires_d, histoire_t, approches de corpus_t, enquêtes_t, archives_t;Datasets/all_labels_train_gensim_sparse_matrix.npz
grk1678.hypotheses.org/373;arts et humanités_d, humanités pluridisciplinaires_d, histoire et philosophie des sciences_d, pluridisciplinarité_d, philosophie_t, littératures_t, histoire culturelle_t, histoire de l'art_t;Datasets/all_labels_train_gensim_sparse_matrix.npz
archive20.hypotheses.org/2704;pluridisciplinarité_d, sciences sociales interdisciplinaires_d, histoire_t, information_t, patrimoine_t, monde germanique_t;Datasets/all_labels_train_gensim_sparse_matrix.npz
grammata.hypotheses.org/2179;études anciennes_d, religions_d, littérature_d, religions_t, littératures_t;Datasets/all_labels_train_gensim_sparse_matrix.npz
barblog.hypotheses.org/1099;sciences sociales interdisciplinaires_d, sciences politiques_d, sociologie_d, anthropologie politique_t;Datasets/all_labels_train_gensim_sparse_matrix.npz
archivewk1.hypotheses.org/15719;histoire_d, époque contemporaine_t, 1914-1918_t;Datasets/all_labels_train_gensim_sparse_matrix.npz
jeunegen.hypotheses.org/1140;histoire_d, pluridisciplinarité_d, histoire_t, vie de la recherche_t, moyen âge_t, haut moyen âge_t, bas moyen âge_t;Datasets/all_labels_train_gensim_sparse_matrix.npz
hoyerswerda.hypotheses.org/167;arts et humanités_d, histoire_d, histoire urbaine_t, monde germanique_t;Datasets/all_labels_train_gensim_sparse_matrix.npz
archivalia.hypotheses.org/9046;histoire et archéologie_d, sciences sociales interdisciplinaires_d, histoire_t, approches de corpus_t, enquêtes_t, archives_t;Datasets/all_labels_train_gensim_sparse_matrix.npz
histgymbib.hypotheses.org/2196;arts et humanités_d, humanités pluridisciplinaires_d, sciences de l'information et de la communication_d, bibliothéconomie_d, sciences sociales interdisciplinaires_d, éducation_t, xvie siècle_t, xviie siècle_t, xviiie siècle_t, prospectives_t;Datasets/all_labels_train_gensim_sparse_matrix.npz
archivalia.hypotheses.org/12389;histoire et archéologie_d, sciences sociales interdisciplinaires_d, histoire_t, approches de corpus_t, enquêtes_t, archives_t;Datasets/all_labels_train_gensim_sparse_matrix.npz
futurecity.hypotheses.org/271;sciences politiques_d, administration publique et développement_d, sociologie urbaine_t;Datasets/all_labels_train_gensim_sparse_matrix.npz
dhdhi.hypotheses.org/767;histoire et archéologie_d, histoire_t, épistémologie et méthodes_t, digital humanities_t;Datasets/all_labels_train_gensim_sparse_matrix.npz
hofkultur.hypotheses.org/41;arts et humanités_d, histoire_d, histoire sociale_t, histoire culturelle_t, histoire de l'art_t;Datasets/all_labels_train_gensim_sparse_matrix.npz
archivewk1.hypotheses.org/31820;histoire_d, époque contemporaine_t, 1914-1918_t;Datasets/all_labels_train_gensim_sparse_matrix.npz
archivewk1.hypotheses.org/21168;histoire_d, époque contemporaine_t, 1914-1918_t;Datasets/all_labels_train_gensim_sparse_matrix.npz
archivalia.hypotheses.org/54925;histoire et archéologie_d, sciences sociales interdisciplinaires_d, histoire_t, approches de corpus_t, enquêtes_t, archives_t;Datasets/all_labels_train_gensim_sparse_matrix.npz
guerre-froide.hypotheses.org/1820;histoire_d, relations internationales_t, histoire culturelle_t, 1945-1989_t;Datasets/all_labels_train_gensim_sparse_matrix.npz
archivewk1.hypotheses.org/4629;histoire_d, époque contemporaine_t, 1914-1918_t;Datasets/all_labels_train_gensim_sparse_matrix.npz
histbav.hypotheses.org/2231;humanités pluridisciplinaires_d, histoire_d, pluridisciplinarité_d, histoire_t, monde germanique_t;Datasets/all_labels_train_gensim_sparse_matrix.npz
histbav.hypotheses.org/2449;humanités pluridisciplinaires_d, histoire_d, pluridisciplinarité_d, histoire_t, monde germanique_t;Datasets/all_labels_train_gensim_sparse_matrix.npz
soziologieblog.hypotheses.org/3240;sciences sociales interdisciplinaires_d, sociologie et anthropologie_d, sociologie du travail_t, sociologie urbaine_t, sociologie de la culture_t, sociologie économique_t;Datasets/all_labels_train_gensim_sparse_matrix.npz
lvrafz.hypotheses.org/1975;pluridisciplinarité_d, information_t;Datasets/all_labels_train_gensim_sparse_matrix.npz
dkblog.hypotheses.org/533;histoire_d, histoire_t, époque moderne_t, xviie siècle_t;Datasets/all_labels_train_gensim_sparse_matrix.npz
nordichistoryblog.hypotheses.org/2942;arts et humanités_d, histoire et archéologie_d, histoire_t, édition électronique_t, vie de la recherche_t, approches de corpus_t, enquêtes_t, archives_t, europe_t, pays baltes et scandinaves_t;Datasets/all_labels_train_gensim_sparse_matrix.npz
dkblog.hypotheses.org/84;histoire_d, histoire_t, époque moderne_t, xviie siècle_t;Datasets/all_labels_train_gensim_sparse_matrix.npz
archivewk1.hypotheses.org/22453;histoire_d, époque contemporaine_t, 1914-1918_t;Datasets/all_labels_train_gensim_sparse_matrix.npz
winzen.hypotheses.org/676;histoire_d, histoire_t, études visuelles_t, 1918-1939_t, 1939-1945_t, monde germanique_t;Datasets/all_labels_train_gensim_sparse_matrix.npz
bioeg.hypotheses.org/1057;histoire et archéologie_d, histoire_d, histoire_t, sciences auxiliaires de l'histoire_t, europe centrale et orientale_t, monde germanique_t;Datasets/all_labels_train_gensim_sparse_matrix.npz
archivalia.hypotheses.org/53154;histoire et archéologie_d, sciences sociales interdisciplinaires_d, histoire_t, approches de corpus_t, enquêtes_t, archives_t;Datasets/all_labels_train_gensim_sparse_matrix.npz
archivamt.hypotheses.org/668;communication_d, pluridisciplinarité_d, sciences sociales interdisciplinaires_d, information_t, sciences de l'information_t, représentations_t, patrimoine_t;Datasets/all_labels_train_gensim_sparse_matrix.npz
archivalia.hypotheses.org/4891;histoire et archéologie_d, sciences sociales interdisciplinaires_d, histoire_t, approches de corpus_t, enquêtes_t, archives_t;Datasets/all_labels_train_gensim_sparse_matrix.npz
mittelalter.hypotheses.org/5242;humanités pluridisciplinaires_d, religions_d, histoire_d, sociologie_d, histoire_t, histoire sociale_t, histoire intellectuelle_t, moyen âge_t, haut moyen âge_t, bas moyen âge_t;Datasets/all_labels_train_gensim_sparse_matrix.npz
archivalia.hypotheses.org/6840;histoire et archéologie_d, sciences sociales interdisciplinaires_d, histoire_t, approches de corpus_t, enquêtes_t, archives_t;Datasets/all_labels_train_gensim_sparse_matrix.npz
archivamt.hypotheses.org/801;communication_d, pluridisciplinarité_d, sciences sociales interdisciplinaires_d, information_t, sciences de l'information_t, représentations_t, patrimoine_t;Datasets/all_labels_train_gensim_sparse_matrix.npz
etatsocial.hypotheses.org/330;histoire_d, histoire des sciences sociales_d, sociologie_d, économie_d, sociologie du travail_t, âges de la vie_t, xxe siècle_t;Datasets/all_labels_train_gensim_sparse_matrix.npz
archivewk1.hypotheses.org/13851;histoire_d, époque contemporaine_t, 1914-1918_t;Datasets/all_labels_train_gensim_sparse_matrix.npz
archivalia.hypotheses.org/8980;histoire et archéologie_d, sciences sociales interdisciplinaires_d, histoire_t, approches de corpus_t, enquêtes_t, archives_t;Datasets/all_labels_train_gensim_sparse_matrix.npz
gab.hypotheses.org/2923;histoire et archéologie_d, pluridisciplinarité_d, sciences sociales interdisciplinaires_d, études des sciences_t, sociologie des sciences_t, histoire_t;Datasets/all_labels_train_gensim_sparse_matrix.npz
archivalia.hypotheses.org/10617;histoire et archéologie_d, sciences sociales interdisciplinaires_d, histoire_t, approches de corpus_t, enquêtes_t, archives_t;Datasets/all_labels_train_gensim_sparse_matrix.npz
archive20.hypotheses.org/2261;pluridisciplinarité_d, sciences sociales interdisciplinaires_d, histoire_t, information_t, patrimoine_t, monde germanique_t;Datasets/all_labels_train_gensim_sparse_matrix.npz
archivewk1.hypotheses.org/7080;histoire_d, époque contemporaine_t, 1914-1918_t;Datasets/all_labels_train_gensim_sparse_matrix.npz
archivalia.hypotheses.org/684;histoire et archéologie_d, sciences sociales interdisciplinaires_d, histoire_t, approches de corpus_t, enquêtes_t, archives_t;Datasets/all_labels_train_gensim_sparse_matrix.npz
archivalia.hypotheses.org/2463;histoire et archéologie_d, sciences sociales interdisciplinaires_d, histoire_t, approches de corpus_t, enquêtes_t, archives_t;Datasets/all_labels_train_gensim_sparse_matrix.npz
intersex.hypotheses.org/2290;histoire_d, biomédecine_d, étude des genres_t, histoire des sciences_t, histoire_t, histoire du droit_t, moyen âge_t, xxie siècle_t;Datasets/all_labels_train_gensim_sparse_matrix.npz
mittelalter.hypotheses.org/3358;humanités pluridisciplinaires_d, religions_d, histoire_d, sociologie_d, histoire_t, histoire sociale_t, histoire intellectuelle_t, moyen âge_t, haut moyen âge_t, bas moyen âge_t;Datasets/all_labels_train_gensim_sparse_matrix.npz
ordensgeschichte.hypotheses.org/8406;arts et humanités_d, humanités pluridisciplinaires_d, histoire et archéologie_d, histoire et philosophie des sciences_d, histoire_t, haut moyen âge_t, bas moyen âge_t, xviie siècle_t, xviiie siècle_t;Datasets/all_labels_train_gensim_sparse_matrix.npz
etatsocial.hypotheses.org/758;histoire_d, histoire des sciences sociales_d, sociologie_d, économie_d, sociologie du travail_t, âges de la vie_t, xxe siècle_t;Datasets/all_labels_train_gensim_sparse_matrix.npz
mittelalter.hypotheses.org/4394;humanités pluridisciplinaires_d, religions_d, histoire_d, sociologie_d, histoire_t, histoire sociale_t, histoire intellectuelle_t, moyen âge_t, haut moyen âge_t, bas moyen âge_t;Datasets/all_labels_train_gensim_sparse_matrix.npz
gab.hypotheses.org/1485;histoire et archéologie_d, pluridisciplinarité_d, sciences sociales interdisciplinaires_d, études des sciences_t, sociologie des sciences_t, histoire_t;Datasets/all_labels_train_gensim_sparse_matrix.npz
archivalia.hypotheses.org/12581;histoire et archéologie_d, sciences sociales interdisciplinaires_d, histoire_t, approches de corpus_t, enquêtes_t, archives_t;Datasets/all_labels_train_gensim_sparse_matrix.npz
archive20.hypotheses.org/3955;pluridisciplinarité_d, sciences sociales interdisciplinaires_d, histoire_t, information_t, patrimoine_t, monde germanique_t;Datasets/all_labels_train_gensim_sparse_matrix.npz
archivalia.hypotheses.org/10628;histoire et archéologie_d, sciences sociales interdisciplinaires_d, histoire_t, approches de corpus_t, enquêtes_t, archives_t;Datasets/all_labels_train_gensim_sparse_matrix.npz
archivalia.hypotheses.org/57747;histoire et archéologie_d, sciences sociales interdisciplinaires_d, histoire_t, approches de corpus_t, enquêtes_t, archives_t;Datasets/all_labels_train_gensim_sparse_matrix.npz
archive20.hypotheses.org/2229;pluridisciplinarité_d, sciences sociales interdisciplinaires_d, histoire_t, information_t, patrimoine_t, monde germanique_t;Datasets/all_labels_train_gensim_sparse_matrix.npz
archivalia.hypotheses.org/1064;histoire et archéologie_d, sciences sociales interdisciplinaires_d, histoire_t, approches de corpus_t, enquêtes_t, archives_t;Datasets/all_labels_train_gensim_sparse_matrix.npz
pophistory.hypotheses.org/409;humanités pluridisciplinaires_d, histoire et archéologie_d, sociologie de la culture_t, histoire sociale_t, histoire culturelle_t, époque contemporaine_t;Datasets/all_labels_train_gensim_sparse_matrix.npz
archivalia.hypotheses.org/10860;histoire et archéologie_d, sciences sociales interdisciplinaires_d, histoire_t, approches de corpus_t, enquêtes_t, archives_t;Datasets/all_labels_train_gensim_sparse_matrix.npz
histbav.hypotheses.org/2503;humanités pluridisciplinaires_d, histoire_d, pluridisciplinarité_d, histoire_t, monde germanique_t;Datasets/all_labels_train_gensim_sparse_matrix.npz
archivalia.hypotheses.org/10242;histoire et archéologie_d, sciences sociales interdisciplinaires_d, histoire_t, approches de corpus_t, enquêtes_t, archives_t;Datasets/all_labels_train_gensim_sparse_matrix.npz
archivalia.hypotheses.org/12444;histoire et archéologie_d, sciences sociales interdisciplinaires_d, histoire_t, approches de corpus_t, enquêtes_t, archives_t;Datasets/all_labels_train_gensim_sparse_matrix.npz
archivewk1.hypotheses.org/17225;histoire_d, époque contemporaine_t, 1914-1918_t;Datasets/all_labels_train_gensim_sparse_matrix.npz
ordensgeschichte.hypotheses.org/3482;arts et humanités_d, humanités pluridisciplinaires_d, histoire et archéologie_d, histoire et philosophie des sciences_d, histoire_t, haut moyen âge_t, bas moyen âge_t, xviie siècle_t, xviiie siècle_t;Datasets/all_labels_train_gensim_sparse_matrix.npz
archivewk1.hypotheses.org/22866;histoire_d, époque contemporaine_t, 1914-1918_t;Datasets/all_labels_train_gensim_sparse_matrix.npz
archivewk1.hypotheses.org/26546;histoire_d, époque contemporaine_t, 1914-1918_t;Datasets/all_labels_train_gensim_sparse_matrix.npz
gab.hypotheses.org/3103;histoire et archéologie_d, pluridisciplinarité_d, sciences sociales interdisciplinaires_d, études des sciences_t, sociologie des sciences_t, histoire_t;Datasets/all_labels_train_gensim_sparse_matrix.npz
archivewk1.hypotheses.org/3606;histoire_d, époque contemporaine_t, 1914-1918_t;Datasets/all_labels_train_gensim_sparse_matrix.npz
archivekod.hypotheses.org/55;religions_d, histoire et archéologie_d, sciences de l'information et de la communication_d, bibliothéconomie_d, communication_d, histoire_t, histoire des religions_t, patrimoine_t;Datasets/all_labels_train_gensim_sparse_matrix.npz
archivalia.hypotheses.org/10527;histoire et archéologie_d, sciences sociales interdisciplinaires_d, histoire_t, approches de corpus_t, enquêtes_t, archives_t;Datasets/all_labels_train_gensim_sparse_matrix.npz
fnzinfo.hypotheses.org/559;arts et humanités_d, musique_d, histoire et archéologie_d, histoire_t, xvie siècle_t, xviie siècle_t, xviiie siècle_t, révolution française_t;Datasets/all_labels_train_gensim_sparse_matrix.npz
archivewk1.hypotheses.org/17289;histoire_d, époque contemporaine_t, 1914-1918_t;Datasets/all_labels_train_gensim_sparse_matrix.npz
soziologieblog.hypotheses.org/5605;sciences sociales interdisciplinaires_d, sociologie et anthropologie_d, sociologie du travail_t, sociologie urbaine_t, sociologie de la culture_t, sociologie économique_t;Datasets/all_labels_train_gensim_sparse_matrix.npz
archivalia.hypotheses.org/13202;histoire et archéologie_d, sciences sociales interdisciplinaires_d, histoire_t, approches de corpus_t, enquêtes_t, archives_t;Datasets/all_labels_train_gensim_sparse_matrix.npz
archivalia.hypotheses.org/13055;histoire et archéologie_d, sciences sociales interdisciplinaires_d, histoire_t, approches de corpus_t, enquêtes_t, archives_t;Datasets/all_labels_train_gensim_sparse_matrix.npz
archivalia.hypotheses.org/8013;histoire et archéologie_d, sciences sociales interdisciplinaires_d, histoire_t, approches de corpus_t, enquêtes_t, archives_t;Datasets/all_labels_train_gensim_sparse_matrix.npz
naps.hypotheses.org/117;histoire_d, histoire_t, épistémologie et méthodes_t, approches de corpus_t, enquêtes_t, archives_t, prospectives_t, france_t, monde germanique_t;Datasets/all_labels_train_gensim_sparse_matrix.npz
jameel.hypotheses.org/810;pluridisciplinarité_d, études régionales_d, archéologie_d, arts_d, humanités pluridisciplinaires_d, représentations_t, asie_t, digital humanities_t, histoire de l'art_t;Datasets/all_labels_train_gensim_sparse_matrix.npz
archivalia.hypotheses.org/5734;histoire et archéologie_d, sciences sociales interdisciplinaires_d, histoire_t, approches de corpus_t, enquêtes_t, archives_t;Datasets/all_labels_train_gensim_sparse_matrix.npz
aktenkunde.hypotheses.org/471;histoire_d, histoire_t, sciences auxiliaires de l'histoire_t;Datasets/all_labels_train_gensim_sparse_matrix.npz
dkblog.hypotheses.org/360;histoire_d, histoire_t, époque moderne_t, xviie siècle_t;Datasets/all_labels_train_gensim_sparse_matrix.npz
archivalia.hypotheses.org/56893;histoire et archéologie_d, sciences sociales interdisciplinaires_d, histoire_t, approches de corpus_t, enquêtes_t, archives_t;Datasets/all_labels_train_gensim_sparse_matrix.npz
archivalia.hypotheses.org/61373;histoire et archéologie_d, sciences sociales interdisciplinaires_d, histoire_t, approches de corpus_t, enquêtes_t, archives_t;Datasets/all_labels_train_gensim_sparse_matrix.npz
archivalia.hypotheses.org/2655;histoire et archéologie_d, sciences sociales interdisciplinaires_d, histoire_t, approches de corpus_t, enquêtes_t, archives_t;Datasets/all_labels_train_gensim_sparse_matrix.npz
archivewk1.hypotheses.org/28730;histoire_d, époque contemporaine_t, 1914-1918_t;Datasets/all_labels_train_gensim_sparse_matrix.npz
lvrafz.hypotheses.org/1297;pluridisciplinarité_d, information_t;Datasets/all_labels_train_gensim_sparse_matrix.npz
histbav.hypotheses.org/993;humanités pluridisciplinaires_d, histoire_d, pluridisciplinarité_d, histoire_t, monde germanique_t;Datasets/all_labels_train_gensim_sparse_matrix.npz
rkb.hypotheses.org/418;arts et humanités_d, communication_d, sciences de l'information et bibliothéconomie_d, sociologie des sciences_t, édition électronique_t, histoire et sociologie des médias_t;Datasets/all_labels_train_gensim_sparse_matrix.npz
grandeguerre.hypotheses.org/1442;histoire et archéologie_d, histoire_t, 1914-1918_t, prospectives_t, france_t, monde germanique_t;Datasets/all_labels_train_gensim_sparse_matrix.npz
gab.hypotheses.org/1170;histoire et archéologie_d, pluridisciplinarité_d, sciences sociales interdisciplinaires_d, études des sciences_t, sociologie des sciences_t, histoire_t;Datasets/all_labels_train_gensim_sparse_matrix.npz
archivalia.hypotheses.org/2047;histoire et archéologie_d, sciences sociales interdisciplinaires_d, histoire_t, approches de corpus_t, enquêtes_t, archives_t;Datasets/all_labels_train_gensim_sparse_matrix.npz
archivewk1.hypotheses.org/23327;histoire_d, époque contemporaine_t, 1914-1918_t;Datasets/all_labels_train_gensim_sparse_matrix.npz
archivalia.hypotheses.org/55268;histoire et archéologie_d, sciences sociales interdisciplinaires_d, histoire_t, approches de corpus_t, enquêtes_t, archives_t;Datasets/all_labels_train_gensim_sparse_matrix.npz
archivalia.hypotheses.org/52760;histoire et archéologie_d, sciences sociales interdisciplinaires_d, histoire_t, approches de corpus_t, enquêtes_t, archives_t;Datasets/all_labels_train_gensim_sparse_matrix.npz
archivewk1.hypotheses.org/14764;histoire_d, époque contemporaine_t, 1914-1918_t;Datasets/all_labels_train_gensim_sparse_matrix.npz
games.hypotheses.org/1958;arts et humanités_d, humanités pluridisciplinaires_d, psychologie expérimentale_d, sciences cognitives_t, psychisme_t, psychologie_t, représentations_t, histoire de l'art_t, études visuelles_t;Datasets/all_labels_train_gensim_sparse_matrix.npz
zakunibonn.hypotheses.org/1712;histoire_d, psychologie_d, histoire_t, psychisme_t, psychologie_t, méthodes de traitement et de représentation_t, monde germanique_t;Datasets/all_labels_train_gensim_sparse_matrix.npz
archivalia.hypotheses.org/57807;histoire et archéologie_d, sciences sociales interdisciplinaires_d, histoire_t, approches de corpus_t, enquêtes_t, archives_t;Datasets/all_labels_train_gensim_sparse_matrix.npz
bioeg.hypotheses.org/1440;histoire et archéologie_d, histoire_d, histoire_t, sciences auxiliaires de l'histoire_t, europe centrale et orientale_t, monde germanique_t;Datasets/all_labels_train_gensim_sparse_matrix.npz
archivewk1.hypotheses.org/28070;histoire_d, époque contemporaine_t, 1914-1918_t;Datasets/all_labels_train_gensim_sparse_matrix.npz
archive20.hypotheses.org/1713;pluridisciplinarité_d, sciences sociales interdisciplinaires_d, histoire_t, information_t, patrimoine_t, monde germanique_t;Datasets/all_labels_train_gensim_sparse_matrix.npz
francofil.hypotheses.org/1533;pluridisciplinarité_d, sciences sociales interdisciplinaires_d, histoire_t, épistémologie et méthodes_t, approches de corpus_t, enquêtes_t, archives_t, france_t;Datasets/all_labels_train_gensim_sparse_matrix.npz
archivalia.hypotheses.org/9252;histoire et archéologie_d, sciences sociales interdisciplinaires_d, histoire_t, approches de corpus_t, enquêtes_t, archives_t;Datasets/all_labels_train_gensim_sparse_matrix.npz
archivewk1.hypotheses.org/5870;histoire_d, époque contemporaine_t, 1914-1918_t;Datasets/all_labels_train_gensim_sparse_matrix.npz
archivalia.hypotheses.org/5381;histoire et archéologie_d, sciences sociales interdisciplinaires_d, histoire_t, approches de corpus_t, enquêtes_t, archives_t;Datasets/all_labels_train_gensim_sparse_matrix.npz
aktenkunde.hypotheses.org/75;histoire_d, histoire_t, sciences auxiliaires de l'histoire_t;Datasets/all_labels_train_gensim_sparse_matrix.npz
revolt.hypotheses.org/633;histoire_d, pluridisciplinarité_d, littérature_d, histoire et sociologie des médias_t, époque moderne_t, europe_t;Datasets/all_labels_train_gensim_sparse_matrix.npz
archivalia.hypotheses.org/11008;histoire et archéologie_d, sciences sociales interdisciplinaires_d, histoire_t, approches de corpus_t, enquêtes_t, archives_t;Datasets/all_labels_train_gensim_sparse_matrix.npz
inklusion.hypotheses.org/2459;éducation_d, travail social et politique sociale_d, sociologie du travail_t, âges de la vie_t, information_t, sciences de l'éducation_t;Datasets/all_labels_train_gensim_sparse_matrix.npz
archivalia.hypotheses.org/5569;histoire et archéologie_d, sciences sociales interdisciplinaires_d, histoire_t, approches de corpus_t, enquêtes_t, archives_t;Datasets/all_labels_train_gensim_sparse_matrix.npz
archivewk1.hypotheses.org/2646;histoire_d, époque contemporaine_t, 1914-1918_t;Datasets/all_labels_train_gensim_sparse_matrix.npz
archivewk1.hypotheses.org/22145;histoire_d, époque contemporaine_t, 1914-1918_t;Datasets/all_labels_train_gensim_sparse_matrix.npz
hofordnung.hypotheses.org/31;arts et humanités_d, histoire et archéologie_d, histoire sociale_t, xvie siècle_t, xviie siècle_t, xviiie siècle_t;Datasets/all_labels_train_gensim_sparse_matrix.npz
histbav.hypotheses.org/1450;humanités pluridisciplinaires_d, histoire_d, pluridisciplinarité_d, histoire_t, monde germanique_t;Datasets/all_labels_train_gensim_sparse_matrix.npz
archivewk1.hypotheses.org/16225;histoire_d, époque contemporaine_t, 1914-1918_t;Datasets/all_labels_train_gensim_sparse_matrix.npz
archivalia.hypotheses.org/11670;histoire et archéologie_d, sciences sociales interdisciplinaires_d, histoire_t, approches de corpus_t, enquêtes_t, archives_t;Datasets/all_labels_train_gensim_sparse_matrix.npz
intersex.hypotheses.org/1977;histoire_d, biomédecine_d, étude des genres_t, histoire des sciences_t, histoire_t, histoire du droit_t, moyen âge_t, xxie siècle_t;Datasets/all_labels_train_gensim_sparse_matrix.npz
archivewk1.hypotheses.org/23251;histoire_d, époque contemporaine_t, 1914-1918_t;Datasets/all_labels_train_gensim_sparse_matrix.npz
jameel.hypotheses.org/432;pluridisciplinarité_d, études régionales_d, archéologie_d, arts_d, humanités pluridisciplinaires_d, représentations_t, asie_t, digital humanities_t, histoire de l'art_t;Datasets/all_labels_train_gensim_sparse_matrix.npz
histbav.hypotheses.org/4800;humanités pluridisciplinaires_d, histoire_d, pluridisciplinarité_d, histoire_t, monde germanique_t;Datasets/all_labels_train_gensim_sparse_matrix.npz
archivewk1.hypotheses.org/21216;histoire_d, époque contemporaine_t, 1914-1918_t;Datasets/all_labels_train_gensim_sparse_matrix.npz
archivalia.hypotheses.org/13834;histoire et archéologie_d, sciences sociales interdisciplinaires_d, histoire_t, approches de corpus_t, enquêtes_t, archives_t;Datasets/all_labels_train_gensim_sparse_matrix.npz
geschichtsadmin.hypotheses.org/360;éducation_d, histoire_d, sociologie du travail_t, histoire_t;Datasets/all_labels_train_gensim_sparse_matrix.npz
archivalia.hypotheses.org/9084;histoire et archéologie_d, sciences sociales interdisciplinaires_d, histoire_t, approches de corpus_t, enquêtes_t, archives_t;Datasets/all_labels_train_gensim_sparse_matrix.npz
lvrafz.hypotheses.org/1540;pluridisciplinarité_d, information_t;Datasets/all_labels_train_gensim_sparse_matrix.npz
archivalia.hypotheses.org/9834;histoire et archéologie_d, sciences sociales interdisciplinaires_d, histoire_t, approches de corpus_t, enquêtes_t, archives_t;Datasets/all_labels_train_gensim_sparse_matrix.npz
archivewk1.hypotheses.org/16543;histoire_d, époque contemporaine_t, 1914-1918_t;Datasets/all_labels_train_gensim_sparse_matrix.npz
archivalia.hypotheses.org/3113;histoire et archéologie_d, sciences sociales interdisciplinaires_d, histoire_t, approches de corpus_t, enquêtes_t, archives_t;Datasets/all_labels_train_gensim_sparse_matrix.npz
dss.hypotheses.org/675;arts et humanités_d, communication_d, sciences de l'information et bibliothéconomie_d, information_t, édition électronique_t, représentations_t, histoire de l'art_t, patrimoine_t, prospectives_t;Datasets/all_labels_train_gensim_sparse_matrix.npz
beruf.hypotheses.org/109;histoire et archéologie_d, histoire_d, histoire_t;Datasets/all_labels_train_gensim_sparse_matrix.npz
dhdhi.hypotheses.org/2293;histoire et archéologie_d, histoire_t, épistémologie et méthodes_t, digital humanities_t;Datasets/all_labels_train_gensim_sparse_matrix.npz
archivalia.hypotheses.org/12231;histoire et archéologie_d, sciences sociales interdisciplinaires_d, histoire_t, approches de corpus_t, enquêtes_t, archives_t;Datasets/all_labels_train_gensim_sparse_matrix.npz
archivalia.hypotheses.org/12826;histoire et archéologie_d, sciences sociales interdisciplinaires_d, histoire_t, approches de corpus_t, enquêtes_t, archives_t;Datasets/all_labels_train_gensim_sparse_matrix.npz
histbav.hypotheses.org/5037;humanités pluridisciplinaires_d, histoire_d, pluridisciplinarité_d, histoire_t, monde germanique_t;Datasets/all_labels_train_gensim_sparse_matrix.npz
soziologieblog.hypotheses.org/7246;sciences sociales interdisciplinaires_d, sociologie et anthropologie_d, sociologie du travail_t, sociologie urbaine_t, sociologie de la culture_t, sociologie économique_t;Datasets/all_labels_train_gensim_sparse_matrix.npz
archivalia.hypotheses.org/11511;histoire et archéologie_d, sciences sociales interdisciplinaires_d, histoire_t, approches de corpus_t, enquêtes_t, archives_t;Datasets/all_labels_train_gensim_sparse_matrix.npz
archivewk1.hypotheses.org/17477;histoire_d, époque contemporaine_t, 1914-1918_t;Datasets/all_labels_train_gensim_sparse_matrix.npz
merzdadaco.hypotheses.org/419;humanités pluridisciplinaires_d, littérature_d, littératures_t, représentations_t, histoire culturelle_t, histoire de l'art_t;Datasets/all_labels_train_gensim_sparse_matrix.npz
soziologieblog.hypotheses.org/6664;sciences sociales interdisciplinaires_d, sociologie et anthropologie_d, sociologie du travail_t, sociologie urbaine_t, sociologie de la culture_t, sociologie économique_t;Datasets/all_labels_train_gensim_sparse_matrix.npz
bioeg.hypotheses.org/1980;histoire et archéologie_d, histoire_d, histoire_t, sciences auxiliaires de l'histoire_t, europe centrale et orientale_t, monde germanique_t;Datasets/all_labels_train_gensim_sparse_matrix.npz
ordensgeschichte.hypotheses.org/7933;arts et humanités_d, humanités pluridisciplinaires_d, histoire et archéologie_d, histoire et philosophie des sciences_d, histoire_t, haut moyen âge_t, bas moyen âge_t, xviie siècle_t, xviiie siècle_t;Datasets/all_labels_train_gensim_sparse_matrix.npz
guerre-froide.hypotheses.org/2054;histoire_d, relations internationales_t, histoire culturelle_t, 1945-1989_t;Datasets/all_labels_train_gensim_sparse_matrix.npz
pophistory.hypotheses.org/2363;humanités pluridisciplinaires_d, histoire et archéologie_d, sociologie de la culture_t, histoire sociale_t, histoire culturelle_t, époque contemporaine_t;Datasets/all_labels_train_gensim_sparse_matrix.npz
zakunibonn.hypotheses.org/1198;histoire_d, psychologie_d, histoire_t, psychisme_t, psychologie_t, méthodes de traitement et de représentation_t, monde germanique_t;Datasets/all_labels_train_gensim_sparse_matrix.npz
archivalia.hypotheses.org/6992;histoire et archéologie_d, sciences sociales interdisciplinaires_d, histoire_t, approches de corpus_t, enquêtes_t, archives_t;Datasets/all_labels_train_gensim_sparse_matrix.npz
archivewk1.hypotheses.org/290;histoire_d, époque contemporaine_t, 1914-1918_t;Datasets/all_labels_train_gensim_sparse_matrix.npz
aktenkunde.hypotheses.org/123;histoire_d, histoire_t, sciences auxiliaires de l'histoire_t;Datasets/all_labels_train_gensim_sparse_matrix.npz
archivalia.hypotheses.org/13307;histoire et archéologie_d, sciences sociales interdisciplinaires_d, histoire_t, approches de corpus_t, enquêtes_t, archives_t;Datasets/all_labels_train_gensim_sparse_matrix.npz
archivalia.hypotheses.org/3245;histoire et archéologie_d, sciences sociales interdisciplinaires_d, histoire_t, approches de corpus_t, enquêtes_t, archives_t;Datasets/all_labels_train_gensim_sparse_matrix.npz
gab.hypotheses.org/1239;histoire et archéologie_d, pluridisciplinarité_d, sciences sociales interdisciplinaires_d, études des sciences_t, sociologie des sciences_t, histoire_t;Datasets/all_labels_train_gensim_sparse_matrix.npz
archivalia.hypotheses.org/54085;histoire et archéologie_d, sciences sociales interdisciplinaires_d, histoire_t, approches de corpus_t, enquêtes_t, archives_t;Datasets/all_labels_train_gensim_sparse_matrix.npz
wenhua.hypotheses.org/1013;études asiatiques_d, humanités pluridisciplinaires_d, histoire_d, histoire culturelle_t, asie_t;Datasets/all_labels_train_gensim_sparse_matrix.npz
dfmfa.hypotheses.org/1560;humanités pluridisciplinaires_d, sciences sociales interdisciplinaires_d, histoire_t, moyen âge_t, haut moyen âge_t, bas moyen âge_t;Datasets/all_labels_train_gensim_sparse_matrix.npz
vivien.hypotheses.org/156;arts et humanités_d, représentations_t, histoire de l'art_t, xviiie siècle_t, france_t;Datasets/all_labels_train_gensim_sparse_matrix.npz
archivalia.hypotheses.org/7454;histoire et archéologie_d, sciences sociales interdisciplinaires_d, histoire_t, approches de corpus_t, enquêtes_t, archives_t;Datasets/all_labels_train_gensim_sparse_matrix.npz
liparchiv.hypotheses.org/524;histoire et archéologie_d, sciences politiques_d, administration publique et développement_d, histoire urbaine_t, patrimoine_t, sciences auxiliaires de l'histoire_t, approches de corpus_t, enquêtes_t, archives_t, europe_t;Datasets/all_labels_train_gensim_sparse_matrix.npz
amuc.hypotheses.org/1030;humanités pluridisciplinaires_d, histoire_d, histoire_t, représentations_t, patrimoine_t;Datasets/all_labels_train_gensim_sparse_matrix.npz
winzen.hypotheses.org/491;histoire_d, histoire_t, études visuelles_t, 1918-1939_t, 1939-1945_t, monde germanique_t;Datasets/all_labels_train_gensim_sparse_matrix.npz
kristinoswald.hypotheses.org/1960;études anciennes_d, études des sciences_t, histoire_t, histoire et sociologie des médias_t, histoire culturelle_t, digital humanities_t;Datasets/all_labels_train_gensim_sparse_matrix.npz
archivalia.hypotheses.org/13168;histoire et archéologie_d, sciences sociales interdisciplinaires_d, histoire_t, approches de corpus_t, enquêtes_t, archives_t;Datasets/all_labels_train_gensim_sparse_matrix.npz
archivalia.hypotheses.org/6846;histoire et archéologie_d, sciences sociales interdisciplinaires_d, histoire_t, approches de corpus_t, enquêtes_t, archives_t;Datasets/all_labels_train_gensim_sparse_matrix.npz
archivalia.hypotheses.org/761;histoire et archéologie_d, sciences sociales interdisciplinaires_d, histoire_t, approches de corpus_t, enquêtes_t, archives_t;Datasets/all_labels_train_gensim_sparse_matrix.npz
ordensgeschichte.hypotheses.org/5617;arts et humanités_d, humanités pluridisciplinaires_d, histoire et archéologie_d, histoire et philosophie des sciences_d, histoire_t, haut moyen âge_t, bas moyen âge_t, xviie siècle_t, xviiie siècle_t;Datasets/all_labels_train_gensim_sparse_matrix.npz
tagebuch.hypotheses.org/783;histoire et archéologie_d, histoire_d, histoire_t, époque contemporaine_t, 1914-1918_t;Datasets/all_labels_train_gensim_sparse_matrix.npz
digigw.hypotheses.org/238;humanités pluridisciplinaires_d, histoire_t, édition électronique_t, sciences auxiliaires de l'histoire_t, digital humanities_t;Datasets/all_labels_train_gensim_sparse_matrix.npz
dguw.hypotheses.org/98;histoire et archéologie_d, histoire_t, historiographie_t, digital humanities_t;Datasets/all_labels_train_gensim_sparse_matrix.npz
archivewk1.hypotheses.org/30481;histoire_d, époque contemporaine_t, 1914-1918_t;Datasets/all_labels_train_gensim_sparse_matrix.npz
archivalia.hypotheses.org/2274;histoire et archéologie_d, sciences sociales interdisciplinaires_d, histoire_t, approches de corpus_t, enquêtes_t, archives_t;Datasets/all_labels_train_gensim_sparse_matrix.npz
rkb.hypotheses.org/1037;arts et humanités_d, communication_d, sciences de l'information et bibliothéconomie_d, sociologie des sciences_t, édition électronique_t, histoire et sociologie des médias_t;Datasets/all_labels_train_gensim_sparse_matrix.npz
inklusion.hypotheses.org/2109;éducation_d, travail social et politique sociale_d, sociologie du travail_t, âges de la vie_t, information_t, sciences de l'éducation_t;Datasets/all_labels_train_gensim_sparse_matrix.npz
gab.hypotheses.org/1;histoire et archéologie_d, pluridisciplinarité_d, sciences sociales interdisciplinaires_d, études des sciences_t, sociologie des sciences_t, histoire_t;Datasets/all_labels_train_gensim_sparse_matrix.npz
archivalia.hypotheses.org/12322;histoire et archéologie_d, sciences sociales interdisciplinaires_d, histoire_t, approches de corpus_t, enquêtes_t, archives_t;Datasets/all_labels_train_gensim_sparse_matrix.npz
beruf.hypotheses.org/67;histoire et archéologie_d, histoire_d, histoire_t;Datasets/all_labels_train_gensim_sparse_matrix.npz
bereschitrabba.hypotheses.org/139;arts et humanités_d, religions_d, langue et linguistique_d, religions_t, histoire des religions_t;Datasets/all_labels_train_gensim_sparse_matrix.npz
archivalia.hypotheses.org/9446;histoire et archéologie_d, sciences sociales interdisciplinaires_d, histoire_t, approches de corpus_t, enquêtes_t, archives_t;Datasets/all_labels_train_gensim_sparse_matrix.npz
feldpost.hypotheses.org/374;histoire_d, histoire_t, guerres_t, conflits_t, violence_t, histoire culturelle_t, 1914-1918_t, monde germanique_t;Datasets/all_labels_train_gensim_sparse_matrix.npz
nummer.hypotheses.org/182;histoire_d, sciences de l'information et de la communication_d, bibliothéconomie_d, histoire_t, histoire intellectuelle_t, histoire et sociologie des médias_t, histoire culturelle_t;Datasets/all_labels_train_gensim_sparse_matrix.npz
studpro.hypotheses.org/123;histoire_d, histoire_t, époque moderne_t, xviie siècle_t, xviiie siècle_t;Datasets/all_labels_train_gensim_sparse_matrix.npz
archivalia.hypotheses.org/8182;histoire et archéologie_d, sciences sociales interdisciplinaires_d, histoire_t, approches de corpus_t, enquêtes_t, archives_t;Datasets/all_labels_train_gensim_sparse_matrix.npz
geschichtsadmin.hypotheses.org/297;éducation_d, histoire_d, sociologie du travail_t, histoire_t;Datasets/all_labels_train_gensim_sparse_matrix.npz
archivalia.hypotheses.org/60139;histoire et archéologie_d, sciences sociales interdisciplinaires_d, histoire_t, approches de corpus_t, enquêtes_t, archives_t;Datasets/all_labels_train_gensim_sparse_matrix.npz
archivalia.hypotheses.org/8899;histoire et archéologie_d, sciences sociales interdisciplinaires_d, histoire_t, approches de corpus_t, enquêtes_t, archives_t;Datasets/all_labels_train_gensim_sparse_matrix.npz
bioeg.hypotheses.org/1327;histoire et archéologie_d, histoire_d, histoire_t, sciences auxiliaires de l'histoire_t, europe centrale et orientale_t, monde germanique_t;Datasets/all_labels_train_gensim_sparse_matrix.npz
archivalia.hypotheses.org/11195;histoire et archéologie_d, sciences sociales interdisciplinaires_d, histoire_t, approches de corpus_t, enquêtes_t, archives_t;Datasets/all_labels_train_gensim_sparse_matrix.npz
archivewk1.hypotheses.org/13652;histoire_d, époque contemporaine_t, 1914-1918_t;Datasets/all_labels_train_gensim_sparse_matrix.npz
soziologieblog.hypotheses.org/4107;sciences sociales interdisciplinaires_d, sociologie et anthropologie_d, sociologie du travail_t, sociologie urbaine_t, sociologie de la culture_t, sociologie économique_t;Datasets/all_labels_train_gensim_sparse_matrix.npz
medienbildung.hypotheses.org/6416;éducation_d, éducation spécialisée_d, travail social_d, sociologie_t, édition électronique_t, histoire et sociologie des médias_t, éducation_t;Datasets/all_labels_train_gensim_sparse_matrix.npz
archivewk1.hypotheses.org/17609;histoire_d, époque contemporaine_t, 1914-1918_t;Datasets/all_labels_train_gensim_sparse_matrix.npz
archivalia.hypotheses.org/8795;histoire et archéologie_d, sciences sociales interdisciplinaires_d, histoire_t, approches de corpus_t, enquêtes_t, archives_t;Datasets/all_labels_train_gensim_sparse_matrix.npz
histbav.hypotheses.org/702;humanités pluridisciplinaires_d, histoire_d, pluridisciplinarité_d, histoire_t, monde germanique_t;Datasets/all_labels_train_gensim_sparse_matrix.npz
mindthegaps.hypotheses.org/490;études asiatiques_d, histoire_d, histoire_t, histoire culturelle_t, asie_t, chine_t;Datasets/all_labels_train_gensim_sparse_matrix.npz
archivalia.hypotheses.org/12419;histoire et archéologie_d, sciences sociales interdisciplinaires_d, histoire_t, approches de corpus_t, enquêtes_t, archives_t;Datasets/all_labels_train_gensim_sparse_matrix.npz
archdigi.hypotheses.org/44;archéologie_d, monde germanique_t;Datasets/all_labels_train_gensim_sparse_matrix.npz
archivalia.hypotheses.org/7869;histoire et archéologie_d, sciences sociales interdisciplinaires_d, histoire_t, approches de corpus_t, enquêtes_t, archives_t;Datasets/all_labels_train_gensim_sparse_matrix.npz
tagebuch.hypotheses.org/959;histoire et archéologie_d, histoire_d, histoire_t, époque contemporaine_t, 1914-1918_t;Datasets/all_labels_train_gensim_sparse_matrix.npz
lvrafz.hypotheses.org/1510;pluridisciplinarité_d, information_t;Datasets/all_labels_train_gensim_sparse_matrix.npz
archivalia.hypotheses.org/6257;histoire et archéologie_d, sciences sociales interdisciplinaires_d, histoire_t, approches de corpus_t, enquêtes_t, archives_t;Datasets/all_labels_train_gensim_sparse_matrix.npz
nordichistoryblog.hypotheses.org/3275;arts et humanités_d, histoire et archéologie_d, histoire_t, édition électronique_t, vie de la recherche_t, approches de corpus_t, enquêtes_t, archives_t, europe_t, pays baltes et scandinaves_t;Datasets/all_labels_train_gensim_sparse_matrix.npz
archivalia.hypotheses.org/3321;histoire et archéologie_d, sciences sociales interdisciplinaires_d, histoire_t, approches de corpus_t, enquêtes_t, archives_t;Datasets/all_labels_train_gensim_sparse_matrix.npz
archive20.hypotheses.org/2993;pluridisciplinarité_d, sciences sociales interdisciplinaires_d, histoire_t, information_t, patrimoine_t, monde germanique_t;Datasets/all_labels_train_gensim_sparse_matrix.npz
uegg.hypotheses.org/71;histoire_d, histoire_t, histoire politique_t, époque contemporaine_t, xxe siècle_t, prospectives_t;Datasets/all_labels_train_gensim_sparse_matrix.npz
dkblog.hypotheses.org/157;histoire_d, histoire_t, époque moderne_t, xviie siècle_t;Datasets/all_labels_train_gensim_sparse_matrix.npz
archivalia.hypotheses.org/6629;histoire et archéologie_d, sciences sociales interdisciplinaires_d, histoire_t, approches de corpus_t, enquêtes_t, archives_t;Datasets/all_labels_train_gensim_sparse_matrix.npz
archivalia.hypotheses.org/5361;histoire et archéologie_d, sciences sociales interdisciplinaires_d, histoire_t, approches de corpus_t, enquêtes_t, archives_t;Datasets/all_labels_train_gensim_sparse_matrix.npz
archivalia.hypotheses.org/11559;histoire et archéologie_d, sciences sociales interdisciplinaires_d, histoire_t, approches de corpus_t, enquêtes_t, archives_t;Datasets/all_labels_train_gensim_sparse_matrix.npz
archivamt.hypotheses.org/3991;communication_d, pluridisciplinarité_d, sciences sociales interdisciplinaires_d, information_t, sciences de l'information_t, représentations_t, patrimoine_t;Datasets/all_labels_train_gensim_sparse_matrix.npz
soziologieblog.hypotheses.org/6630;sciences sociales interdisciplinaires_d, sociologie et anthropologie_d, sociologie du travail_t, sociologie urbaine_t, sociologie de la culture_t, sociologie économique_t;Datasets/all_labels_train_gensim_sparse_matrix.npz
archivalia.hypotheses.org/10726;histoire et archéologie_d, sciences sociales interdisciplinaires_d, histoire_t, approches de corpus_t, enquêtes_t, archives_t;Datasets/all_labels_train_gensim_sparse_matrix.npz
nomoi.hypotheses.org/855;arts et humanités_d, anthropologie politique_t, histoire du droit_t, histoire intellectuelle_t, histoire de l'art_t;Datasets/all_labels_train_gensim_sparse_matrix.npz
dokunstlmu.hypotheses.org/1135;arts et humanités_d, histoire intellectuelle_t;Datasets/all_labels_train_gensim_sparse_matrix.npz
dokunstlmu.hypotheses.org/1299;arts et humanités_d, histoire intellectuelle_t;Datasets/all_labels_train_gensim_sparse_matrix.npz
soziologieblog.hypotheses.org/5860;sciences sociales interdisciplinaires_d, sociologie et anthropologie_d, sociologie du travail_t, sociologie urbaine_t, sociologie de la culture_t, sociologie économique_t;Datasets/all_labels_train_gensim_sparse_matrix.npz
winzen.hypotheses.org/739;histoire_d, histoire_t, études visuelles_t, 1918-1939_t, 1939-1945_t, monde germanique_t;Datasets/all_labels_train_gensim_sparse_matrix.npz
liparchiv.hypotheses.org/1;histoire et archéologie_d, sciences politiques_d, administration publique et développement_d, histoire urbaine_t, patrimoine_t, sciences auxiliaires de l'histoire_t, approches de corpus_t, enquêtes_t, archives_t, europe_t;Datasets/all_labels_train_gensim_sparse_matrix.npz
archivalia.hypotheses.org/11571;histoire et archéologie_d, sciences sociales interdisciplinaires_d, histoire_t, approches de corpus_t, enquêtes_t, archives_t;Datasets/all_labels_train_gensim_sparse_matrix.npz
archivamt.hypotheses.org/4173;communication_d, pluridisciplinarité_d, sciences sociales interdisciplinaires_d, information_t, sciences de l'information_t, représentations_t, patrimoine_t;Datasets/all_labels_train_gensim_sparse_matrix.npz
archivalia.hypotheses.org/7451;histoire et archéologie_d, sciences sociales interdisciplinaires_d, histoire_t, approches de corpus_t, enquêtes_t, archives_t;Datasets/all_labels_train_gensim_sparse_matrix.npz
minuseinsebene.hypotheses.org/482;archéologie_d, histoire urbaine_t, histoire des religions_t, moyen âge_t, haut moyen âge_t, monde germanique_t;Datasets/all_labels_train_gensim_sparse_matrix.npz
soziologieblog.hypotheses.org/3256;sciences sociales interdisciplinaires_d, sociologie et anthropologie_d, sociologie du travail_t, sociologie urbaine_t, sociologie de la culture_t, sociologie économique_t;Datasets/all_labels_train_gensim_sparse_matrix.npz
reichwein.hypotheses.org/1407;histoire et archéologie_d, histoire des sciences_t, 1945-1989_t;Datasets/all_labels_train_gensim_sparse_matrix.npz
archivalia.hypotheses.org/648;histoire et archéologie_d, sciences sociales interdisciplinaires_d, histoire_t, approches de corpus_t, enquêtes_t, archives_t;Datasets/all_labels_train_gensim_sparse_matrix.npz
frueheneuzeit.hypotheses.org/728;histoire et archéologie_d, histoire_t, époque moderne_t, xviie siècle_t, xviiie siècle_t, révolution française_t;Datasets/all_labels_train_gensim_sparse_matrix.npz
digigw.hypotheses.org/753;humanités pluridisciplinaires_d, histoire_t, édition électronique_t, sciences auxiliaires de l'histoire_t, digital humanities_t;Datasets/all_labels_train_gensim_sparse_matrix.npz
archive20.hypotheses.org/2836;pluridisciplinarité_d, sciences sociales interdisciplinaires_d, histoire_t, information_t, patrimoine_t, monde germanique_t;Datasets/all_labels_train_gensim_sparse_matrix.npz
mittelalter.hypotheses.org/4255;humanités pluridisciplinaires_d, religions_d, histoire_d, sociologie_d, histoire_t, histoire sociale_t, histoire intellectuelle_t, moyen âge_t, haut moyen âge_t, bas moyen âge_t;Datasets/all_labels_train_gensim_sparse_matrix.npz
archivamt.hypotheses.org/1362;communication_d, pluridisciplinarité_d, sciences sociales interdisciplinaires_d, information_t, sciences de l'information_t, représentations_t, patrimoine_t;Datasets/all_labels_train_gensim_sparse_matrix.npz
astrologiefnz.hypotheses.org/183;arts et humanités_d, humanités pluridisciplinaires_d, histoire et archéologie_d, histoire et philosophie des sciences_d, études des sciences_t, histoire intellectuelle_t, époque moderne_t, xviie siècle_t;Datasets/all_labels_train_gensim_sparse_matrix.npz
tagebuch.hypotheses.org/1350;histoire et archéologie_d, histoire_d, histoire_t, époque contemporaine_t, 1914-1918_t;Datasets/all_labels_train_gensim_sparse_matrix.npz
barblog.hypotheses.org/1267;sciences sociales interdisciplinaires_d, sciences politiques_d, sociologie_d, anthropologie politique_t;Datasets/all_labels_train_gensim_sparse_matrix.npz
archivalia.hypotheses.org/9333;histoire et archéologie_d, sciences sociales interdisciplinaires_d, histoire_t, approches de corpus_t, enquêtes_t, archives_t;Datasets/all_labels_train_gensim_sparse_matrix.npz
dislab.hypotheses.org/1939;sciences sociales interdisciplinaires_d, langue et linguistique_d, sociologie des sciences_t, linguistique_t;Datasets/all_labels_train_gensim_sparse_matrix.npz
archivalia.hypotheses.org/9258;histoire et archéologie_d, sciences sociales interdisciplinaires_d, histoire_t, approches de corpus_t, enquêtes_t, archives_t;Datasets/all_labels_train_gensim_sparse_matrix.npz
mittelalter.hypotheses.org/1833;humanités pluridisciplinaires_d, religions_d, histoire_d, sociologie_d, histoire_t, histoire sociale_t, histoire intellectuelle_t, moyen âge_t, haut moyen âge_t, bas moyen âge_t;Datasets/all_labels_train_gensim_sparse_matrix.npz
siegelblog.hypotheses.org/108;histoire_d, histoire et sociologie des médias_t, histoire de l'art_t, haut moyen âge_t;Datasets/all_labels_train_gensim_sparse_matrix.npz
archivalia.hypotheses.org/7132;histoire et archéologie_d, sciences sociales interdisciplinaires_d, histoire_t, approches de corpus_t, enquêtes_t, archives_t;Datasets/all_labels_train_gensim_sparse_matrix.npz
etatsocial.hypotheses.org/298;histoire_d, histoire des sciences sociales_d, sociologie_d, économie_d, sociologie du travail_t, âges de la vie_t, xxe siècle_t;Datasets/all_labels_train_gensim_sparse_matrix.npz
mindthegaps.hypotheses.org/1307;études asiatiques_d, histoire_d, histoire_t, histoire culturelle_t, asie_t, chine_t;Datasets/all_labels_train_gensim_sparse_matrix.npz
archivalia.hypotheses.org/4155;histoire et archéologie_d, sciences sociales interdisciplinaires_d, histoire_t, approches de corpus_t, enquêtes_t, archives_t;Datasets/all_labels_train_gensim_sparse_matrix.npz
soziologieblog.hypotheses.org/1656;sciences sociales interdisciplinaires_d, sociologie et anthropologie_d, sociologie du travail_t, sociologie urbaine_t, sociologie de la culture_t, sociologie économique_t;Datasets/all_labels_train_gensim_sparse_matrix.npz
amuc.hypotheses.org/763;humanités pluridisciplinaires_d, histoire_d, histoire_t, représentations_t, patrimoine_t;Datasets/all_labels_train_gensim_sparse_matrix.npz
bioeg.hypotheses.org/1282;histoire et archéologie_d, histoire_d, histoire_t, sciences auxiliaires de l'histoire_t, europe centrale et orientale_t, monde germanique_t;Datasets/all_labels_train_gensim_sparse_matrix.npz
archivewk1.hypotheses.org/29346;histoire_d, époque contemporaine_t, 1914-1918_t;Datasets/all_labels_train_gensim_sparse_matrix.npz
kristinoswald.hypotheses.org/1628;études anciennes_d, études des sciences_t, histoire_t, histoire et sociologie des médias_t, histoire culturelle_t, digital humanities_t;Datasets/all_labels_train_gensim_sparse_matrix.npz
dwgd.hypotheses.org/269;éducation_d, histoire_d, histoire des sciences sociales_d, histoire_t, éducation_t, sciences de l'éducation_t;Datasets/all_labels_train_gensim_sparse_matrix.npz
ockenheim.hypotheses.org/196;histoire et archéologie_d, archéologie_d, histoire_t, histoire urbaine_t, édition électronique_t, monde germanique_t;Datasets/all_labels_train_gensim_sparse_matrix.npz
aktenkunde.hypotheses.org/261;histoire_d, histoire_t, sciences auxiliaires de l'histoire_t;Datasets/all_labels_train_gensim_sparse_matrix.npz
archivalia.hypotheses.org/5016;histoire et archéologie_d, sciences sociales interdisciplinaires_d, histoire_t, approches de corpus_t, enquêtes_t, archives_t;Datasets/all_labels_train_gensim_sparse_matrix.npz
lvrafz.hypotheses.org/1572;pluridisciplinarité_d, information_t;Datasets/all_labels_train_gensim_sparse_matrix.npz
hofkultur.hypotheses.org/60;arts et humanités_d, histoire_d, histoire sociale_t, histoire culturelle_t, histoire de l'art_t;Datasets/all_labels_train_gensim_sparse_matrix.npz
dokunstlmu.hypotheses.org/1423;arts et humanités_d, histoire intellectuelle_t;Datasets/all_labels_train_gensim_sparse_matrix.npz
archivamt.hypotheses.org/4294;communication_d, pluridisciplinarité_d, sciences sociales interdisciplinaires_d, information_t, sciences de l'information_t, représentations_t, patrimoine_t;Datasets/all_labels_train_gensim_sparse_matrix.npz
archivalia.hypotheses.org/7895;histoire et archéologie_d, sciences sociales interdisciplinaires_d, histoire_t, approches de corpus_t, enquêtes_t, archives_t;Datasets/all_labels_train_gensim_sparse_matrix.npz
archivewk1.hypotheses.org/3614;histoire_d, époque contemporaine_t, 1914-1918_t;Datasets/all_labels_train_gensim_sparse_matrix.npz
merzdadaco.hypotheses.org/52;humanités pluridisciplinaires_d, littérature_d, littératures_t, représentations_t, histoire culturelle_t, histoire de l'art_t;Datasets/all_labels_train_gensim_sparse_matrix.npz
mittelalter.hypotheses.org/461;humanités pluridisciplinaires_d, religions_d, histoire_d, sociologie_d, histoire_t, histoire sociale_t, histoire intellectuelle_t, moyen âge_t, haut moyen âge_t, bas moyen âge_t;Datasets/all_labels_train_gensim_sparse_matrix.npz
archivamt.hypotheses.org/1480;communication_d, pluridisciplinarité_d, sciences sociales interdisciplinaires_d, information_t, sciences de l'information_t, représentations_t, patrimoine_t;Datasets/all_labels_train_gensim_sparse_matrix.npz
archivalia.hypotheses.org/1335;histoire et archéologie_d, sciences sociales interdisciplinaires_d, histoire_t, approches de corpus_t, enquêtes_t, archives_t;Datasets/all_labels_train_gensim_sparse_matrix.npz
aes.hypotheses.org/214;histoire_t, religions_t;Datasets/all_labels_train_gensim_sparse_matrix.npz
kulturgut.hypotheses.org/342;humanités pluridisciplinaires_d, études des sciences_t, histoire_t, approches de corpus_t, enquêtes_t, archives_t;Datasets/all_labels_train_gensim_sparse_matrix.npz
archives.hypotheses.org/1020;histoire_d, communication_d, patrimoine_t, digital humanities_t, moyen âge_t, époque moderne_t, france_t, monde germanique_t;Datasets/all_labels_train_gensim_sparse_matrix.npz
archivewk1.hypotheses.org/4939;histoire_d, époque contemporaine_t, 1914-1918_t;Datasets/all_labels_train_gensim_sparse_matrix.npz
ordensgeschichte.hypotheses.org/9346;arts et humanités_d, humanités pluridisciplinaires_d, histoire et archéologie_d, histoire et philosophie des sciences_d, histoire_t, haut moyen âge_t, bas moyen âge_t, xviie siècle_t, xviiie siècle_t;Datasets/all_labels_train_gensim_sparse_matrix.npz
lvrafz.hypotheses.org/145;pluridisciplinarité_d, information_t;Datasets/all_labels_train_gensim_sparse_matrix.npz
archivalia.hypotheses.org/6897;histoire et archéologie_d, sciences sociales interdisciplinaires_d, histoire_t, approches de corpus_t, enquêtes_t, archives_t;Datasets/all_labels_train_gensim_sparse_matrix.npz
bereschitrabba.hypotheses.org/1262;arts et humanités_d, religions_d, langue et linguistique_d, religions_t, histoire des religions_t;Datasets/all_labels_train_gensim_sparse_matrix.npz
feldpost.hypotheses.org/197;histoire_d, histoire_t, guerres_t, conflits_t, violence_t, histoire culturelle_t, 1914-1918_t, monde germanique_t;Datasets/all_labels_train_gensim_sparse_matrix.npz
grk1919.hypotheses.org/188;histoire et archéologie_d, histoire et philosophie des sciences_d, histoire_t;Datasets/all_labels_train_gensim_sparse_matrix.npz
archivalia.hypotheses.org/6941;histoire et archéologie_d, sciences sociales interdisciplinaires_d, histoire_t, approches de corpus_t, enquêtes_t, archives_t;Datasets/all_labels_train_gensim_sparse_matrix.npz
archivalia.hypotheses.org/62112;histoire et archéologie_d, sciences sociales interdisciplinaires_d, histoire_t, approches de corpus_t, enquêtes_t, archives_t;Datasets/all_labels_train_gensim_sparse_matrix.npz
medialogic.hypotheses.org/468;arts et humanités_d, sciences de l'information et de la communication_d, bibliothéconomie_d, sociologie_t;Datasets/all_labels_train_gensim_sparse_matrix.npz
dss.hypotheses.org/817;arts et humanités_d, communication_d, sciences de l'information et bibliothéconomie_d, information_t, édition électronique_t, représentations_t, histoire de l'art_t, patrimoine_t, prospectives_t;Datasets/all_labels_train_gensim_sparse_matrix.npz
archivewk1.hypotheses.org/4701;histoire_d, époque contemporaine_t, 1914-1918_t;Datasets/all_labels_train_gensim_sparse_matrix.npz
archivewk1.hypotheses.org/6831;histoire_d, époque contemporaine_t, 1914-1918_t;Datasets/all_labels_train_gensim_sparse_matrix.npz
gewalt.hypotheses.org/751;sciences politiques_d, sociologie_d, sociologie_t, sociologie urbaine_t, anthropologie politique_t, histoire urbaine_t, guerres_t, conflits_t, violence_t;Datasets/all_labels_train_gensim_sparse_matrix.npz
tagebuch.hypotheses.org/297;histoire et archéologie_d, histoire_d, histoire_t, époque contemporaine_t, 1914-1918_t;Datasets/all_labels_train_gensim_sparse_matrix.npz
ordensgeschichte.hypotheses.org/9692;arts et humanités_d, humanités pluridisciplinaires_d, histoire et archéologie_d, histoire et philosophie des sciences_d, histoire_t, haut moyen âge_t, bas moyen âge_t, xviie siècle_t, xviiie siècle_t;Datasets/all_labels_train_gensim_sparse_matrix.npz
archivalia.hypotheses.org/11482;histoire et archéologie_d, sciences sociales interdisciplinaires_d, histoire_t, approches de corpus_t, enquêtes_t, archives_t;Datasets/all_labels_train_gensim_sparse_matrix.npz
archivalia.hypotheses.org/10993;histoire et archéologie_d, sciences sociales interdisciplinaires_d, histoire_t, approches de corpus_t, enquêtes_t, archives_t;Datasets/all_labels_train_gensim_sparse_matrix.npz
histbav.hypotheses.org/2851;humanités pluridisciplinaires_d, histoire_d, pluridisciplinarité_d, histoire_t, monde germanique_t;Datasets/all_labels_train_gensim_sparse_matrix.npz
aes.hypotheses.org/47;histoire_t, religions_t;Datasets/all_labels_train_gensim_sparse_matrix.npz
oberrhein.hypotheses.org/861;religions_d, archéologie_d, histoire_d, histoire_t, moyen âge_t, france_t, monde germanique_t;Datasets/all_labels_train_gensim_sparse_matrix.npz
trafo.hypotheses.org/5234;pluridisciplinarité_d, sciences sociales interdisciplinaires_d, études régionales_d, sociologie_t, sociologie des religions_t, information_t, histoire culturelle_t;Datasets/all_labels_train_gensim_sparse_matrix.npz
archivamt.hypotheses.org/2657;communication_d, pluridisciplinarité_d, sciences sociales interdisciplinaires_d, information_t, sciences de l'information_t, représentations_t, patrimoine_t;Datasets/all_labels_train_gensim_sparse_matrix.npz
archivewk1.hypotheses.org/3942;histoire_d, époque contemporaine_t, 1914-1918_t;Datasets/all_labels_train_gensim_sparse_matrix.npz
studpro.hypotheses.org/512;histoire_d, histoire_t, époque moderne_t, xviie siècle_t, xviiie siècle_t;Datasets/all_labels_train_gensim_sparse_matrix.npz
nordichistoryblog.hypotheses.org/1115;arts et humanités_d, histoire et archéologie_d, histoire_t, édition électronique_t, vie de la recherche_t, approches de corpus_t, enquêtes_t, archives_t, europe_t, pays baltes et scandinaves_t;Datasets/all_labels_train_gensim_sparse_matrix.npz
irhis.hypotheses.org/987;arts et humanités_d, histoire et archéologie_d, histoire économique_t, histoire sociale_t, études visuelles_t;Datasets/all_labels_train_gensim_sparse_matrix.npz
archivalia.hypotheses.org/11139;histoire et archéologie_d, sciences sociales interdisciplinaires_d, histoire_t, approches de corpus_t, enquêtes_t, archives_t;Datasets/all_labels_train_gensim_sparse_matrix.npz
lvrafz.hypotheses.org/1876;pluridisciplinarité_d, information_t;Datasets/all_labels_train_gensim_sparse_matrix.npz
uegg.hypotheses.org/336;histoire_d, histoire_t, histoire politique_t, époque contemporaine_t, xxe siècle_t, prospectives_t;Datasets/all_labels_train_gensim_sparse_matrix.npz
rkb.hypotheses.org/1009;arts et humanités_d, communication_d, sciences de l'information et bibliothéconomie_d, sociologie des sciences_t, édition électronique_t, histoire et sociologie des médias_t;Datasets/all_labels_train_gensim_sparse_matrix.npz
archivalia.hypotheses.org/4141;histoire et archéologie_d, sciences sociales interdisciplinaires_d, histoire_t, approches de corpus_t, enquêtes_t, archives_t;Datasets/all_labels_train_gensim_sparse_matrix.npz
medienbildung.hypotheses.org/3962;éducation_d, éducation spécialisée_d, travail social_d, sociologie_t, édition électronique_t, histoire et sociologie des médias_t, éducation_t;Datasets/all_labels_train_gensim_sparse_matrix.npz
ordensgeschichte.hypotheses.org/8773;arts et humanités_d, humanités pluridisciplinaires_d, histoire et archéologie_d, histoire et philosophie des sciences_d, histoire_t, haut moyen âge_t, bas moyen âge_t, xviie siècle_t, xviiie siècle_t;Datasets/all_labels_train_gensim_sparse_matrix.npz
archivalia.hypotheses.org/3613;histoire et archéologie_d, sciences sociales interdisciplinaires_d, histoire_t, approches de corpus_t, enquêtes_t, archives_t;Datasets/all_labels_train_gensim_sparse_matrix.npz
maxweber.hypotheses.org/697;humanités pluridisciplinaires_d, histoire et archéologie_d, histoire et philosophie des sciences_d, sociologie et anthropologie_d, histoire sociale_t, histoire intellectuelle_t, sociologie des religions_t, vie de la recherche_t;Datasets/all_labels_train_gensim_sparse_matrix.npz
archivalia.hypotheses.org/62408;histoire et archéologie_d, sciences sociales interdisciplinaires_d, histoire_t, approches de corpus_t, enquêtes_t, archives_t;Datasets/all_labels_train_gensim_sparse_matrix.npz
gab.hypotheses.org/614;histoire et archéologie_d, pluridisciplinarité_d, sciences sociales interdisciplinaires_d, études des sciences_t, sociologie des sciences_t, histoire_t;Datasets/all_labels_train_gensim_sparse_matrix.npz
1914lvr.hypotheses.org/1665;sciences politiques_d, histoire_t, époque contemporaine_t, 1914-1918_t;Datasets/all_labels_train_gensim_sparse_matrix.npz
archivewk1.hypotheses.org/30804;histoire_d, époque contemporaine_t, 1914-1918_t;Datasets/all_labels_train_gensim_sparse_matrix.npz
archivalia.hypotheses.org/55149;histoire et archéologie_d, sciences sociales interdisciplinaires_d, histoire_t, approches de corpus_t, enquêtes_t, archives_t;Datasets/all_labels_train_gensim_sparse_matrix.npz
mittelalter.hypotheses.org/4687;humanités pluridisciplinaires_d, religions_d, histoire_d, sociologie_d, histoire_t, histoire sociale_t, histoire intellectuelle_t, moyen âge_t, haut moyen âge_t, bas moyen âge_t;Datasets/all_labels_train_gensim_sparse_matrix.npz
mindthegaps.hypotheses.org/2045;études asiatiques_d, histoire_d, histoire_t, histoire culturelle_t, asie_t, chine_t;Datasets/all_labels_train_gensim_sparse_matrix.npz
archivalia.hypotheses.org/2879;histoire et archéologie_d, sciences sociales interdisciplinaires_d, histoire_t, approches de corpus_t, enquêtes_t, archives_t;Datasets/all_labels_train_gensim_sparse_matrix.npz
archivalia.hypotheses.org/4123;histoire et archéologie_d, sciences sociales interdisciplinaires_d, histoire_t, approches de corpus_t, enquêtes_t, archives_t;Datasets/all_labels_train_gensim_sparse_matrix.npz
ordensgeschichte.hypotheses.org/9624;arts et humanités_d, humanités pluridisciplinaires_d, histoire et archéologie_d, histoire et philosophie des sciences_d, histoire_t, haut moyen âge_t, bas moyen âge_t, xviie siècle_t, xviiie siècle_t;Datasets/all_labels_train_gensim_sparse_matrix.npz
archivalia.hypotheses.org/5481;histoire et archéologie_d, sciences sociales interdisciplinaires_d, histoire_t, approches de corpus_t, enquêtes_t, archives_t;Datasets/all_labels_train_gensim_sparse_matrix.npz
archivewk1.hypotheses.org/22746;histoire_d, époque contemporaine_t, 1914-1918_t;Datasets/all_labels_train_gensim_sparse_matrix.npz
archivewk1.hypotheses.org/30716;histoire_d, époque contemporaine_t, 1914-1918_t;Datasets/all_labels_train_gensim_sparse_matrix.npz
archivalia.hypotheses.org/8527;histoire et archéologie_d, sciences sociales interdisciplinaires_d, histoire_t, approches de corpus_t, enquêtes_t, archives_t;Datasets/all_labels_train_gensim_sparse_matrix.npz
rkb.hypotheses.org/181;arts et humanités_d, communication_d, sciences de l'information et bibliothéconomie_d, sociologie des sciences_t, édition électronique_t, histoire et sociologie des médias_t;Datasets/all_labels_train_gensim_sparse_matrix.npz
musicaroma.hypotheses.org/155;musique_d, histoire_d, histoire_t, histoire culturelle_t, monde germanique_t;Datasets/all_labels_train_gensim_sparse_matrix.npz
vivien.hypotheses.org/261;arts et humanités_d, représentations_t, histoire de l'art_t, xviiie siècle_t, france_t;Datasets/all_labels_train_gensim_sparse_matrix.npz
archivalia.hypotheses.org/61112;histoire et archéologie_d, sciences sociales interdisciplinaires_d, histoire_t, approches de corpus_t, enquêtes_t, archives_t;Datasets/all_labels_train_gensim_sparse_matrix.npz
archivalia.hypotheses.org/13725;histoire et archéologie_d, sciences sociales interdisciplinaires_d, histoire_t, approches de corpus_t, enquêtes_t, archives_t;Datasets/all_labels_train_gensim_sparse_matrix.npz
tagebuch.hypotheses.org/953;histoire et archéologie_d, histoire_d, histoire_t, époque contemporaine_t, 1914-1918_t;Datasets/all_labels_train_gensim_sparse_matrix.npz
archivalia.hypotheses.org/14092;histoire et archéologie_d, sciences sociales interdisciplinaires_d, histoire_t, approches de corpus_t, enquêtes_t, archives_t;Datasets/all_labels_train_gensim_sparse_matrix.npz
archivalia.hypotheses.org/54075;histoire et archéologie_d, sciences sociales interdisciplinaires_d, histoire_t, approches de corpus_t, enquêtes_t, archives_t;Datasets/all_labels_train_gensim_sparse_matrix.npz
archivalia.hypotheses.org/8048;histoire et archéologie_d, sciences sociales interdisciplinaires_d, histoire_t, approches de corpus_t, enquêtes_t, archives_t;Datasets/all_labels_train_gensim_sparse_matrix.npz
ostblog.hypotheses.org/236;histoire_d, économie_d, histoire_t;Datasets/all_labels_train_gensim_sparse_matrix.npz
kulturgut.hypotheses.org/152;humanités pluridisciplinaires_d, études des sciences_t, histoire_t, approches de corpus_t, enquêtes_t, archives_t;Datasets/all_labels_train_gensim_sparse_matrix.npz
archivalia.hypotheses.org/11734;histoire et archéologie_d, sciences sociales interdisciplinaires_d, histoire_t, approches de corpus_t, enquêtes_t, archives_t;Datasets/all_labels_train_gensim_sparse_matrix.npz
archivekod.hypotheses.org/775;religions_d, histoire et archéologie_d, sciences de l'information et de la communication_d, bibliothéconomie_d, communication_d, histoire_t, histoire des religions_t, patrimoine_t;Datasets/all_labels_train_gensim_sparse_matrix.npz
bioeg.hypotheses.org/1663;histoire et archéologie_d, histoire_d, histoire_t, sciences auxiliaires de l'histoire_t, europe centrale et orientale_t, monde germanique_t;Datasets/all_labels_train_gensim_sparse_matrix.npz
tagebuch.hypotheses.org/1216;histoire et archéologie_d, histoire_d, histoire_t, époque contemporaine_t, 1914-1918_t;Datasets/all_labels_train_gensim_sparse_matrix.npz
archivalia.hypotheses.org/5452;histoire et archéologie_d, sciences sociales interdisciplinaires_d, histoire_t, approches de corpus_t, enquêtes_t, archives_t;Datasets/all_labels_train_gensim_sparse_matrix.npz
archivamt.hypotheses.org/550;communication_d, pluridisciplinarité_d, sciences sociales interdisciplinaires_d, information_t, sciences de l'information_t, représentations_t, patrimoine_t;Datasets/all_labels_train_gensim_sparse_matrix.npz
mittelalter.hypotheses.org/6874;humanités pluridisciplinaires_d, religions_d, histoire_d, sociologie_d, histoire_t, histoire sociale_t, histoire intellectuelle_t, moyen âge_t, haut moyen âge_t, bas moyen âge_t;Datasets/all_labels_train_gensim_sparse_matrix.npz
grandeguerre.hypotheses.org/1486;histoire et archéologie_d, histoire_t, 1914-1918_t, prospectives_t, france_t, monde germanique_t;Datasets/all_labels_train_gensim_sparse_matrix.npz
archivalia.hypotheses.org/62765;histoire et archéologie_d, sciences sociales interdisciplinaires_d, histoire_t, approches de corpus_t, enquêtes_t, archives_t;Datasets/all_labels_train_gensim_sparse_matrix.npz
dhdhi.hypotheses.org/1738;histoire et archéologie_d, histoire_t, épistémologie et méthodes_t, digital humanities_t;Datasets/all_labels_train_gensim_sparse_matrix.npz
archivalia.hypotheses.org/3415;histoire et archéologie_d, sciences sociales interdisciplinaires_d, histoire_t, approches de corpus_t, enquêtes_t, archives_t;Datasets/all_labels_train_gensim_sparse_matrix.npz
archivalia.hypotheses.org/10064;histoire et archéologie_d, sciences sociales interdisciplinaires_d, histoire_t, approches de corpus_t, enquêtes_t, archives_t;Datasets/all_labels_train_gensim_sparse_matrix.npz
soziologieblog.hypotheses.org/7232;sciences sociales interdisciplinaires_d, sociologie et anthropologie_d, sociologie du travail_t, sociologie urbaine_t, sociologie de la culture_t, sociologie économique_t;Datasets/all_labels_train_gensim_sparse_matrix.npz
archivalia.hypotheses.org/5090;histoire et archéologie_d, sciences sociales interdisciplinaires_d, histoire_t, approches de corpus_t, enquêtes_t, archives_t;Datasets/all_labels_train_gensim_sparse_matrix.npz
bioeg.hypotheses.org/649;histoire et archéologie_d, histoire_d, histoire_t, sciences auxiliaires de l'histoire_t, europe centrale et orientale_t, monde germanique_t;Datasets/all_labels_train_gensim_sparse_matrix.npz
archivalia.hypotheses.org/12850;histoire et archéologie_d, sciences sociales interdisciplinaires_d, histoire_t, approches de corpus_t, enquêtes_t, archives_t;Datasets/all_labels_train_gensim_sparse_matrix.npz
archivalia.hypotheses.org/4931;histoire et archéologie_d, sciences sociales interdisciplinaires_d, histoire_t, approches de corpus_t, enquêtes_t, archives_t;Datasets/all_labels_train_gensim_sparse_matrix.npz
winzen.hypotheses.org/271;histoire_d, histoire_t, études visuelles_t, 1918-1939_t, 1939-1945_t, monde germanique_t;Datasets/all_labels_train_gensim_sparse_matrix.npz
archivalia.hypotheses.org/5147;histoire et archéologie_d, sciences sociales interdisciplinaires_d, histoire_t, approches de corpus_t, enquêtes_t, archives_t;Datasets/all_labels_train_gensim_sparse_matrix.npz
geschichtsadmin.hypotheses.org/240;éducation_d, histoire_d, sociologie du travail_t, histoire_t;Datasets/all_labels_train_gensim_sparse_matrix.npz
archivalia.hypotheses.org/12316;histoire et archéologie_d, sciences sociales interdisciplinaires_d, histoire_t, approches de corpus_t, enquêtes_t, archives_t;Datasets/all_labels_train_gensim_sparse_matrix.npz
liparchiv.hypotheses.org/1112;histoire et archéologie_d, sciences politiques_d, administration publique et développement_d, histoire urbaine_t, patrimoine_t, sciences auxiliaires de l'histoire_t, approches de corpus_t, enquêtes_t, archives_t, europe_t;Datasets/all_labels_train_gensim_sparse_matrix.npz
ockenheim.hypotheses.org/773;histoire et archéologie_d, archéologie_d, histoire_t, histoire urbaine_t, édition électronique_t, monde germanique_t;Datasets/all_labels_train_gensim_sparse_matrix.npz
gab.hypotheses.org/1219;histoire et archéologie_d, pluridisciplinarité_d, sciences sociales interdisciplinaires_d, études des sciences_t, sociologie des sciences_t, histoire_t;Datasets/all_labels_train_gensim_sparse_matrix.npz
jameel.hypotheses.org/868;pluridisciplinarité_d, études régionales_d, archéologie_d, arts_d, humanités pluridisciplinaires_d, représentations_t, asie_t, digital humanities_t, histoire de l'art_t;Datasets/all_labels_train_gensim_sparse_matrix.npz
archivamt.hypotheses.org/4118;communication_d, pluridisciplinarité_d, sciences sociales interdisciplinaires_d, information_t, sciences de l'information_t, représentations_t, patrimoine_t;Datasets/all_labels_train_gensim_sparse_matrix.npz
ostbib.hypotheses.org/1471;humanités pluridisciplinaires_d, histoire et archéologie_d, sciences de l'information et de la communication_d, bibliothéconomie_d, sciences sociales interdisciplinaires_d, sciences de l'information_t, édition électronique_t;Datasets/all_labels_train_gensim_sparse_matrix.npz
soziologieblog.hypotheses.org/4210;sciences sociales interdisciplinaires_d, sociologie et anthropologie_d, sociologie du travail_t, sociologie urbaine_t, sociologie de la culture_t, sociologie économique_t;Datasets/all_labels_train_gensim_sparse_matrix.npz
zakunibonn.hypotheses.org/325;histoire_d, psychologie_d, histoire_t, psychisme_t, psychologie_t, méthodes de traitement et de représentation_t, monde germanique_t;Datasets/all_labels_train_gensim_sparse_matrix.npz
archivalia.hypotheses.org/55844;histoire et archéologie_d, sciences sociales interdisciplinaires_d, histoire_t, approches de corpus_t, enquêtes_t, archives_t;Datasets/all_labels_train_gensim_sparse_matrix.npz
sdvigpress.hypotheses.org/237;langue et linguistique_d, philosophie_d, humanités pluridisciplinaires_d, épistémologie et méthodes_t, digital humanities_t, europe centrale et orientale_t, édition électronique_t, linguistique_t;Datasets/all_labels_train_gensim_sparse_matrix.npz
archivewk1.hypotheses.org/11365;histoire_d, époque contemporaine_t, 1914-1918_t;Datasets/all_labels_train_gensim_sparse_matrix.npz
archivewk1.hypotheses.org/11571;histoire_d, époque contemporaine_t, 1914-1918_t;Datasets/all_labels_train_gensim_sparse_matrix.npz
archivalia.hypotheses.org/8321;histoire et archéologie_d, sciences sociales interdisciplinaires_d, histoire_t, approches de corpus_t, enquêtes_t, archives_t;Datasets/all_labels_train_gensim_sparse_matrix.npz
dhdhi.hypotheses.org/1044;histoire et archéologie_d, histoire_t, épistémologie et méthodes_t, digital humanities_t;Datasets/all_labels_train_gensim_sparse_matrix.npz
amuc.hypotheses.org/1460;humanités pluridisciplinaires_d, histoire_d, histoire_t, représentations_t, patrimoine_t;Datasets/all_labels_train_gensim_sparse_matrix.npz
archivewk1.hypotheses.org/29773;histoire_d, époque contemporaine_t, 1914-1918_t;Datasets/all_labels_train_gensim_sparse_matrix.npz
tagebuch.hypotheses.org/1235;histoire et archéologie_d, histoire_d, histoire_t, époque contemporaine_t, 1914-1918_t;Datasets/all_labels_train_gensim_sparse_matrix.npz
minuseinsebene.hypotheses.org/1067;archéologie_d, histoire urbaine_t, histoire des religions_t, moyen âge_t, haut moyen âge_t, monde germanique_t;Datasets/all_labels_train_gensim_sparse_matrix.npz
uegg.hypotheses.org/227;histoire_d, histoire_t, histoire politique_t, époque contemporaine_t, xxe siècle_t, prospectives_t;Datasets/all_labels_train_gensim_sparse_matrix.npz
soziologieblog.hypotheses.org/5851;sciences sociales interdisciplinaires_d, sociologie et anthropologie_d, sociologie du travail_t, sociologie urbaine_t, sociologie de la culture_t, sociologie économique_t;Datasets/all_labels_train_gensim_sparse_matrix.npz
archivamt.hypotheses.org/1322;communication_d, pluridisciplinarité_d, sciences sociales interdisciplinaires_d, information_t, sciences de l'information_t, représentations_t, patrimoine_t;Datasets/all_labels_train_gensim_sparse_matrix.npz
archivalia.hypotheses.org/61909;histoire et archéologie_d, sciences sociales interdisciplinaires_d, histoire_t, approches de corpus_t, enquêtes_t, archives_t;Datasets/all_labels_train_gensim_sparse_matrix.npz
blogweimar.hypotheses.org/154;histoire et archéologie_d, histoire_t, histoire politique_t, 1918-1939_t, monde germanique_t;Datasets/all_labels_train_gensim_sparse_matrix.npz
archivalia.hypotheses.org/12645;histoire et archéologie_d, sciences sociales interdisciplinaires_d, histoire_t, approches de corpus_t, enquêtes_t, archives_t;Datasets/all_labels_train_gensim_sparse_matrix.npz
archivewk1.hypotheses.org/24549;histoire_d, époque contemporaine_t, 1914-1918_t;Datasets/all_labels_train_gensim_sparse_matrix.npz
tagebuch.hypotheses.org/698;histoire et archéologie_d, histoire_d, histoire_t, époque contemporaine_t, 1914-1918_t;Datasets/all_labels_train_gensim_sparse_matrix.npz
archivalia.hypotheses.org/4206;histoire et archéologie_d, sciences sociales interdisciplinaires_d, histoire_t, approches de corpus_t, enquêtes_t, archives_t;Datasets/all_labels_train_gensim_sparse_matrix.npz
archivalia.hypotheses.org/11582;histoire et archéologie_d, sciences sociales interdisciplinaires_d, histoire_t, approches de corpus_t, enquêtes_t, archives_t;Datasets/all_labels_train_gensim_sparse_matrix.npz
1914lvr.hypotheses.org/1690;sciences politiques_d, histoire_t, époque contemporaine_t, 1914-1918_t;Datasets/all_labels_train_gensim_sparse_matrix.npz
mobilvideo.hypotheses.org/470;humanités pluridisciplinaires_d, éducation_d, sciences sociales interdisciplinaires_d, histoire et sociologie des médias_t, études visuelles_t, éducation_t, sciences de l'éducation_t;Datasets/all_labels_train_gensim_sparse_matrix.npz
archivalia.hypotheses.org/8244;histoire et archéologie_d, sciences sociales interdisciplinaires_d, histoire_t, approches de corpus_t, enquêtes_t, archives_t;Datasets/all_labels_train_gensim_sparse_matrix.npz
tagebuch.hypotheses.org/1287;histoire et archéologie_d, histoire_d, histoire_t, époque contemporaine_t, 1914-1918_t;Datasets/all_labels_train_gensim_sparse_matrix.npz
archivalia.hypotheses.org/9954;histoire et archéologie_d, sciences sociales interdisciplinaires_d, histoire_t, approches de corpus_t, enquêtes_t, archives_t;Datasets/all_labels_train_gensim_sparse_matrix.npz
ordensgeschichte.hypotheses.org/4156;arts et humanités_d, humanités pluridisciplinaires_d, histoire et archéologie_d, histoire et philosophie des sciences_d, histoire_t, haut moyen âge_t, bas moyen âge_t, xviie siècle_t, xviiie siècle_t;Datasets/all_labels_train_gensim_sparse_matrix.npz
nordichistoryblog.hypotheses.org/1989;arts et humanités_d, histoire et archéologie_d, histoire_t, édition électronique_t, vie de la recherche_t, approches de corpus_t, enquêtes_t, archives_t, europe_t, pays baltes et scandinaves_t;Datasets/all_labels_train_gensim_sparse_matrix.npz
archivalia.hypotheses.org/13109;histoire et archéologie_d, sciences sociales interdisciplinaires_d, histoire_t, approches de corpus_t, enquêtes_t, archives_t;Datasets/all_labels_train_gensim_sparse_matrix.npz
mittelalter.hypotheses.org/3387;humanités pluridisciplinaires_d, religions_d, histoire_d, sociologie_d, histoire_t, histoire sociale_t, histoire intellectuelle_t, moyen âge_t, haut moyen âge_t, bas moyen âge_t;Datasets/all_labels_train_gensim_sparse_matrix.npz
maxweber.hypotheses.org/193;humanités pluridisciplinaires_d, histoire et archéologie_d, histoire et philosophie des sciences_d, sociologie et anthropologie_d, histoire sociale_t, histoire intellectuelle_t, sociologie des religions_t, vie de la recherche_t;Datasets/all_labels_train_gensim_sparse_matrix.npz
archivalia.hypotheses.org/7983;histoire et archéologie_d, sciences sociales interdisciplinaires_d, histoire_t, approches de corpus_t, enquêtes_t, archives_t;Datasets/all_labels_train_gensim_sparse_matrix.npz
histbav.hypotheses.org/4268;humanités pluridisciplinaires_d, histoire_d, pluridisciplinarité_d, histoire_t, monde germanique_t;Datasets/all_labels_train_gensim_sparse_matrix.npz
grandeguerre.hypotheses.org/656;histoire et archéologie_d, histoire_t, 1914-1918_t, prospectives_t, france_t, monde germanique_t;Datasets/all_labels_train_gensim_sparse_matrix.npz
dkblog.hypotheses.org/163;histoire_d, histoire_t, époque moderne_t, xviie siècle_t;Datasets/all_labels_train_gensim_sparse_matrix.npz
lvrafz.hypotheses.org/1495;pluridisciplinarité_d, information_t;Datasets/all_labels_train_gensim_sparse_matrix.npz
lvrafz.hypotheses.org/1932;pluridisciplinarité_d, information_t;Datasets/all_labels_train_gensim_sparse_matrix.npz
archivalia.hypotheses.org/9349;histoire et archéologie_d, sciences sociales interdisciplinaires_d, histoire_t, approches de corpus_t, enquêtes_t, archives_t;Datasets/all_labels_train_gensim_sparse_matrix.npz
dkblog.hypotheses.org/600;histoire_d, histoire_t, époque moderne_t, xviie siècle_t;Datasets/all_labels_train_gensim_sparse_matrix.npz
soziologieblog.hypotheses.org/5448;sciences sociales interdisciplinaires_d, sociologie et anthropologie_d, sociologie du travail_t, sociologie urbaine_t, sociologie de la culture_t, sociologie économique_t;Datasets/all_labels_train_gensim_sparse_matrix.npz
archivewk1.hypotheses.org/22891;histoire_d, époque contemporaine_t, 1914-1918_t;Datasets/all_labels_train_gensim_sparse_matrix.npz
19jhdhip.hypotheses.org/2845;histoire_d, époque contemporaine_t, prospectives_t, france_t, monde germanique_t;Datasets/all_labels_train_gensim_sparse_matrix.npz
archivalia.hypotheses.org/4956;histoire et archéologie_d, sciences sociales interdisciplinaires_d, histoire_t, approches de corpus_t, enquêtes_t, archives_t;Datasets/all_labels_train_gensim_sparse_matrix.npz
oberrhein.hypotheses.org/1171;religions_d, archéologie_d, histoire_d, histoire_t, moyen âge_t, france_t, monde germanique_t;Datasets/all_labels_train_gensim_sparse_matrix.npz
archivewk1.hypotheses.org/22495;histoire_d, époque contemporaine_t, 1914-1918_t;Datasets/all_labels_train_gensim_sparse_matrix.npz
dkblog.hypotheses.org/434;histoire_d, histoire_t, époque moderne_t, xviie siècle_t;Datasets/all_labels_train_gensim_sparse_matrix.npz
archivalia.hypotheses.org/11834;histoire et archéologie_d, sciences sociales interdisciplinaires_d, histoire_t, approches de corpus_t, enquêtes_t, archives_t;Datasets/all_labels_train_gensim_sparse_matrix.npz
archivewk1.hypotheses.org/7153;histoire_d, époque contemporaine_t, 1914-1918_t;Datasets/all_labels_train_gensim_sparse_matrix.npz
ordensgeschichte.hypotheses.org/6527;arts et humanités_d, humanités pluridisciplinaires_d, histoire et archéologie_d, histoire et philosophie des sciences_d, histoire_t, haut moyen âge_t, bas moyen âge_t, xviie siècle_t, xviiie siècle_t;Datasets/all_labels_train_gensim_sparse_matrix.npz
medienbildung.hypotheses.org/267;éducation_d, éducation spécialisée_d, travail social_d, sociologie_t, édition électronique_t, histoire et sociologie des médias_t, éducation_t;Datasets/all_labels_train_gensim_sparse_matrix.npz
gab.hypotheses.org/1161;histoire et archéologie_d, pluridisciplinarité_d, sciences sociales interdisciplinaires_d, études des sciences_t, sociologie des sciences_t, histoire_t;Datasets/all_labels_train_gensim_sparse_matrix.npz
reichwein.hypotheses.org/1480;histoire et archéologie_d, histoire des sciences_t, 1945-1989_t;Datasets/all_labels_train_gensim_sparse_matrix.npz
metablock.hypotheses.org/781;sciences sociales interdisciplinaires_d, linguistique appliquée_d, langue et linguistique_d, sociologie des sciences_t, langage_t, linguistique_t, édition électronique_t, histoire et sociologie des médias_t;Datasets/all_labels_train_gensim_sparse_matrix.npz
archivalia.hypotheses.org/13446;histoire et archéologie_d, sciences sociales interdisciplinaires_d, histoire_t, approches de corpus_t, enquêtes_t, archives_t;Datasets/all_labels_train_gensim_sparse_matrix.npz
archivalia.hypotheses.org/10594;histoire et archéologie_d, sciences sociales interdisciplinaires_d, histoire_t, approches de corpus_t, enquêtes_t, archives_t;Datasets/all_labels_train_gensim_sparse_matrix.npz
lvrafz.hypotheses.org/1829;pluridisciplinarité_d, information_t;Datasets/all_labels_train_gensim_sparse_matrix.npz
grk1919.hypotheses.org/83;histoire et archéologie_d, histoire et philosophie des sciences_d, histoire_t;Datasets/all_labels_train_gensim_sparse_matrix.npz
archivalia.hypotheses.org/11345;histoire et archéologie_d, sciences sociales interdisciplinaires_d, histoire_t, approches de corpus_t, enquêtes_t, archives_t;Datasets/all_labels_train_gensim_sparse_matrix.npz
ostbib.hypotheses.org/1106;humanités pluridisciplinaires_d, histoire et archéologie_d, sciences de l'information et de la communication_d, bibliothéconomie_d, sciences sociales interdisciplinaires_d, sciences de l'information_t, édition électronique_t;Datasets/all_labels_train_gensim_sparse_matrix.npz
archivewk1.hypotheses.org/8363;histoire_d, époque contemporaine_t, 1914-1918_t;Datasets/all_labels_train_gensim_sparse_matrix.npz
2wkvisuell.hypotheses.org/551;arts et humanités_d, histoire et archéologie_d, histoire sociale_t, guerres_t, conflits_t, violence_t, histoire et sociologie des médias_t, études visuelles_t, époque contemporaine_t;Datasets/all_labels_train_gensim_sparse_matrix.npz
philophiso.hypotheses.org/129;philosophie_d, éducation_d, éducation spécialisée_d, pensée_t, philosophie_t, représentations_t, patrimoine_t;Datasets/all_labels_train_gensim_sparse_matrix.npz
archivewk1.hypotheses.org/9457;histoire_d, époque contemporaine_t, 1914-1918_t;Datasets/all_labels_train_gensim_sparse_matrix.npz
mittelalter.hypotheses.org/6378;humanités pluridisciplinaires_d, religions_d, histoire_d, sociologie_d, histoire_t, histoire sociale_t, histoire intellectuelle_t, moyen âge_t, haut moyen âge_t, bas moyen âge_t;Datasets/all_labels_train_gensim_sparse_matrix.npz
nordichistoryblog.hypotheses.org/2198;arts et humanités_d, histoire et archéologie_d, histoire_t, édition électronique_t, vie de la recherche_t, approches de corpus_t, enquêtes_t, archives_t, europe_t, pays baltes et scandinaves_t;Datasets/all_labels_train_gensim_sparse_matrix.npz
archivalia.hypotheses.org/5678;histoire et archéologie_d, sciences sociales interdisciplinaires_d, histoire_t, approches de corpus_t, enquêtes_t, archives_t;Datasets/all_labels_train_gensim_sparse_matrix.npz
musermeku.hypotheses.org/102;humanités pluridisciplinaires_d, pluridisciplinarité_d, sciences sociales interdisciplinaires_d, sociologie_t, sociologie de la culture_t, histoire_t, histoire politique_t;Datasets/all_labels_train_gensim_sparse_matrix.npz
lvrafz.hypotheses.org/608;pluridisciplinarité_d, information_t;Datasets/all_labels_train_gensim_sparse_matrix.npz
archivalia.hypotheses.org/10123;histoire et archéologie_d, sciences sociales interdisciplinaires_d, histoire_t, approches de corpus_t, enquêtes_t, archives_t;Datasets/all_labels_train_gensim_sparse_matrix.npz
archivalia.hypotheses.org/10042;histoire et archéologie_d, sciences sociales interdisciplinaires_d, histoire_t, approches de corpus_t, enquêtes_t, archives_t;Datasets/all_labels_train_gensim_sparse_matrix.npz
kindzeit.hypotheses.org/101;éducation_d, histoire_d, histoire_t, sciences de l'éducation_t, xxie siècle_t;Datasets/all_labels_train_gensim_sparse_matrix.npz
archivalia.hypotheses.org/6206;histoire et archéologie_d, sciences sociales interdisciplinaires_d, histoire_t, approches de corpus_t, enquêtes_t, archives_t;Datasets/all_labels_train_gensim_sparse_matrix.npz
archivalia.hypotheses.org/4740;histoire et archéologie_d, sciences sociales interdisciplinaires_d, histoire_t, approches de corpus_t, enquêtes_t, archives_t;Datasets/all_labels_train_gensim_sparse_matrix.npz
soziologieblog.hypotheses.org/7302;sciences sociales interdisciplinaires_d, sociologie et anthropologie_d, sociologie du travail_t, sociologie urbaine_t, sociologie de la culture_t, sociologie économique_t;Datasets/all_labels_train_gensim_sparse_matrix.npz
archivewk1.hypotheses.org/11276;histoire_d, époque contemporaine_t, 1914-1918_t;Datasets/all_labels_train_gensim_sparse_matrix.npz
histbav.hypotheses.org/1857;humanités pluridisciplinaires_d, histoire_d, pluridisciplinarité_d, histoire_t, monde germanique_t;Datasets/all_labels_train_gensim_sparse_matrix.npz
archivewk1.hypotheses.org/22903;histoire_d, époque contemporaine_t, 1914-1918_t;Datasets/all_labels_train_gensim_sparse_matrix.npz
medienbildung.hypotheses.org/5649;éducation_d, éducation spécialisée_d, travail social_d, sociologie_t, édition électronique_t, histoire et sociologie des médias_t, éducation_t;Datasets/all_labels_train_gensim_sparse_matrix.npz
musermeku.hypotheses.org/813;humanités pluridisciplinaires_d, pluridisciplinarité_d, sciences sociales interdisciplinaires_d, sociologie_t, sociologie de la culture_t, histoire_t, histoire politique_t;Datasets/all_labels_train_gensim_sparse_matrix.npz
archivalia.hypotheses.org/13972;histoire et archéologie_d, sciences sociales interdisciplinaires_d, histoire_t, approches de corpus_t, enquêtes_t, archives_t;Datasets/all_labels_train_gensim_sparse_matrix.npz
archivalia.hypotheses.org/7033;histoire et archéologie_d, sciences sociales interdisciplinaires_d, histoire_t, approches de corpus_t, enquêtes_t, archives_t;Datasets/all_labels_train_gensim_sparse_matrix.npz
archivewk1.hypotheses.org/29694;histoire_d, époque contemporaine_t, 1914-1918_t;Datasets/all_labels_train_gensim_sparse_matrix.npz
archive20.hypotheses.org/2597;pluridisciplinarité_d, sciences sociales interdisciplinaires_d, histoire_t, information_t, patrimoine_t, monde germanique_t;Datasets/all_labels_train_gensim_sparse_matrix.npz
jeunegen.hypotheses.org/262;histoire_d, pluridisciplinarité_d, histoire_t, vie de la recherche_t, moyen âge_t, haut moyen âge_t, bas moyen âge_t;Datasets/all_labels_train_gensim_sparse_matrix.npz
ordensgeschichte.hypotheses.org/4479;arts et humanités_d, humanités pluridisciplinaires_d, histoire et archéologie_d, histoire et philosophie des sciences_d, histoire_t, haut moyen âge_t, bas moyen âge_t, xviie siècle_t, xviiie siècle_t;Datasets/all_labels_train_gensim_sparse_matrix.npz
archivewk1.hypotheses.org/4765;histoire_d, époque contemporaine_t, 1914-1918_t;Datasets/all_labels_train_gensim_sparse_matrix.npz
archivalia.hypotheses.org/10000;histoire et archéologie_d, sciences sociales interdisciplinaires_d, histoire_t, approches de corpus_t, enquêtes_t, archives_t;Datasets/all_labels_train_gensim_sparse_matrix.npz
dss.hypotheses.org/838;arts et humanités_d, communication_d, sciences de l'information et bibliothéconomie_d, information_t, édition électronique_t, représentations_t, histoire de l'art_t, patrimoine_t, prospectives_t;Datasets/all_labels_train_gensim_sparse_matrix.npz
archivalia.hypotheses.org/4598;histoire et archéologie_d, sciences sociales interdisciplinaires_d, histoire_t, approches de corpus_t, enquêtes_t, archives_t;Datasets/all_labels_train_gensim_sparse_matrix.npz
archivalia.hypotheses.org/452;histoire et archéologie_d, sciences sociales interdisciplinaires_d, histoire_t, approches de corpus_t, enquêtes_t, archives_t;Datasets/all_labels_train_gensim_sparse_matrix.npz
archivalia.hypotheses.org/9732;histoire et archéologie_d, sciences sociales interdisciplinaires_d, histoire_t, approches de corpus_t, enquêtes_t, archives_t;Datasets/all_labels_train_gensim_sparse_matrix.npz
archivewk1.hypotheses.org/16266;histoire_d, époque contemporaine_t, 1914-1918_t;Datasets/all_labels_train_gensim_sparse_matrix.npz
19jhdhip.hypotheses.org/1652;histoire_d, époque contemporaine_t, prospectives_t, france_t, monde germanique_t;Datasets/all_labels_train_gensim_sparse_matrix.npz
archivalia.hypotheses.org/7186;histoire et archéologie_d, sciences sociales interdisciplinaires_d, histoire_t, approches de corpus_t, enquêtes_t, archives_t;Datasets/all_labels_train_gensim_sparse_matrix.npz
archivalia.hypotheses.org/11833;histoire et archéologie_d, sciences sociales interdisciplinaires_d, histoire_t, approches de corpus_t, enquêtes_t, archives_t;Datasets/all_labels_train_gensim_sparse_matrix.npz
fnzinfo.hypotheses.org/770;arts et humanités_d, musique_d, histoire et archéologie_d, histoire_t, xvie siècle_t, xviie siècle_t, xviiie siècle_t, révolution française_t;Datasets/all_labels_train_gensim_sparse_matrix.npz
tagebuch.hypotheses.org/692;histoire et archéologie_d, histoire_d, histoire_t, époque contemporaine_t, 1914-1918_t;Datasets/all_labels_train_gensim_sparse_matrix.npz
archivalia.hypotheses.org/12667;histoire et archéologie_d, sciences sociales interdisciplinaires_d, histoire_t, approches de corpus_t, enquêtes_t, archives_t;Datasets/all_labels_train_gensim_sparse_matrix.npz
archivekod.hypotheses.org/789;religions_d, histoire et archéologie_d, sciences de l'information et de la communication_d, bibliothéconomie_d, communication_d, histoire_t, histoire des religions_t, patrimoine_t;Datasets/all_labels_train_gensim_sparse_matrix.npz
archivewk1.hypotheses.org/15138;histoire_d, époque contemporaine_t, 1914-1918_t;Datasets/all_labels_train_gensim_sparse_matrix.npz
histgymbib.hypotheses.org/576;arts et humanités_d, humanités pluridisciplinaires_d, sciences de l'information et de la communication_d, bibliothéconomie_d, sciences sociales interdisciplinaires_d, éducation_t, xvie siècle_t, xviie siècle_t, xviiie siècle_t, prospectives_t;Datasets/all_labels_train_gensim_sparse_matrix.npz
archivalia.hypotheses.org/10312;histoire et archéologie_d, sciences sociales interdisciplinaires_d, histoire_t, approches de corpus_t, enquêtes_t, archives_t;Datasets/all_labels_train_gensim_sparse_matrix.npz
archivewk1.hypotheses.org/15079;histoire_d, époque contemporaine_t, 1914-1918_t;Datasets/all_labels_train_gensim_sparse_matrix.npz
archivalia.hypotheses.org/8388;histoire et archéologie_d, sciences sociales interdisciplinaires_d, histoire_t, approches de corpus_t, enquêtes_t, archives_t;Datasets/all_labels_train_gensim_sparse_matrix.npz
archivewk1.hypotheses.org/22852;histoire_d, époque contemporaine_t, 1914-1918_t;Datasets/all_labels_train_gensim_sparse_matrix.npz
metablock.hypotheses.org/864;sciences sociales interdisciplinaires_d, linguistique appliquée_d, langue et linguistique_d, sociologie des sciences_t, langage_t, linguistique_t, édition électronique_t, histoire et sociologie des médias_t;Datasets/all_labels_train_gensim_sparse_matrix.npz
irhis.hypotheses.org/7664;arts et humanités_d, histoire et archéologie_d, histoire économique_t, histoire sociale_t, études visuelles_t;Datasets/all_labels_train_gensim_sparse_matrix.npz
archivalia.hypotheses.org/51929;histoire et archéologie_d, sciences sociales interdisciplinaires_d, histoire_t, approches de corpus_t, enquêtes_t, archives_t;Datasets/all_labels_train_gensim_sparse_matrix.npz
minuseinsebene.hypotheses.org/384;archéologie_d, histoire urbaine_t, histoire des religions_t, moyen âge_t, haut moyen âge_t, monde germanique_t;Datasets/all_labels_train_gensim_sparse_matrix.npz
medienbildung.hypotheses.org/8106;éducation_d, éducation spécialisée_d, travail social_d, sociologie_t, édition électronique_t, histoire et sociologie des médias_t, éducation_t;Datasets/all_labels_train_gensim_sparse_matrix.npz
reichwein.hypotheses.org/2054;histoire et archéologie_d, histoire des sciences_t, 1945-1989_t;Datasets/all_labels_train_gensim_sparse_matrix.npz
histbav.hypotheses.org/4131;humanités pluridisciplinaires_d, histoire_d, pluridisciplinarité_d, histoire_t, monde germanique_t;Datasets/all_labels_train_gensim_sparse_matrix.npz
medialogic.hypotheses.org/753;arts et humanités_d, sciences de l'information et de la communication_d, bibliothéconomie_d, sociologie_t;Datasets/all_labels_train_gensim_sparse_matrix.npz
archivalia.hypotheses.org/4986;histoire et archéologie_d, sciences sociales interdisciplinaires_d, histoire_t, approches de corpus_t, enquêtes_t, archives_t;Datasets/all_labels_train_gensim_sparse_matrix.npz
musermeku.hypotheses.org/2068;humanités pluridisciplinaires_d, pluridisciplinarité_d, sciences sociales interdisciplinaires_d, sociologie_t, sociologie de la culture_t, histoire_t, histoire politique_t;Datasets/all_labels_train_gensim_sparse_matrix.npz
archivalia.hypotheses.org/10856;histoire et archéologie_d, sciences sociales interdisciplinaires_d, histoire_t, approches de corpus_t, enquêtes_t, archives_t;Datasets/all_labels_train_gensim_sparse_matrix.npz
archivalia.hypotheses.org/7104;histoire et archéologie_d, sciences sociales interdisciplinaires_d, histoire_t, approches de corpus_t, enquêtes_t, archives_t;Datasets/all_labels_train_gensim_sparse_matrix.npz
archivewk1.hypotheses.org/7050;histoire_d, époque contemporaine_t, 1914-1918_t;Datasets/all_labels_train_gensim_sparse_matrix.npz
archivalia.hypotheses.org/6604;histoire et archéologie_d, sciences sociales interdisciplinaires_d, histoire_t, approches de corpus_t, enquêtes_t, archives_t;Datasets/all_labels_train_gensim_sparse_matrix.npz
1914lvr.hypotheses.org/1473;sciences politiques_d, histoire_t, époque contemporaine_t, 1914-1918_t;Datasets/all_labels_train_gensim_sparse_matrix.npz
dhmuc.hypotheses.org/98;humanités pluridisciplinaires_d, communication_d, pluridisciplinarité_d, sciences sociales interdisciplinaires_d, études des sciences_t, édition électronique_t, digital humanities_t;Datasets/all_labels_train_gensim_sparse_matrix.npz
jeunegen.hypotheses.org/215;histoire_d, pluridisciplinarité_d, histoire_t, vie de la recherche_t, moyen âge_t, haut moyen âge_t, bas moyen âge_t;Datasets/all_labels_train_gensim_sparse_matrix.npz
archivamt.hypotheses.org/108;communication_d, pluridisciplinarité_d, sciences sociales interdisciplinaires_d, information_t, sciences de l'information_t, représentations_t, patrimoine_t;Datasets/all_labels_train_gensim_sparse_matrix.npz
archivalia.hypotheses.org/62455;histoire et archéologie_d, sciences sociales interdisciplinaires_d, histoire_t, approches de corpus_t, enquêtes_t, archives_t;Datasets/all_labels_train_gensim_sparse_matrix.npz
medienbildung.hypotheses.org/4855;éducation_d, éducation spécialisée_d, travail social_d, sociologie_t, édition électronique_t, histoire et sociologie des médias_t, éducation_t;Datasets/all_labels_train_gensim_sparse_matrix.npz
archive20.hypotheses.org/2253;pluridisciplinarité_d, sciences sociales interdisciplinaires_d, histoire_t, information_t, patrimoine_t, monde germanique_t;Datasets/all_labels_train_gensim_sparse_matrix.npz
europhilomem.hypotheses.org/2478;philosophie_d, philosophie_t, histoire intellectuelle_t, xxe siècle_t, prospectives_t;Datasets/all_labels_train_gensim_sparse_matrix.npz
bloghaus.hypotheses.org/1177;pluridisciplinarité_d, sciences sociales interdisciplinaires_d, information_t, digital humanities_t;Datasets/all_labels_train_gensim_sparse_matrix.npz
archivewk1.hypotheses.org/17529;histoire_d, époque contemporaine_t, 1914-1918_t;Datasets/all_labels_train_gensim_sparse_matrix.npz
archivalia.hypotheses.org/54438;histoire et archéologie_d, sciences sociales interdisciplinaires_d, histoire_t, approches de corpus_t, enquêtes_t, archives_t;Datasets/all_labels_train_gensim_sparse_matrix.npz
archivalia.hypotheses.org/263;histoire et archéologie_d, sciences sociales interdisciplinaires_d, histoire_t, approches de corpus_t, enquêtes_t, archives_t;Datasets/all_labels_train_gensim_sparse_matrix.npz
intersex.hypotheses.org/1365;histoire_d, biomédecine_d, étude des genres_t, histoire des sciences_t, histoire_t, histoire du droit_t, moyen âge_t, xxie siècle_t;Datasets/all_labels_train_gensim_sparse_matrix.npz
archivalia.hypotheses.org/8680;histoire et archéologie_d, sciences sociales interdisciplinaires_d, histoire_t, approches de corpus_t, enquêtes_t, archives_t;Datasets/all_labels_train_gensim_sparse_matrix.npz
archivewk1.hypotheses.org/10697;histoire_d, époque contemporaine_t, 1914-1918_t;Datasets/all_labels_train_gensim_sparse_matrix.npz
archivalia.hypotheses.org/11197;histoire et archéologie_d, sciences sociales interdisciplinaires_d, histoire_t, approches de corpus_t, enquêtes_t, archives_t;Datasets/all_labels_train_gensim_sparse_matrix.npz
ordensgeschichte.hypotheses.org/2829;arts et humanités_d, humanités pluridisciplinaires_d, histoire et archéologie_d, histoire et philosophie des sciences_d, histoire_t, haut moyen âge_t, bas moyen âge_t, xviie siècle_t, xviiie siècle_t;Datasets/all_labels_train_gensim_sparse_matrix.npz
archivalia.hypotheses.org/10548;histoire et archéologie_d, sciences sociales interdisciplinaires_d, histoire_t, approches de corpus_t, enquêtes_t, archives_t;Datasets/all_labels_train_gensim_sparse_matrix.npz
archivewk1.hypotheses.org/16706;histoire_d, époque contemporaine_t, 1914-1918_t;Datasets/all_labels_train_gensim_sparse_matrix.npz
archivewk1.hypotheses.org/13222;histoire_d, époque contemporaine_t, 1914-1918_t;Datasets/all_labels_train_gensim_sparse_matrix.npz
archivalia.hypotheses.org/9141;histoire et archéologie_d, sciences sociales interdisciplinaires_d, histoire_t, approches de corpus_t, enquêtes_t, archives_t;Datasets/all_labels_train_gensim_sparse_matrix.npz
minuseinsebene.hypotheses.org/724;archéologie_d, histoire urbaine_t, histoire des religions_t, moyen âge_t, haut moyen âge_t, monde germanique_t;Datasets/all_labels_train_gensim_sparse_matrix.npz
histbav.hypotheses.org/3341;humanités pluridisciplinaires_d, histoire_d, pluridisciplinarité_d, histoire_t, monde germanique_t;Datasets/all_labels_train_gensim_sparse_matrix.npz
archivalia.hypotheses.org/9778;histoire et archéologie_d, sciences sociales interdisciplinaires_d, histoire_t, approches de corpus_t, enquêtes_t, archives_t;Datasets/all_labels_train_gensim_sparse_matrix.npz
soziologieblog.hypotheses.org/9611;sciences sociales interdisciplinaires_d, sociologie et anthropologie_d, sociologie du travail_t, sociologie urbaine_t, sociologie de la culture_t, sociologie économique_t;Datasets/all_labels_train_gensim_sparse_matrix.npz
archivalia.hypotheses.org/11479;histoire et archéologie_d, sciences sociales interdisciplinaires_d, histoire_t, approches de corpus_t, enquêtes_t, archives_t;Datasets/all_labels_train_gensim_sparse_matrix.npz
archivalia.hypotheses.org/5797;histoire et archéologie_d, sciences sociales interdisciplinaires_d, histoire_t, approches de corpus_t, enquêtes_t, archives_t;Datasets/all_labels_train_gensim_sparse_matrix.npz
archivalia.hypotheses.org/11391;histoire et archéologie_d, sciences sociales interdisciplinaires_d, histoire_t, approches de corpus_t, enquêtes_t, archives_t;Datasets/all_labels_train_gensim_sparse_matrix.npz
ordensgeschichte.hypotheses.org/6733;arts et humanités_d, humanités pluridisciplinaires_d, histoire et archéologie_d, histoire et philosophie des sciences_d, histoire_t, haut moyen âge_t, bas moyen âge_t, xviie siècle_t, xviiie siècle_t;Datasets/all_labels_train_gensim_sparse_matrix.npz
tagebuch.hypotheses.org/382;histoire et archéologie_d, histoire_d, histoire_t, époque contemporaine_t, 1914-1918_t;Datasets/all_labels_train_gensim_sparse_matrix.npz
digigw.hypotheses.org/1115;humanités pluridisciplinaires_d, histoire_t, édition électronique_t, sciences auxiliaires de l'histoire_t, digital humanities_t;Datasets/all_labels_train_gensim_sparse_matrix.npz
archivalia.hypotheses.org/4255;histoire et archéologie_d, sciences sociales interdisciplinaires_d, histoire_t, approches de corpus_t, enquêtes_t, archives_t;Datasets/all_labels_train_gensim_sparse_matrix.npz
archivalia.hypotheses.org/10836;histoire et archéologie_d, sciences sociales interdisciplinaires_d, histoire_t, approches de corpus_t, enquêtes_t, archives_t;Datasets/all_labels_train_gensim_sparse_matrix.npz
archivalia.hypotheses.org/10337;histoire et archéologie_d, sciences sociales interdisciplinaires_d, histoire_t, approches de corpus_t, enquêtes_t, archives_t;Datasets/all_labels_train_gensim_sparse_matrix.npz
zakunibonn.hypotheses.org/209;histoire_d, psychologie_d, histoire_t, psychisme_t, psychologie_t, méthodes de traitement et de représentation_t, monde germanique_t;Datasets/all_labels_train_gensim_sparse_matrix.npz
archivalia.hypotheses.org/11363;histoire et archéologie_d, sciences sociales interdisciplinaires_d, histoire_t, approches de corpus_t, enquêtes_t, archives_t;Datasets/all_labels_train_gensim_sparse_matrix.npz
intersex.hypotheses.org/4121;histoire_d, biomédecine_d, étude des genres_t, histoire des sciences_t, histoire_t, histoire du droit_t, moyen âge_t, xxie siècle_t;Datasets/all_labels_train_gensim_sparse_matrix.npz
archivalia.hypotheses.org/10614;histoire et archéologie_d, sciences sociales interdisciplinaires_d, histoire_t, approches de corpus_t, enquêtes_t, archives_t;Datasets/all_labels_train_gensim_sparse_matrix.npz
archivalia.hypotheses.org/8828;histoire et archéologie_d, sciences sociales interdisciplinaires_d, histoire_t, approches de corpus_t, enquêtes_t, archives_t;Datasets/all_labels_train_gensim_sparse_matrix.npz
histgymbib.hypotheses.org/2037;arts et humanités_d, humanités pluridisciplinaires_d, sciences de l'information et de la communication_d, bibliothéconomie_d, sciences sociales interdisciplinaires_d, éducation_t, xvie siècle_t, xviie siècle_t, xviiie siècle_t, prospectives_t;Datasets/all_labels_train_gensim_sparse_matrix.npz
tagebuch.hypotheses.org/1027;histoire et archéologie_d, histoire_d, histoire_t, époque contemporaine_t, 1914-1918_t;Datasets/all_labels_train_gensim_sparse_matrix.npz
gab.hypotheses.org/923;histoire et archéologie_d, pluridisciplinarité_d, sciences sociales interdisciplinaires_d, études des sciences_t, sociologie des sciences_t, histoire_t;Datasets/all_labels_train_gensim_sparse_matrix.npz
archivalia.hypotheses.org/5683;histoire et archéologie_d, sciences sociales interdisciplinaires_d, histoire_t, approches de corpus_t, enquêtes_t, archives_t;Datasets/all_labels_train_gensim_sparse_matrix.npz
archivalia.hypotheses.org/3149;histoire et archéologie_d, sciences sociales interdisciplinaires_d, histoire_t, approches de corpus_t, enquêtes_t, archives_t;Datasets/all_labels_train_gensim_sparse_matrix.npz
19jhdhip.hypotheses.org/2405;histoire_d, époque contemporaine_t, prospectives_t, france_t, monde germanique_t;Datasets/all_labels_train_gensim_sparse_matrix.npz
reichwein.hypotheses.org/215;histoire et archéologie_d, histoire des sciences_t, 1945-1989_t;Datasets/all_labels_train_gensim_sparse_matrix.npz
archivalia.hypotheses.org/7499;histoire et archéologie_d, sciences sociales interdisciplinaires_d, histoire_t, approches de corpus_t, enquêtes_t, archives_t;Datasets/all_labels_train_gensim_sparse_matrix.npz
archivalia.hypotheses.org/53894;histoire et archéologie_d, sciences sociales interdisciplinaires_d, histoire_t, approches de corpus_t, enquêtes_t, archives_t;Datasets/all_labels_train_gensim_sparse_matrix.npz
medienbildung.hypotheses.org/3891;éducation_d, éducation spécialisée_d, travail social_d, sociologie_t, édition électronique_t, histoire et sociologie des médias_t, éducation_t;Datasets/all_labels_train_gensim_sparse_matrix.npz
archivalia.hypotheses.org/62143;histoire et archéologie_d, sciences sociales interdisciplinaires_d, histoire_t, approches de corpus_t, enquêtes_t, archives_t;Datasets/all_labels_train_gensim_sparse_matrix.npz
archivewk1.hypotheses.org/12123;histoire_d, époque contemporaine_t, 1914-1918_t;Datasets/all_labels_train_gensim_sparse_matrix.npz
archivalia.hypotheses.org/2054;histoire et archéologie_d, sciences sociales interdisciplinaires_d, histoire_t, approches de corpus_t, enquêtes_t, archives_t;Datasets/all_labels_train_gensim_sparse_matrix.npz
histbav.hypotheses.org/3023;humanités pluridisciplinaires_d, histoire_d, pluridisciplinarité_d, histoire_t, monde germanique_t;Datasets/all_labels_train_gensim_sparse_matrix.npz
archivewk1.hypotheses.org/10226;histoire_d, époque contemporaine_t, 1914-1918_t;Datasets/all_labels_train_gensim_sparse_matrix.npz
mittelalter.hypotheses.org/2507;humanités pluridisciplinaires_d, religions_d, histoire_d, sociologie_d, histoire_t, histoire sociale_t, histoire intellectuelle_t, moyen âge_t, haut moyen âge_t, bas moyen âge_t;Datasets/all_labels_train_gensim_sparse_matrix.npz
archivalia.hypotheses.org/9216;histoire et archéologie_d, sciences sociales interdisciplinaires_d, histoire_t, approches de corpus_t, enquêtes_t, archives_t;Datasets/all_labels_train_gensim_sparse_matrix.npz
archivewk1.hypotheses.org/10521;histoire_d, époque contemporaine_t, 1914-1918_t;Datasets/all_labels_train_gensim_sparse_matrix.npz
1914lvr.hypotheses.org/317;sciences politiques_d, histoire_t, époque contemporaine_t, 1914-1918_t;Datasets/all_labels_train_gensim_sparse_matrix.npz
hofkultur.hypotheses.org/283;arts et humanités_d, histoire_d, histoire sociale_t, histoire culturelle_t, histoire de l'art_t;Datasets/all_labels_train_gensim_sparse_matrix.npz
archivalia.hypotheses.org/10543;histoire et archéologie_d, sciences sociales interdisciplinaires_d, histoire_t, approches de corpus_t, enquêtes_t, archives_t;Datasets/all_labels_train_gensim_sparse_matrix.npz
archivamt.hypotheses.org/3220;communication_d, pluridisciplinarité_d, sciences sociales interdisciplinaires_d, information_t, sciences de l'information_t, représentations_t, patrimoine_t;Datasets/all_labels_train_gensim_sparse_matrix.npz
archivalia.hypotheses.org/8950;histoire et archéologie_d, sciences sociales interdisciplinaires_d, histoire_t, approches de corpus_t, enquêtes_t, archives_t;Datasets/all_labels_train_gensim_sparse_matrix.npz
intersex.hypotheses.org/2031;histoire_d, biomédecine_d, étude des genres_t, histoire des sciences_t, histoire_t, histoire du droit_t, moyen âge_t, xxie siècle_t;Datasets/all_labels_train_gensim_sparse_matrix.npz
archivalia.hypotheses.org/2113;histoire et archéologie_d, sciences sociales interdisciplinaires_d, histoire_t, approches de corpus_t, enquêtes_t, archives_t;Datasets/all_labels_train_gensim_sparse_matrix.npz
catholiccultures.hypotheses.org/266;histoire et archéologie_d, histoire des sciences sociales_d, sciences sociales interdisciplinaires_d, sociologie et anthropologie_d, histoire_t, histoire sociale_t, histoire des religions_t, époque moderne_t;Datasets/all_labels_train_gensim_sparse_matrix.npz
mindthegaps.hypotheses.org/633;études asiatiques_d, histoire_d, histoire_t, histoire culturelle_t, asie_t, chine_t;Datasets/all_labels_train_gensim_sparse_matrix.npz
futurecity.hypotheses.org/220;sciences politiques_d, administration publique et développement_d, sociologie urbaine_t;Datasets/all_labels_train_gensim_sparse_matrix.npz
speyermemo.hypotheses.org/2619;histoire_d, pluridisciplinarité_d, sciences sociales interdisciplinaires_d, sociologie de la culture_t, histoire_t, 1939-1945_t, europe_t;Datasets/all_labels_train_gensim_sparse_matrix.npz
kristinoswald.hypotheses.org/767;études anciennes_d, études des sciences_t, histoire_t, histoire et sociologie des médias_t, histoire culturelle_t, digital humanities_t;Datasets/all_labels_train_gensim_sparse_matrix.npz
neuburg.hypotheses.org/309;histoire_d, histoire urbaine_t, époque contemporaine_t;Datasets/all_labels_train_gensim_sparse_matrix.npz
archivewk1.hypotheses.org/556;histoire_d, époque contemporaine_t, 1914-1918_t;Datasets/all_labels_train_gensim_sparse_matrix.npz
liparchiv.hypotheses.org/890;histoire et archéologie_d, sciences politiques_d, administration publique et développement_d, histoire urbaine_t, patrimoine_t, sciences auxiliaires de l'histoire_t, approches de corpus_t, enquêtes_t, archives_t, europe_t;Datasets/all_labels_train_gensim_sparse_matrix.npz
trafo.hypotheses.org/1358;pluridisciplinarité_d, sciences sociales interdisciplinaires_d, études régionales_d, sociologie_t, sociologie des religions_t, information_t, histoire culturelle_t;Datasets/all_labels_train_gensim_sparse_matrix.npz
archivewk1.hypotheses.org/14030;histoire_d, époque contemporaine_t, 1914-1918_t;Datasets/all_labels_train_gensim_sparse_matrix.npz
archivalia.hypotheses.org/10127;histoire et archéologie_d, sciences sociales interdisciplinaires_d, histoire_t, approches de corpus_t, enquêtes_t, archives_t;Datasets/all_labels_train_gensim_sparse_matrix.npz
archivalia.hypotheses.org/5665;histoire et archéologie_d, sciences sociales interdisciplinaires_d, histoire_t, approches de corpus_t, enquêtes_t, archives_t;Datasets/all_labels_train_gensim_sparse_matrix.npz
archivalia.hypotheses.org/62984;histoire et archéologie_d, sciences sociales interdisciplinaires_d, histoire_t, approches de corpus_t, enquêtes_t, archives_t;Datasets/all_labels_train_gensim_sparse_matrix.npz
gra.hypotheses.org/1510;arts et humanités_d, communication_d, sciences de l'information et bibliothéconomie_d, représentations_t, histoire culturelle_t, histoire de l'art_t, études visuelles_t;Datasets/all_labels_train_gensim_sparse_matrix.npz
archivalia.hypotheses.org/8545;histoire et archéologie_d, sciences sociales interdisciplinaires_d, histoire_t, approches de corpus_t, enquêtes_t, archives_t;Datasets/all_labels_train_gensim_sparse_matrix.npz
archivalia.hypotheses.org/6152;histoire et archéologie_d, sciences sociales interdisciplinaires_d, histoire_t, approches de corpus_t, enquêtes_t, archives_t;Datasets/all_labels_train_gensim_sparse_matrix.npz
resilienz.hypotheses.org/608;pluridisciplinarité_d, sciences sociales interdisciplinaires_d, études des sciences_t, épistémologie et méthodes_t, vie de la recherche_t, prospectives_t;Datasets/all_labels_train_gensim_sparse_matrix.npz
winzen.hypotheses.org/636;histoire_d, histoire_t, études visuelles_t, 1918-1939_t, 1939-1945_t, monde germanique_t;Datasets/all_labels_train_gensim_sparse_matrix.npz
philophiso.hypotheses.org/343;philosophie_d, éducation_d, éducation spécialisée_d, pensée_t, philosophie_t, représentations_t, patrimoine_t;Datasets/all_labels_train_gensim_sparse_matrix.npz
mindthegaps.hypotheses.org/1571;études asiatiques_d, histoire_d, histoire_t, histoire culturelle_t, asie_t, chine_t;Datasets/all_labels_train_gensim_sparse_matrix.npz
jameel.hypotheses.org/447;pluridisciplinarité_d, études régionales_d, archéologie_d, arts_d, humanités pluridisciplinaires_d, représentations_t, asie_t, digital humanities_t, histoire de l'art_t;Datasets/all_labels_train_gensim_sparse_matrix.npz
speyermemo.hypotheses.org/2658;histoire_d, pluridisciplinarité_d, sciences sociales interdisciplinaires_d, sociologie de la culture_t, histoire_t, 1939-1945_t, europe_t;Datasets/all_labels_train_gensim_sparse_matrix.npz
jeunegen.hypotheses.org/200;histoire_d, pluridisciplinarité_d, histoire_t, vie de la recherche_t, moyen âge_t, haut moyen âge_t, bas moyen âge_t;Datasets/all_labels_train_gensim_sparse_matrix.npz
histgymbib.hypotheses.org/638;arts et humanités_d, humanités pluridisciplinaires_d, sciences de l'information et de la communication_d, bibliothéconomie_d, sciences sociales interdisciplinaires_d, éducation_t, xvie siècle_t, xviie siècle_t, xviiie siècle_t, prospectives_t;Datasets/all_labels_train_gensim_sparse_matrix.npz
cereg.hypotheses.org/315;arts et humanités_d, histoire_d, littérature_d, monde germanique_t;Datasets/all_labels_train_gensim_sparse_matrix.npz
wwc.hypotheses.org/397;humanités pluridisciplinaires_d, pluridisciplinarité_d, études régionales_d, relations internationales_t, information_t, représentations_t;Datasets/all_labels_train_gensim_sparse_matrix.npz
archivalia.hypotheses.org/12359;histoire et archéologie_d, sciences sociales interdisciplinaires_d, histoire_t, approches de corpus_t, enquêtes_t, archives_t;Datasets/all_labels_train_gensim_sparse_matrix.npz
musermeku.hypotheses.org/1011;humanités pluridisciplinaires_d, pluridisciplinarité_d, sciences sociales interdisciplinaires_d, sociologie_t, sociologie de la culture_t, histoire_t, histoire politique_t;Datasets/all_labels_train_gensim_sparse_matrix.npz
tagebuch.hypotheses.org/891;histoire et archéologie_d, histoire_d, histoire_t, époque contemporaine_t, 1914-1918_t;Datasets/all_labels_train_gensim_sparse_matrix.npz
histbav.hypotheses.org/2277;humanités pluridisciplinaires_d, histoire_d, pluridisciplinarité_d, histoire_t, monde germanique_t;Datasets/all_labels_train_gensim_sparse_matrix.npz
fortifica.hypotheses.org/1513;histoire et archéologie_d, histoire_d, histoire urbaine_t, xvie siècle_t, xviie siècle_t, xviiie siècle_t;Datasets/all_labels_train_gensim_sparse_matrix.npz
bereschitrabba.hypotheses.org/1452;arts et humanités_d, religions_d, langue et linguistique_d, religions_t, histoire des religions_t;Datasets/all_labels_train_gensim_sparse_matrix.npz
archivalia.hypotheses.org/1071;histoire et archéologie_d, sciences sociales interdisciplinaires_d, histoire_t, approches de corpus_t, enquêtes_t, archives_t;Datasets/all_labels_train_gensim_sparse_matrix.npz
dkblog.hypotheses.org/764;histoire_d, histoire_t, époque moderne_t, xviie siècle_t;Datasets/all_labels_train_gensim_sparse_matrix.npz
histbav.hypotheses.org/278;humanités pluridisciplinaires_d, histoire_d, pluridisciplinarité_d, histoire_t, monde germanique_t;Datasets/all_labels_train_gensim_sparse_matrix.npz
digigw.hypotheses.org/259;humanités pluridisciplinaires_d, histoire_t, édition électronique_t, sciences auxiliaires de l'histoire_t, digital humanities_t;Datasets/all_labels_train_gensim_sparse_matrix.npz
archivalia.hypotheses.org/10387;histoire et archéologie_d, sciences sociales interdisciplinaires_d, histoire_t, approches de corpus_t, enquêtes_t, archives_t;Datasets/all_labels_train_gensim_sparse_matrix.npz
archivewk1.hypotheses.org/5642;histoire_d, époque contemporaine_t, 1914-1918_t;Datasets/all_labels_train_gensim_sparse_matrix.npz
mindthegaps.hypotheses.org/1375;études asiatiques_d, histoire_d, histoire_t, histoire culturelle_t, asie_t, chine_t;Datasets/all_labels_train_gensim_sparse_matrix.npz
gab.hypotheses.org/658;histoire et archéologie_d, pluridisciplinarité_d, sciences sociales interdisciplinaires_d, études des sciences_t, sociologie des sciences_t, histoire_t;Datasets/all_labels_train_gensim_sparse_matrix.npz
archivalia.hypotheses.org/11325;histoire et archéologie_d, sciences sociales interdisciplinaires_d, histoire_t, approches de corpus_t, enquêtes_t, archives_t;Datasets/all_labels_train_gensim_sparse_matrix.npz
resilienz.hypotheses.org/718;pluridisciplinarité_d, sciences sociales interdisciplinaires_d, études des sciences_t, épistémologie et méthodes_t, vie de la recherche_t, prospectives_t;Datasets/all_labels_train_gensim_sparse_matrix.npz
archivalia.hypotheses.org/13943;histoire et archéologie_d, sciences sociales interdisciplinaires_d, histoire_t, approches de corpus_t, enquêtes_t, archives_t;Datasets/all_labels_train_gensim_sparse_matrix.npz
medienbildung.hypotheses.org/6541;éducation_d, éducation spécialisée_d, travail social_d, sociologie_t, édition électronique_t, histoire et sociologie des médias_t, éducation_t;Datasets/all_labels_train_gensim_sparse_matrix.npz
rhad.hypotheses.org/423;histoire_d, histoire des sciences sociales_d, histoire_t, époque moderne_t, révolution française_t, xviie siècle_t, xviiie siècle_t, prospectives_t;Datasets/all_labels_train_gensim_sparse_matrix.npz
archivalia.hypotheses.org/7817;histoire et archéologie_d, sciences sociales interdisciplinaires_d, histoire_t, approches de corpus_t, enquêtes_t, archives_t;Datasets/all_labels_train_gensim_sparse_matrix.npz
archivewk1.hypotheses.org/21244;histoire_d, époque contemporaine_t, 1914-1918_t;Datasets/all_labels_train_gensim_sparse_matrix.npz
medienbildung.hypotheses.org/8137;éducation_d, éducation spécialisée_d, travail social_d, sociologie_t, édition électronique_t, histoire et sociologie des médias_t, éducation_t;Datasets/all_labels_train_gensim_sparse_matrix.npz
soziologieblog.hypotheses.org/7145;sciences sociales interdisciplinaires_d, sociologie et anthropologie_d, sociologie du travail_t, sociologie urbaine_t, sociologie de la culture_t, sociologie économique_t;Datasets/all_labels_train_gensim_sparse_matrix.npz
soziologieblog.hypotheses.org/5470;sciences sociales interdisciplinaires_d, sociologie et anthropologie_d, sociologie du travail_t, sociologie urbaine_t, sociologie de la culture_t, sociologie économique_t;Datasets/all_labels_train_gensim_sparse_matrix.npz
ordensgeschichte.hypotheses.org/6662;arts et humanités_d, humanités pluridisciplinaires_d, histoire et archéologie_d, histoire et philosophie des sciences_d, histoire_t, haut moyen âge_t, bas moyen âge_t, xviie siècle_t, xviiie siècle_t;Datasets/all_labels_train_gensim_sparse_matrix.npz
archivalia.hypotheses.org/14234;histoire et archéologie_d, sciences sociales interdisciplinaires_d, histoire_t, approches de corpus_t, enquêtes_t, archives_t;Datasets/all_labels_train_gensim_sparse_matrix.npz
trafo.hypotheses.org/2667;pluridisciplinarité_d, sciences sociales interdisciplinaires_d, études régionales_d, sociologie_t, sociologie des religions_t, information_t, histoire culturelle_t;Datasets/all_labels_train_gensim_sparse_matrix.npz
texperimentales.hypotheses.org/1386;linguistique appliquée_d, langue et linguistique_d, langage_t, linguistique_t, information_t, sciences de l'information_t, digital humanities_t;Datasets/all_labels_train_gensim_sparse_matrix.npz
speyermemo.hypotheses.org/2703;histoire_d, pluridisciplinarité_d, sciences sociales interdisciplinaires_d, sociologie de la culture_t, histoire_t, 1939-1945_t, europe_t;Datasets/all_labels_train_gensim_sparse_matrix.npz
archivalia.hypotheses.org/3704;histoire et archéologie_d, sciences sociales interdisciplinaires_d, histoire_t, approches de corpus_t, enquêtes_t, archives_t;Datasets/all_labels_train_gensim_sparse_matrix.npz
lvrafz.hypotheses.org/1583;pluridisciplinarité_d, information_t;Datasets/all_labels_train_gensim_sparse_matrix.npz
archivewk1.hypotheses.org/13593;histoire_d, époque contemporaine_t, 1914-1918_t;Datasets/all_labels_train_gensim_sparse_matrix.npz
archivewk1.hypotheses.org/9520;histoire_d, époque contemporaine_t, 1914-1918_t;Datasets/all_labels_train_gensim_sparse_matrix.npz
dislab.hypotheses.org/1761;sciences sociales interdisciplinaires_d, langue et linguistique_d, sociologie des sciences_t, linguistique_t;Datasets/all_labels_train_gensim_sparse_matrix.npz
archivalia.hypotheses.org/839;histoire et archéologie_d, sciences sociales interdisciplinaires_d, histoire_t, approches de corpus_t, enquêtes_t, archives_t;Datasets/all_labels_train_gensim_sparse_matrix.npz
tagebuch.hypotheses.org/694;histoire et archéologie_d, histoire_d, histoire_t, époque contemporaine_t, 1914-1918_t;Datasets/all_labels_train_gensim_sparse_matrix.npz
unibloggt.hypotheses.org/1055;histoire et archéologie_d, pluridisciplinarité_d, histoire_t, information_t;Datasets/all_labels_train_gensim_sparse_matrix.npz
bloghaus.hypotheses.org/312;pluridisciplinarité_d, sciences sociales interdisciplinaires_d, information_t, digital humanities_t;Datasets/all_labels_train_gensim_sparse_matrix.npz
archivalia.hypotheses.org/939;histoire et archéologie_d, sciences sociales interdisciplinaires_d, histoire_t, approches de corpus_t, enquêtes_t, archives_t;Datasets/all_labels_train_gensim_sparse_matrix.npz
archivlinz.hypotheses.org/523;histoire et archéologie_d, histoire_d, histoire urbaine_t, 1914-1918_t, monde germanique_t;Datasets/all_labels_train_gensim_sparse_matrix.npz
archivalia.hypotheses.org/2955;histoire et archéologie_d, sciences sociales interdisciplinaires_d, histoire_t, approches de corpus_t, enquêtes_t, archives_t;Datasets/all_labels_train_gensim_sparse_matrix.npz
redaktionsblog.hypotheses.org/2674;arts et humanités_d, humanités pluridisciplinaires_d, épistémologie et méthodes_t, digital humanities_t;Datasets/all_labels_train_gensim_sparse_matrix.npz
archives.hypotheses.org/869;histoire_d, communication_d, patrimoine_t, digital humanities_t, moyen âge_t, époque moderne_t, france_t, monde germanique_t;Datasets/all_labels_train_gensim_sparse_matrix.npz
archivalia.hypotheses.org/6798;histoire et archéologie_d, sciences sociales interdisciplinaires_d, histoire_t, approches de corpus_t, enquêtes_t, archives_t;Datasets/all_labels_train_gensim_sparse_matrix.npz
francofil.hypotheses.org/1361;pluridisciplinarité_d, sciences sociales interdisciplinaires_d, histoire_t, épistémologie et méthodes_t, approches de corpus_t, enquêtes_t, archives_t, france_t;Datasets/all_labels_train_gensim_sparse_matrix.npz
archivalia.hypotheses.org/58598;histoire et archéologie_d, sciences sociales interdisciplinaires_d, histoire_t, approches de corpus_t, enquêtes_t, archives_t;Datasets/all_labels_train_gensim_sparse_matrix.npz
resilienz.hypotheses.org/385;pluridisciplinarité_d, sciences sociales interdisciplinaires_d, études des sciences_t, épistémologie et méthodes_t, vie de la recherche_t, prospectives_t;Datasets/all_labels_train_gensim_sparse_matrix.npz
wenhua.hypotheses.org/1341;études asiatiques_d, humanités pluridisciplinaires_d, histoire_d, histoire culturelle_t, asie_t;Datasets/all_labels_train_gensim_sparse_matrix.npz
archivalia.hypotheses.org/491;histoire et archéologie_d, sciences sociales interdisciplinaires_d, histoire_t, approches de corpus_t, enquêtes_t, archives_t;Datasets/all_labels_train_gensim_sparse_matrix.npz
tagebuch.hypotheses.org/907;histoire et archéologie_d, histoire_d, histoire_t, époque contemporaine_t, 1914-1918_t;Datasets/all_labels_train_gensim_sparse_matrix.npz
archivalia.hypotheses.org/10582;histoire et archéologie_d, sciences sociales interdisciplinaires_d, histoire_t, approches de corpus_t, enquêtes_t, archives_t;Datasets/all_labels_train_gensim_sparse_matrix.npz
ordensgeschichte.hypotheses.org/4913;arts et humanités_d, humanités pluridisciplinaires_d, histoire et archéologie_d, histoire et philosophie des sciences_d, histoire_t, haut moyen âge_t, bas moyen âge_t, xviie siècle_t, xviiie siècle_t;Datasets/all_labels_train_gensim_sparse_matrix.npz
grk1919.hypotheses.org/255;histoire et archéologie_d, histoire et philosophie des sciences_d, histoire_t;Datasets/all_labels_train_gensim_sparse_matrix.npz
dighist.hypotheses.org/1010;histoire_d, sciences sociales interdisciplinaires_d, études sur la famille_d, sociologie_d, histoire urbaine_t, histoire sociale_t, europe centrale et orientale_t;Datasets/all_labels_train_gensim_sparse_matrix.npz
archivalia.hypotheses.org/8606;histoire et archéologie_d, sciences sociales interdisciplinaires_d, histoire_t, approches de corpus_t, enquêtes_t, archives_t;Datasets/all_labels_train_gensim_sparse_matrix.npz
ordensgeschichte.hypotheses.org/8751;arts et humanités_d, humanités pluridisciplinaires_d, histoire et archéologie_d, histoire et philosophie des sciences_d, histoire_t, haut moyen âge_t, bas moyen âge_t, xviie siècle_t, xviiie siècle_t;Datasets/all_labels_train_gensim_sparse_matrix.npz
soziologieblog.hypotheses.org/4404;sciences sociales interdisciplinaires_d, sociologie et anthropologie_d, sociologie du travail_t, sociologie urbaine_t, sociologie de la culture_t, sociologie économique_t;Datasets/all_labels_train_gensim_sparse_matrix.npz
antisem19c.hypotheses.org/572;histoire et archéologie_d, histoire sociale_t, prospectives_t;Datasets/all_labels_train_gensim_sparse_matrix.npz
archivamt.hypotheses.org/3519;communication_d, pluridisciplinarité_d, sciences sociales interdisciplinaires_d, information_t, sciences de l'information_t, représentations_t, patrimoine_t;Datasets/all_labels_train_gensim_sparse_matrix.npz
archivalia.hypotheses.org/11408;histoire et archéologie_d, sciences sociales interdisciplinaires_d, histoire_t, approches de corpus_t, enquêtes_t, archives_t;Datasets/all_labels_train_gensim_sparse_matrix.npz
medialogic.hypotheses.org/495;arts et humanités_d, sciences de l'information et de la communication_d, bibliothéconomie_d, sociologie_t;Datasets/all_labels_train_gensim_sparse_matrix.npz
tagebuch.hypotheses.org/89;histoire et archéologie_d, histoire_d, histoire_t, époque contemporaine_t, 1914-1918_t;Datasets/all_labels_train_gensim_sparse_matrix.npz
games.hypotheses.org/1080;arts et humanités_d, humanités pluridisciplinaires_d, psychologie expérimentale_d, sciences cognitives_t, psychisme_t, psychologie_t, représentations_t, histoire de l'art_t, études visuelles_t;Datasets/all_labels_train_gensim_sparse_matrix.npz
kristinoswald.hypotheses.org/1584;études anciennes_d, études des sciences_t, histoire_t, histoire et sociologie des médias_t, histoire culturelle_t, digital humanities_t;Datasets/all_labels_train_gensim_sparse_matrix.npz
mindthegaps.hypotheses.org/2129;études asiatiques_d, histoire_d, histoire_t, histoire culturelle_t, asie_t, chine_t;Datasets/all_labels_train_gensim_sparse_matrix.npz
dguw.hypotheses.org/231;histoire et archéologie_d, histoire_t, historiographie_t, digital humanities_t;Datasets/all_labels_train_gensim_sparse_matrix.npz
intersex.hypotheses.org/3377;histoire_d, biomédecine_d, étude des genres_t, histoire des sciences_t, histoire_t, histoire du droit_t, moyen âge_t, xxie siècle_t;Datasets/all_labels_train_gensim_sparse_matrix.npz
dhdhi.hypotheses.org/916;histoire et archéologie_d, histoire_t, épistémologie et méthodes_t, digital humanities_t;Datasets/all_labels_train_gensim_sparse_matrix.npz
jameel.hypotheses.org/864;pluridisciplinarité_d, études régionales_d, archéologie_d, arts_d, humanités pluridisciplinaires_d, représentations_t, asie_t, digital humanities_t, histoire de l'art_t;Datasets/all_labels_train_gensim_sparse_matrix.npz
archivalia.hypotheses.org/12903;histoire et archéologie_d, sciences sociales interdisciplinaires_d, histoire_t, approches de corpus_t, enquêtes_t, archives_t;Datasets/all_labels_train_gensim_sparse_matrix.npz
schlehen.hypotheses.org/856;éducation_d, langage_t, éducation_t, sciences de l'éducation_t, linguistique_t;Datasets/all_labels_train_gensim_sparse_matrix.npz
archive20.hypotheses.org/3186;pluridisciplinarité_d, sciences sociales interdisciplinaires_d, histoire_t, information_t, patrimoine_t, monde germanique_t;Datasets/all_labels_train_gensim_sparse_matrix.npz
archivewk1.hypotheses.org/16342;histoire_d, époque contemporaine_t, 1914-1918_t;Datasets/all_labels_train_gensim_sparse_matrix.npz
archivalia.hypotheses.org/13138;histoire et archéologie_d, sciences sociales interdisciplinaires_d, histoire_t, approches de corpus_t, enquêtes_t, archives_t;Datasets/all_labels_train_gensim_sparse_matrix.npz
mgtud.hypotheses.org/304;humanités pluridisciplinaires_d, éducation_d, histoire et archéologie_d, histoire_d, histoire_t, histoire urbaine_t, édition électronique_t;Datasets/all_labels_train_gensim_sparse_matrix.npz
archivalia.hypotheses.org/12778;histoire et archéologie_d, sciences sociales interdisciplinaires_d, histoire_t, approches de corpus_t, enquêtes_t, archives_t;Datasets/all_labels_train_gensim_sparse_matrix.npz
archivalia.hypotheses.org/10349;histoire et archéologie_d, sciences sociales interdisciplinaires_d, histoire_t, approches de corpus_t, enquêtes_t, archives_t;Datasets/all_labels_train_gensim_sparse_matrix.npz
archivalia.hypotheses.org/7549;histoire et archéologie_d, sciences sociales interdisciplinaires_d, histoire_t, approches de corpus_t, enquêtes_t, archives_t;Datasets/all_labels_train_gensim_sparse_matrix.npz
archivalia.hypotheses.org/13289;histoire et archéologie_d, sciences sociales interdisciplinaires_d, histoire_t, approches de corpus_t, enquêtes_t, archives_t;Datasets/all_labels_train_gensim_sparse_matrix.npz
archivewk1.hypotheses.org/24562;histoire_d, époque contemporaine_t, 1914-1918_t;Datasets/all_labels_train_gensim_sparse_matrix.npz
studpro.hypotheses.org/313;histoire_d, histoire_t, époque moderne_t, xviie siècle_t, xviiie siècle_t;Datasets/all_labels_train_gensim_sparse_matrix.npz
archivalia.hypotheses.org/11681;histoire et archéologie_d, sciences sociales interdisciplinaires_d, histoire_t, approches de corpus_t, enquêtes_t, archives_t;Datasets/all_labels_train_gensim_sparse_matrix.npz
zeitraeume.hypotheses.org/86;histoire_d, histoire industrielle_t, histoire sociale_t, édition électronique_t, digital humanities_t, époque contemporaine_t;Datasets/all_labels_train_gensim_sparse_matrix.npz
archivalia.hypotheses.org/7189;histoire et archéologie_d, sciences sociales interdisciplinaires_d, histoire_t, approches de corpus_t, enquêtes_t, archives_t;Datasets/all_labels_train_gensim_sparse_matrix.npz
feldpost.hypotheses.org/299;histoire_d, histoire_t, guerres_t, conflits_t, violence_t, histoire culturelle_t, 1914-1918_t, monde germanique_t;Datasets/all_labels_train_gensim_sparse_matrix.npz
archivewk1.hypotheses.org/7115;histoire_d, époque contemporaine_t, 1914-1918_t;Datasets/all_labels_train_gensim_sparse_matrix.npz
archivalia.hypotheses.org/54695;histoire et archéologie_d, sciences sociales interdisciplinaires_d, histoire_t, approches de corpus_t, enquêtes_t, archives_t;Datasets/all_labels_train_gensim_sparse_matrix.npz
nordichistoryblog.hypotheses.org/2715;arts et humanités_d, histoire et archéologie_d, histoire_t, édition électronique_t, vie de la recherche_t, approches de corpus_t, enquêtes_t, archives_t, europe_t, pays baltes et scandinaves_t;Datasets/all_labels_train_gensim_sparse_matrix.npz
archivalia.hypotheses.org/3575;histoire et archéologie_d, sciences sociales interdisciplinaires_d, histoire_t, approches de corpus_t, enquêtes_t, archives_t;Datasets/all_labels_train_gensim_sparse_matrix.npz
dss.hypotheses.org/480;arts et humanités_d, communication_d, sciences de l'information et bibliothéconomie_d, information_t, édition électronique_t, représentations_t, histoire de l'art_t, patrimoine_t, prospectives_t;Datasets/all_labels_train_gensim_sparse_matrix.npz
19jhdhip.hypotheses.org/2721;histoire_d, époque contemporaine_t, prospectives_t, france_t, monde germanique_t;Datasets/all_labels_train_gensim_sparse_matrix.npz
frueheneuzeit.hypotheses.org/2027;histoire et archéologie_d, histoire_t, époque moderne_t, xviie siècle_t, xviiie siècle_t, révolution française_t;Datasets/all_labels_train_gensim_sparse_matrix.npz
medienbildung.hypotheses.org/1632;éducation_d, éducation spécialisée_d, travail social_d, sociologie_t, édition électronique_t, histoire et sociologie des médias_t, éducation_t;Datasets/all_labels_train_gensim_sparse_matrix.npz
guerre-froide.hypotheses.org/1825;histoire_d, relations internationales_t, histoire culturelle_t, 1945-1989_t;Datasets/all_labels_train_gensim_sparse_matrix.npz
archivalia.hypotheses.org/5712;histoire et archéologie_d, sciences sociales interdisciplinaires_d, histoire_t, approches de corpus_t, enquêtes_t, archives_t;Datasets/all_labels_train_gensim_sparse_matrix.npz
tagebuch.hypotheses.org/1102;histoire et archéologie_d, histoire_d, histoire_t, époque contemporaine_t, 1914-1918_t;Datasets/all_labels_train_gensim_sparse_matrix.npz
sammeln.hypotheses.org/343;sciences sociales interdisciplinaires_d, histoire des sciences_t, patrimoine_t, sciences auxiliaires de l'histoire_t, approches de corpus_t, enquêtes_t, archives_t;Datasets/all_labels_train_gensim_sparse_matrix.npz
archivalia.hypotheses.org/9464;histoire et archéologie_d, sciences sociales interdisciplinaires_d, histoire_t, approches de corpus_t, enquêtes_t, archives_t;Datasets/all_labels_train_gensim_sparse_matrix.npz
archivalia.hypotheses.org/506;histoire et archéologie_d, sciences sociales interdisciplinaires_d, histoire_t, approches de corpus_t, enquêtes_t, archives_t;Datasets/all_labels_train_gensim_sparse_matrix.npz
jeunegen.hypotheses.org/192;histoire_d, pluridisciplinarité_d, histoire_t, vie de la recherche_t, moyen âge_t, haut moyen âge_t, bas moyen âge_t;Datasets/all_labels_train_gensim_sparse_matrix.npz
dss.hypotheses.org/102;arts et humanités_d, communication_d, sciences de l'information et bibliothéconomie_d, information_t, édition électronique_t, représentations_t, histoire de l'art_t, patrimoine_t, prospectives_t;Datasets/all_labels_train_gensim_sparse_matrix.npz
archivewk1.hypotheses.org/20501;histoire_d, époque contemporaine_t, 1914-1918_t;Datasets/all_labels_train_gensim_sparse_matrix.npz
archivewk1.hypotheses.org/12757;histoire_d, époque contemporaine_t, 1914-1918_t;Datasets/all_labels_train_gensim_sparse_matrix.npz
histbav.hypotheses.org/4590;humanités pluridisciplinaires_d, histoire_d, pluridisciplinarité_d, histoire_t, monde germanique_t;Datasets/all_labels_train_gensim_sparse_matrix.npz
dfmfa.hypotheses.org/1433;humanités pluridisciplinaires_d, sciences sociales interdisciplinaires_d, histoire_t, moyen âge_t, haut moyen âge_t, bas moyen âge_t;Datasets/all_labels_train_gensim_sparse_matrix.npz
archivewk1.hypotheses.org/8780;histoire_d, époque contemporaine_t, 1914-1918_t;Datasets/all_labels_train_gensim_sparse_matrix.npz
greflinger.hypotheses.org/1;littérature_d, littératures_t, xviie siècle_t;Datasets/all_labels_train_gensim_sparse_matrix.npz
archivewk1.hypotheses.org/9990;histoire_d, époque contemporaine_t, 1914-1918_t;Datasets/all_labels_train_gensim_sparse_matrix.npz
erinnern.hypotheses.org/115;éducation et sciences de l'éducation_d, histoire_d, histoire_t, éducation_t, 1918-1939_t, 1939-1945_t, 1945-1989_t;Datasets/all_labels_train_gensim_sparse_matrix.npz
pophistory.hypotheses.org/2003;humanités pluridisciplinaires_d, histoire et archéologie_d, sociologie de la culture_t, histoire sociale_t, histoire culturelle_t, époque contemporaine_t;Datasets/all_labels_train_gensim_sparse_matrix.npz
archivalia.hypotheses.org/52375;histoire et archéologie_d, sciences sociales interdisciplinaires_d, histoire_t, approches de corpus_t, enquêtes_t, archives_t;Datasets/all_labels_train_gensim_sparse_matrix.npz
histbav.hypotheses.org/2547;humanités pluridisciplinaires_d, histoire_d, pluridisciplinarité_d, histoire_t, monde germanique_t;Datasets/all_labels_train_gensim_sparse_matrix.npz
speyermemo.hypotheses.org/2417;histoire_d, pluridisciplinarité_d, sciences sociales interdisciplinaires_d, sociologie de la culture_t, histoire_t, 1939-1945_t, europe_t;Datasets/all_labels_train_gensim_sparse_matrix.npz
dgl.hypotheses.org/116;éducation spécialisée_d, histoire_d, histoire_t, histoire et sociologie des médias_t, éducation_t;Datasets/all_labels_train_gensim_sparse_matrix.npz
archivalia.hypotheses.org/4373;histoire et archéologie_d, sciences sociales interdisciplinaires_d, histoire_t, approches de corpus_t, enquêtes_t, archives_t;Datasets/all_labels_train_gensim_sparse_matrix.npz
archivewk1.hypotheses.org/17168;histoire_d, époque contemporaine_t, 1914-1918_t;Datasets/all_labels_train_gensim_sparse_matrix.npz
vgdrp.hypotheses.org/186;éducation_d, histoire des sciences sociales_d, histoire_t, histoire économique_t, histoire industrielle_t, histoire urbaine_t, histoire sociale_t;Datasets/all_labels_train_gensim_sparse_matrix.npz
amuc.hypotheses.org/209;humanités pluridisciplinaires_d, histoire_d, histoire_t, représentations_t, patrimoine_t;Datasets/all_labels_train_gensim_sparse_matrix.npz
archivalia.hypotheses.org/11169;histoire et archéologie_d, sciences sociales interdisciplinaires_d, histoire_t, approches de corpus_t, enquêtes_t, archives_t;Datasets/all_labels_train_gensim_sparse_matrix.npz
archivamt.hypotheses.org/1562;communication_d, pluridisciplinarité_d, sciences sociales interdisciplinaires_d, information_t, sciences de l'information_t, représentations_t, patrimoine_t;Datasets/all_labels_train_gensim_sparse_matrix.npz
dkblog.hypotheses.org/408;histoire_d, histoire_t, époque moderne_t, xviie siècle_t;Datasets/all_labels_train_gensim_sparse_matrix.npz
archivewk1.hypotheses.org/11374;histoire_d, époque contemporaine_t, 1914-1918_t;Datasets/all_labels_train_gensim_sparse_matrix.npz
archivalia.hypotheses.org/7982;histoire et archéologie_d, sciences sociales interdisciplinaires_d, histoire_t, approches de corpus_t, enquêtes_t, archives_t;Datasets/all_labels_train_gensim_sparse_matrix.npz
dkblog.hypotheses.org/295;histoire_d, histoire_t, époque moderne_t, xviie siècle_t;Datasets/all_labels_train_gensim_sparse_matrix.npz
archivewk1.hypotheses.org/4114;histoire_d, époque contemporaine_t, 1914-1918_t;Datasets/all_labels_train_gensim_sparse_matrix.npz
archivalia.hypotheses.org/13448;histoire et archéologie_d, sciences sociales interdisciplinaires_d, histoire_t, approches de corpus_t, enquêtes_t, archives_t;Datasets/all_labels_train_gensim_sparse_matrix.npz
fnzinfo.hypotheses.org/801;arts et humanités_d, musique_d, histoire et archéologie_d, histoire_t, xvie siècle_t, xviie siècle_t, xviiie siècle_t, révolution française_t;Datasets/all_labels_train_gensim_sparse_matrix.npz
archivalia.hypotheses.org/6970;histoire et archéologie_d, sciences sociales interdisciplinaires_d, histoire_t, approches de corpus_t, enquêtes_t, archives_t;Datasets/all_labels_train_gensim_sparse_matrix.npz
bereschitrabba.hypotheses.org/1419;arts et humanités_d, religions_d, langue et linguistique_d, religions_t, histoire des religions_t;Datasets/all_labels_train_gensim_sparse_matrix.npz
frueheneuzeit.hypotheses.org/1615;histoire et archéologie_d, histoire_t, époque moderne_t, xviie siècle_t, xviiie siècle_t, révolution française_t;Datasets/all_labels_train_gensim_sparse_matrix.npz
archivalia.hypotheses.org/1213;histoire et archéologie_d, sciences sociales interdisciplinaires_d, histoire_t, approches de corpus_t, enquêtes_t, archives_t;Datasets/all_labels_train_gensim_sparse_matrix.npz
archivalia.hypotheses.org/12605;histoire et archéologie_d, sciences sociales interdisciplinaires_d, histoire_t, approches de corpus_t, enquêtes_t, archives_t;Datasets/all_labels_train_gensim_sparse_matrix.npz
aes.hypotheses.org/99;histoire_t, religions_t;Datasets/all_labels_train_gensim_sparse_matrix.npz
feldpost.hypotheses.org/691;histoire_d, histoire_t, guerres_t, conflits_t, violence_t, histoire culturelle_t, 1914-1918_t, monde germanique_t;Datasets/all_labels_train_gensim_sparse_matrix.npz
kriegsfoto.hypotheses.org/880;arts_d, histoire_d, communication_d, guerres_t, conflits_t, violence_t, études visuelles_t, époque contemporaine_t, europe centrale et orientale_t;Datasets/all_labels_train_gensim_sparse_matrix.npz
archivalia.hypotheses.org/7905;histoire et archéologie_d, sciences sociales interdisciplinaires_d, histoire_t, approches de corpus_t, enquêtes_t, archives_t;Datasets/all_labels_train_gensim_sparse_matrix.npz
archivalia.hypotheses.org/6812;histoire et archéologie_d, sciences sociales interdisciplinaires_d, histoire_t, approches de corpus_t, enquêtes_t, archives_t;Datasets/all_labels_train_gensim_sparse_matrix.npz
archivewk1.hypotheses.org/11167;histoire_d, époque contemporaine_t, 1914-1918_t;Datasets/all_labels_train_gensim_sparse_matrix.npz
gab.hypotheses.org/494;histoire et archéologie_d, pluridisciplinarité_d, sciences sociales interdisciplinaires_d, études des sciences_t, sociologie des sciences_t, histoire_t;Datasets/all_labels_train_gensim_sparse_matrix.npz
archivalia.hypotheses.org/12023;histoire et archéologie_d, sciences sociales interdisciplinaires_d, histoire_t, approches de corpus_t, enquêtes_t, archives_t;Datasets/all_labels_train_gensim_sparse_matrix.npz
archivewk1.hypotheses.org/10370;histoire_d, époque contemporaine_t, 1914-1918_t;Datasets/all_labels_train_gensim_sparse_matrix.npz
archivewk1.hypotheses.org/9545;histoire_d, époque contemporaine_t, 1914-1918_t;Datasets/all_labels_train_gensim_sparse_matrix.npz
ordensgeschichte.hypotheses.org/6107;arts et humanités_d, humanités pluridisciplinaires_d, histoire et archéologie_d, histoire et philosophie des sciences_d, histoire_t, haut moyen âge_t, bas moyen âge_t, xviie siècle_t, xviiie siècle_t;Datasets/all_labels_train_gensim_sparse_matrix.npz
dkblog.hypotheses.org/583;histoire_d, histoire_t, époque moderne_t, xviie siècle_t;Datasets/all_labels_train_gensim_sparse_matrix.npz
archivalia.hypotheses.org/7407;histoire et archéologie_d, sciences sociales interdisciplinaires_d, histoire_t, approches de corpus_t, enquêtes_t, archives_t;Datasets/all_labels_train_gensim_sparse_matrix.npz
archivalia.hypotheses.org/5906;histoire et archéologie_d, sciences sociales interdisciplinaires_d, histoire_t, approches de corpus_t, enquêtes_t, archives_t;Datasets/all_labels_train_gensim_sparse_matrix.npz
archivalia.hypotheses.org/13532;histoire et archéologie_d, sciences sociales interdisciplinaires_d, histoire_t, approches de corpus_t, enquêtes_t, archives_t;Datasets/all_labels_train_gensim_sparse_matrix.npz
histbav.hypotheses.org/1921;humanités pluridisciplinaires_d, histoire_d, pluridisciplinarité_d, histoire_t, monde germanique_t;Datasets/all_labels_train_gensim_sparse_matrix.npz
archivewk1.hypotheses.org/3644;histoire_d, époque contemporaine_t, 1914-1918_t;Datasets/all_labels_train_gensim_sparse_matrix.npz
dokunstlmu.hypotheses.org/946;arts et humanités_d, histoire intellectuelle_t;Datasets/all_labels_train_gensim_sparse_matrix.npz
gab.hypotheses.org/3175;histoire et archéologie_d, pluridisciplinarité_d, sciences sociales interdisciplinaires_d, études des sciences_t, sociologie des sciences_t, histoire_t;Datasets/all_labels_train_gensim_sparse_matrix.npz
archivalia.hypotheses.org/11497;histoire et archéologie_d, sciences sociales interdisciplinaires_d, histoire_t, approches de corpus_t, enquêtes_t, archives_t;Datasets/all_labels_train_gensim_sparse_matrix.npz
histbav.hypotheses.org/4599;humanités pluridisciplinaires_d, histoire_d, pluridisciplinarité_d, histoire_t, monde germanique_t;Datasets/all_labels_train_gensim_sparse_matrix.npz
pophistory.hypotheses.org/865;humanités pluridisciplinaires_d, histoire et archéologie_d, sociologie de la culture_t, histoire sociale_t, histoire culturelle_t, époque contemporaine_t;Datasets/all_labels_train_gensim_sparse_matrix.npz
zakunibonn.hypotheses.org/1510;histoire_d, psychologie_d, histoire_t, psychisme_t, psychologie_t, méthodes de traitement et de représentation_t, monde germanique_t;Datasets/all_labels_train_gensim_sparse_matrix.npz
francofil.hypotheses.org/2488;pluridisciplinarité_d, sciences sociales interdisciplinaires_d, histoire_t, épistémologie et méthodes_t, approches de corpus_t, enquêtes_t, archives_t, france_t;Datasets/all_labels_train_gensim_sparse_matrix.npz
dislab.hypotheses.org/1675;sciences sociales interdisciplinaires_d, langue et linguistique_d, sociologie des sciences_t, linguistique_t;Datasets/all_labels_train_gensim_sparse_matrix.npz
archivalia.hypotheses.org/1895;histoire et archéologie_d, sciences sociales interdisciplinaires_d, histoire_t, approches de corpus_t, enquêtes_t, archives_t;Datasets/all_labels_train_gensim_sparse_matrix.npz
reichwein.hypotheses.org/1866;histoire et archéologie_d, histoire des sciences_t, 1945-1989_t;Datasets/all_labels_train_gensim_sparse_matrix.npz
dislab.hypotheses.org/2571;sciences sociales interdisciplinaires_d, langue et linguistique_d, sociologie des sciences_t, linguistique_t;Datasets/all_labels_train_gensim_sparse_matrix.npz
soziologieblog.hypotheses.org/4317;sciences sociales interdisciplinaires_d, sociologie et anthropologie_d, sociologie du travail_t, sociologie urbaine_t, sociologie de la culture_t, sociologie économique_t;Datasets/all_labels_train_gensim_sparse_matrix.npz
archivalia.hypotheses.org/1999;histoire et archéologie_d, sciences sociales interdisciplinaires_d, histoire_t, approches de corpus_t, enquêtes_t, archives_t;Datasets/all_labels_train_gensim_sparse_matrix.npz
archivamt.hypotheses.org/4643;communication_d, pluridisciplinarité_d, sciences sociales interdisciplinaires_d, information_t, sciences de l'information_t, représentations_t, patrimoine_t;Datasets/all_labels_train_gensim_sparse_matrix.npz
archivalia.hypotheses.org/3631;histoire et archéologie_d, sciences sociales interdisciplinaires_d, histoire_t, approches de corpus_t, enquêtes_t, archives_t;Datasets/all_labels_train_gensim_sparse_matrix.npz
archivalia.hypotheses.org/7502;histoire et archéologie_d, sciences sociales interdisciplinaires_d, histoire_t, approches de corpus_t, enquêtes_t, archives_t;Datasets/all_labels_train_gensim_sparse_matrix.npz
archivalia.hypotheses.org/2477;histoire et archéologie_d, sciences sociales interdisciplinaires_d, histoire_t, approches de corpus_t, enquêtes_t, archives_t;Datasets/all_labels_train_gensim_sparse_matrix.npz
archivalia.hypotheses.org/9853;histoire et archéologie_d, sciences sociales interdisciplinaires_d, histoire_t, approches de corpus_t, enquêtes_t, archives_t;Datasets/all_labels_train_gensim_sparse_matrix.npz
bioeg.hypotheses.org/673;histoire et archéologie_d, histoire_d, histoire_t, sciences auxiliaires de l'histoire_t, europe centrale et orientale_t, monde germanique_t;Datasets/all_labels_train_gensim_sparse_matrix.npz
archivamt.hypotheses.org/194;communication_d, pluridisciplinarité_d, sciences sociales interdisciplinaires_d, information_t, sciences de l'information_t, représentations_t, patrimoine_t;Datasets/all_labels_train_gensim_sparse_matrix.npz
irhis.hypotheses.org/4807;arts et humanités_d, histoire et archéologie_d, histoire économique_t, histoire sociale_t, études visuelles_t;Datasets/all_labels_train_gensim_sparse_matrix.npz
archivalia.hypotheses.org/5428;histoire et archéologie_d, sciences sociales interdisciplinaires_d, histoire_t, approches de corpus_t, enquêtes_t, archives_t;Datasets/all_labels_train_gensim_sparse_matrix.npz
archivewk1.hypotheses.org/16643;histoire_d, époque contemporaine_t, 1914-1918_t;Datasets/all_labels_train_gensim_sparse_matrix.npz
zakunibonn.hypotheses.org/1059;histoire_d, psychologie_d, histoire_t, psychisme_t, psychologie_t, méthodes de traitement et de représentation_t, monde germanique_t;Datasets/all_labels_train_gensim_sparse_matrix.npz
archivalia.hypotheses.org/14504;histoire et archéologie_d, sciences sociales interdisciplinaires_d, histoire_t, approches de corpus_t, enquêtes_t, archives_t;Datasets/all_labels_train_gensim_sparse_matrix.npz
tagebuch.hypotheses.org/724;histoire et archéologie_d, histoire_d, histoire_t, époque contemporaine_t, 1914-1918_t;Datasets/all_labels_train_gensim_sparse_matrix.npz
amuc.hypotheses.org/1398;humanités pluridisciplinaires_d, histoire_d, histoire_t, représentations_t, patrimoine_t;Datasets/all_labels_train_gensim_sparse_matrix.npz
archivalia.hypotheses.org/4422;histoire et archéologie_d, sciences sociales interdisciplinaires_d, histoire_t, approches de corpus_t, enquêtes_t, archives_t;Datasets/all_labels_train_gensim_sparse_matrix.npz
medienbildung.hypotheses.org/7141;éducation_d, éducation spécialisée_d, travail social_d, sociologie_t, édition électronique_t, histoire et sociologie des médias_t, éducation_t;Datasets/all_labels_train_gensim_sparse_matrix.npz
archivalia.hypotheses.org/14118;histoire et archéologie_d, sciences sociales interdisciplinaires_d, histoire_t, approches de corpus_t, enquêtes_t, archives_t;Datasets/all_labels_train_gensim_sparse_matrix.npz
archivewk1.hypotheses.org/14544;histoire_d, époque contemporaine_t, 1914-1918_t;Datasets/all_labels_train_gensim_sparse_matrix.npz
archivalia.hypotheses.org/59660;histoire et archéologie_d, sciences sociales interdisciplinaires_d, histoire_t, approches de corpus_t, enquêtes_t, archives_t;Datasets/all_labels_train_gensim_sparse_matrix.npz
archivewk1.hypotheses.org/29324;histoire_d, époque contemporaine_t, 1914-1918_t;Datasets/all_labels_train_gensim_sparse_matrix.npz
archivalia.hypotheses.org/3373;histoire et archéologie_d, sciences sociales interdisciplinaires_d, histoire_t, approches de corpus_t, enquêtes_t, archives_t;Datasets/all_labels_train_gensim_sparse_matrix.npz
intersex.hypotheses.org/2781;histoire_d, biomédecine_d, étude des genres_t, histoire des sciences_t, histoire_t, histoire du droit_t, moyen âge_t, xxie siècle_t;Datasets/all_labels_train_gensim_sparse_matrix.npz
archivalia.hypotheses.org/14481;histoire et archéologie_d, sciences sociales interdisciplinaires_d, histoire_t, approches de corpus_t, enquêtes_t, archives_t;Datasets/all_labels_train_gensim_sparse_matrix.npz
archivalia.hypotheses.org/12795;histoire et archéologie_d, sciences sociales interdisciplinaires_d, histoire_t, approches de corpus_t, enquêtes_t, archives_t;Datasets/all_labels_train_gensim_sparse_matrix.npz
intersex.hypotheses.org/4791;histoire_d, biomédecine_d, étude des genres_t, histoire des sciences_t, histoire_t, histoire du droit_t, moyen âge_t, xxie siècle_t;Datasets/all_labels_train_gensim_sparse_matrix.npz
1914lvr.hypotheses.org/1694;sciences politiques_d, histoire_t, époque contemporaine_t, 1914-1918_t;Datasets/all_labels_train_gensim_sparse_matrix.npz
archivalia.hypotheses.org/3125;histoire et archéologie_d, sciences sociales interdisciplinaires_d, histoire_t, approches de corpus_t, enquêtes_t, archives_t;Datasets/all_labels_train_gensim_sparse_matrix.npz
leibnizarc.hypotheses.org/62;éducation_d, histoire et archéologie_d, sciences de l'information et bibliothéconomie_d, études des sciences_t, histoire industrielle_t, histoire de l'art_t;Datasets/all_labels_train_gensim_sparse_matrix.npz
archivalia.hypotheses.org/5197;histoire et archéologie_d, sciences sociales interdisciplinaires_d, histoire_t, approches de corpus_t, enquêtes_t, archives_t;Datasets/all_labels_train_gensim_sparse_matrix.npz
inklusion.hypotheses.org/574;éducation_d, travail social et politique sociale_d, sociologie du travail_t, âges de la vie_t, information_t, sciences de l'éducation_t;Datasets/all_labels_train_gensim_sparse_matrix.npz
kinder.hypotheses.org/867;éducation et sciences de l'éducation_d, études sur la famille_d, âges de la vie_t, sciences de l'éducation_t;Datasets/all_labels_train_gensim_sparse_matrix.npz
archivewk1.hypotheses.org/26196;histoire_d, époque contemporaine_t, 1914-1918_t;Datasets/all_labels_train_gensim_sparse_matrix.npz
gab.hypotheses.org/2183;histoire et archéologie_d, pluridisciplinarité_d, sciences sociales interdisciplinaires_d, études des sciences_t, sociologie des sciences_t, histoire_t;Datasets/all_labels_train_gensim_sparse_matrix.npz
archivalia.hypotheses.org/2829;histoire et archéologie_d, sciences sociales interdisciplinaires_d, histoire_t, approches de corpus_t, enquêtes_t, archives_t;Datasets/all_labels_train_gensim_sparse_matrix.npz
archivalia.hypotheses.org/9192;histoire et archéologie_d, sciences sociales interdisciplinaires_d, histoire_t, approches de corpus_t, enquêtes_t, archives_t;Datasets/all_labels_train_gensim_sparse_matrix.npz
archivalia.hypotheses.org/61492;histoire et archéologie_d, sciences sociales interdisciplinaires_d, histoire_t, approches de corpus_t, enquêtes_t, archives_t;Datasets/all_labels_train_gensim_sparse_matrix.npz
redaktionsblog.hypotheses.org/902;arts et humanités_d, humanités pluridisciplinaires_d, épistémologie et méthodes_t, digital humanities_t;Datasets/all_labels_train_gensim_sparse_matrix.npz
archivalia.hypotheses.org/7491;histoire et archéologie_d, sciences sociales interdisciplinaires_d, histoire_t, approches de corpus_t, enquêtes_t, archives_t;Datasets/all_labels_train_gensim_sparse_matrix.npz
francofil.hypotheses.org/2068;pluridisciplinarité_d, sciences sociales interdisciplinaires_d, histoire_t, épistémologie et méthodes_t, approches de corpus_t, enquêtes_t, archives_t, france_t;Datasets/all_labels_train_gensim_sparse_matrix.npz
ordensgeschichte.hypotheses.org/6132;arts et humanités_d, humanités pluridisciplinaires_d, histoire et archéologie_d, histoire et philosophie des sciences_d, histoire_t, haut moyen âge_t, bas moyen âge_t, xviie siècle_t, xviiie siècle_t;Datasets/all_labels_train_gensim_sparse_matrix.npz
mittelalter.hypotheses.org/7569;humanités pluridisciplinaires_d, religions_d, histoire_d, sociologie_d, histoire_t, histoire sociale_t, histoire intellectuelle_t, moyen âge_t, haut moyen âge_t, bas moyen âge_t;Datasets/all_labels_train_gensim_sparse_matrix.npz
guerre-froide.hypotheses.org/1808;histoire_d, relations internationales_t, histoire culturelle_t, 1945-1989_t;Datasets/all_labels_train_gensim_sparse_matrix.npz
archivewk1.hypotheses.org/23969;histoire_d, époque contemporaine_t, 1914-1918_t;Datasets/all_labels_train_gensim_sparse_matrix.npz
archivewk1.hypotheses.org/30577;histoire_d, époque contemporaine_t, 1914-1918_t;Datasets/all_labels_train_gensim_sparse_matrix.npz
archivewk1.hypotheses.org/3631;histoire_d, époque contemporaine_t, 1914-1918_t;Datasets/all_labels_train_gensim_sparse_matrix.npz
archivalia.hypotheses.org/13021;histoire et archéologie_d, sciences sociales interdisciplinaires_d, histoire_t, approches de corpus_t, enquêtes_t, archives_t;Datasets/all_labels_train_gensim_sparse_matrix.npz
zakunibonn.hypotheses.org/1613;histoire_d, psychologie_d, histoire_t, psychisme_t, psychologie_t, méthodes de traitement et de représentation_t, monde germanique_t;Datasets/all_labels_train_gensim_sparse_matrix.npz
archivalia.hypotheses.org/13525;histoire et archéologie_d, sciences sociales interdisciplinaires_d, histoire_t, approches de corpus_t, enquêtes_t, archives_t;Datasets/all_labels_train_gensim_sparse_matrix.npz
barblog.hypotheses.org/1072;sciences sociales interdisciplinaires_d, sciences politiques_d, sociologie_d, anthropologie politique_t;Datasets/all_labels_train_gensim_sparse_matrix.npz
speyermemo.hypotheses.org/2296;histoire_d, pluridisciplinarité_d, sciences sociales interdisciplinaires_d, sociologie de la culture_t, histoire_t, 1939-1945_t, europe_t;Datasets/all_labels_train_gensim_sparse_matrix.npz
pophistory.hypotheses.org/1187;humanités pluridisciplinaires_d, histoire et archéologie_d, sociologie de la culture_t, histoire sociale_t, histoire culturelle_t, époque contemporaine_t;Datasets/all_labels_train_gensim_sparse_matrix.npz
archivalia.hypotheses.org/2863;histoire et archéologie_d, sciences sociales interdisciplinaires_d, histoire_t, approches de corpus_t, enquêtes_t, archives_t;Datasets/all_labels_train_gensim_sparse_matrix.npz
ordensgeschichte.hypotheses.org/1770;arts et humanités_d, humanités pluridisciplinaires_d, histoire et archéologie_d, histoire et philosophie des sciences_d, histoire_t, haut moyen âge_t, bas moyen âge_t, xviie siècle_t, xviiie siècle_t;Datasets/all_labels_train_gensim_sparse_matrix.npz
aktenkunde.hypotheses.org/46;histoire_d, histoire_t, sciences auxiliaires de l'histoire_t;Datasets/all_labels_train_gensim_sparse_matrix.npz
archivalia.hypotheses.org/9539;histoire et archéologie_d, sciences sociales interdisciplinaires_d, histoire_t, approches de corpus_t, enquêtes_t, archives_t;Datasets/all_labels_train_gensim_sparse_matrix.npz
archivalia.hypotheses.org/62208;histoire et archéologie_d, sciences sociales interdisciplinaires_d, histoire_t, approches de corpus_t, enquêtes_t, archives_t;Datasets/all_labels_train_gensim_sparse_matrix.npz
archivewk1.hypotheses.org/10703;histoire_d, époque contemporaine_t, 1914-1918_t;Datasets/all_labels_train_gensim_sparse_matrix.npz
archivalia.hypotheses.org/7508;histoire et archéologie_d, sciences sociales interdisciplinaires_d, histoire_t, approches de corpus_t, enquêtes_t, archives_t;Datasets/all_labels_train_gensim_sparse_matrix.npz
archivewk1.hypotheses.org/29229;histoire_d, époque contemporaine_t, 1914-1918_t;Datasets/all_labels_train_gensim_sparse_matrix.npz
archivalia.hypotheses.org/8370;histoire et archéologie_d, sciences sociales interdisciplinaires_d, histoire_t, approches de corpus_t, enquêtes_t, archives_t;Datasets/all_labels_train_gensim_sparse_matrix.npz
bereschitrabba.hypotheses.org/1046;arts et humanités_d, religions_d, langue et linguistique_d, religions_t, histoire des religions_t;Datasets/all_labels_train_gensim_sparse_matrix.npz
archivalia.hypotheses.org/60918;histoire et archéologie_d, sciences sociales interdisciplinaires_d, histoire_t, approches de corpus_t, enquêtes_t, archives_t;Datasets/all_labels_train_gensim_sparse_matrix.npz
archivalia.hypotheses.org/1700;histoire et archéologie_d, sciences sociales interdisciplinaires_d, histoire_t, approches de corpus_t, enquêtes_t, archives_t;Datasets/all_labels_train_gensim_sparse_matrix.npz
archivalia.hypotheses.org/61864;histoire et archéologie_d, sciences sociales interdisciplinaires_d, histoire_t, approches de corpus_t, enquêtes_t, archives_t;Datasets/all_labels_train_gensim_sparse_matrix.npz
archivalia.hypotheses.org/12471;histoire et archéologie_d, sciences sociales interdisciplinaires_d, histoire_t, approches de corpus_t, enquêtes_t, archives_t;Datasets/all_labels_train_gensim_sparse_matrix.npz
archivalia.hypotheses.org/14030;histoire et archéologie_d, sciences sociales interdisciplinaires_d, histoire_t, approches de corpus_t, enquêtes_t, archives_t;Datasets/all_labels_train_gensim_sparse_matrix.npz
edit.hypotheses.org/339;sciences de l'information et bibliothéconomie_d, édition électronique_t, vie de la recherche_t, méthodes de traitement et de représentation_t, digital humanities_t;Datasets/all_labels_train_gensim_sparse_matrix.npz
ordensgeschichte.hypotheses.org/6448;arts et humanités_d, humanités pluridisciplinaires_d, histoire et archéologie_d, histoire et philosophie des sciences_d, histoire_t, haut moyen âge_t, bas moyen âge_t, xviie siècle_t, xviiie siècle_t;Datasets/all_labels_train_gensim_sparse_matrix.npz
liparchiv.hypotheses.org/1043;histoire et archéologie_d, sciences politiques_d, administration publique et développement_d, histoire urbaine_t, patrimoine_t, sciences auxiliaires de l'histoire_t, approches de corpus_t, enquêtes_t, archives_t, europe_t;Datasets/all_labels_train_gensim_sparse_matrix.npz
archivewk1.hypotheses.org/21038;histoire_d, époque contemporaine_t, 1914-1918_t;Datasets/all_labels_train_gensim_sparse_matrix.npz
archivewk1.hypotheses.org/19545;histoire_d, époque contemporaine_t, 1914-1918_t;Datasets/all_labels_train_gensim_sparse_matrix.npz
ordensgeschichte.hypotheses.org/5988;arts et humanités_d, humanités pluridisciplinaires_d, histoire et archéologie_d, histoire et philosophie des sciences_d, histoire_t, haut moyen âge_t, bas moyen âge_t, xviie siècle_t, xviiie siècle_t;Datasets/all_labels_train_gensim_sparse_matrix.npz
archivalia.hypotheses.org/6873;histoire et archéologie_d, sciences sociales interdisciplinaires_d, histoire_t, approches de corpus_t, enquêtes_t, archives_t;Datasets/all_labels_train_gensim_sparse_matrix.npz
archivewk1.hypotheses.org/20487;histoire_d, époque contemporaine_t, 1914-1918_t;Datasets/all_labels_train_gensim_sparse_matrix.npz
archivewk1.hypotheses.org/26223;histoire_d, époque contemporaine_t, 1914-1918_t;Datasets/all_labels_train_gensim_sparse_matrix.npz
speyermemo.hypotheses.org/2466;histoire_d, pluridisciplinarité_d, sciences sociales interdisciplinaires_d, sociologie de la culture_t, histoire_t, 1939-1945_t, europe_t;Datasets/all_labels_train_gensim_sparse_matrix.npz
unibloggt.hypotheses.org/405;histoire et archéologie_d, pluridisciplinarité_d, histoire_t, information_t;Datasets/all_labels_train_gensim_sparse_matrix.npz
archivalia.hypotheses.org/61441;histoire et archéologie_d, sciences sociales interdisciplinaires_d, histoire_t, approches de corpus_t, enquêtes_t, archives_t;Datasets/all_labels_train_gensim_sparse_matrix.npz
archivalia.hypotheses.org/11931;histoire et archéologie_d, sciences sociales interdisciplinaires_d, histoire_t, approches de corpus_t, enquêtes_t, archives_t;Datasets/all_labels_train_gensim_sparse_matrix.npz
archive20.hypotheses.org/3903;pluridisciplinarité_d, sciences sociales interdisciplinaires_d, histoire_t, information_t, patrimoine_t, monde germanique_t;Datasets/all_labels_train_gensim_sparse_matrix.npz
francofil.hypotheses.org/358;pluridisciplinarité_d, sciences sociales interdisciplinaires_d, histoire_t, épistémologie et méthodes_t, approches de corpus_t, enquêtes_t, archives_t, france_t;Datasets/all_labels_train_gensim_sparse_matrix.npz
speyermemo.hypotheses.org/2493;histoire_d, pluridisciplinarité_d, sciences sociales interdisciplinaires_d, sociologie de la culture_t, histoire_t, 1939-1945_t, europe_t;Datasets/all_labels_train_gensim_sparse_matrix.npz
histbav.hypotheses.org/2254;humanités pluridisciplinaires_d, histoire_d, pluridisciplinarité_d, histoire_t, monde germanique_t;Datasets/all_labels_train_gensim_sparse_matrix.npz
archivalia.hypotheses.org/6422;histoire et archéologie_d, sciences sociales interdisciplinaires_d, histoire_t, approches de corpus_t, enquêtes_t, archives_t;Datasets/all_labels_train_gensim_sparse_matrix.npz
archivalia.hypotheses.org/12823;histoire et archéologie_d, sciences sociales interdisciplinaires_d, histoire_t, approches de corpus_t, enquêtes_t, archives_t;Datasets/all_labels_train_gensim_sparse_matrix.npz
dkblog.hypotheses.org/458;histoire_d, histoire_t, époque moderne_t, xviie siècle_t;Datasets/all_labels_train_gensim_sparse_matrix.npz
medialogic.hypotheses.org/842;arts et humanités_d, sciences de l'information et de la communication_d, bibliothéconomie_d, sociologie_t;Datasets/all_labels_train_gensim_sparse_matrix.npz
archivalia.hypotheses.org/412;histoire et archéologie_d, sciences sociales interdisciplinaires_d, histoire_t, approches de corpus_t, enquêtes_t, archives_t;Datasets/all_labels_train_gensim_sparse_matrix.npz
archivalia.hypotheses.org/13667;histoire et archéologie_d, sciences sociales interdisciplinaires_d, histoire_t, approches de corpus_t, enquêtes_t, archives_t;Datasets/all_labels_train_gensim_sparse_matrix.npz
archivewk1.hypotheses.org/19290;histoire_d, époque contemporaine_t, 1914-1918_t;Datasets/all_labels_train_gensim_sparse_matrix.npz
gab.hypotheses.org/900;histoire et archéologie_d, pluridisciplinarité_d, sciences sociales interdisciplinaires_d, études des sciences_t, sociologie des sciences_t, histoire_t;Datasets/all_labels_train_gensim_sparse_matrix.npz
archivalia.hypotheses.org/6551;histoire et archéologie_d, sciences sociales interdisciplinaires_d, histoire_t, approches de corpus_t, enquêtes_t, archives_t;Datasets/all_labels_train_gensim_sparse_matrix.npz
medienbildung.hypotheses.org/3078;éducation_d, éducation spécialisée_d, travail social_d, sociologie_t, édition électronique_t, histoire et sociologie des médias_t, éducation_t;Datasets/all_labels_train_gensim_sparse_matrix.npz
lvrafz.hypotheses.org/1887;pluridisciplinarité_d, information_t;Datasets/all_labels_train_gensim_sparse_matrix.npz
archivalia.hypotheses.org/1716;histoire et archéologie_d, sciences sociales interdisciplinaires_d, histoire_t, approches de corpus_t, enquêtes_t, archives_t;Datasets/all_labels_train_gensim_sparse_matrix.npz
archivewk1.hypotheses.org/13576;histoire_d, époque contemporaine_t, 1914-1918_t;Datasets/all_labels_train_gensim_sparse_matrix.npz
archivalia.hypotheses.org/3865;histoire et archéologie_d, sciences sociales interdisciplinaires_d, histoire_t, approches de corpus_t, enquêtes_t, archives_t;Datasets/all_labels_train_gensim_sparse_matrix.npz
archivalia.hypotheses.org/6071;histoire et archéologie_d, sciences sociales interdisciplinaires_d, histoire_t, approches de corpus_t, enquêtes_t, archives_t;Datasets/all_labels_train_gensim_sparse_matrix.npz
gab.hypotheses.org/2325;histoire et archéologie_d, pluridisciplinarité_d, sciences sociales interdisciplinaires_d, études des sciences_t, sociologie des sciences_t, histoire_t;Datasets/all_labels_train_gensim_sparse_matrix.npz
medienbildung.hypotheses.org/5829;éducation_d, éducation spécialisée_d, travail social_d, sociologie_t, édition électronique_t, histoire et sociologie des médias_t, éducation_t;Datasets/all_labels_train_gensim_sparse_matrix.npz
archivalia.hypotheses.org/281;histoire et archéologie_d, sciences sociales interdisciplinaires_d, histoire_t, approches de corpus_t, enquêtes_t, archives_t;Datasets/all_labels_train_gensim_sparse_matrix.npz
aes.hypotheses.org/232;histoire_t, religions_t;Datasets/all_labels_train_gensim_sparse_matrix.npz
archivalia.hypotheses.org/5423;histoire et archéologie_d, sciences sociales interdisciplinaires_d, histoire_t, approches de corpus_t, enquêtes_t, archives_t;Datasets/all_labels_train_gensim_sparse_matrix.npz
mittelalter.hypotheses.org/3980;humanités pluridisciplinaires_d, religions_d, histoire_d, sociologie_d, histoire_t, histoire sociale_t, histoire intellectuelle_t, moyen âge_t, haut moyen âge_t, bas moyen âge_t;Datasets/all_labels_train_gensim_sparse_matrix.npz
mittelalter.hypotheses.org/9179;humanités pluridisciplinaires_d, religions_d, histoire_d, sociologie_d, histoire_t, histoire sociale_t, histoire intellectuelle_t, moyen âge_t, haut moyen âge_t, bas moyen âge_t;Datasets/all_labels_train_gensim_sparse_matrix.npz
archivalia.hypotheses.org/8220;histoire et archéologie_d, sciences sociales interdisciplinaires_d, histoire_t, approches de corpus_t, enquêtes_t, archives_t;Datasets/all_labels_train_gensim_sparse_matrix.npz
grk1919.hypotheses.org/185;histoire et archéologie_d, histoire et philosophie des sciences_d, histoire_t;Datasets/all_labels_train_gensim_sparse_matrix.npz
dgl.hypotheses.org/650;éducation spécialisée_d, histoire_d, histoire_t, histoire et sociologie des médias_t, éducation_t;Datasets/all_labels_train_gensim_sparse_matrix.npz
archivalia.hypotheses.org/1050;histoire et archéologie_d, sciences sociales interdisciplinaires_d, histoire_t, approches de corpus_t, enquêtes_t, archives_t;Datasets/all_labels_train_gensim_sparse_matrix.npz
archivalia.hypotheses.org/2821;histoire et archéologie_d, sciences sociales interdisciplinaires_d, histoire_t, approches de corpus_t, enquêtes_t, archives_t;Datasets/all_labels_train_gensim_sparse_matrix.npz
heraldica.hypotheses.org/598;histoire_d, histoire_t, historiographie_t, sciences auxiliaires de l'histoire_t, moyen âge_t, haut moyen âge_t;Datasets/all_labels_train_gensim_sparse_matrix.npz
tagebuch.hypotheses.org/1382;histoire et archéologie_d, histoire_d, histoire_t, époque contemporaine_t, 1914-1918_t;Datasets/all_labels_train_gensim_sparse_matrix.npz
inklusion.hypotheses.org/1965;éducation_d, travail social et politique sociale_d, sociologie du travail_t, âges de la vie_t, information_t, sciences de l'éducation_t;Datasets/all_labels_train_gensim_sparse_matrix.npz
archivalia.hypotheses.org/8175;histoire et archéologie_d, sciences sociales interdisciplinaires_d, histoire_t, approches de corpus_t, enquêtes_t, archives_t;Datasets/all_labels_train_gensim_sparse_matrix.npz
archivalia.hypotheses.org/51957;histoire et archéologie_d, sciences sociales interdisciplinaires_d, histoire_t, approches de corpus_t, enquêtes_t, archives_t;Datasets/all_labels_train_gensim_sparse_matrix.npz
francofil.hypotheses.org/4411;pluridisciplinarité_d, sciences sociales interdisciplinaires_d, histoire_t, épistémologie et méthodes_t, approches de corpus_t, enquêtes_t, archives_t, france_t;Datasets/all_labels_train_gensim_sparse_matrix.npz
resilienz.hypotheses.org/960;pluridisciplinarité_d, sciences sociales interdisciplinaires_d, études des sciences_t, épistémologie et méthodes_t, vie de la recherche_t, prospectives_t;Datasets/all_labels_train_gensim_sparse_matrix.npz
erinnerung.hypotheses.org/651;histoire et archéologie_d, histoire_t, xxe siècle_t, prospectives_t, europe_t;Datasets/all_labels_train_gensim_sparse_matrix.npz
archivalia.hypotheses.org/9037;histoire et archéologie_d, sciences sociales interdisciplinaires_d, histoire_t, approches de corpus_t, enquêtes_t, archives_t;Datasets/all_labels_train_gensim_sparse_matrix.npz
1914lvr.hypotheses.org/1518;sciences politiques_d, histoire_t, époque contemporaine_t, 1914-1918_t;Datasets/all_labels_train_gensim_sparse_matrix.npz
archivalia.hypotheses.org/51946;histoire et archéologie_d, sciences sociales interdisciplinaires_d, histoire_t, approches de corpus_t, enquêtes_t, archives_t;Datasets/all_labels_train_gensim_sparse_matrix.npz
gid.hypotheses.org/1090;pluridisciplinarité_d, sciences sociales interdisciplinaires_d, études des sciences_t, histoire des sciences_t, pensée_t, histoire intellectuelle_t, histoire culturelle_t, prospectives_t;Datasets/all_labels_train_gensim_sparse_matrix.npz
archivewk1.hypotheses.org/9953;histoire_d, époque contemporaine_t, 1914-1918_t;Datasets/all_labels_train_gensim_sparse_matrix.npz
wwc.hypotheses.org/113;humanités pluridisciplinaires_d, pluridisciplinarité_d, études régionales_d, relations internationales_t, information_t, représentations_t;Datasets/all_labels_train_gensim_sparse_matrix.npz
medialogic.hypotheses.org/527;arts et humanités_d, sciences de l'information et de la communication_d, bibliothéconomie_d, sociologie_t;Datasets/all_labels_train_gensim_sparse_matrix.npz
archivalia.hypotheses.org/5513;histoire et archéologie_d, sciences sociales interdisciplinaires_d, histoire_t, approches de corpus_t, enquêtes_t, archives_t;Datasets/all_labels_train_gensim_sparse_matrix.npz
archivalia.hypotheses.org/8555;histoire et archéologie_d, sciences sociales interdisciplinaires_d, histoire_t, approches de corpus_t, enquêtes_t, archives_t;Datasets/all_labels_train_gensim_sparse_matrix.npz
amuc.hypotheses.org/1952;humanités pluridisciplinaires_d, histoire_d, histoire_t, représentations_t, patrimoine_t;Datasets/all_labels_train_gensim_sparse_matrix.npz
archivalia.hypotheses.org/55733;histoire et archéologie_d, sciences sociales interdisciplinaires_d, histoire_t, approches de corpus_t, enquêtes_t, archives_t;Datasets/all_labels_train_gensim_sparse_matrix.npz
lvrafz.hypotheses.org/1940;pluridisciplinarité_d, information_t;Datasets/all_labels_train_gensim_sparse_matrix.npz
archivamt.hypotheses.org/1643;communication_d, pluridisciplinarité_d, sciences sociales interdisciplinaires_d, information_t, sciences de l'information_t, représentations_t, patrimoine_t;Datasets/all_labels_train_gensim_sparse_matrix.npz
archivewk1.hypotheses.org/27741;histoire_d, époque contemporaine_t, 1914-1918_t;Datasets/all_labels_train_gensim_sparse_matrix.npz
nummer.hypotheses.org/169;histoire_d, sciences de l'information et de la communication_d, bibliothéconomie_d, histoire_t, histoire intellectuelle_t, histoire et sociologie des médias_t, histoire culturelle_t;Datasets/all_labels_train_gensim_sparse_matrix.npz
francofil.hypotheses.org/3482;pluridisciplinarité_d, sciences sociales interdisciplinaires_d, histoire_t, épistémologie et méthodes_t, approches de corpus_t, enquêtes_t, archives_t, france_t;Datasets/all_labels_train_gensim_sparse_matrix.npz
histbav.hypotheses.org/4346;humanités pluridisciplinaires_d, histoire_d, pluridisciplinarité_d, histoire_t, monde germanique_t;Datasets/all_labels_train_gensim_sparse_matrix.npz
histbav.hypotheses.org/1592;humanités pluridisciplinaires_d, histoire_d, pluridisciplinarité_d, histoire_t, monde germanique_t;Datasets/all_labels_train_gensim_sparse_matrix.npz
medialogic.hypotheses.org/161;arts et humanités_d, sciences de l'information et de la communication_d, bibliothéconomie_d, sociologie_t;Datasets/all_labels_train_gensim_sparse_matrix.npz
fortifica.hypotheses.org/1169;histoire et archéologie_d, histoire_d, histoire urbaine_t, xvie siècle_t, xviie siècle_t, xviiie siècle_t;Datasets/all_labels_train_gensim_sparse_matrix.npz
mittelalter.hypotheses.org/8999;humanités pluridisciplinaires_d, religions_d, histoire_d, sociologie_d, histoire_t, histoire sociale_t, histoire intellectuelle_t, moyen âge_t, haut moyen âge_t, bas moyen âge_t;Datasets/all_labels_train_gensim_sparse_matrix.npz
archivalia.hypotheses.org/60275;histoire et archéologie_d, sciences sociales interdisciplinaires_d, histoire_t, approches de corpus_t, enquêtes_t, archives_t;Datasets/all_labels_train_gensim_sparse_matrix.npz
historischdenken.hypotheses.org/2455;histoire et archéologie_d, histoire_t;Datasets/all_labels_train_gensim_sparse_matrix.npz
redaktionsblog.hypotheses.org/1431;arts et humanités_d, humanités pluridisciplinaires_d, épistémologie et méthodes_t, digital humanities_t;Datasets/all_labels_train_gensim_sparse_matrix.npz
soziologieblog.hypotheses.org/8772;sciences sociales interdisciplinaires_d, sociologie et anthropologie_d, sociologie du travail_t, sociologie urbaine_t, sociologie de la culture_t, sociologie économique_t;Datasets/all_labels_train_gensim_sparse_matrix.npz
hsc.hypotheses.org/309;arts et humanités_d, humanités pluridisciplinaires_d, histoire et archéologie_d, histoire_t, historiographie_t;Datasets/all_labels_train_gensim_sparse_matrix.npz
mittelalter.hypotheses.org/8579;humanités pluridisciplinaires_d, religions_d, histoire_d, sociologie_d, histoire_t, histoire sociale_t, histoire intellectuelle_t, moyen âge_t, haut moyen âge_t, bas moyen âge_t;Datasets/all_labels_train_gensim_sparse_matrix.npz
archivalia.hypotheses.org/54180;histoire et archéologie_d, sciences sociales interdisciplinaires_d, histoire_t, approches de corpus_t, enquêtes_t, archives_t;Datasets/all_labels_train_gensim_sparse_matrix.npz
19jhdhip.hypotheses.org/1244;histoire_d, époque contemporaine_t, prospectives_t, france_t, monde germanique_t;Datasets/all_labels_train_gensim_sparse_matrix.npz
gid.hypotheses.org/623;pluridisciplinarité_d, sciences sociales interdisciplinaires_d, études des sciences_t, histoire des sciences_t, pensée_t, histoire intellectuelle_t, histoire culturelle_t, prospectives_t;Datasets/all_labels_train_gensim_sparse_matrix.npz
bioeg.hypotheses.org/732;histoire et archéologie_d, histoire_d, histoire_t, sciences auxiliaires de l'histoire_t, europe centrale et orientale_t, monde germanique_t;Datasets/all_labels_train_gensim_sparse_matrix.npz
frueheneuzeit.hypotheses.org/1296;histoire et archéologie_d, histoire_t, époque moderne_t, xviie siècle_t, xviiie siècle_t, révolution française_t;Datasets/all_labels_train_gensim_sparse_matrix.npz
archivewk1.hypotheses.org/2770;histoire_d, époque contemporaine_t, 1914-1918_t;Datasets/all_labels_train_gensim_sparse_matrix.npz
archivalia.hypotheses.org/4457;histoire et archéologie_d, sciences sociales interdisciplinaires_d, histoire_t, approches de corpus_t, enquêtes_t, archives_t;Datasets/all_labels_train_gensim_sparse_matrix.npz
archivalia.hypotheses.org/10811;histoire et archéologie_d, sciences sociales interdisciplinaires_d, histoire_t, approches de corpus_t, enquêtes_t, archives_t;Datasets/all_labels_train_gensim_sparse_matrix.npz
archivewk1.hypotheses.org/10713;histoire_d, époque contemporaine_t, 1914-1918_t;Datasets/all_labels_train_gensim_sparse_matrix.npz
archivalia.hypotheses.org/13376;histoire et archéologie_d, sciences sociales interdisciplinaires_d, histoire_t, approches de corpus_t, enquêtes_t, archives_t;Datasets/all_labels_train_gensim_sparse_matrix.npz
archivewk1.hypotheses.org/4474;histoire_d, époque contemporaine_t, 1914-1918_t;Datasets/all_labels_train_gensim_sparse_matrix.npz
minuseinsebene.hypotheses.org/889;archéologie_d, histoire urbaine_t, histoire des religions_t, moyen âge_t, haut moyen âge_t, monde germanique_t;Datasets/all_labels_train_gensim_sparse_matrix.npz
archivamt.hypotheses.org/3755;communication_d, pluridisciplinarité_d, sciences sociales interdisciplinaires_d, information_t, sciences de l'information_t, représentations_t, patrimoine_t;Datasets/all_labels_train_gensim_sparse_matrix.npz
frobeniusforster.hypotheses.org/559;histoire et archéologie_d, histoire_t, époque moderne_t, xviiie siècle_t;Datasets/all_labels_train_gensim_sparse_matrix.npz
kinder.hypotheses.org/1327;éducation et sciences de l'éducation_d, études sur la famille_d, âges de la vie_t, sciences de l'éducation_t;Datasets/all_labels_train_gensim_sparse_matrix.npz
gab.hypotheses.org/1115;histoire et archéologie_d, pluridisciplinarité_d, sciences sociales interdisciplinaires_d, études des sciences_t, sociologie des sciences_t, histoire_t;Datasets/all_labels_train_gensim_sparse_matrix.npz
bereschitrabba.hypotheses.org/152;arts et humanités_d, religions_d, langue et linguistique_d, religions_t, histoire des religions_t;Datasets/all_labels_train_gensim_sparse_matrix.npz
histbav.hypotheses.org/1213;humanités pluridisciplinaires_d, histoire_d, pluridisciplinarité_d, histoire_t, monde germanique_t;Datasets/all_labels_train_gensim_sparse_matrix.npz
netzwerk.hypotheses.org/1479;histoire et archéologie_d, histoire urbaine_t, histoire sociale_t, histoire intellectuelle_t, époque contemporaine_t;Datasets/all_labels_train_gensim_sparse_matrix.npz
schotten.hypotheses.org/1211;religions_d, histoire et archéologie_d, sciences de l'information et de la communication_d, bibliothéconomie_d, histoire_t, histoire des religions_t, approches de corpus_t, enquêtes_t, archives_t, monde germanique_t;Datasets/all_labels_train_gensim_sparse_matrix.npz
archivalia.hypotheses.org/4896;histoire et archéologie_d, sciences sociales interdisciplinaires_d, histoire_t, approches de corpus_t, enquêtes_t, archives_t;Datasets/all_labels_train_gensim_sparse_matrix.npz
archivewk1.hypotheses.org/13578;histoire_d, époque contemporaine_t, 1914-1918_t;Datasets/all_labels_train_gensim_sparse_matrix.npz
winzen.hypotheses.org/741;histoire_d, histoire_t, études visuelles_t, 1918-1939_t, 1939-1945_t, monde germanique_t;Datasets/all_labels_train_gensim_sparse_matrix.npz
nomoi.hypotheses.org/325;arts et humanités_d, anthropologie politique_t, histoire du droit_t, histoire intellectuelle_t, histoire de l'art_t;Datasets/all_labels_train_gensim_sparse_matrix.npz
winzen.hypotheses.org/731;histoire_d, histoire_t, études visuelles_t, 1918-1939_t, 1939-1945_t, monde germanique_t;Datasets/all_labels_train_gensim_sparse_matrix.npz
beruf.hypotheses.org/445;histoire et archéologie_d, histoire_d, histoire_t;Datasets/all_labels_train_gensim_sparse_matrix.npz
feldpost.hypotheses.org/400;histoire_d, histoire_t, guerres_t, conflits_t, violence_t, histoire culturelle_t, 1914-1918_t, monde germanique_t;Datasets/all_labels_train_gensim_sparse_matrix.npz
archivewk1.hypotheses.org/28007;histoire_d, époque contemporaine_t, 1914-1918_t;Datasets/all_labels_train_gensim_sparse_matrix.npz
archivalia.hypotheses.org/5469;histoire et archéologie_d, sciences sociales interdisciplinaires_d, histoire_t, approches de corpus_t, enquêtes_t, archives_t;Datasets/all_labels_train_gensim_sparse_matrix.npz
studpro.hypotheses.org/311;histoire_d, histoire_t, époque moderne_t, xviie siècle_t, xviiie siècle_t;Datasets/all_labels_train_gensim_sparse_matrix.npz
frueheneuzeit.hypotheses.org/560;histoire et archéologie_d, histoire_t, époque moderne_t, xviie siècle_t, xviiie siècle_t, révolution française_t;Datasets/all_labels_train_gensim_sparse_matrix.npz
philophiso.hypotheses.org/1177;philosophie_d, éducation_d, éducation spécialisée_d, pensée_t, philosophie_t, représentations_t, patrimoine_t;Datasets/all_labels_train_gensim_sparse_matrix.npz
tagebuch.hypotheses.org/796;histoire et archéologie_d, histoire_d, histoire_t, époque contemporaine_t, 1914-1918_t;Datasets/all_labels_train_gensim_sparse_matrix.npz
dokunstlmu.hypotheses.org/1477;arts et humanités_d, histoire intellectuelle_t;Datasets/all_labels_train_gensim_sparse_matrix.npz
mittelalter.hypotheses.org/4930;humanités pluridisciplinaires_d, religions_d, histoire_d, sociologie_d, histoire_t, histoire sociale_t, histoire intellectuelle_t, moyen âge_t, haut moyen âge_t, bas moyen âge_t;Datasets/all_labels_train_gensim_sparse_matrix.npz
zakunibonn.hypotheses.org/1563;histoire_d, psychologie_d, histoire_t, psychisme_t, psychologie_t, méthodes de traitement et de représentation_t, monde germanique_t;Datasets/all_labels_train_gensim_sparse_matrix.npz
archivalia.hypotheses.org/13568;histoire et archéologie_d, sciences sociales interdisciplinaires_d, histoire_t, approches de corpus_t, enquêtes_t, archives_t;Datasets/all_labels_train_gensim_sparse_matrix.npz
archivalia.hypotheses.org/1244;histoire et archéologie_d, sciences sociales interdisciplinaires_d, histoire_t, approches de corpus_t, enquêtes_t, archives_t;Datasets/all_labels_train_gensim_sparse_matrix.npz
19jhdhip.hypotheses.org/2635;histoire_d, époque contemporaine_t, prospectives_t, france_t, monde germanique_t;Datasets/all_labels_train_gensim_sparse_matrix.npz
ockenheim.hypotheses.org/519;histoire et archéologie_d, archéologie_d, histoire_t, histoire urbaine_t, édition électronique_t, monde germanique_t;Datasets/all_labels_train_gensim_sparse_matrix.npz
archivalia.hypotheses.org/12775;histoire et archéologie_d, sciences sociales interdisciplinaires_d, histoire_t, approches de corpus_t, enquêtes_t, archives_t;Datasets/all_labels_train_gensim_sparse_matrix.npz
archivalia.hypotheses.org/5466;histoire et archéologie_d, sciences sociales interdisciplinaires_d, histoire_t, approches de corpus_t, enquêtes_t, archives_t;Datasets/all_labels_train_gensim_sparse_matrix.npz
histbav.hypotheses.org/1142;humanités pluridisciplinaires_d, histoire_d, pluridisciplinarité_d, histoire_t, monde germanique_t;Datasets/all_labels_train_gensim_sparse_matrix.npz
archivewk1.hypotheses.org/16990;histoire_d, époque contemporaine_t, 1914-1918_t;Datasets/all_labels_train_gensim_sparse_matrix.npz
archivalia.hypotheses.org/903;histoire et archéologie_d, sciences sociales interdisciplinaires_d, histoire_t, approches de corpus_t, enquêtes_t, archives_t;Datasets/all_labels_train_gensim_sparse_matrix.npz
archivalia.hypotheses.org/10907;histoire et archéologie_d, sciences sociales interdisciplinaires_d, histoire_t, approches de corpus_t, enquêtes_t, archives_t;Datasets/all_labels_train_gensim_sparse_matrix.npz
speyermemo.hypotheses.org/2409;histoire_d, pluridisciplinarité_d, sciences sociales interdisciplinaires_d, sociologie de la culture_t, histoire_t, 1939-1945_t, europe_t;Datasets/all_labels_train_gensim_sparse_matrix.npz
archivalia.hypotheses.org/12954;histoire et archéologie_d, sciences sociales interdisciplinaires_d, histoire_t, approches de corpus_t, enquêtes_t, archives_t;Datasets/all_labels_train_gensim_sparse_matrix.npz
archivewk1.hypotheses.org/32244;histoire_d, époque contemporaine_t, 1914-1918_t;Datasets/all_labels_train_gensim_sparse_matrix.npz
archivalia.hypotheses.org/10841;histoire et archéologie_d, sciences sociales interdisciplinaires_d, histoire_t, approches de corpus_t, enquêtes_t, archives_t;Datasets/all_labels_train_gensim_sparse_matrix.npz
soziologieblog.hypotheses.org/1527;sciences sociales interdisciplinaires_d, sociologie et anthropologie_d, sociologie du travail_t, sociologie urbaine_t, sociologie de la culture_t, sociologie économique_t;Datasets/all_labels_train_gensim_sparse_matrix.npz
archivalia.hypotheses.org/4857;histoire et archéologie_d, sciences sociales interdisciplinaires_d, histoire_t, approches de corpus_t, enquêtes_t, archives_t;Datasets/all_labels_train_gensim_sparse_matrix.npz
archivalia.hypotheses.org/10551;histoire et archéologie_d, sciences sociales interdisciplinaires_d, histoire_t, approches de corpus_t, enquêtes_t, archives_t;Datasets/all_labels_train_gensim_sparse_matrix.npz
nordichistoryblog.hypotheses.org/353;arts et humanités_d, histoire et archéologie_d, histoire_t, édition électronique_t, vie de la recherche_t, approches de corpus_t, enquêtes_t, archives_t, europe_t, pays baltes et scandinaves_t;Datasets/all_labels_train_gensim_sparse_matrix.npz
frueheneuzeit.hypotheses.org/807;histoire et archéologie_d, histoire_t, époque moderne_t, xviie siècle_t, xviiie siècle_t, révolution française_t;Datasets/all_labels_train_gensim_sparse_matrix.npz
trivium.hypotheses.org/216;arts et humanités_d, humanités pluridisciplinaires_d, pluridisciplinarité_d, sciences sociales interdisciplinaires_d, représentations_t, histoire culturelle_t, épistémologie et méthodes_t, vie de la recherche_t;Datasets/all_labels_train_gensim_sparse_matrix.npz
amuc.hypotheses.org/415;humanités pluridisciplinaires_d, histoire_d, histoire_t, représentations_t, patrimoine_t;Datasets/all_labels_train_gensim_sparse_matrix.npz
archive20.hypotheses.org/2069;pluridisciplinarité_d, sciences sociales interdisciplinaires_d, histoire_t, information_t, patrimoine_t, monde germanique_t;Datasets/all_labels_train_gensim_sparse_matrix.npz
histbav.hypotheses.org/4657;humanités pluridisciplinaires_d, histoire_d, pluridisciplinarité_d, histoire_t, monde germanique_t;Datasets/all_labels_train_gensim_sparse_matrix.npz
archivalia.hypotheses.org/8043;histoire et archéologie_d, sciences sociales interdisciplinaires_d, histoire_t, approches de corpus_t, enquêtes_t, archives_t;Datasets/all_labels_train_gensim_sparse_matrix.npz
leibnizarc.hypotheses.org/233;éducation_d, histoire et archéologie_d, sciences de l'information et bibliothéconomie_d, études des sciences_t, histoire industrielle_t, histoire de l'art_t;Datasets/all_labels_train_gensim_sparse_matrix.npz
archivewk1.hypotheses.org/29744;histoire_d, époque contemporaine_t, 1914-1918_t;Datasets/all_labels_train_gensim_sparse_matrix.npz
archivalia.hypotheses.org/9081;histoire et archéologie_d, sciences sociales interdisciplinaires_d, histoire_t, approches de corpus_t, enquêtes_t, archives_t;Datasets/all_labels_train_gensim_sparse_matrix.npz
histbav.hypotheses.org/1609;humanités pluridisciplinaires_d, histoire_d, pluridisciplinarité_d, histoire_t, monde germanique_t;Datasets/all_labels_train_gensim_sparse_matrix.npz
archivalia.hypotheses.org/55180;histoire et archéologie_d, sciences sociales interdisciplinaires_d, histoire_t, approches de corpus_t, enquêtes_t, archives_t;Datasets/all_labels_train_gensim_sparse_matrix.npz
archivtag.hypotheses.org/180;pluridisciplinarité_d, sciences sociales interdisciplinaires_d, histoire_t, information_t, monde germanique_t;Datasets/all_labels_train_gensim_sparse_matrix.npz
archivalia.hypotheses.org/7440;histoire et archéologie_d, sciences sociales interdisciplinaires_d, histoire_t, approches de corpus_t, enquêtes_t, archives_t;Datasets/all_labels_train_gensim_sparse_matrix.npz
mittelalter.hypotheses.org/3072;humanités pluridisciplinaires_d, religions_d, histoire_d, sociologie_d, histoire_t, histoire sociale_t, histoire intellectuelle_t, moyen âge_t, haut moyen âge_t, bas moyen âge_t;Datasets/all_labels_train_gensim_sparse_matrix.npz
archivalia.hypotheses.org/1454;histoire et archéologie_d, sciences sociales interdisciplinaires_d, histoire_t, approches de corpus_t, enquêtes_t, archives_t;Datasets/all_labels_train_gensim_sparse_matrix.npz
dokunstlmu.hypotheses.org/223;arts et humanités_d, histoire intellectuelle_t;Datasets/all_labels_train_gensim_sparse_matrix.npz
intersex.hypotheses.org/84;histoire_d, biomédecine_d, étude des genres_t, histoire des sciences_t, histoire_t, histoire du droit_t, moyen âge_t, xxie siècle_t;Datasets/all_labels_train_gensim_sparse_matrix.npz
archivalia.hypotheses.org/56953;histoire et archéologie_d, sciences sociales interdisciplinaires_d, histoire_t, approches de corpus_t, enquêtes_t, archives_t;Datasets/all_labels_train_gensim_sparse_matrix.npz
ordensgeschichte.hypotheses.org/7655;arts et humanités_d, humanités pluridisciplinaires_d, histoire et archéologie_d, histoire et philosophie des sciences_d, histoire_t, haut moyen âge_t, bas moyen âge_t, xviie siècle_t, xviiie siècle_t;Datasets/all_labels_train_gensim_sparse_matrix.npz
musermeku.hypotheses.org/573;humanités pluridisciplinaires_d, pluridisciplinarité_d, sciences sociales interdisciplinaires_d, sociologie_t, sociologie de la culture_t, histoire_t, histoire politique_t;Datasets/all_labels_train_gensim_sparse_matrix.npz
archivalia.hypotheses.org/6862;histoire et archéologie_d, sciences sociales interdisciplinaires_d, histoire_t, approches de corpus_t, enquêtes_t, archives_t;Datasets/all_labels_train_gensim_sparse_matrix.npz
sdvigpress.hypotheses.org/642;langue et linguistique_d, philosophie_d, humanités pluridisciplinaires_d, épistémologie et méthodes_t, digital humanities_t, europe centrale et orientale_t, édition électronique_t, linguistique_t;Datasets/all_labels_train_gensim_sparse_matrix.npz
dkblog.hypotheses.org/117;histoire_d, histoire_t, époque moderne_t, xviie siècle_t;Datasets/all_labels_train_gensim_sparse_matrix.npz
archivewk1.hypotheses.org/8999;histoire_d, époque contemporaine_t, 1914-1918_t;Datasets/all_labels_train_gensim_sparse_matrix.npz
archivalia.hypotheses.org/12082;histoire et archéologie_d, sciences sociales interdisciplinaires_d, histoire_t, approches de corpus_t, enquêtes_t, archives_t;Datasets/all_labels_train_gensim_sparse_matrix.npz
archivewk1.hypotheses.org/7872;histoire_d, époque contemporaine_t, 1914-1918_t;Datasets/all_labels_train_gensim_sparse_matrix.npz
archivalia.hypotheses.org/4660;histoire et archéologie_d, sciences sociales interdisciplinaires_d, histoire_t, approches de corpus_t, enquêtes_t, archives_t;Datasets/all_labels_train_gensim_sparse_matrix.npz
games.hypotheses.org/467;arts et humanités_d, humanités pluridisciplinaires_d, psychologie expérimentale_d, sciences cognitives_t, psychisme_t, psychologie_t, représentations_t, histoire de l'art_t, études visuelles_t;Datasets/all_labels_train_gensim_sparse_matrix.npz
medienbildung.hypotheses.org/6113;éducation_d, éducation spécialisée_d, travail social_d, sociologie_t, édition électronique_t, histoire et sociologie des médias_t, éducation_t;Datasets/all_labels_train_gensim_sparse_matrix.npz
mobilvideo.hypotheses.org/1;humanités pluridisciplinaires_d, éducation_d, sciences sociales interdisciplinaires_d, histoire et sociologie des médias_t, études visuelles_t, éducation_t, sciences de l'éducation_t;Datasets/all_labels_train_gensim_sparse_matrix.npz
archivalia.hypotheses.org/56179;histoire et archéologie_d, sciences sociales interdisciplinaires_d, histoire_t, approches de corpus_t, enquêtes_t, archives_t;Datasets/all_labels_train_gensim_sparse_matrix.npz
archivalia.hypotheses.org/9658;histoire et archéologie_d, sciences sociales interdisciplinaires_d, histoire_t, approches de corpus_t, enquêtes_t, archives_t;Datasets/all_labels_train_gensim_sparse_matrix.npz
inklusion.hypotheses.org/2408;éducation_d, travail social et politique sociale_d, sociologie du travail_t, âges de la vie_t, information_t, sciences de l'éducation_t;Datasets/all_labels_train_gensim_sparse_matrix.npz
intersex.hypotheses.org/2983;histoire_d, biomédecine_d, étude des genres_t, histoire des sciences_t, histoire_t, histoire du droit_t, moyen âge_t, xxie siècle_t;Datasets/all_labels_train_gensim_sparse_matrix.npz
archivalia.hypotheses.org/6280;histoire et archéologie_d, sciences sociales interdisciplinaires_d, histoire_t, approches de corpus_t, enquêtes_t, archives_t;Datasets/all_labels_train_gensim_sparse_matrix.npz
archivewk1.hypotheses.org/19014;histoire_d, époque contemporaine_t, 1914-1918_t;Datasets/all_labels_train_gensim_sparse_matrix.npz
archivalia.hypotheses.org/8859;histoire et archéologie_d, sciences sociales interdisciplinaires_d, histoire_t, approches de corpus_t, enquêtes_t, archives_t;Datasets/all_labels_train_gensim_sparse_matrix.npz
archivewk1.hypotheses.org/15094;histoire_d, époque contemporaine_t, 1914-1918_t;Datasets/all_labels_train_gensim_sparse_matrix.npz
archivalia.hypotheses.org/12152;histoire et archéologie_d, sciences sociales interdisciplinaires_d, histoire_t, approches de corpus_t, enquêtes_t, archives_t;Datasets/all_labels_train_gensim_sparse_matrix.npz
sdvigpress.hypotheses.org/141;langue et linguistique_d, philosophie_d, humanités pluridisciplinaires_d, épistémologie et méthodes_t, digital humanities_t, europe centrale et orientale_t, édition électronique_t, linguistique_t;Datasets/all_labels_train_gensim_sparse_matrix.npz
archivekod.hypotheses.org/236;religions_d, histoire et archéologie_d, sciences de l'information et de la communication_d, bibliothéconomie_d, communication_d, histoire_t, histoire des religions_t, patrimoine_t;Datasets/all_labels_train_gensim_sparse_matrix.npz
tagebuch.hypotheses.org/1331;histoire et archéologie_d, histoire_d, histoire_t, époque contemporaine_t, 1914-1918_t;Datasets/all_labels_train_gensim_sparse_matrix.npz
archivalia.hypotheses.org/55162;histoire et archéologie_d, sciences sociales interdisciplinaires_d, histoire_t, approches de corpus_t, enquêtes_t, archives_t;Datasets/all_labels_train_gensim_sparse_matrix.npz
archivewk1.hypotheses.org/24334;histoire_d, époque contemporaine_t, 1914-1918_t;Datasets/all_labels_train_gensim_sparse_matrix.npz
archivalia.hypotheses.org/2363;histoire et archéologie_d, sciences sociales interdisciplinaires_d, histoire_t, approches de corpus_t, enquêtes_t, archives_t;Datasets/all_labels_train_gensim_sparse_matrix.npz
1914lvr.hypotheses.org/445;sciences politiques_d, histoire_t, époque contemporaine_t, 1914-1918_t;Datasets/all_labels_train_gensim_sparse_matrix.npz
archivewk1.hypotheses.org/34863;histoire_d, époque contemporaine_t, 1914-1918_t;Datasets/all_labels_train_gensim_sparse_matrix.npz
bioeg.hypotheses.org/897;histoire et archéologie_d, histoire_d, histoire_t, sciences auxiliaires de l'histoire_t, europe centrale et orientale_t, monde germanique_t;Datasets/all_labels_train_gensim_sparse_matrix.npz
dgl.hypotheses.org/655;éducation spécialisée_d, histoire_d, histoire_t, histoire et sociologie des médias_t, éducation_t;Datasets/all_labels_train_gensim_sparse_matrix.npz
archivalia.hypotheses.org/8019;histoire et archéologie_d, sciences sociales interdisciplinaires_d, histoire_t, approches de corpus_t, enquêtes_t, archives_t;Datasets/all_labels_train_gensim_sparse_matrix.npz
archivewk1.hypotheses.org/1431;histoire_d, époque contemporaine_t, 1914-1918_t;Datasets/all_labels_train_gensim_sparse_matrix.npz
archivewk1.hypotheses.org/1742;histoire_d, époque contemporaine_t, 1914-1918_t;Datasets/all_labels_train_gensim_sparse_matrix.npz
jeunegen.hypotheses.org/1589;histoire_d, pluridisciplinarité_d, histoire_t, vie de la recherche_t, moyen âge_t, haut moyen âge_t, bas moyen âge_t;Datasets/all_labels_train_gensim_sparse_matrix.npz
archivalia.hypotheses.org/12418;histoire et archéologie_d, sciences sociales interdisciplinaires_d, histoire_t, approches de corpus_t, enquêtes_t, archives_t;Datasets/all_labels_train_gensim_sparse_matrix.npz
archivalia.hypotheses.org/55134;histoire et archéologie_d, sciences sociales interdisciplinaires_d, histoire_t, approches de corpus_t, enquêtes_t, archives_t;Datasets/all_labels_train_gensim_sparse_matrix.npz
rkb.hypotheses.org/366;arts et humanités_d, communication_d, sciences de l'information et bibliothéconomie_d, sociologie des sciences_t, édition électronique_t, histoire et sociologie des médias_t;Datasets/all_labels_train_gensim_sparse_matrix.npz
archivalia.hypotheses.org/2610;histoire et archéologie_d, sciences sociales interdisciplinaires_d, histoire_t, approches de corpus_t, enquêtes_t, archives_t;Datasets/all_labels_train_gensim_sparse_matrix.npz
archivewk1.hypotheses.org/31826;histoire_d, époque contemporaine_t, 1914-1918_t;Datasets/all_labels_train_gensim_sparse_matrix.npz
francofil.hypotheses.org/3638;pluridisciplinarité_d, sciences sociales interdisciplinaires_d, histoire_t, épistémologie et méthodes_t, approches de corpus_t, enquêtes_t, archives_t, france_t;Datasets/all_labels_train_gensim_sparse_matrix.npz
1914lvr.hypotheses.org/446;sciences politiques_d, histoire_t, époque contemporaine_t, 1914-1918_t;Datasets/all_labels_train_gensim_sparse_matrix.npz
histbav.hypotheses.org/3028;humanités pluridisciplinaires_d, histoire_d, pluridisciplinarité_d, histoire_t, monde germanique_t;Datasets/all_labels_train_gensim_sparse_matrix.npz
ordensgeschichte.hypotheses.org/10632;arts et humanités_d, humanités pluridisciplinaires_d, histoire et archéologie_d, histoire et philosophie des sciences_d, histoire_t, haut moyen âge_t, bas moyen âge_t, xviie siècle_t, xviiie siècle_t;Datasets/all_labels_train_gensim_sparse_matrix.npz
merzdadaco.hypotheses.org/466;humanités pluridisciplinaires_d, littérature_d, littératures_t, représentations_t, histoire culturelle_t, histoire de l'art_t;Datasets/all_labels_train_gensim_sparse_matrix.npz
mindthegaps.hypotheses.org/1188;études asiatiques_d, histoire_d, histoire_t, histoire culturelle_t, asie_t, chine_t;Datasets/all_labels_train_gensim_sparse_matrix.npz
archivalia.hypotheses.org/10271;histoire et archéologie_d, sciences sociales interdisciplinaires_d, histoire_t, approches de corpus_t, enquêtes_t, archives_t;Datasets/all_labels_train_gensim_sparse_matrix.npz
archivalia.hypotheses.org/10401;histoire et archéologie_d, sciences sociales interdisciplinaires_d, histoire_t, approches de corpus_t, enquêtes_t, archives_t;Datasets/all_labels_train_gensim_sparse_matrix.npz
archivekod.hypotheses.org/155;religions_d, histoire et archéologie_d, sciences de l'information et de la communication_d, bibliothéconomie_d, communication_d, histoire_t, histoire des religions_t, patrimoine_t;Datasets/all_labels_train_gensim_sparse_matrix.npz
resilienz.hypotheses.org/831;pluridisciplinarité_d, sciences sociales interdisciplinaires_d, études des sciences_t, épistémologie et méthodes_t, vie de la recherche_t, prospectives_t;Datasets/all_labels_train_gensim_sparse_matrix.npz
mittelalter.hypotheses.org/4743;humanités pluridisciplinaires_d, religions_d, histoire_d, sociologie_d, histoire_t, histoire sociale_t, histoire intellectuelle_t, moyen âge_t, haut moyen âge_t, bas moyen âge_t;Datasets/all_labels_train_gensim_sparse_matrix.npz
minuseinsebene.hypotheses.org/854;archéologie_d, histoire urbaine_t, histoire des religions_t, moyen âge_t, haut moyen âge_t, monde germanique_t;Datasets/all_labels_train_gensim_sparse_matrix.npz
archivewk1.hypotheses.org/11146;histoire_d, époque contemporaine_t, 1914-1918_t;Datasets/all_labels_train_gensim_sparse_matrix.npz
archivalia.hypotheses.org/8136;histoire et archéologie_d, sciences sociales interdisciplinaires_d, histoire_t, approches de corpus_t, enquêtes_t, archives_t;Datasets/all_labels_train_gensim_sparse_matrix.npz
schotten.hypotheses.org/1058;religions_d, histoire et archéologie_d, sciences de l'information et de la communication_d, bibliothéconomie_d, histoire_t, histoire des religions_t, approches de corpus_t, enquêtes_t, archives_t, monde germanique_t;Datasets/all_labels_train_gensim_sparse_matrix.npz
archivalia.hypotheses.org/11895;histoire et archéologie_d, sciences sociales interdisciplinaires_d, histoire_t, approches de corpus_t, enquêtes_t, archives_t;Datasets/all_labels_train_gensim_sparse_matrix.npz
histbav.hypotheses.org/4164;humanités pluridisciplinaires_d, histoire_d, pluridisciplinarité_d, histoire_t, monde germanique_t;Datasets/all_labels_train_gensim_sparse_matrix.npz
erinnern.hypotheses.org/378;éducation et sciences de l'éducation_d, histoire_d, histoire_t, éducation_t, 1918-1939_t, 1939-1945_t, 1945-1989_t;Datasets/all_labels_train_gensim_sparse_matrix.npz
archivewk1.hypotheses.org/12079;histoire_d, époque contemporaine_t, 1914-1918_t;Datasets/all_labels_train_gensim_sparse_matrix.npz
tagebuch.hypotheses.org/618;histoire et archéologie_d, histoire_d, histoire_t, époque contemporaine_t, 1914-1918_t;Datasets/all_labels_train_gensim_sparse_matrix.npz
histbav.hypotheses.org/4013;humanités pluridisciplinaires_d, histoire_d, pluridisciplinarité_d, histoire_t, monde germanique_t;Datasets/all_labels_train_gensim_sparse_matrix.npz
soziologieblog.hypotheses.org/6852;sciences sociales interdisciplinaires_d, sociologie et anthropologie_d, sociologie du travail_t, sociologie urbaine_t, sociologie de la culture_t, sociologie économique_t;Datasets/all_labels_train_gensim_sparse_matrix.npz
dss.hypotheses.org/521;arts et humanités_d, communication_d, sciences de l'information et bibliothéconomie_d, information_t, édition électronique_t, représentations_t, histoire de l'art_t, patrimoine_t, prospectives_t;Datasets/all_labels_train_gensim_sparse_matrix.npz
heraldica.hypotheses.org/1022;histoire_d, histoire_t, historiographie_t, sciences auxiliaires de l'histoire_t, moyen âge_t, haut moyen âge_t;Datasets/all_labels_train_gensim_sparse_matrix.npz
archivtag.hypotheses.org/396;pluridisciplinarité_d, sciences sociales interdisciplinaires_d, histoire_t, information_t, monde germanique_t;Datasets/all_labels_train_gensim_sparse_matrix.npz
sdvigpress.hypotheses.org/718;langue et linguistique_d, philosophie_d, humanités pluridisciplinaires_d, épistémologie et méthodes_t, digital humanities_t, europe centrale et orientale_t, édition électronique_t, linguistique_t;Datasets/all_labels_train_gensim_sparse_matrix.npz
gid.hypotheses.org/1443;pluridisciplinarité_d, sciences sociales interdisciplinaires_d, études des sciences_t, histoire des sciences_t, pensée_t, histoire intellectuelle_t, histoire culturelle_t, prospectives_t;Datasets/all_labels_train_gensim_sparse_matrix.npz
futurecity.hypotheses.org/185;sciences politiques_d, administration publique et développement_d, sociologie urbaine_t;Datasets/all_labels_train_gensim_sparse_matrix.npz
archivewk1.hypotheses.org/9854;histoire_d, époque contemporaine_t, 1914-1918_t;Datasets/all_labels_train_gensim_sparse_matrix.npz
archivewk1.hypotheses.org/13568;histoire_d, époque contemporaine_t, 1914-1918_t;Datasets/all_labels_train_gensim_sparse_matrix.npz
histbav.hypotheses.org/4611;humanités pluridisciplinaires_d, histoire_d, pluridisciplinarité_d, histoire_t, monde germanique_t;Datasets/all_labels_train_gensim_sparse_matrix.npz
sammeln.hypotheses.org/224;sciences sociales interdisciplinaires_d, histoire des sciences_t, patrimoine_t, sciences auxiliaires de l'histoire_t, approches de corpus_t, enquêtes_t, archives_t;Datasets/all_labels_train_gensim_sparse_matrix.npz
archivewk1.hypotheses.org/468;histoire_d, époque contemporaine_t, 1914-1918_t;Datasets/all_labels_train_gensim_sparse_matrix.npz
kriegsfoto.hypotheses.org/160;arts_d, histoire_d, communication_d, guerres_t, conflits_t, violence_t, études visuelles_t, époque contemporaine_t, europe centrale et orientale_t;Datasets/all_labels_train_gensim_sparse_matrix.npz
jameel.hypotheses.org/812;pluridisciplinarité_d, études régionales_d, archéologie_d, arts_d, humanités pluridisciplinaires_d, représentations_t, asie_t, digital humanities_t, histoire de l'art_t;Datasets/all_labels_train_gensim_sparse_matrix.npz
dhmuc.hypotheses.org/1375;humanités pluridisciplinaires_d, communication_d, pluridisciplinarité_d, sciences sociales interdisciplinaires_d, études des sciences_t, édition électronique_t, digital humanities_t;Datasets/all_labels_train_gensim_sparse_matrix.npz
histbav.hypotheses.org/2292;humanités pluridisciplinaires_d, histoire_d, pluridisciplinarité_d, histoire_t, monde germanique_t;Datasets/all_labels_train_gensim_sparse_matrix.npz
archivewk1.hypotheses.org/11260;histoire_d, époque contemporaine_t, 1914-1918_t;Datasets/all_labels_train_gensim_sparse_matrix.npz
archivalia.hypotheses.org/6161;histoire et archéologie_d, sciences sociales interdisciplinaires_d, histoire_t, approches de corpus_t, enquêtes_t, archives_t;Datasets/all_labels_train_gensim_sparse_matrix.npz
histbav.hypotheses.org/4038;humanités pluridisciplinaires_d, histoire_d, pluridisciplinarité_d, histoire_t, monde germanique_t;Datasets/all_labels_train_gensim_sparse_matrix.npz
gab.hypotheses.org/1440;histoire et archéologie_d, pluridisciplinarité_d, sciences sociales interdisciplinaires_d, études des sciences_t, sociologie des sciences_t, histoire_t;Datasets/all_labels_train_gensim_sparse_matrix.npz
archivalia.hypotheses.org/59603;histoire et archéologie_d, sciences sociales interdisciplinaires_d, histoire_t, approches de corpus_t, enquêtes_t, archives_t;Datasets/all_labels_train_gensim_sparse_matrix.npz
medienbildung.hypotheses.org/7145;éducation_d, éducation spécialisée_d, travail social_d, sociologie_t, édition électronique_t, histoire et sociologie des médias_t, éducation_t;Datasets/all_labels_train_gensim_sparse_matrix.npz
archivalia.hypotheses.org/7504;histoire et archéologie_d, sciences sociales interdisciplinaires_d, histoire_t, approches de corpus_t, enquêtes_t, archives_t;Datasets/all_labels_train_gensim_sparse_matrix.npz
studpro.hypotheses.org/1039;histoire_d, histoire_t, époque moderne_t, xviie siècle_t, xviiie siècle_t;Datasets/all_labels_train_gensim_sparse_matrix.npz
oberrhein.hypotheses.org/728;religions_d, archéologie_d, histoire_d, histoire_t, moyen âge_t, france_t, monde germanique_t;Datasets/all_labels_train_gensim_sparse_matrix.npz
histbav.hypotheses.org/1528;humanités pluridisciplinaires_d, histoire_d, pluridisciplinarité_d, histoire_t, monde germanique_t;Datasets/all_labels_train_gensim_sparse_matrix.npz
ordensgeschichte.hypotheses.org/7909;arts et humanités_d, humanités pluridisciplinaires_d, histoire et archéologie_d, histoire et philosophie des sciences_d, histoire_t, haut moyen âge_t, bas moyen âge_t, xviie siècle_t, xviiie siècle_t;Datasets/all_labels_train_gensim_sparse_matrix.npz
medienbildung.hypotheses.org/6972;éducation_d, éducation spécialisée_d, travail social_d, sociologie_t, édition électronique_t, histoire et sociologie des médias_t, éducation_t;Datasets/all_labels_train_gensim_sparse_matrix.npz
mittelalter.hypotheses.org/7685;humanités pluridisciplinaires_d, religions_d, histoire_d, sociologie_d, histoire_t, histoire sociale_t, histoire intellectuelle_t, moyen âge_t, haut moyen âge_t, bas moyen âge_t;Datasets/all_labels_train_gensim_sparse_matrix.npz
archivewk1.hypotheses.org/10048;histoire_d, époque contemporaine_t, 1914-1918_t;Datasets/all_labels_train_gensim_sparse_matrix.npz
gab.hypotheses.org/3108;histoire et archéologie_d, pluridisciplinarité_d, sciences sociales interdisciplinaires_d, études des sciences_t, sociologie des sciences_t, histoire_t;Datasets/all_labels_train_gensim_sparse_matrix.npz
archivalia.hypotheses.org/11058;histoire et archéologie_d, sciences sociales interdisciplinaires_d, histoire_t, approches de corpus_t, enquêtes_t, archives_t;Datasets/all_labels_train_gensim_sparse_matrix.npz
jameel.hypotheses.org/858;pluridisciplinarité_d, études régionales_d, archéologie_d, arts_d, humanités pluridisciplinaires_d, représentations_t, asie_t, digital humanities_t, histoire de l'art_t;Datasets/all_labels_train_gensim_sparse_matrix.npz
historischdenken.hypotheses.org/3414;histoire et archéologie_d, histoire_t;Datasets/all_labels_train_gensim_sparse_matrix.npz
archivewk1.hypotheses.org/23313;histoire_d, époque contemporaine_t, 1914-1918_t;Datasets/all_labels_train_gensim_sparse_matrix.npz
archivewk1.hypotheses.org/4944;histoire_d, époque contemporaine_t, 1914-1918_t;Datasets/all_labels_train_gensim_sparse_matrix.npz
grammata.hypotheses.org/859;études anciennes_d, religions_d, littérature_d, religions_t, littératures_t;Datasets/all_labels_train_gensim_sparse_matrix.npz
nordichistoryblog.hypotheses.org/1585;arts et humanités_d, histoire et archéologie_d, histoire_t, édition électronique_t, vie de la recherche_t, approches de corpus_t, enquêtes_t, archives_t, europe_t, pays baltes et scandinaves_t;Datasets/all_labels_train_gensim_sparse_matrix.npz
archives.hypotheses.org/498;histoire_d, communication_d, patrimoine_t, digital humanities_t, moyen âge_t, époque moderne_t, france_t, monde germanique_t;Datasets/all_labels_train_gensim_sparse_matrix.npz
archivekod.hypotheses.org/810;religions_d, histoire et archéologie_d, sciences de l'information et de la communication_d, bibliothéconomie_d, communication_d, histoire_t, histoire des religions_t, patrimoine_t;Datasets/all_labels_train_gensim_sparse_matrix.npz
histbav.hypotheses.org/4485;humanités pluridisciplinaires_d, histoire_d, pluridisciplinarité_d, histoire_t, monde germanique_t;Datasets/all_labels_train_gensim_sparse_matrix.npz
kristinoswald.hypotheses.org/1041;études anciennes_d, études des sciences_t, histoire_t, histoire et sociologie des médias_t, histoire culturelle_t, digital humanities_t;Datasets/all_labels_train_gensim_sparse_matrix.npz
archivekod.hypotheses.org/704;religions_d, histoire et archéologie_d, sciences de l'information et de la communication_d, bibliothéconomie_d, communication_d, histoire_t, histoire des religions_t, patrimoine_t;Datasets/all_labels_train_gensim_sparse_matrix.npz
archives.hypotheses.org/800;histoire_d, communication_d, patrimoine_t, digital humanities_t, moyen âge_t, époque moderne_t, france_t, monde germanique_t;Datasets/all_labels_train_gensim_sparse_matrix.npz
vgdrp.hypotheses.org/92;éducation_d, histoire des sciences sociales_d, histoire_t, histoire économique_t, histoire industrielle_t, histoire urbaine_t, histoire sociale_t;Datasets/all_labels_train_gensim_sparse_matrix.npz
soziologieblog.hypotheses.org/8980;sciences sociales interdisciplinaires_d, sociologie et anthropologie_d, sociologie du travail_t, sociologie urbaine_t, sociologie de la culture_t, sociologie économique_t;Datasets/all_labels_train_gensim_sparse_matrix.npz
archivalia.hypotheses.org/8617;histoire et archéologie_d, sciences sociales interdisciplinaires_d, histoire_t, approches de corpus_t, enquêtes_t, archives_t;Datasets/all_labels_train_gensim_sparse_matrix.npz
archivalia.hypotheses.org/11777;histoire et archéologie_d, sciences sociales interdisciplinaires_d, histoire_t, approches de corpus_t, enquêtes_t, archives_t;Datasets/all_labels_train_gensim_sparse_matrix.npz
histbav.hypotheses.org/4472;humanités pluridisciplinaires_d, histoire_d, pluridisciplinarité_d, histoire_t, monde germanique_t;Datasets/all_labels_train_gensim_sparse_matrix.npz
dkblog.hypotheses.org/836;histoire_d, histoire_t, époque moderne_t, xviie siècle_t;Datasets/all_labels_train_gensim_sparse_matrix.npz
histbav.hypotheses.org/1271;humanités pluridisciplinaires_d, histoire_d, pluridisciplinarité_d, histoire_t, monde germanique_t;Datasets/all_labels_train_gensim_sparse_matrix.npz
archivalia.hypotheses.org/10503;histoire et archéologie_d, sciences sociales interdisciplinaires_d, histoire_t, approches de corpus_t, enquêtes_t, archives_t;Datasets/all_labels_train_gensim_sparse_matrix.npz
archivalia.hypotheses.org/10329;histoire et archéologie_d, sciences sociales interdisciplinaires_d, histoire_t, approches de corpus_t, enquêtes_t, archives_t;Datasets/all_labels_train_gensim_sparse_matrix.npz
archivalia.hypotheses.org/7713;histoire et archéologie_d, sciences sociales interdisciplinaires_d, histoire_t, approches de corpus_t, enquêtes_t, archives_t;Datasets/all_labels_train_gensim_sparse_matrix.npz
archivewk1.hypotheses.org/6329;histoire_d, époque contemporaine_t, 1914-1918_t;Datasets/all_labels_train_gensim_sparse_matrix.npz
hofordnung.hypotheses.org/82;arts et humanités_d, histoire et archéologie_d, histoire sociale_t, xvie siècle_t, xviie siècle_t, xviiie siècle_t;Datasets/all_labels_train_gensim_sparse_matrix.npz
archivalia.hypotheses.org/4260;histoire et archéologie_d, sciences sociales interdisciplinaires_d, histoire_t, approches de corpus_t, enquêtes_t, archives_t;Datasets/all_labels_train_gensim_sparse_matrix.npz
archivewk1.hypotheses.org/15924;histoire_d, époque contemporaine_t, 1914-1918_t;Datasets/all_labels_train_gensim_sparse_matrix.npz
mindthegaps.hypotheses.org/270;études asiatiques_d, histoire_d, histoire_t, histoire culturelle_t, asie_t, chine_t;Datasets/all_labels_train_gensim_sparse_matrix.npz
archivlinz.hypotheses.org/682;histoire et archéologie_d, histoire_d, histoire urbaine_t, 1914-1918_t, monde germanique_t;Datasets/all_labels_train_gensim_sparse_matrix.npz
fortifica.hypotheses.org/50;histoire et archéologie_d, histoire_d, histoire urbaine_t, xvie siècle_t, xviie siècle_t, xviiie siècle_t;Datasets/all_labels_train_gensim_sparse_matrix.npz
archivewk1.hypotheses.org/6902;histoire_d, époque contemporaine_t, 1914-1918_t;Datasets/all_labels_train_gensim_sparse_matrix.npz
frueheneuzeit.hypotheses.org/786;histoire et archéologie_d, histoire_t, époque moderne_t, xviie siècle_t, xviiie siècle_t, révolution française_t;Datasets/all_labels_train_gensim_sparse_matrix.npz
heraldica.hypotheses.org/4056;histoire_d, histoire_t, historiographie_t, sciences auxiliaires de l'histoire_t, moyen âge_t, haut moyen âge_t;Datasets/all_labels_train_gensim_sparse_matrix.npz
revolt.hypotheses.org/975;histoire_d, pluridisciplinarité_d, littérature_d, histoire et sociologie des médias_t, époque moderne_t, europe_t;Datasets/all_labels_train_gensim_sparse_matrix.npz
archivalia.hypotheses.org/9048;histoire et archéologie_d, sciences sociales interdisciplinaires_d, histoire_t, approches de corpus_t, enquêtes_t, archives_t;Datasets/all_labels_train_gensim_sparse_matrix.npz
archivewk1.hypotheses.org/18683;histoire_d, époque contemporaine_t, 1914-1918_t;Datasets/all_labels_train_gensim_sparse_matrix.npz
gab.hypotheses.org/1562;histoire et archéologie_d, pluridisciplinarité_d, sciences sociales interdisciplinaires_d, études des sciences_t, sociologie des sciences_t, histoire_t;Datasets/all_labels_train_gensim_sparse_matrix.npz
archivalia.hypotheses.org/14168;histoire et archéologie_d, sciences sociales interdisciplinaires_d, histoire_t, approches de corpus_t, enquêtes_t, archives_t;Datasets/all_labels_train_gensim_sparse_matrix.npz
nofoblog.hypotheses.org/218;arts et humanités_d, sciences sociales interdisciplinaires_d, sciences politiques_d, administration publique et développement_d, relations internationales_t, histoire intellectuelle_t, information_t, histoire culturelle_t, pays baltes et scandinaves_t;Datasets/all_labels_train_gensim_sparse_matrix.npz
leibnizarc.hypotheses.org/122;éducation_d, histoire et archéologie_d, sciences de l'information et bibliothéconomie_d, études des sciences_t, histoire industrielle_t, histoire de l'art_t;Datasets/all_labels_train_gensim_sparse_matrix.npz
zakunibonn.hypotheses.org/254;histoire_d, psychologie_d, histoire_t, psychisme_t, psychologie_t, méthodes de traitement et de représentation_t, monde germanique_t;Datasets/all_labels_train_gensim_sparse_matrix.npz
archive20.hypotheses.org/1484;pluridisciplinarité_d, sciences sociales interdisciplinaires_d, histoire_t, information_t, patrimoine_t, monde germanique_t;Datasets/all_labels_train_gensim_sparse_matrix.npz
medienbildung.hypotheses.org/7899;éducation_d, éducation spécialisée_d, travail social_d, sociologie_t, édition électronique_t, histoire et sociologie des médias_t, éducation_t;Datasets/all_labels_train_gensim_sparse_matrix.npz
inklusion.hypotheses.org/1371;éducation_d, travail social et politique sociale_d, sociologie du travail_t, âges de la vie_t, information_t, sciences de l'éducation_t;Datasets/all_labels_train_gensim_sparse_matrix.npz
archivalia.hypotheses.org/1640;histoire et archéologie_d, sciences sociales interdisciplinaires_d, histoire_t, approches de corpus_t, enquêtes_t, archives_t;Datasets/all_labels_train_gensim_sparse_matrix.npz
dislab.hypotheses.org/925;sciences sociales interdisciplinaires_d, langue et linguistique_d, sociologie des sciences_t, linguistique_t;Datasets/all_labels_train_gensim_sparse_matrix.npz
19jhdhip.hypotheses.org/798;histoire_d, époque contemporaine_t, prospectives_t, france_t, monde germanique_t;Datasets/all_labels_train_gensim_sparse_matrix.npz
histbav.hypotheses.org/3146;humanités pluridisciplinaires_d, histoire_d, pluridisciplinarité_d, histoire_t, monde germanique_t;Datasets/all_labels_train_gensim_sparse_matrix.npz
ordensgeschichte.hypotheses.org/6887;arts et humanités_d, humanités pluridisciplinaires_d, histoire et archéologie_d, histoire et philosophie des sciences_d, histoire_t, haut moyen âge_t, bas moyen âge_t, xviie siècle_t, xviiie siècle_t;Datasets/all_labels_train_gensim_sparse_matrix.npz
archivewk1.hypotheses.org/23003;histoire_d, époque contemporaine_t, 1914-1918_t;Datasets/all_labels_train_gensim_sparse_matrix.npz
archivekod.hypotheses.org/289;religions_d, histoire et archéologie_d, sciences de l'information et de la communication_d, bibliothéconomie_d, communication_d, histoire_t, histoire des religions_t, patrimoine_t;Datasets/all_labels_train_gensim_sparse_matrix.npz
archivalia.hypotheses.org/10887;histoire et archéologie_d, sciences sociales interdisciplinaires_d, histoire_t, approches de corpus_t, enquêtes_t, archives_t;Datasets/all_labels_train_gensim_sparse_matrix.npz
archivalia.hypotheses.org/59788;histoire et archéologie_d, sciences sociales interdisciplinaires_d, histoire_t, approches de corpus_t, enquêtes_t, archives_t;Datasets/all_labels_train_gensim_sparse_matrix.npz
archivewk1.hypotheses.org/19497;histoire_d, époque contemporaine_t, 1914-1918_t;Datasets/all_labels_train_gensim_sparse_matrix.npz
archivalia.hypotheses.org/10468;histoire et archéologie_d, sciences sociales interdisciplinaires_d, histoire_t, approches de corpus_t, enquêtes_t, archives_t;Datasets/all_labels_train_gensim_sparse_matrix.npz
archivalia.hypotheses.org/9977;histoire et archéologie_d, sciences sociales interdisciplinaires_d, histoire_t, approches de corpus_t, enquêtes_t, archives_t;Datasets/all_labels_train_gensim_sparse_matrix.npz
erinnerung.hypotheses.org/161;histoire et archéologie_d, histoire_t, xxe siècle_t, prospectives_t, europe_t;Datasets/all_labels_train_gensim_sparse_matrix.npz
redaktionsblog.hypotheses.org/1730;arts et humanités_d, humanités pluridisciplinaires_d, épistémologie et méthodes_t, digital humanities_t;Datasets/all_labels_train_gensim_sparse_matrix.npz
archivewk1.hypotheses.org/18121;histoire_d, époque contemporaine_t, 1914-1918_t;Datasets/all_labels_train_gensim_sparse_matrix.npz
archivalia.hypotheses.org/5815;histoire et archéologie_d, sciences sociales interdisciplinaires_d, histoire_t, approches de corpus_t, enquêtes_t, archives_t;Datasets/all_labels_train_gensim_sparse_matrix.npz
archivalia.hypotheses.org/8380;histoire et archéologie_d, sciences sociales interdisciplinaires_d, histoire_t, approches de corpus_t, enquêtes_t, archives_t;Datasets/all_labels_train_gensim_sparse_matrix.npz
archivewk1.hypotheses.org/25923;histoire_d, époque contemporaine_t, 1914-1918_t;Datasets/all_labels_train_gensim_sparse_matrix.npz
archivalia.hypotheses.org/8160;histoire et archéologie_d, sciences sociales interdisciplinaires_d, histoire_t, approches de corpus_t, enquêtes_t, archives_t;Datasets/all_labels_train_gensim_sparse_matrix.npz
soziologieblog.hypotheses.org/4222;sciences sociales interdisciplinaires_d, sociologie et anthropologie_d, sociologie du travail_t, sociologie urbaine_t, sociologie de la culture_t, sociologie économique_t;Datasets/all_labels_train_gensim_sparse_matrix.npz
moraleconomy.hypotheses.org/346;histoire et archéologie_d, histoire_d, histoire économique_t, histoire sociale_t, prospectives_t, france_t;Datasets/all_labels_train_gensim_sparse_matrix.npz
ordensgeschichte.hypotheses.org/9073;arts et humanités_d, humanités pluridisciplinaires_d, histoire et archéologie_d, histoire et philosophie des sciences_d, histoire_t, haut moyen âge_t, bas moyen âge_t, xviie siècle_t, xviiie siècle_t;Datasets/all_labels_train_gensim_sparse_matrix.npz
irhis.hypotheses.org/12035;arts et humanités_d, histoire et archéologie_d, histoire économique_t, histoire sociale_t, études visuelles_t;Datasets/all_labels_train_gensim_sparse_matrix.npz
archivalia.hypotheses.org/3313;histoire et archéologie_d, sciences sociales interdisciplinaires_d, histoire_t, approches de corpus_t, enquêtes_t, archives_t;Datasets/all_labels_train_gensim_sparse_matrix.npz
lvrafz.hypotheses.org/123;pluridisciplinarité_d, information_t;Datasets/all_labels_train_gensim_sparse_matrix.npz
grham.hypotheses.org/1625;arts_d, humanités pluridisciplinaires_d, histoire_d, histoire_t, histoire culturelle_t, histoire de l'art_t, xviie siècle_t, xviiie siècle_t;Datasets/all_labels_train_gensim_sparse_matrix.npz
medienbildung.hypotheses.org/7051;éducation_d, éducation spécialisée_d, travail social_d, sociologie_t, édition électronique_t, histoire et sociologie des médias_t, éducation_t;Datasets/all_labels_train_gensim_sparse_matrix.npz
dguw.hypotheses.org/212;histoire et archéologie_d, histoire_t, historiographie_t, digital humanities_t;Datasets/all_labels_train_gensim_sparse_matrix.npz
reichwein.hypotheses.org/1388;histoire et archéologie_d, histoire des sciences_t, 1945-1989_t;Datasets/all_labels_train_gensim_sparse_matrix.npz
archivalia.hypotheses.org/11172;histoire et archéologie_d, sciences sociales interdisciplinaires_d, histoire_t, approches de corpus_t, enquêtes_t, archives_t;Datasets/all_labels_train_gensim_sparse_matrix.npz
archivewk1.hypotheses.org/30650;histoire_d, époque contemporaine_t, 1914-1918_t;Datasets/all_labels_train_gensim_sparse_matrix.npz
gab.hypotheses.org/586;histoire et archéologie_d, pluridisciplinarité_d, sciences sociales interdisciplinaires_d, études des sciences_t, sociologie des sciences_t, histoire_t;Datasets/all_labels_train_gensim_sparse_matrix.npz
soziologieblog.hypotheses.org/7542;sciences sociales interdisciplinaires_d, sociologie et anthropologie_d, sociologie du travail_t, sociologie urbaine_t, sociologie de la culture_t, sociologie économique_t;Datasets/all_labels_train_gensim_sparse_matrix.npz
archives.hypotheses.org/697;histoire_d, communication_d, patrimoine_t, digital humanities_t, moyen âge_t, époque moderne_t, france_t, monde germanique_t;Datasets/all_labels_train_gensim_sparse_matrix.npz
studpro.hypotheses.org/821;histoire_d, histoire_t, époque moderne_t, xviie siècle_t, xviiie siècle_t;Datasets/all_labels_train_gensim_sparse_matrix.npz
archivalia.hypotheses.org/7073;histoire et archéologie_d, sciences sociales interdisciplinaires_d, histoire_t, approches de corpus_t, enquêtes_t, archives_t;Datasets/all_labels_train_gensim_sparse_matrix.npz
sdvigpress.hypotheses.org/663;langue et linguistique_d, philosophie_d, humanités pluridisciplinaires_d, épistémologie et méthodes_t, digital humanities_t, europe centrale et orientale_t, édition électronique_t, linguistique_t;Datasets/all_labels_train_gensim_sparse_matrix.npz
archivalia.hypotheses.org/6454;histoire et archéologie_d, sciences sociales interdisciplinaires_d, histoire_t, approches de corpus_t, enquêtes_t, archives_t;Datasets/all_labels_train_gensim_sparse_matrix.npz
histbav.hypotheses.org/2359;humanités pluridisciplinaires_d, histoire_d, pluridisciplinarité_d, histoire_t, monde germanique_t;Datasets/all_labels_train_gensim_sparse_matrix.npz
archivalia.hypotheses.org/8333;histoire et archéologie_d, sciences sociales interdisciplinaires_d, histoire_t, approches de corpus_t, enquêtes_t, archives_t;Datasets/all_labels_train_gensim_sparse_matrix.npz
archivamt.hypotheses.org/2203;communication_d, pluridisciplinarité_d, sciences sociales interdisciplinaires_d, information_t, sciences de l'information_t, représentations_t, patrimoine_t;Datasets/all_labels_train_gensim_sparse_matrix.npz
jeunegen.hypotheses.org/1757;histoire_d, pluridisciplinarité_d, histoire_t, vie de la recherche_t, moyen âge_t, haut moyen âge_t, bas moyen âge_t;Datasets/all_labels_train_gensim_sparse_matrix.npz
dokunstlmu.hypotheses.org/1546;arts et humanités_d, histoire intellectuelle_t;Datasets/all_labels_train_gensim_sparse_matrix.npz
archives.hypotheses.org/278;histoire_d, communication_d, patrimoine_t, digital humanities_t, moyen âge_t, époque moderne_t, france_t, monde germanique_t;Datasets/all_labels_train_gensim_sparse_matrix.npz
archivalia.hypotheses.org/4239;histoire et archéologie_d, sciences sociales interdisciplinaires_d, histoire_t, approches de corpus_t, enquêtes_t, archives_t;Datasets/all_labels_train_gensim_sparse_matrix.npz
archivalia.hypotheses.org/11069;histoire et archéologie_d, sciences sociales interdisciplinaires_d, histoire_t, approches de corpus_t, enquêtes_t, archives_t;Datasets/all_labels_train_gensim_sparse_matrix.npz
histbav.hypotheses.org/1476;humanités pluridisciplinaires_d, histoire_d, pluridisciplinarité_d, histoire_t, monde germanique_t;Datasets/all_labels_train_gensim_sparse_matrix.npz
soziologieblog.hypotheses.org/3254;sciences sociales interdisciplinaires_d, sociologie et anthropologie_d, sociologie du travail_t, sociologie urbaine_t, sociologie de la culture_t, sociologie économique_t;Datasets/all_labels_train_gensim_sparse_matrix.npz
histbav.hypotheses.org/3896;humanités pluridisciplinaires_d, histoire_d, pluridisciplinarité_d, histoire_t, monde germanique_t;Datasets/all_labels_train_gensim_sparse_matrix.npz
archivalia.hypotheses.org/51925;histoire et archéologie_d, sciences sociales interdisciplinaires_d, histoire_t, approches de corpus_t, enquêtes_t, archives_t;Datasets/all_labels_train_gensim_sparse_matrix.npz
dgl.hypotheses.org/759;éducation spécialisée_d, histoire_d, histoire_t, histoire et sociologie des médias_t, éducation_t;Datasets/all_labels_train_gensim_sparse_matrix.npz
19jhdhip.hypotheses.org/827;histoire_d, époque contemporaine_t, prospectives_t, france_t, monde germanique_t;Datasets/all_labels_train_gensim_sparse_matrix.npz
archivalia.hypotheses.org/13485;histoire et archéologie_d, sciences sociales interdisciplinaires_d, histoire_t, approches de corpus_t, enquêtes_t, archives_t;Datasets/all_labels_train_gensim_sparse_matrix.npz
archivalia.hypotheses.org/6443;histoire et archéologie_d, sciences sociales interdisciplinaires_d, histoire_t, approches de corpus_t, enquêtes_t, archives_t;Datasets/all_labels_train_gensim_sparse_matrix.npz
archivalia.hypotheses.org/52797;histoire et archéologie_d, sciences sociales interdisciplinaires_d, histoire_t, approches de corpus_t, enquêtes_t, archives_t;Datasets/all_labels_train_gensim_sparse_matrix.npz
archivewk1.hypotheses.org/31120;histoire_d, époque contemporaine_t, 1914-1918_t;Datasets/all_labels_train_gensim_sparse_matrix.npz
archivalia.hypotheses.org/2161;histoire et archéologie_d, sciences sociales interdisciplinaires_d, histoire_t, approches de corpus_t, enquêtes_t, archives_t;Datasets/all_labels_train_gensim_sparse_matrix.npz
schotten.hypotheses.org/139;religions_d, histoire et archéologie_d, sciences de l'information et de la communication_d, bibliothéconomie_d, histoire_t, histoire des religions_t, approches de corpus_t, enquêtes_t, archives_t, monde germanique_t;Datasets/all_labels_train_gensim_sparse_matrix.npz
kriegsfoto.hypotheses.org/293;arts_d, histoire_d, communication_d, guerres_t, conflits_t, violence_t, études visuelles_t, époque contemporaine_t, europe centrale et orientale_t;Datasets/all_labels_train_gensim_sparse_matrix.npz
liparchiv.hypotheses.org/954;histoire et archéologie_d, sciences politiques_d, administration publique et développement_d, histoire urbaine_t, patrimoine_t, sciences auxiliaires de l'histoire_t, approches de corpus_t, enquêtes_t, archives_t, europe_t;Datasets/all_labels_train_gensim_sparse_matrix.npz
archivewk1.hypotheses.org/24098;histoire_d, époque contemporaine_t, 1914-1918_t;Datasets/all_labels_train_gensim_sparse_matrix.npz
archivalia.hypotheses.org/10010;histoire et archéologie_d, sciences sociales interdisciplinaires_d, histoire_t, approches de corpus_t, enquêtes_t, archives_t;Datasets/all_labels_train_gensim_sparse_matrix.npz
jeunegen.hypotheses.org/202;histoire_d, pluridisciplinarité_d, histoire_t, vie de la recherche_t, moyen âge_t, haut moyen âge_t, bas moyen âge_t;Datasets/all_labels_train_gensim_sparse_matrix.npz
archivalia.hypotheses.org/62439;histoire et archéologie_d, sciences sociales interdisciplinaires_d, histoire_t, approches de corpus_t, enquêtes_t, archives_t;Datasets/all_labels_train_gensim_sparse_matrix.npz
games.hypotheses.org/1040;arts et humanités_d, humanités pluridisciplinaires_d, psychologie expérimentale_d, sciences cognitives_t, psychisme_t, psychologie_t, représentations_t, histoire de l'art_t, études visuelles_t;Datasets/all_labels_train_gensim_sparse_matrix.npz
soziologieblog.hypotheses.org/4424;sciences sociales interdisciplinaires_d, sociologie et anthropologie_d, sociologie du travail_t, sociologie urbaine_t, sociologie de la culture_t, sociologie économique_t;Datasets/all_labels_train_gensim_sparse_matrix.npz
dhmuc.hypotheses.org/344;humanités pluridisciplinaires_d, communication_d, pluridisciplinarité_d, sciences sociales interdisciplinaires_d, études des sciences_t, édition électronique_t, digital humanities_t;Datasets/all_labels_train_gensim_sparse_matrix.npz
achtundvierzig.hypotheses.org/254;sciences politiques_d, histoire_d, époque contemporaine_t, prospectives_t, histoire politique_t, monde germanique_t;Datasets/all_labels_train_gensim_sparse_matrix.npz
minuseinsebene.hypotheses.org/1045;archéologie_d, histoire urbaine_t, histoire des religions_t, moyen âge_t, haut moyen âge_t, monde germanique_t;Datasets/all_labels_train_gensim_sparse_matrix.npz
archivalia.hypotheses.org/7349;histoire et archéologie_d, sciences sociales interdisciplinaires_d, histoire_t, approches de corpus_t, enquêtes_t, archives_t;Datasets/all_labels_train_gensim_sparse_matrix.npz
soziologieblog.hypotheses.org/9990;sciences sociales interdisciplinaires_d, sociologie et anthropologie_d, sociologie du travail_t, sociologie urbaine_t, sociologie de la culture_t, sociologie économique_t;Datasets/all_labels_train_gensim_sparse_matrix.npz
archivalia.hypotheses.org/10657;histoire et archéologie_d, sciences sociales interdisciplinaires_d, histoire_t, approches de corpus_t, enquêtes_t, archives_t;Datasets/all_labels_train_gensim_sparse_matrix.npz
archivewk1.hypotheses.org/4545;histoire_d, époque contemporaine_t, 1914-1918_t;Datasets/all_labels_train_gensim_sparse_matrix.npz
smdr.hypotheses.org/107;histoire_d, histoire_t, xviie siècle_t, xviiie siècle_t, monde germanique_t, pays baltes et scandinaves_t;Datasets/all_labels_train_gensim_sparse_matrix.npz
archivalia.hypotheses.org/11971;histoire et archéologie_d, sciences sociales interdisciplinaires_d, histoire_t, approches de corpus_t, enquêtes_t, archives_t;Datasets/all_labels_train_gensim_sparse_matrix.npz
histbav.hypotheses.org/3852;humanités pluridisciplinaires_d, histoire_d, pluridisciplinarité_d, histoire_t, monde germanique_t;Datasets/all_labels_train_gensim_sparse_matrix.npz
archivalia.hypotheses.org/10479;histoire et archéologie_d, sciences sociales interdisciplinaires_d, histoire_t, approches de corpus_t, enquêtes_t, archives_t;Datasets/all_labels_train_gensim_sparse_matrix.npz
archivalia.hypotheses.org/3127;histoire et archéologie_d, sciences sociales interdisciplinaires_d, histoire_t, approches de corpus_t, enquêtes_t, archives_t;Datasets/all_labels_train_gensim_sparse_matrix.npz
archivalia.hypotheses.org/12247;histoire et archéologie_d, sciences sociales interdisciplinaires_d, histoire_t, approches de corpus_t, enquêtes_t, archives_t;Datasets/all_labels_train_gensim_sparse_matrix.npz
gab.hypotheses.org/412;histoire et archéologie_d, pluridisciplinarité_d, sciences sociales interdisciplinaires_d, études des sciences_t, sociologie des sciences_t, histoire_t;Datasets/all_labels_train_gensim_sparse_matrix.npz
archivalia.hypotheses.org/11308;histoire et archéologie_d, sciences sociales interdisciplinaires_d, histoire_t, approches de corpus_t, enquêtes_t, archives_t;Datasets/all_labels_train_gensim_sparse_matrix.npz
archivalia.hypotheses.org/61008;histoire et archéologie_d, sciences sociales interdisciplinaires_d, histoire_t, approches de corpus_t, enquêtes_t, archives_t;Datasets/all_labels_train_gensim_sparse_matrix.npz
soziologieblog.hypotheses.org/4373;sciences sociales interdisciplinaires_d, sociologie et anthropologie_d, sociologie du travail_t, sociologie urbaine_t, sociologie de la culture_t, sociologie économique_t;Datasets/all_labels_train_gensim_sparse_matrix.npz
archivalia.hypotheses.org/9933;histoire et archéologie_d, sciences sociales interdisciplinaires_d, histoire_t, approches de corpus_t, enquêtes_t, archives_t;Datasets/all_labels_train_gensim_sparse_matrix.npz
mittelalter.hypotheses.org/7063;humanités pluridisciplinaires_d, religions_d, histoire_d, sociologie_d, histoire_t, histoire sociale_t, histoire intellectuelle_t, moyen âge_t, haut moyen âge_t, bas moyen âge_t;Datasets/all_labels_train_gensim_sparse_matrix.npz
archivewk1.hypotheses.org/1985;histoire_d, époque contemporaine_t, 1914-1918_t;Datasets/all_labels_train_gensim_sparse_matrix.npz
medienbildung.hypotheses.org/8234;éducation_d, éducation spécialisée_d, travail social_d, sociologie_t, édition électronique_t, histoire et sociologie des médias_t, éducation_t;Datasets/all_labels_train_gensim_sparse_matrix.npz
archivewk1.hypotheses.org/17212;histoire_d, époque contemporaine_t, 1914-1918_t;Datasets/all_labels_train_gensim_sparse_matrix.npz
lvrafz.hypotheses.org/841;pluridisciplinarité_d, information_t;Datasets/all_labels_train_gensim_sparse_matrix.npz
histbav.hypotheses.org/5028;humanités pluridisciplinaires_d, histoire_d, pluridisciplinarité_d, histoire_t, monde germanique_t;Datasets/all_labels_train_gensim_sparse_matrix.npz
archivewk1.hypotheses.org/6457;histoire_d, époque contemporaine_t, 1914-1918_t;Datasets/all_labels_train_gensim_sparse_matrix.npz
archivalia.hypotheses.org/6051;histoire et archéologie_d, sciences sociales interdisciplinaires_d, histoire_t, approches de corpus_t, enquêtes_t, archives_t;Datasets/all_labels_train_gensim_sparse_matrix.npz
aktenkunde.hypotheses.org/473;histoire_d, histoire_t, sciences auxiliaires de l'histoire_t;Datasets/all_labels_train_gensim_sparse_matrix.npz
archivalia.hypotheses.org/10673;histoire et archéologie_d, sciences sociales interdisciplinaires_d, histoire_t, approches de corpus_t, enquêtes_t, archives_t;Datasets/all_labels_train_gensim_sparse_matrix.npz
archivalia.hypotheses.org/2643;histoire et archéologie_d, sciences sociales interdisciplinaires_d, histoire_t, approches de corpus_t, enquêtes_t, archives_t;Datasets/all_labels_train_gensim_sparse_matrix.npz
archivalia.hypotheses.org/4958;histoire et archéologie_d, sciences sociales interdisciplinaires_d, histoire_t, approches de corpus_t, enquêtes_t, archives_t;Datasets/all_labels_train_gensim_sparse_matrix.npz
babyvision.hypotheses.org/1;psychologie_d, études des sciences_t, psychisme_t;Datasets/all_labels_train_gensim_sparse_matrix.npz
neuburg.hypotheses.org/328;histoire_d, histoire urbaine_t, époque contemporaine_t;Datasets/all_labels_train_gensim_sparse_matrix.npz
archivalia.hypotheses.org/53460;histoire et archéologie_d, sciences sociales interdisciplinaires_d, histoire_t, approches de corpus_t, enquêtes_t, archives_t;Datasets/all_labels_train_gensim_sparse_matrix.npz
archivalia.hypotheses.org/7231;histoire et archéologie_d, sciences sociales interdisciplinaires_d, histoire_t, approches de corpus_t, enquêtes_t, archives_t;Datasets/all_labels_train_gensim_sparse_matrix.npz
archivalia.hypotheses.org/54647;histoire et archéologie_d, sciences sociales interdisciplinaires_d, histoire_t, approches de corpus_t, enquêtes_t, archives_t;Datasets/all_labels_train_gensim_sparse_matrix.npz
medialogic.hypotheses.org/603;arts et humanités_d, sciences de l'information et de la communication_d, bibliothéconomie_d, sociologie_t;Datasets/all_labels_train_gensim_sparse_matrix.npz
archives.hypotheses.org/711;histoire_d, communication_d, patrimoine_t, digital humanities_t, moyen âge_t, époque moderne_t, france_t, monde germanique_t;Datasets/all_labels_train_gensim_sparse_matrix.npz
archivalia.hypotheses.org/14387;histoire et archéologie_d, sciences sociales interdisciplinaires_d, histoire_t, approches de corpus_t, enquêtes_t, archives_t;Datasets/all_labels_train_gensim_sparse_matrix.npz
1914lvr.hypotheses.org/131;sciences politiques_d, histoire_t, époque contemporaine_t, 1914-1918_t;Datasets/all_labels_train_gensim_sparse_matrix.npz
archivewk1.hypotheses.org/11992;histoire_d, époque contemporaine_t, 1914-1918_t;Datasets/all_labels_train_gensim_sparse_matrix.npz
archivalia.hypotheses.org/7455;histoire et archéologie_d, sciences sociales interdisciplinaires_d, histoire_t, approches de corpus_t, enquêtes_t, archives_t;Datasets/all_labels_train_gensim_sparse_matrix.npz
resilienz.hypotheses.org/443;pluridisciplinarité_d, sciences sociales interdisciplinaires_d, études des sciences_t, épistémologie et méthodes_t, vie de la recherche_t, prospectives_t;Datasets/all_labels_train_gensim_sparse_matrix.npz
archdigi.hypotheses.org/107;archéologie_d, monde germanique_t;Datasets/all_labels_train_gensim_sparse_matrix.npz
archivamt.hypotheses.org/1730;communication_d, pluridisciplinarité_d, sciences sociales interdisciplinaires_d, information_t, sciences de l'information_t, représentations_t, patrimoine_t;Datasets/all_labels_train_gensim_sparse_matrix.npz
archivalia.hypotheses.org/10883;histoire et archéologie_d, sciences sociales interdisciplinaires_d, histoire_t, approches de corpus_t, enquêtes_t, archives_t;Datasets/all_labels_train_gensim_sparse_matrix.npz
archivalia.hypotheses.org/8954;histoire et archéologie_d, sciences sociales interdisciplinaires_d, histoire_t, approches de corpus_t, enquêtes_t, archives_t;Datasets/all_labels_train_gensim_sparse_matrix.npz
dkblog.hypotheses.org/785;histoire_d, histoire_t, époque moderne_t, xviie siècle_t;Datasets/all_labels_train_gensim_sparse_matrix.npz
jeunegen.hypotheses.org/1774;histoire_d, pluridisciplinarité_d, histoire_t, vie de la recherche_t, moyen âge_t, haut moyen âge_t, bas moyen âge_t;Datasets/all_labels_train_gensim_sparse_matrix.npz
redaktionsblog.hypotheses.org/485;arts et humanités_d, humanités pluridisciplinaires_d, épistémologie et méthodes_t, digital humanities_t;Datasets/all_labels_train_gensim_sparse_matrix.npz
archivalia.hypotheses.org/7247;histoire et archéologie_d, sciences sociales interdisciplinaires_d, histoire_t, approches de corpus_t, enquêtes_t, archives_t;Datasets/all_labels_train_gensim_sparse_matrix.npz
archivalia.hypotheses.org/917;histoire et archéologie_d, sciences sociales interdisciplinaires_d, histoire_t, approches de corpus_t, enquêtes_t, archives_t;Datasets/all_labels_train_gensim_sparse_matrix.npz
archivalia.hypotheses.org/55978;histoire et archéologie_d, sciences sociales interdisciplinaires_d, histoire_t, approches de corpus_t, enquêtes_t, archives_t;Datasets/all_labels_train_gensim_sparse_matrix.npz
aktenkunde.hypotheses.org/163;histoire_d, histoire_t, sciences auxiliaires de l'histoire_t;Datasets/all_labels_train_gensim_sparse_matrix.npz
games.hypotheses.org/1817;arts et humanités_d, humanités pluridisciplinaires_d, psychologie expérimentale_d, sciences cognitives_t, psychisme_t, psychologie_t, représentations_t, histoire de l'art_t, études visuelles_t;Datasets/all_labels_train_gensim_sparse_matrix.npz
jameel.hypotheses.org/814;pluridisciplinarité_d, études régionales_d, archéologie_d, arts_d, humanités pluridisciplinaires_d, représentations_t, asie_t, digital humanities_t, histoire de l'art_t;Datasets/all_labels_train_gensim_sparse_matrix.npz
dislab.hypotheses.org/1147;sciences sociales interdisciplinaires_d, langue et linguistique_d, sociologie des sciences_t, linguistique_t;Datasets/all_labels_train_gensim_sparse_matrix.npz
hsc.hypotheses.org/326;arts et humanités_d, humanités pluridisciplinaires_d, histoire et archéologie_d, histoire_t, historiographie_t;Datasets/all_labels_train_gensim_sparse_matrix.npz
leibnizarc.hypotheses.org/433;éducation_d, histoire et archéologie_d, sciences de l'information et bibliothéconomie_d, études des sciences_t, histoire industrielle_t, histoire de l'art_t;Datasets/all_labels_train_gensim_sparse_matrix.npz
archivalia.hypotheses.org/1747;histoire et archéologie_d, sciences sociales interdisciplinaires_d, histoire_t, approches de corpus_t, enquêtes_t, archives_t;Datasets/all_labels_train_gensim_sparse_matrix.npz
archivewk1.hypotheses.org/17362;histoire_d, époque contemporaine_t, 1914-1918_t;Datasets/all_labels_train_gensim_sparse_matrix.npz
archivalia.hypotheses.org/53047;histoire et archéologie_d, sciences sociales interdisciplinaires_d, histoire_t, approches de corpus_t, enquêtes_t, archives_t;Datasets/all_labels_train_gensim_sparse_matrix.npz
archivewk1.hypotheses.org/12077;histoire_d, époque contemporaine_t, 1914-1918_t;Datasets/all_labels_train_gensim_sparse_matrix.npz
archivewk1.hypotheses.org/21242;histoire_d, époque contemporaine_t, 1914-1918_t;Datasets/all_labels_train_gensim_sparse_matrix.npz
archivalia.hypotheses.org/56002;histoire et archéologie_d, sciences sociales interdisciplinaires_d, histoire_t, approches de corpus_t, enquêtes_t, archives_t;Datasets/all_labels_train_gensim_sparse_matrix.npz
archivalia.hypotheses.org/12949;histoire et archéologie_d, sciences sociales interdisciplinaires_d, histoire_t, approches de corpus_t, enquêtes_t, archives_t;Datasets/all_labels_train_gensim_sparse_matrix.npz
mittelalter.hypotheses.org/1976;humanités pluridisciplinaires_d, religions_d, histoire_d, sociologie_d, histoire_t, histoire sociale_t, histoire intellectuelle_t, moyen âge_t, haut moyen âge_t, bas moyen âge_t;Datasets/all_labels_train_gensim_sparse_matrix.npz
archivalia.hypotheses.org/13472;histoire et archéologie_d, sciences sociales interdisciplinaires_d, histoire_t, approches de corpus_t, enquêtes_t, archives_t;Datasets/all_labels_train_gensim_sparse_matrix.npz
1914lvr.hypotheses.org/560;sciences politiques_d, histoire_t, époque contemporaine_t, 1914-1918_t;Datasets/all_labels_train_gensim_sparse_matrix.npz
archivalia.hypotheses.org/6153;histoire et archéologie_d, sciences sociales interdisciplinaires_d, histoire_t, approches de corpus_t, enquêtes_t, archives_t;Datasets/all_labels_train_gensim_sparse_matrix.npz
histbav.hypotheses.org/3549;humanités pluridisciplinaires_d, histoire_d, pluridisciplinarité_d, histoire_t, monde germanique_t;Datasets/all_labels_train_gensim_sparse_matrix.npz
archivalia.hypotheses.org/55159;histoire et archéologie_d, sciences sociales interdisciplinaires_d, histoire_t, approches de corpus_t, enquêtes_t, archives_t;Datasets/all_labels_train_gensim_sparse_matrix.npz
zakunibonn.hypotheses.org/1530;histoire_d, psychologie_d, histoire_t, psychisme_t, psychologie_t, méthodes de traitement et de représentation_t, monde germanique_t;Datasets/all_labels_train_gensim_sparse_matrix.npz
archives.hypotheses.org/478;histoire_d, communication_d, patrimoine_t, digital humanities_t, moyen âge_t, époque moderne_t, france_t, monde germanique_t;Datasets/all_labels_train_gensim_sparse_matrix.npz
soziologieblog.hypotheses.org/5843;sciences sociales interdisciplinaires_d, sociologie et anthropologie_d, sociologie du travail_t, sociologie urbaine_t, sociologie de la culture_t, sociologie économique_t;Datasets/all_labels_train_gensim_sparse_matrix.npz
archivalia.hypotheses.org/62601;histoire et archéologie_d, sciences sociales interdisciplinaires_d, histoire_t, approches de corpus_t, enquêtes_t, archives_t;Datasets/all_labels_train_gensim_sparse_matrix.npz
archivalia.hypotheses.org/12535;histoire et archéologie_d, sciences sociales interdisciplinaires_d, histoire_t, approches de corpus_t, enquêtes_t, archives_t;Datasets/all_labels_train_gensim_sparse_matrix.npz
archivalia.hypotheses.org/11817;histoire et archéologie_d, sciences sociales interdisciplinaires_d, histoire_t, approches de corpus_t, enquêtes_t, archives_t;Datasets/all_labels_train_gensim_sparse_matrix.npz
archivalia.hypotheses.org/12550;histoire et archéologie_d, sciences sociales interdisciplinaires_d, histoire_t, approches de corpus_t, enquêtes_t, archives_t;Datasets/all_labels_train_gensim_sparse_matrix.npz
archivalia.hypotheses.org/6619;histoire et archéologie_d, sciences sociales interdisciplinaires_d, histoire_t, approches de corpus_t, enquêtes_t, archives_t;Datasets/all_labels_train_gensim_sparse_matrix.npz
grk1919.hypotheses.org/232;histoire et archéologie_d, histoire et philosophie des sciences_d, histoire_t;Datasets/all_labels_train_gensim_sparse_matrix.npz
gra.hypotheses.org/2443;arts et humanités_d, communication_d, sciences de l'information et bibliothéconomie_d, représentations_t, histoire culturelle_t, histoire de l'art_t, études visuelles_t;Datasets/all_labels_train_gensim_sparse_matrix.npz
archivalia.hypotheses.org/4130;histoire et archéologie_d, sciences sociales interdisciplinaires_d, histoire_t, approches de corpus_t, enquêtes_t, archives_t;Datasets/all_labels_train_gensim_sparse_matrix.npz
archivewk1.hypotheses.org/2121;histoire_d, époque contemporaine_t, 1914-1918_t;Datasets/all_labels_train_gensim_sparse_matrix.npz
archivalia.hypotheses.org/5742;histoire et archéologie_d, sciences sociales interdisciplinaires_d, histoire_t, approches de corpus_t, enquêtes_t, archives_t;Datasets/all_labels_train_gensim_sparse_matrix.npz
archivalia.hypotheses.org/702;histoire et archéologie_d, sciences sociales interdisciplinaires_d, histoire_t, approches de corpus_t, enquêtes_t, archives_t;Datasets/all_labels_train_gensim_sparse_matrix.npz
archivalia.hypotheses.org/57584;histoire et archéologie_d, sciences sociales interdisciplinaires_d, histoire_t, approches de corpus_t, enquêtes_t, archives_t;Datasets/all_labels_train_gensim_sparse_matrix.npz
artincrisis.hypotheses.org/153;arts et humanités_d, représentations_t, histoire de l'art_t, époque contemporaine_t, 1939-1945_t, monde germanique_t;Datasets/all_labels_train_gensim_sparse_matrix.npz
archivalia.hypotheses.org/8258;histoire et archéologie_d, sciences sociales interdisciplinaires_d, histoire_t, approches de corpus_t, enquêtes_t, archives_t;Datasets/all_labels_train_gensim_sparse_matrix.npz
archivalia.hypotheses.org/59894;histoire et archéologie_d, sciences sociales interdisciplinaires_d, histoire_t, approches de corpus_t, enquêtes_t, archives_t;Datasets/all_labels_train_gensim_sparse_matrix.npz
minuseinsebene.hypotheses.org/468;archéologie_d, histoire urbaine_t, histoire des religions_t, moyen âge_t, haut moyen âge_t, monde germanique_t;Datasets/all_labels_train_gensim_sparse_matrix.npz
archivalia.hypotheses.org/59826;histoire et archéologie_d, sciences sociales interdisciplinaires_d, histoire_t, approches de corpus_t, enquêtes_t, archives_t;Datasets/all_labels_train_gensim_sparse_matrix.npz
intersex.hypotheses.org/683;histoire_d, biomédecine_d, étude des genres_t, histoire des sciences_t, histoire_t, histoire du droit_t, moyen âge_t, xxie siècle_t;Datasets/all_labels_train_gensim_sparse_matrix.npz
medienbildung.hypotheses.org/7094;éducation_d, éducation spécialisée_d, travail social_d, sociologie_t, édition électronique_t, histoire et sociologie des médias_t, éducation_t;Datasets/all_labels_train_gensim_sparse_matrix.npz
umstrittenesgedaechtnis.hypotheses.org/23;arts et humanités_d, histoire et archéologie_d, représentations_t, époque contemporaine_t;Datasets/all_labels_train_gensim_sparse_matrix.npz
1914lvr.hypotheses.org/331;sciences politiques_d, histoire_t, époque contemporaine_t, 1914-1918_t;Datasets/all_labels_train_gensim_sparse_matrix.npz
archivalia.hypotheses.org/54401;histoire et archéologie_d, sciences sociales interdisciplinaires_d, histoire_t, approches de corpus_t, enquêtes_t, archives_t;Datasets/all_labels_train_gensim_sparse_matrix.npz
wenhua.hypotheses.org/594;études asiatiques_d, humanités pluridisciplinaires_d, histoire_d, histoire culturelle_t, asie_t;Datasets/all_labels_train_gensim_sparse_matrix.npz
archivalia.hypotheses.org/10830;histoire et archéologie_d, sciences sociales interdisciplinaires_d, histoire_t, approches de corpus_t, enquêtes_t, archives_t;Datasets/all_labels_train_gensim_sparse_matrix.npz
archivamt.hypotheses.org/1585;communication_d, pluridisciplinarité_d, sciences sociales interdisciplinaires_d, information_t, sciences de l'information_t, représentations_t, patrimoine_t;Datasets/all_labels_train_gensim_sparse_matrix.npz
archivalia.hypotheses.org/1345;histoire et archéologie_d, sciences sociales interdisciplinaires_d, histoire_t, approches de corpus_t, enquêtes_t, archives_t;Datasets/all_labels_train_gensim_sparse_matrix.npz
archivalia.hypotheses.org/60588;histoire et archéologie_d, sciences sociales interdisciplinaires_d, histoire_t, approches de corpus_t, enquêtes_t, archives_t;Datasets/all_labels_train_gensim_sparse_matrix.npz
archivewk1.hypotheses.org/4979;histoire_d, époque contemporaine_t, 1914-1918_t;Datasets/all_labels_train_gensim_sparse_matrix.npz
historischdenken.hypotheses.org/1338;histoire et archéologie_d, histoire_t;Datasets/all_labels_train_gensim_sparse_matrix.npz
archivalia.hypotheses.org/4011;histoire et archéologie_d, sciences sociales interdisciplinaires_d, histoire_t, approches de corpus_t, enquêtes_t, archives_t;Datasets/all_labels_train_gensim_sparse_matrix.npz
archivewk1.hypotheses.org/15123;histoire_d, époque contemporaine_t, 1914-1918_t;Datasets/all_labels_train_gensim_sparse_matrix.npz
trafo.hypotheses.org/4887;pluridisciplinarité_d, sciences sociales interdisciplinaires_d, études régionales_d, sociologie_t, sociologie des religions_t, information_t, histoire culturelle_t;Datasets/all_labels_train_gensim_sparse_matrix.npz
archivalia.hypotheses.org/57536;histoire et archéologie_d, sciences sociales interdisciplinaires_d, histoire_t, approches de corpus_t, enquêtes_t, archives_t;Datasets/all_labels_train_gensim_sparse_matrix.npz
bioeg.hypotheses.org/1803;histoire et archéologie_d, histoire_d, histoire_t, sciences auxiliaires de l'histoire_t, europe centrale et orientale_t, monde germanique_t;Datasets/all_labels_train_gensim_sparse_matrix.npz
archivalia.hypotheses.org/690;histoire et archéologie_d, sciences sociales interdisciplinaires_d, histoire_t, approches de corpus_t, enquêtes_t, archives_t;Datasets/all_labels_train_gensim_sparse_matrix.npz
soziologieblog.hypotheses.org/9792;sciences sociales interdisciplinaires_d, sociologie et anthropologie_d, sociologie du travail_t, sociologie urbaine_t, sociologie de la culture_t, sociologie économique_t;Datasets/all_labels_train_gensim_sparse_matrix.npz
mindthegaps.hypotheses.org/330;études asiatiques_d, histoire_d, histoire_t, histoire culturelle_t, asie_t, chine_t;Datasets/all_labels_train_gensim_sparse_matrix.npz
archivalia.hypotheses.org/8065;histoire et archéologie_d, sciences sociales interdisciplinaires_d, histoire_t, approches de corpus_t, enquêtes_t, archives_t;Datasets/all_labels_train_gensim_sparse_matrix.npz
archivalia.hypotheses.org/53828;histoire et archéologie_d, sciences sociales interdisciplinaires_d, histoire_t, approches de corpus_t, enquêtes_t, archives_t;Datasets/all_labels_train_gensim_sparse_matrix.npz
reichwein.hypotheses.org/1684;histoire et archéologie_d, histoire des sciences_t, 1945-1989_t;Datasets/all_labels_train_gensim_sparse_matrix.npz
medienbildung.hypotheses.org/7578;éducation_d, éducation spécialisée_d, travail social_d, sociologie_t, édition électronique_t, histoire et sociologie des médias_t, éducation_t;Datasets/all_labels_train_gensim_sparse_matrix.npz
archivalia.hypotheses.org/3054;histoire et archéologie_d, sciences sociales interdisciplinaires_d, histoire_t, approches de corpus_t, enquêtes_t, archives_t;Datasets/all_labels_train_gensim_sparse_matrix.npz
gab.hypotheses.org/1594;histoire et archéologie_d, pluridisciplinarité_d, sciences sociales interdisciplinaires_d, études des sciences_t, sociologie des sciences_t, histoire_t;Datasets/all_labels_train_gensim_sparse_matrix.npz
histbav.hypotheses.org/3862;humanités pluridisciplinaires_d, histoire_d, pluridisciplinarité_d, histoire_t, monde germanique_t;Datasets/all_labels_train_gensim_sparse_matrix.npz
archivewk1.hypotheses.org/22889;histoire_d, époque contemporaine_t, 1914-1918_t;Datasets/all_labels_train_gensim_sparse_matrix.npz
redaktionsblog.hypotheses.org/1385;arts et humanités_d, humanités pluridisciplinaires_d, épistémologie et méthodes_t, digital humanities_t;Datasets/all_labels_train_gensim_sparse_matrix.npz
archivalia.hypotheses.org/9030;histoire et archéologie_d, sciences sociales interdisciplinaires_d, histoire_t, approches de corpus_t, enquêtes_t, archives_t;Datasets/all_labels_train_gensim_sparse_matrix.npz
tagebuch.hypotheses.org/1190;histoire et archéologie_d, histoire_d, histoire_t, époque contemporaine_t, 1914-1918_t;Datasets/all_labels_train_gensim_sparse_matrix.npz
archivewk1.hypotheses.org/24553;histoire_d, époque contemporaine_t, 1914-1918_t;Datasets/all_labels_train_gensim_sparse_matrix.npz
archivewk1.hypotheses.org/26124;histoire_d, époque contemporaine_t, 1914-1918_t;Datasets/all_labels_train_gensim_sparse_matrix.npz
archive20.hypotheses.org/907;pluridisciplinarité_d, sciences sociales interdisciplinaires_d, histoire_t, information_t, patrimoine_t, monde germanique_t;Datasets/all_labels_train_gensim_sparse_matrix.npz
dhdhi.hypotheses.org/967;histoire et archéologie_d, histoire_t, épistémologie et méthodes_t, digital humanities_t;Datasets/all_labels_train_gensim_sparse_matrix.npz
archivewk1.hypotheses.org/23291;histoire_d, époque contemporaine_t, 1914-1918_t;Datasets/all_labels_train_gensim_sparse_matrix.npz
medienbildung.hypotheses.org/7405;éducation_d, éducation spécialisée_d, travail social_d, sociologie_t, édition électronique_t, histoire et sociologie des médias_t, éducation_t;Datasets/all_labels_train_gensim_sparse_matrix.npz
kristinoswald.hypotheses.org/1102;études anciennes_d, études des sciences_t, histoire_t, histoire et sociologie des médias_t, histoire culturelle_t, digital humanities_t;Datasets/all_labels_train_gensim_sparse_matrix.npz
archivewk1.hypotheses.org/15102;histoire_d, époque contemporaine_t, 1914-1918_t;Datasets/all_labels_train_gensim_sparse_matrix.npz
ordensgeschichte.hypotheses.org/7781;arts et humanités_d, humanités pluridisciplinaires_d, histoire et archéologie_d, histoire et philosophie des sciences_d, histoire_t, haut moyen âge_t, bas moyen âge_t, xviie siècle_t, xviiie siècle_t;Datasets/all_labels_train_gensim_sparse_matrix.npz
archivamt.hypotheses.org/2633;communication_d, pluridisciplinarité_d, sciences sociales interdisciplinaires_d, information_t, sciences de l'information_t, représentations_t, patrimoine_t;Datasets/all_labels_train_gensim_sparse_matrix.npz
archivalia.hypotheses.org/9200;histoire et archéologie_d, sciences sociales interdisciplinaires_d, histoire_t, approches de corpus_t, enquêtes_t, archives_t;Datasets/all_labels_train_gensim_sparse_matrix.npz
archivalia.hypotheses.org/3864;histoire et archéologie_d, sciences sociales interdisciplinaires_d, histoire_t, approches de corpus_t, enquêtes_t, archives_t;Datasets/all_labels_train_gensim_sparse_matrix.npz
geschichtsadmin.hypotheses.org/94;éducation_d, histoire_d, sociologie du travail_t, histoire_t;Datasets/all_labels_train_gensim_sparse_matrix.npz
germanjews.hypotheses.org/46;histoire_d, histoire des sciences sociales_d, histoire économique_t, histoire urbaine_t, histoire sociale_t, époque moderne_t;Datasets/all_labels_train_gensim_sparse_matrix.npz
archivalia.hypotheses.org/4942;histoire et archéologie_d, sciences sociales interdisciplinaires_d, histoire_t, approches de corpus_t, enquêtes_t, archives_t;Datasets/all_labels_train_gensim_sparse_matrix.npz
archivalia.hypotheses.org/7921;histoire et archéologie_d, sciences sociales interdisciplinaires_d, histoire_t, approches de corpus_t, enquêtes_t, archives_t;Datasets/all_labels_train_gensim_sparse_matrix.npz
archivalia.hypotheses.org/11954;histoire et archéologie_d, sciences sociales interdisciplinaires_d, histoire_t, approches de corpus_t, enquêtes_t, archives_t;Datasets/all_labels_train_gensim_sparse_matrix.npz
archivalia.hypotheses.org/1667;histoire et archéologie_d, sciences sociales interdisciplinaires_d, histoire_t, approches de corpus_t, enquêtes_t, archives_t;Datasets/all_labels_train_gensim_sparse_matrix.npz
archivewk1.hypotheses.org/22971;histoire_d, époque contemporaine_t, 1914-1918_t;Datasets/all_labels_train_gensim_sparse_matrix.npz
pophistory.hypotheses.org/174;humanités pluridisciplinaires_d, histoire et archéologie_d, sociologie de la culture_t, histoire sociale_t, histoire culturelle_t, époque contemporaine_t;Datasets/all_labels_train_gensim_sparse_matrix.npz
archivewk1.hypotheses.org/6356;histoire_d, époque contemporaine_t, 1914-1918_t;Datasets/all_labels_train_gensim_sparse_matrix.npz
ordensgeschichte.hypotheses.org/10238;arts et humanités_d, humanités pluridisciplinaires_d, histoire et archéologie_d, histoire et philosophie des sciences_d, histoire_t, haut moyen âge_t, bas moyen âge_t, xviie siècle_t, xviiie siècle_t;Datasets/all_labels_train_gensim_sparse_matrix.npz
francofil.hypotheses.org/2055;pluridisciplinarité_d, sciences sociales interdisciplinaires_d, histoire_t, épistémologie et méthodes_t, approches de corpus_t, enquêtes_t, archives_t, france_t;Datasets/all_labels_train_gensim_sparse_matrix.npz
edit.hypotheses.org/47;sciences de l'information et bibliothéconomie_d, édition électronique_t, vie de la recherche_t, méthodes de traitement et de représentation_t, digital humanities_t;Datasets/all_labels_train_gensim_sparse_matrix.npz
dwgd.hypotheses.org/195;éducation_d, histoire_d, histoire des sciences sociales_d, histoire_t, éducation_t, sciences de l'éducation_t;Datasets/all_labels_train_gensim_sparse_matrix.npz
archivewk1.hypotheses.org/22627;histoire_d, époque contemporaine_t, 1914-1918_t;Datasets/all_labels_train_gensim_sparse_matrix.npz
archivalia.hypotheses.org/13718;histoire et archéologie_d, sciences sociales interdisciplinaires_d, histoire_t, approches de corpus_t, enquêtes_t, archives_t;Datasets/all_labels_train_gensim_sparse_matrix.npz
rkb.hypotheses.org/479;arts et humanités_d, communication_d, sciences de l'information et bibliothéconomie_d, sociologie des sciences_t, édition électronique_t, histoire et sociologie des médias_t;Datasets/all_labels_train_gensim_sparse_matrix.npz
archives.hypotheses.org/1215;histoire_d, communication_d, patrimoine_t, digital humanities_t, moyen âge_t, époque moderne_t, france_t, monde germanique_t;Datasets/all_labels_train_gensim_sparse_matrix.npz
reichwein.hypotheses.org/264;histoire et archéologie_d, histoire des sciences_t, 1945-1989_t;Datasets/all_labels_train_gensim_sparse_matrix.npz
dhmuc.hypotheses.org/884;humanités pluridisciplinaires_d, communication_d, pluridisciplinarité_d, sciences sociales interdisciplinaires_d, études des sciences_t, édition électronique_t, digital humanities_t;Datasets/all_labels_train_gensim_sparse_matrix.npz
archivewk1.hypotheses.org/14436;histoire_d, époque contemporaine_t, 1914-1918_t;Datasets/all_labels_train_gensim_sparse_matrix.npz
archivalia.hypotheses.org/58581;histoire et archéologie_d, sciences sociales interdisciplinaires_d, histoire_t, approches de corpus_t, enquêtes_t, archives_t;Datasets/all_labels_train_gensim_sparse_matrix.npz
archivewk1.hypotheses.org/26183;histoire_d, époque contemporaine_t, 1914-1918_t;Datasets/all_labels_train_gensim_sparse_matrix.npz
historischdenken.hypotheses.org/2704;histoire et archéologie_d, histoire_t;Datasets/all_labels_train_gensim_sparse_matrix.npz
frueheneuzeit.hypotheses.org/590;histoire et archéologie_d, histoire_t, époque moderne_t, xviie siècle_t, xviiie siècle_t, révolution française_t;Datasets/all_labels_train_gensim_sparse_matrix.npz
archivalia.hypotheses.org/11173;histoire et archéologie_d, sciences sociales interdisciplinaires_d, histoire_t, approches de corpus_t, enquêtes_t, archives_t;Datasets/all_labels_train_gensim_sparse_matrix.npz
archivalia.hypotheses.org/9969;histoire et archéologie_d, sciences sociales interdisciplinaires_d, histoire_t, approches de corpus_t, enquêtes_t, archives_t;Datasets/all_labels_train_gensim_sparse_matrix.npz
ordensgeschichte.hypotheses.org/2313;arts et humanités_d, humanités pluridisciplinaires_d, histoire et archéologie_d, histoire et philosophie des sciences_d, histoire_t, haut moyen âge_t, bas moyen âge_t, xviie siècle_t, xviiie siècle_t;Datasets/all_labels_train_gensim_sparse_matrix.npz
archivalia.hypotheses.org/12900;histoire et archéologie_d, sciences sociales interdisciplinaires_d, histoire_t, approches de corpus_t, enquêtes_t, archives_t;Datasets/all_labels_train_gensim_sparse_matrix.npz
dss.hypotheses.org/457;arts et humanités_d, communication_d, sciences de l'information et bibliothéconomie_d, information_t, édition électronique_t, représentations_t, histoire de l'art_t, patrimoine_t, prospectives_t;Datasets/all_labels_train_gensim_sparse_matrix.npz
archivalia.hypotheses.org/5424;histoire et archéologie_d, sciences sociales interdisciplinaires_d, histoire_t, approches de corpus_t, enquêtes_t, archives_t;Datasets/all_labels_train_gensim_sparse_matrix.npz
archivalia.hypotheses.org/9170;histoire et archéologie_d, sciences sociales interdisciplinaires_d, histoire_t, approches de corpus_t, enquêtes_t, archives_t;Datasets/all_labels_train_gensim_sparse_matrix.npz
archivalia.hypotheses.org/9127;histoire et archéologie_d, sciences sociales interdisciplinaires_d, histoire_t, approches de corpus_t, enquêtes_t, archives_t;Datasets/all_labels_train_gensim_sparse_matrix.npz
archivalia.hypotheses.org/3642;histoire et archéologie_d, sciences sociales interdisciplinaires_d, histoire_t, approches de corpus_t, enquêtes_t, archives_t;Datasets/all_labels_train_gensim_sparse_matrix.npz
archivewk1.hypotheses.org/3576;histoire_d, époque contemporaine_t, 1914-1918_t;Datasets/all_labels_train_gensim_sparse_matrix.npz
archivalia.hypotheses.org/11956;histoire et archéologie_d, sciences sociales interdisciplinaires_d, histoire_t, approches de corpus_t, enquêtes_t, archives_t;Datasets/all_labels_train_gensim_sparse_matrix.npz
soziologieblog.hypotheses.org/4020;sciences sociales interdisciplinaires_d, sociologie et anthropologie_d, sociologie du travail_t, sociologie urbaine_t, sociologie de la culture_t, sociologie économique_t;Datasets/all_labels_train_gensim_sparse_matrix.npz
lvrafz.hypotheses.org/2203;pluridisciplinarité_d, information_t;Datasets/all_labels_train_gensim_sparse_matrix.npz
irhis.hypotheses.org/14719;arts et humanités_d, histoire et archéologie_d, histoire économique_t, histoire sociale_t, études visuelles_t;Datasets/all_labels_train_gensim_sparse_matrix.npz
ecoglobreg.hypotheses.org/240;histoire_d, sciences politiques_d, histoire_t, 1945-1989_t;Datasets/all_labels_train_gensim_sparse_matrix.npz
erinnern.hypotheses.org/241;éducation et sciences de l'éducation_d, histoire_d, histoire_t, éducation_t, 1918-1939_t, 1939-1945_t, 1945-1989_t;Datasets/all_labels_train_gensim_sparse_matrix.npz
archivalia.hypotheses.org/10221;histoire et archéologie_d, sciences sociales interdisciplinaires_d, histoire_t, approches de corpus_t, enquêtes_t, archives_t;Datasets/all_labels_train_gensim_sparse_matrix.npz
archivamt.hypotheses.org/3915;communication_d, pluridisciplinarité_d, sciences sociales interdisciplinaires_d, information_t, sciences de l'information_t, représentations_t, patrimoine_t;Datasets/all_labels_train_gensim_sparse_matrix.npz
archivewk1.hypotheses.org/10196;histoire_d, époque contemporaine_t, 1914-1918_t;Datasets/all_labels_train_gensim_sparse_matrix.npz
archivalia.hypotheses.org/11535;histoire et archéologie_d, sciences sociales interdisciplinaires_d, histoire_t, approches de corpus_t, enquêtes_t, archives_t;Datasets/all_labels_train_gensim_sparse_matrix.npz
soziologieblog.hypotheses.org/821;sciences sociales interdisciplinaires_d, sociologie et anthropologie_d, sociologie du travail_t, sociologie urbaine_t, sociologie de la culture_t, sociologie économique_t;Datasets/all_labels_train_gensim_sparse_matrix.npz
historischdenken.hypotheses.org/1546;histoire et archéologie_d, histoire_t;Datasets/all_labels_train_gensim_sparse_matrix.npz
speyermemo.hypotheses.org/2121;histoire_d, pluridisciplinarité_d, sciences sociales interdisciplinaires_d, sociologie de la culture_t, histoire_t, 1939-1945_t, europe_t;Datasets/all_labels_train_gensim_sparse_matrix.npz
archivalia.hypotheses.org/11341;histoire et archéologie_d, sciences sociales interdisciplinaires_d, histoire_t, approches de corpus_t, enquêtes_t, archives_t;Datasets/all_labels_train_gensim_sparse_matrix.npz
heraldica.hypotheses.org/2720;histoire_d, histoire_t, historiographie_t, sciences auxiliaires de l'histoire_t, moyen âge_t, haut moyen âge_t;Datasets/all_labels_train_gensim_sparse_matrix.npz
adngwdng.hypotheses.org/22;histoire_d, histoire politique_t, historiographie_t, xxe siècle_t, monde germanique_t;Datasets/all_labels_train_gensim_sparse_matrix.npz
sammeln.hypotheses.org/644;sciences sociales interdisciplinaires_d, histoire des sciences_t, patrimoine_t, sciences auxiliaires de l'histoire_t, approches de corpus_t, enquêtes_t, archives_t;Datasets/all_labels_train_gensim_sparse_matrix.npz
1914lvr.hypotheses.org/391;sciences politiques_d, histoire_t, époque contemporaine_t, 1914-1918_t;Datasets/all_labels_train_gensim_sparse_matrix.npz
tagebuch.hypotheses.org/1319;histoire et archéologie_d, histoire_d, histoire_t, époque contemporaine_t, 1914-1918_t;Datasets/all_labels_train_gensim_sparse_matrix.npz
guerre-froide.hypotheses.org/1867;histoire_d, relations internationales_t, histoire culturelle_t, 1945-1989_t;Datasets/all_labels_train_gensim_sparse_matrix.npz
archivalia.hypotheses.org/14550;histoire et archéologie_d, sciences sociales interdisciplinaires_d, histoire_t, approches de corpus_t, enquêtes_t, archives_t;Datasets/all_labels_train_gensim_sparse_matrix.npz
musermeku.hypotheses.org/910;humanités pluridisciplinaires_d, pluridisciplinarité_d, sciences sociales interdisciplinaires_d, sociologie_t, sociologie de la culture_t, histoire_t, histoire politique_t;Datasets/all_labels_train_gensim_sparse_matrix.npz
unibloggt.hypotheses.org/1255;histoire et archéologie_d, pluridisciplinarité_d, histoire_t, information_t;Datasets/all_labels_train_gensim_sparse_matrix.npz
archivalia.hypotheses.org/54902;histoire et archéologie_d, sciences sociales interdisciplinaires_d, histoire_t, approches de corpus_t, enquêtes_t, archives_t;Datasets/all_labels_train_gensim_sparse_matrix.npz
oberrhein.hypotheses.org/1941;religions_d, archéologie_d, histoire_d, histoire_t, moyen âge_t, france_t, monde germanique_t;Datasets/all_labels_train_gensim_sparse_matrix.npz
lvrafz.hypotheses.org/1463;pluridisciplinarité_d, information_t;Datasets/all_labels_train_gensim_sparse_matrix.npz
histbav.hypotheses.org/2877;humanités pluridisciplinaires_d, histoire_d, pluridisciplinarité_d, histoire_t, monde germanique_t;Datasets/all_labels_train_gensim_sparse_matrix.npz
archivewk1.hypotheses.org/29992;histoire_d, époque contemporaine_t, 1914-1918_t;Datasets/all_labels_train_gensim_sparse_matrix.npz
archivalia.hypotheses.org/8523;histoire et archéologie_d, sciences sociales interdisciplinaires_d, histoire_t, approches de corpus_t, enquêtes_t, archives_t;Datasets/all_labels_train_gensim_sparse_matrix.npz
archivewk1.hypotheses.org/21248;histoire_d, époque contemporaine_t, 1914-1918_t;Datasets/all_labels_train_gensim_sparse_matrix.npz
bioeg.hypotheses.org/851;histoire et archéologie_d, histoire_d, histoire_t, sciences auxiliaires de l'histoire_t, europe centrale et orientale_t, monde germanique_t;Datasets/all_labels_train_gensim_sparse_matrix.npz
reichwein.hypotheses.org/1056;histoire et archéologie_d, histoire des sciences_t, 1945-1989_t;Datasets/all_labels_train_gensim_sparse_matrix.npz
kinder.hypotheses.org/659;éducation et sciences de l'éducation_d, études sur la famille_d, âges de la vie_t, sciences de l'éducation_t;Datasets/all_labels_train_gensim_sparse_matrix.npz
archivalia.hypotheses.org/52519;histoire et archéologie_d, sciences sociales interdisciplinaires_d, histoire_t, approches de corpus_t, enquêtes_t, archives_t;Datasets/all_labels_train_gensim_sparse_matrix.npz
dkblog.hypotheses.org/529;histoire_d, histoire_t, époque moderne_t, xviie siècle_t;Datasets/all_labels_train_gensim_sparse_matrix.npz
archivamt.hypotheses.org/811;communication_d, pluridisciplinarité_d, sciences sociales interdisciplinaires_d, information_t, sciences de l'information_t, représentations_t, patrimoine_t;Datasets/all_labels_train_gensim_sparse_matrix.npz
oberrhein.hypotheses.org/617;religions_d, archéologie_d, histoire_d, histoire_t, moyen âge_t, france_t, monde germanique_t;Datasets/all_labels_train_gensim_sparse_matrix.npz
archivewk1.hypotheses.org/28665;histoire_d, époque contemporaine_t, 1914-1918_t;Datasets/all_labels_train_gensim_sparse_matrix.npz
archivewk1.hypotheses.org/22985;histoire_d, époque contemporaine_t, 1914-1918_t;Datasets/all_labels_train_gensim_sparse_matrix.npz
archivewk1.hypotheses.org/26550;histoire_d, époque contemporaine_t, 1914-1918_t;Datasets/all_labels_train_gensim_sparse_matrix.npz
archivalia.hypotheses.org/984;histoire et archéologie_d, sciences sociales interdisciplinaires_d, histoire_t, approches de corpus_t, enquêtes_t, archives_t;Datasets/all_labels_train_gensim_sparse_matrix.npz
archivalia.hypotheses.org/7016;histoire et archéologie_d, sciences sociales interdisciplinaires_d, histoire_t, approches de corpus_t, enquêtes_t, archives_t;Datasets/all_labels_train_gensim_sparse_matrix.npz
fnzinfo.hypotheses.org/997;arts et humanités_d, musique_d, histoire et archéologie_d, histoire_t, xvie siècle_t, xviie siècle_t, xviiie siècle_t, révolution française_t;Datasets/all_labels_train_gensim_sparse_matrix.npz
dhmuc.hypotheses.org/1480;humanités pluridisciplinaires_d, communication_d, pluridisciplinarité_d, sciences sociales interdisciplinaires_d, études des sciences_t, édition électronique_t, digital humanities_t;Datasets/all_labels_train_gensim_sparse_matrix.npz
archivalia.hypotheses.org/1210;histoire et archéologie_d, sciences sociales interdisciplinaires_d, histoire_t, approches de corpus_t, enquêtes_t, archives_t;Datasets/all_labels_train_gensim_sparse_matrix.npz
histbav.hypotheses.org/1768;humanités pluridisciplinaires_d, histoire_d, pluridisciplinarité_d, histoire_t, monde germanique_t;Datasets/all_labels_train_gensim_sparse_matrix.npz
sdvigpress.hypotheses.org/573;langue et linguistique_d, philosophie_d, humanités pluridisciplinaires_d, épistémologie et méthodes_t, digital humanities_t, europe centrale et orientale_t, édition électronique_t, linguistique_t;Datasets/all_labels_train_gensim_sparse_matrix.npz
histbav.hypotheses.org/1721;humanités pluridisciplinaires_d, histoire_d, pluridisciplinarité_d, histoire_t, monde germanique_t;Datasets/all_labels_train_gensim_sparse_matrix.npz
archivalia.hypotheses.org/59551;histoire et archéologie_d, sciences sociales interdisciplinaires_d, histoire_t, approches de corpus_t, enquêtes_t, archives_t;Datasets/all_labels_train_gensim_sparse_matrix.npz
dokunstlmu.hypotheses.org/451;arts et humanités_d, histoire intellectuelle_t;Datasets/all_labels_train_gensim_sparse_matrix.npz
amuc.hypotheses.org/2000;humanités pluridisciplinaires_d, histoire_d, histoire_t, représentations_t, patrimoine_t;Datasets/all_labels_train_gensim_sparse_matrix.npz
trafo.hypotheses.org/1534;pluridisciplinarité_d, sciences sociales interdisciplinaires_d, études régionales_d, sociologie_t, sociologie des religions_t, information_t, histoire culturelle_t;Datasets/all_labels_train_gensim_sparse_matrix.npz
archivewk1.hypotheses.org/4599;histoire_d, époque contemporaine_t, 1914-1918_t;Datasets/all_labels_train_gensim_sparse_matrix.npz
archivalia.hypotheses.org/3224;histoire et archéologie_d, sciences sociales interdisciplinaires_d, histoire_t, approches de corpus_t, enquêtes_t, archives_t;Datasets/all_labels_train_gensim_sparse_matrix.npz
archivalia.hypotheses.org/8138;histoire et archéologie_d, sciences sociales interdisciplinaires_d, histoire_t, approches de corpus_t, enquêtes_t, archives_t;Datasets/all_labels_train_gensim_sparse_matrix.npz
archivalia.hypotheses.org/14507;histoire et archéologie_d, sciences sociales interdisciplinaires_d, histoire_t, approches de corpus_t, enquêtes_t, archives_t;Datasets/all_labels_train_gensim_sparse_matrix.npz
grk1678.hypotheses.org/790;arts et humanités_d, humanités pluridisciplinaires_d, histoire et philosophie des sciences_d, pluridisciplinarité_d, philosophie_t, littératures_t, histoire culturelle_t, histoire de l'art_t;Datasets/all_labels_train_gensim_sparse_matrix.npz
archivalia.hypotheses.org/8389;histoire et archéologie_d, sciences sociales interdisciplinaires_d, histoire_t, approches de corpus_t, enquêtes_t, archives_t;Datasets/all_labels_train_gensim_sparse_matrix.npz
archivalia.hypotheses.org/6736;histoire et archéologie_d, sciences sociales interdisciplinaires_d, histoire_t, approches de corpus_t, enquêtes_t, archives_t;Datasets/all_labels_train_gensim_sparse_matrix.npz
grandeguerre.hypotheses.org/1160;histoire et archéologie_d, histoire_t, 1914-1918_t, prospectives_t, france_t, monde germanique_t;Datasets/all_labels_train_gensim_sparse_matrix.npz
archivalia.hypotheses.org/58576;histoire et archéologie_d, sciences sociales interdisciplinaires_d, histoire_t, approches de corpus_t, enquêtes_t, archives_t;Datasets/all_labels_train_gensim_sparse_matrix.npz
archivalia.hypotheses.org/7201;histoire et archéologie_d, sciences sociales interdisciplinaires_d, histoire_t, approches de corpus_t, enquêtes_t, archives_t;Datasets/all_labels_train_gensim_sparse_matrix.npz
dhdhi.hypotheses.org/2136;histoire et archéologie_d, histoire_t, épistémologie et méthodes_t, digital humanities_t;Datasets/all_labels_train_gensim_sparse_matrix.npz
archivalia.hypotheses.org/9321;histoire et archéologie_d, sciences sociales interdisciplinaires_d, histoire_t, approches de corpus_t, enquêtes_t, archives_t;Datasets/all_labels_train_gensim_sparse_matrix.npz
archivalia.hypotheses.org/2139;histoire et archéologie_d, sciences sociales interdisciplinaires_d, histoire_t, approches de corpus_t, enquêtes_t, archives_t;Datasets/all_labels_train_gensim_sparse_matrix.npz
inklusion.hypotheses.org/548;éducation_d, travail social et politique sociale_d, sociologie du travail_t, âges de la vie_t, information_t, sciences de l'éducation_t;Datasets/all_labels_train_gensim_sparse_matrix.npz
archivalia.hypotheses.org/9805;histoire et archéologie_d, sciences sociales interdisciplinaires_d, histoire_t, approches de corpus_t, enquêtes_t, archives_t;Datasets/all_labels_train_gensim_sparse_matrix.npz
archivewk1.hypotheses.org/17533;histoire_d, époque contemporaine_t, 1914-1918_t;Datasets/all_labels_train_gensim_sparse_matrix.npz
tagebuch.hypotheses.org/1295;histoire et archéologie_d, histoire_d, histoire_t, époque contemporaine_t, 1914-1918_t;Datasets/all_labels_train_gensim_sparse_matrix.npz
archivalia.hypotheses.org/9772;histoire et archéologie_d, sciences sociales interdisciplinaires_d, histoire_t, approches de corpus_t, enquêtes_t, archives_t;Datasets/all_labels_train_gensim_sparse_matrix.npz
archivalia.hypotheses.org/11248;histoire et archéologie_d, sciences sociales interdisciplinaires_d, histoire_t, approches de corpus_t, enquêtes_t, archives_t;Datasets/all_labels_train_gensim_sparse_matrix.npz
reichwein.hypotheses.org/1501;histoire et archéologie_d, histoire des sciences_t, 1945-1989_t;Datasets/all_labels_train_gensim_sparse_matrix.npz
archivalia.hypotheses.org/3477;histoire et archéologie_d, sciences sociales interdisciplinaires_d, histoire_t, approches de corpus_t, enquêtes_t, archives_t;Datasets/all_labels_train_gensim_sparse_matrix.npz
archivalia.hypotheses.org/9222;histoire et archéologie_d, sciences sociales interdisciplinaires_d, histoire_t, approches de corpus_t, enquêtes_t, archives_t;Datasets/all_labels_train_gensim_sparse_matrix.npz
tagebuch.hypotheses.org/616;histoire et archéologie_d, histoire_d, histoire_t, époque contemporaine_t, 1914-1918_t;Datasets/all_labels_train_gensim_sparse_matrix.npz
archivewk1.hypotheses.org/5511;histoire_d, époque contemporaine_t, 1914-1918_t;Datasets/all_labels_train_gensim_sparse_matrix.npz
archivalia.hypotheses.org/61656;histoire et archéologie_d, sciences sociales interdisciplinaires_d, histoire_t, approches de corpus_t, enquêtes_t, archives_t;Datasets/all_labels_train_gensim_sparse_matrix.npz
1914lvr.hypotheses.org/194;sciences politiques_d, histoire_t, époque contemporaine_t, 1914-1918_t;Datasets/all_labels_train_gensim_sparse_matrix.npz
archivalia.hypotheses.org/57999;histoire et archéologie_d, sciences sociales interdisciplinaires_d, histoire_t, approches de corpus_t, enquêtes_t, archives_t;Datasets/all_labels_train_gensim_sparse_matrix.npz
mittelalter.hypotheses.org/5412;humanités pluridisciplinaires_d, religions_d, histoire_d, sociologie_d, histoire_t, histoire sociale_t, histoire intellectuelle_t, moyen âge_t, haut moyen âge_t, bas moyen âge_t;Datasets/all_labels_train_gensim_sparse_matrix.npz
archivalia.hypotheses.org/10382;histoire et archéologie_d, sciences sociales interdisciplinaires_d, histoire_t, approches de corpus_t, enquêtes_t, archives_t;Datasets/all_labels_train_gensim_sparse_matrix.npz
archivewk1.hypotheses.org/1496;histoire_d, époque contemporaine_t, 1914-1918_t;Datasets/all_labels_train_gensim_sparse_matrix.npz
hsc.hypotheses.org/288;arts et humanités_d, humanités pluridisciplinaires_d, histoire et archéologie_d, histoire_t, historiographie_t;Datasets/all_labels_train_gensim_sparse_matrix.npz
dokunstlmu.hypotheses.org/1337;arts et humanités_d, histoire intellectuelle_t;Datasets/all_labels_train_gensim_sparse_matrix.npz
musermeku.hypotheses.org/990;humanités pluridisciplinaires_d, pluridisciplinarité_d, sciences sociales interdisciplinaires_d, sociologie_t, sociologie de la culture_t, histoire_t, histoire politique_t;Datasets/all_labels_train_gensim_sparse_matrix.npz
archivewk1.hypotheses.org/22941;histoire_d, époque contemporaine_t, 1914-1918_t;Datasets/all_labels_train_gensim_sparse_matrix.npz
metablock.hypotheses.org/397;sciences sociales interdisciplinaires_d, linguistique appliquée_d, langue et linguistique_d, sociologie des sciences_t, langage_t, linguistique_t, édition électronique_t, histoire et sociologie des médias_t;Datasets/all_labels_train_gensim_sparse_matrix.npz
2wkvisuell.hypotheses.org/441;arts et humanités_d, histoire et archéologie_d, histoire sociale_t, guerres_t, conflits_t, violence_t, histoire et sociologie des médias_t, études visuelles_t, époque contemporaine_t;Datasets/all_labels_train_gensim_sparse_matrix.npz
revolt.hypotheses.org/1343;histoire_d, pluridisciplinarité_d, littérature_d, histoire et sociologie des médias_t, époque moderne_t, europe_t;Datasets/all_labels_train_gensim_sparse_matrix.npz
archivalia.hypotheses.org/13848;histoire et archéologie_d, sciences sociales interdisciplinaires_d, histoire_t, approches de corpus_t, enquêtes_t, archives_t;Datasets/all_labels_train_gensim_sparse_matrix.npz
speyermemo.hypotheses.org/2726;histoire_d, pluridisciplinarité_d, sciences sociales interdisciplinaires_d, sociologie de la culture_t, histoire_t, 1939-1945_t, europe_t;Datasets/all_labels_train_gensim_sparse_matrix.npz
kinder.hypotheses.org/406;éducation et sciences de l'éducation_d, études sur la famille_d, âges de la vie_t, sciences de l'éducation_t;Datasets/all_labels_train_gensim_sparse_matrix.npz
archivewk1.hypotheses.org/21541;histoire_d, époque contemporaine_t, 1914-1918_t;Datasets/all_labels_train_gensim_sparse_matrix.npz
reichwein.hypotheses.org/1516;histoire et archéologie_d, histoire des sciences_t, 1945-1989_t;Datasets/all_labels_train_gensim_sparse_matrix.npz
archivalia.hypotheses.org/11896;histoire et archéologie_d, sciences sociales interdisciplinaires_d, histoire_t, approches de corpus_t, enquêtes_t, archives_t;Datasets/all_labels_train_gensim_sparse_matrix.npz
leibnizarc.hypotheses.org/298;éducation_d, histoire et archéologie_d, sciences de l'information et bibliothéconomie_d, études des sciences_t, histoire industrielle_t, histoire de l'art_t;Datasets/all_labels_train_gensim_sparse_matrix.npz
speyermemo.hypotheses.org/2807;histoire_d, pluridisciplinarité_d, sciences sociales interdisciplinaires_d, sociologie de la culture_t, histoire_t, 1939-1945_t, europe_t;Datasets/all_labels_train_gensim_sparse_matrix.npz
archivalia.hypotheses.org/53816;histoire et archéologie_d, sciences sociales interdisciplinaires_d, histoire_t, approches de corpus_t, enquêtes_t, archives_t;Datasets/all_labels_train_gensim_sparse_matrix.npz
tagebuch.hypotheses.org/84;histoire et archéologie_d, histoire_d, histoire_t, époque contemporaine_t, 1914-1918_t;Datasets/all_labels_train_gensim_sparse_matrix.npz
gab.hypotheses.org/645;histoire et archéologie_d, pluridisciplinarité_d, sciences sociales interdisciplinaires_d, études des sciences_t, sociologie des sciences_t, histoire_t;Datasets/all_labels_train_gensim_sparse_matrix.npz
archivalia.hypotheses.org/12285;histoire et archéologie_d, sciences sociales interdisciplinaires_d, histoire_t, approches de corpus_t, enquêtes_t, archives_t;Datasets/all_labels_train_gensim_sparse_matrix.npz
sdvigpress.hypotheses.org/669;langue et linguistique_d, philosophie_d, humanités pluridisciplinaires_d, épistémologie et méthodes_t, digital humanities_t, europe centrale et orientale_t, édition électronique_t, linguistique_t;Datasets/all_labels_train_gensim_sparse_matrix.npz
uegg.hypotheses.org/291;histoire_d, histoire_t, histoire politique_t, époque contemporaine_t, xxe siècle_t, prospectives_t;Datasets/all_labels_train_gensim_sparse_matrix.npz
inklusion.hypotheses.org/291;éducation_d, travail social et politique sociale_d, sociologie du travail_t, âges de la vie_t, information_t, sciences de l'éducation_t;Datasets/all_labels_train_gensim_sparse_matrix.npz
kristinoswald.hypotheses.org/1522;études anciennes_d, études des sciences_t, histoire_t, histoire et sociologie des médias_t, histoire culturelle_t, digital humanities_t;Datasets/all_labels_train_gensim_sparse_matrix.npz
wwc.hypotheses.org/758;humanités pluridisciplinaires_d, pluridisciplinarité_d, études régionales_d, relations internationales_t, information_t, représentations_t;Datasets/all_labels_train_gensim_sparse_matrix.npz
soziologieblog.hypotheses.org/9304;sciences sociales interdisciplinaires_d, sociologie et anthropologie_d, sociologie du travail_t, sociologie urbaine_t, sociologie de la culture_t, sociologie économique_t;Datasets/all_labels_train_gensim_sparse_matrix.npz
hofkultur.hypotheses.org/464;arts et humanités_d, histoire_d, histoire sociale_t, histoire culturelle_t, histoire de l'art_t;Datasets/all_labels_train_gensim_sparse_matrix.npz
archivalia.hypotheses.org/7459;histoire et archéologie_d, sciences sociales interdisciplinaires_d, histoire_t, approches de corpus_t, enquêtes_t, archives_t;Datasets/all_labels_train_gensim_sparse_matrix.npz
intersex.hypotheses.org/2892;histoire_d, biomédecine_d, étude des genres_t, histoire des sciences_t, histoire_t, histoire du droit_t, moyen âge_t, xxie siècle_t;Datasets/all_labels_train_gensim_sparse_matrix.npz
archivalia.hypotheses.org/10448;histoire et archéologie_d, sciences sociales interdisciplinaires_d, histoire_t, approches de corpus_t, enquêtes_t, archives_t;Datasets/all_labels_train_gensim_sparse_matrix.npz
oberrhein.hypotheses.org/1625;religions_d, archéologie_d, histoire_d, histoire_t, moyen âge_t, france_t, monde germanique_t;Datasets/all_labels_train_gensim_sparse_matrix.npz
musermeku.hypotheses.org/1091;humanités pluridisciplinaires_d, pluridisciplinarité_d, sciences sociales interdisciplinaires_d, sociologie_t, sociologie de la culture_t, histoire_t, histoire politique_t;Datasets/all_labels_train_gensim_sparse_matrix.npz
pophistory.hypotheses.org/1378;humanités pluridisciplinaires_d, histoire et archéologie_d, sociologie de la culture_t, histoire sociale_t, histoire culturelle_t, époque contemporaine_t;Datasets/all_labels_train_gensim_sparse_matrix.npz
archivewk1.hypotheses.org/12721;histoire_d, époque contemporaine_t, 1914-1918_t;Datasets/all_labels_train_gensim_sparse_matrix.npz
liparchiv.hypotheses.org/67;histoire et archéologie_d, sciences politiques_d, administration publique et développement_d, histoire urbaine_t, patrimoine_t, sciences auxiliaires de l'histoire_t, approches de corpus_t, enquêtes_t, archives_t, europe_t;Datasets/all_labels_train_gensim_sparse_matrix.npz
archivalia.hypotheses.org/55404;histoire et archéologie_d, sciences sociales interdisciplinaires_d, histoire_t, approches de corpus_t, enquêtes_t, archives_t;Datasets/all_labels_train_gensim_sparse_matrix.npz
inklusion.hypotheses.org/1640;éducation_d, travail social et politique sociale_d, sociologie du travail_t, âges de la vie_t, information_t, sciences de l'éducation_t;Datasets/all_labels_train_gensim_sparse_matrix.npz
hsc.hypotheses.org/407;arts et humanités_d, humanités pluridisciplinaires_d, histoire et archéologie_d, histoire_t, historiographie_t;Datasets/all_labels_train_gensim_sparse_matrix.npz
archivalia.hypotheses.org/13805;histoire et archéologie_d, sciences sociales interdisciplinaires_d, histoire_t, approches de corpus_t, enquêtes_t, archives_t;Datasets/all_labels_train_gensim_sparse_matrix.npz
archivalia.hypotheses.org/54672;histoire et archéologie_d, sciences sociales interdisciplinaires_d, histoire_t, approches de corpus_t, enquêtes_t, archives_t;Datasets/all_labels_train_gensim_sparse_matrix.npz
archive20.hypotheses.org/822;pluridisciplinarité_d, sciences sociales interdisciplinaires_d, histoire_t, information_t, patrimoine_t, monde germanique_t;Datasets/all_labels_train_gensim_sparse_matrix.npz
grammata.hypotheses.org/1005;études anciennes_d, religions_d, littérature_d, religions_t, littératures_t;Datasets/all_labels_train_gensim_sparse_matrix.npz
dighist.hypotheses.org/43;histoire_d, sciences sociales interdisciplinaires_d, études sur la famille_d, sociologie_d, histoire urbaine_t, histoire sociale_t, europe centrale et orientale_t;Datasets/all_labels_train_gensim_sparse_matrix.npz
dkblog.hypotheses.org/267;histoire_d, histoire_t, époque moderne_t, xviie siècle_t;Datasets/all_labels_train_gensim_sparse_matrix.npz
inklusion.hypotheses.org/2483;éducation_d, travail social et politique sociale_d, sociologie du travail_t, âges de la vie_t, information_t, sciences de l'éducation_t;Datasets/all_labels_train_gensim_sparse_matrix.npz
soziologieblog.hypotheses.org/8081;sciences sociales interdisciplinaires_d, sociologie et anthropologie_d, sociologie du travail_t, sociologie urbaine_t, sociologie de la culture_t, sociologie économique_t;Datasets/all_labels_train_gensim_sparse_matrix.npz
archivalia.hypotheses.org/62655;histoire et archéologie_d, sciences sociales interdisciplinaires_d, histoire_t, approches de corpus_t, enquêtes_t, archives_t;Datasets/all_labels_train_gensim_sparse_matrix.npz
soziologieblog.hypotheses.org/3224;sciences sociales interdisciplinaires_d, sociologie et anthropologie_d, sociologie du travail_t, sociologie urbaine_t, sociologie de la culture_t, sociologie économique_t;Datasets/all_labels_train_gensim_sparse_matrix.npz
dkblog.hypotheses.org/430;histoire_d, histoire_t, époque moderne_t, xviie siècle_t;Datasets/all_labels_train_gensim_sparse_matrix.npz
dhmuc.hypotheses.org/1125;humanités pluridisciplinaires_d, communication_d, pluridisciplinarité_d, sciences sociales interdisciplinaires_d, études des sciences_t, édition électronique_t, digital humanities_t;Datasets/all_labels_train_gensim_sparse_matrix.npz
archivalia.hypotheses.org/10671;histoire et archéologie_d, sciences sociales interdisciplinaires_d, histoire_t, approches de corpus_t, enquêtes_t, archives_t;Datasets/all_labels_train_gensim_sparse_matrix.npz
histbav.hypotheses.org/4573;humanités pluridisciplinaires_d, histoire_d, pluridisciplinarité_d, histoire_t, monde germanique_t;Datasets/all_labels_train_gensim_sparse_matrix.npz
bioeg.hypotheses.org/2045;histoire et archéologie_d, histoire_d, histoire_t, sciences auxiliaires de l'histoire_t, europe centrale et orientale_t, monde germanique_t;Datasets/all_labels_train_gensim_sparse_matrix.npz
heraldica.hypotheses.org/2365;histoire_d, histoire_t, historiographie_t, sciences auxiliaires de l'histoire_t, moyen âge_t, haut moyen âge_t;Datasets/all_labels_train_gensim_sparse_matrix.npz
archivalia.hypotheses.org/52258;histoire et archéologie_d, sciences sociales interdisciplinaires_d, histoire_t, approches de corpus_t, enquêtes_t, archives_t;Datasets/all_labels_train_gensim_sparse_matrix.npz
archivalia.hypotheses.org/9167;histoire et archéologie_d, sciences sociales interdisciplinaires_d, histoire_t, approches de corpus_t, enquêtes_t, archives_t;Datasets/all_labels_train_gensim_sparse_matrix.npz
archive20.hypotheses.org/1381;pluridisciplinarité_d, sciences sociales interdisciplinaires_d, histoire_t, information_t, patrimoine_t, monde germanique_t;Datasets/all_labels_train_gensim_sparse_matrix.npz
vwm.hypotheses.org/491;histoire et archéologie_d, histoire_d, études sur la famille_d, histoire_t, histoire sociale_t, époque moderne_t, xviie siècle_t, xviiie siècle_t;Datasets/all_labels_train_gensim_sparse_matrix.npz
naps.hypotheses.org/730;histoire_d, histoire_t, épistémologie et méthodes_t, approches de corpus_t, enquêtes_t, archives_t, prospectives_t, france_t, monde germanique_t;Datasets/all_labels_train_gensim_sparse_matrix.npz
ordensgeschichte.hypotheses.org/8982;arts et humanités_d, humanités pluridisciplinaires_d, histoire et archéologie_d, histoire et philosophie des sciences_d, histoire_t, haut moyen âge_t, bas moyen âge_t, xviie siècle_t, xviiie siècle_t;Datasets/all_labels_train_gensim_sparse_matrix.npz
schotten.hypotheses.org/172;religions_d, histoire et archéologie_d, sciences de l'information et de la communication_d, bibliothéconomie_d, histoire_t, histoire des religions_t, approches de corpus_t, enquêtes_t, archives_t, monde germanique_t;Datasets/all_labels_train_gensim_sparse_matrix.npz
archivamt.hypotheses.org/2113;communication_d, pluridisciplinarité_d, sciences sociales interdisciplinaires_d, information_t, sciences de l'information_t, représentations_t, patrimoine_t;Datasets/all_labels_train_gensim_sparse_matrix.npz
histbav.hypotheses.org/4733;humanités pluridisciplinaires_d, histoire_d, pluridisciplinarité_d, histoire_t, monde germanique_t;Datasets/all_labels_train_gensim_sparse_matrix.npz
resilienz.hypotheses.org/16;pluridisciplinarité_d, sciences sociales interdisciplinaires_d, études des sciences_t, épistémologie et méthodes_t, vie de la recherche_t, prospectives_t;Datasets/all_labels_train_gensim_sparse_matrix.npz
archivalia.hypotheses.org/1073;histoire et archéologie_d, sciences sociales interdisciplinaires_d, histoire_t, approches de corpus_t, enquêtes_t, archives_t;Datasets/all_labels_train_gensim_sparse_matrix.npz
soziologieblog.hypotheses.org/2350;sciences sociales interdisciplinaires_d, sociologie et anthropologie_d, sociologie du travail_t, sociologie urbaine_t, sociologie de la culture_t, sociologie économique_t;Datasets/all_labels_train_gensim_sparse_matrix.npz
dkblog.hypotheses.org/649;histoire_d, histoire_t, époque moderne_t, xviie siècle_t;Datasets/all_labels_train_gensim_sparse_matrix.npz
ordensgeschichte.hypotheses.org/7332;arts et humanités_d, humanités pluridisciplinaires_d, histoire et archéologie_d, histoire et philosophie des sciences_d, histoire_t, haut moyen âge_t, bas moyen âge_t, xviie siècle_t, xviiie siècle_t;Datasets/all_labels_train_gensim_sparse_matrix.npz
dhdhi.hypotheses.org/2664;histoire et archéologie_d, histoire_t, épistémologie et méthodes_t, digital humanities_t;Datasets/all_labels_train_gensim_sparse_matrix.npz
archivewk1.hypotheses.org/6934;histoire_d, époque contemporaine_t, 1914-1918_t;Datasets/all_labels_train_gensim_sparse_matrix.npz
archivewk1.hypotheses.org/1800;histoire_d, époque contemporaine_t, 1914-1918_t;Datasets/all_labels_train_gensim_sparse_matrix.npz
lvrafz.hypotheses.org/1922;pluridisciplinarité_d, information_t;Datasets/all_labels_train_gensim_sparse_matrix.npz
archivalia.hypotheses.org/2412;histoire et archéologie_d, sciences sociales interdisciplinaires_d, histoire_t, approches de corpus_t, enquêtes_t, archives_t;Datasets/all_labels_train_gensim_sparse_matrix.npz
archivalia.hypotheses.org/6050;histoire et archéologie_d, sciences sociales interdisciplinaires_d, histoire_t, approches de corpus_t, enquêtes_t, archives_t;Datasets/all_labels_train_gensim_sparse_matrix.npz
pophistory.hypotheses.org/1694;humanités pluridisciplinaires_d, histoire et archéologie_d, sociologie de la culture_t, histoire sociale_t, histoire culturelle_t, époque contemporaine_t;Datasets/all_labels_train_gensim_sparse_matrix.npz
archivalia.hypotheses.org/52240;histoire et archéologie_d, sciences sociales interdisciplinaires_d, histoire_t, approches de corpus_t, enquêtes_t, archives_t;Datasets/all_labels_train_gensim_sparse_matrix.npz
aktenkunde.hypotheses.org/273;histoire_d, histoire_t, sciences auxiliaires de l'histoire_t;Datasets/all_labels_train_gensim_sparse_matrix.npz
tagebuch.hypotheses.org/1008;histoire et archéologie_d, histoire_d, histoire_t, époque contemporaine_t, 1914-1918_t;Datasets/all_labels_train_gensim_sparse_matrix.npz
archivewk1.hypotheses.org/10321;histoire_d, époque contemporaine_t, 1914-1918_t;Datasets/all_labels_train_gensim_sparse_matrix.npz
archivalia.hypotheses.org/12615;histoire et archéologie_d, sciences sociales interdisciplinaires_d, histoire_t, approches de corpus_t, enquêtes_t, archives_t;Datasets/all_labels_train_gensim_sparse_matrix.npz
merzdadaco.hypotheses.org/605;humanités pluridisciplinaires_d, littérature_d, littératures_t, représentations_t, histoire culturelle_t, histoire de l'art_t;Datasets/all_labels_train_gensim_sparse_matrix.npz
archivalia.hypotheses.org/61118;histoire et archéologie_d, sciences sociales interdisciplinaires_d, histoire_t, approches de corpus_t, enquêtes_t, archives_t;Datasets/all_labels_train_gensim_sparse_matrix.npz
soziologieblog.hypotheses.org/5608;sciences sociales interdisciplinaires_d, sociologie et anthropologie_d, sociologie du travail_t, sociologie urbaine_t, sociologie de la culture_t, sociologie économique_t;Datasets/all_labels_train_gensim_sparse_matrix.npz
archivalia.hypotheses.org/8872;histoire et archéologie_d, sciences sociales interdisciplinaires_d, histoire_t, approches de corpus_t, enquêtes_t, archives_t;Datasets/all_labels_train_gensim_sparse_matrix.npz
archivewk1.hypotheses.org/354;histoire_d, époque contemporaine_t, 1914-1918_t;Datasets/all_labels_train_gensim_sparse_matrix.npz
archive20.hypotheses.org/2269;pluridisciplinarité_d, sciences sociales interdisciplinaires_d, histoire_t, information_t, patrimoine_t, monde germanique_t;Datasets/all_labels_train_gensim_sparse_matrix.npz
archivalia.hypotheses.org/8907;histoire et archéologie_d, sciences sociales interdisciplinaires_d, histoire_t, approches de corpus_t, enquêtes_t, archives_t;Datasets/all_labels_train_gensim_sparse_matrix.npz
lvrafz.hypotheses.org/109;pluridisciplinarité_d, information_t;Datasets/all_labels_train_gensim_sparse_matrix.npz
archivewk1.hypotheses.org/6897;histoire_d, époque contemporaine_t, 1914-1918_t;Datasets/all_labels_train_gensim_sparse_matrix.npz
soziologieblog.hypotheses.org/7395;sciences sociales interdisciplinaires_d, sociologie et anthropologie_d, sociologie du travail_t, sociologie urbaine_t, sociologie de la culture_t, sociologie économique_t;Datasets/all_labels_train_gensim_sparse_matrix.npz
archivalia.hypotheses.org/13776;histoire et archéologie_d, sciences sociales interdisciplinaires_d, histoire_t, approches de corpus_t, enquêtes_t, archives_t;Datasets/all_labels_train_gensim_sparse_matrix.npz
archivalia.hypotheses.org/8583;histoire et archéologie_d, sciences sociales interdisciplinaires_d, histoire_t, approches de corpus_t, enquêtes_t, archives_t;Datasets/all_labels_train_gensim_sparse_matrix.npz
unibloggt.hypotheses.org/842;histoire et archéologie_d, pluridisciplinarité_d, histoire_t, information_t;Datasets/all_labels_train_gensim_sparse_matrix.npz
kristinoswald.hypotheses.org/1500;études anciennes_d, études des sciences_t, histoire_t, histoire et sociologie des médias_t, histoire culturelle_t, digital humanities_t;Datasets/all_labels_train_gensim_sparse_matrix.npz
archivewk1.hypotheses.org/30240;histoire_d, époque contemporaine_t, 1914-1918_t;Datasets/all_labels_train_gensim_sparse_matrix.npz
archivalia.hypotheses.org/13207;histoire et archéologie_d, sciences sociales interdisciplinaires_d, histoire_t, approches de corpus_t, enquêtes_t, archives_t;Datasets/all_labels_train_gensim_sparse_matrix.npz
pophistory.hypotheses.org/1709;humanités pluridisciplinaires_d, histoire et archéologie_d, sociologie de la culture_t, histoire sociale_t, histoire culturelle_t, époque contemporaine_t;Datasets/all_labels_train_gensim_sparse_matrix.npz
kinder.hypotheses.org/565;éducation et sciences de l'éducation_d, études sur la famille_d, âges de la vie_t, sciences de l'éducation_t;Datasets/all_labels_train_gensim_sparse_matrix.npz
cereg.hypotheses.org/87;arts et humanités_d, histoire_d, littérature_d, monde germanique_t;Datasets/all_labels_train_gensim_sparse_matrix.npz
archivalia.hypotheses.org/11067;histoire et archéologie_d, sciences sociales interdisciplinaires_d, histoire_t, approches de corpus_t, enquêtes_t, archives_t;Datasets/all_labels_train_gensim_sparse_matrix.npz
archivalia.hypotheses.org/4041;histoire et archéologie_d, sciences sociales interdisciplinaires_d, histoire_t, approches de corpus_t, enquêtes_t, archives_t;Datasets/all_labels_train_gensim_sparse_matrix.npz
archivalia.hypotheses.org/56104;histoire et archéologie_d, sciences sociales interdisciplinaires_d, histoire_t, approches de corpus_t, enquêtes_t, archives_t;Datasets/all_labels_train_gensim_sparse_matrix.npz
archivalia.hypotheses.org/10444;histoire et archéologie_d, sciences sociales interdisciplinaires_d, histoire_t, approches de corpus_t, enquêtes_t, archives_t;Datasets/all_labels_train_gensim_sparse_matrix.npz
dhmuc.hypotheses.org/1020;humanités pluridisciplinaires_d, communication_d, pluridisciplinarité_d, sciences sociales interdisciplinaires_d, études des sciences_t, édition électronique_t, digital humanities_t;Datasets/all_labels_train_gensim_sparse_matrix.npz
amuc.hypotheses.org/1213;humanités pluridisciplinaires_d, histoire_d, histoire_t, représentations_t, patrimoine_t;Datasets/all_labels_train_gensim_sparse_matrix.npz
archivekod.hypotheses.org/678;religions_d, histoire et archéologie_d, sciences de l'information et de la communication_d, bibliothéconomie_d, communication_d, histoire_t, histoire des religions_t, patrimoine_t;Datasets/all_labels_train_gensim_sparse_matrix.npz
archivewk1.hypotheses.org/17678;histoire_d, époque contemporaine_t, 1914-1918_t;Datasets/all_labels_train_gensim_sparse_matrix.npz
frueheneuzeit.hypotheses.org/1525;histoire et archéologie_d, histoire_t, époque moderne_t, xviie siècle_t, xviiie siècle_t, révolution française_t;Datasets/all_labels_train_gensim_sparse_matrix.npz
bioeg.hypotheses.org/1430;histoire et archéologie_d, histoire_d, histoire_t, sciences auxiliaires de l'histoire_t, europe centrale et orientale_t, monde germanique_t;Datasets/all_labels_train_gensim_sparse_matrix.npz
archivalia.hypotheses.org/8903;histoire et archéologie_d, sciences sociales interdisciplinaires_d, histoire_t, approches de corpus_t, enquêtes_t, archives_t;Datasets/all_labels_train_gensim_sparse_matrix.npz
aktenkunde.hypotheses.org/613;histoire_d, histoire_t, sciences auxiliaires de l'histoire_t;Datasets/all_labels_train_gensim_sparse_matrix.npz
tagebuch.hypotheses.org/154;histoire et archéologie_d, histoire_d, histoire_t, époque contemporaine_t, 1914-1918_t;Datasets/all_labels_train_gensim_sparse_matrix.npz
archivewk1.hypotheses.org/19377;histoire_d, époque contemporaine_t, 1914-1918_t;Datasets/all_labels_train_gensim_sparse_matrix.npz
archivewk1.hypotheses.org/19142;histoire_d, époque contemporaine_t, 1914-1918_t;Datasets/all_labels_train_gensim_sparse_matrix.npz
soziologieblog.hypotheses.org/2011;sciences sociales interdisciplinaires_d, sociologie et anthropologie_d, sociologie du travail_t, sociologie urbaine_t, sociologie de la culture_t, sociologie économique_t;Datasets/all_labels_train_gensim_sparse_matrix.npz
frueheneuzeit.hypotheses.org/1399;histoire et archéologie_d, histoire_t, époque moderne_t, xviie siècle_t, xviiie siècle_t, révolution française_t;Datasets/all_labels_train_gensim_sparse_matrix.npz
archivalia.hypotheses.org/53124;histoire et archéologie_d, sciences sociales interdisciplinaires_d, histoire_t, approches de corpus_t, enquêtes_t, archives_t;Datasets/all_labels_train_gensim_sparse_matrix.npz
histbav.hypotheses.org/4290;humanités pluridisciplinaires_d, histoire_d, pluridisciplinarité_d, histoire_t, monde germanique_t;Datasets/all_labels_train_gensim_sparse_matrix.npz
maxweber.hypotheses.org/999;humanités pluridisciplinaires_d, histoire et archéologie_d, histoire et philosophie des sciences_d, sociologie et anthropologie_d, histoire sociale_t, histoire intellectuelle_t, sociologie des religions_t, vie de la recherche_t;Datasets/all_labels_train_gensim_sparse_matrix.npz
mindthegaps.hypotheses.org/2103;études asiatiques_d, histoire_d, histoire_t, histoire culturelle_t, asie_t, chine_t;Datasets/all_labels_train_gensim_sparse_matrix.npz
archivalia.hypotheses.org/10501;histoire et archéologie_d, sciences sociales interdisciplinaires_d, histoire_t, approches de corpus_t, enquêtes_t, archives_t;Datasets/all_labels_train_gensim_sparse_matrix.npz
archivamt.hypotheses.org/4291;communication_d, pluridisciplinarité_d, sciences sociales interdisciplinaires_d, information_t, sciences de l'information_t, représentations_t, patrimoine_t;Datasets/all_labels_train_gensim_sparse_matrix.npz
wenhua.hypotheses.org/1483;études asiatiques_d, humanités pluridisciplinaires_d, histoire_d, histoire culturelle_t, asie_t;Datasets/all_labels_train_gensim_sparse_matrix.npz
archive20.hypotheses.org/1967;pluridisciplinarité_d, sciences sociales interdisciplinaires_d, histoire_t, information_t, patrimoine_t, monde germanique_t;Datasets/all_labels_train_gensim_sparse_matrix.npz
bloghaus.hypotheses.org/1688;pluridisciplinarité_d, sciences sociales interdisciplinaires_d, information_t, digital humanities_t;Datasets/all_labels_train_gensim_sparse_matrix.npz
archivalia.hypotheses.org/13547;histoire et archéologie_d, sciences sociales interdisciplinaires_d, histoire_t, approches de corpus_t, enquêtes_t, archives_t;Datasets/all_labels_train_gensim_sparse_matrix.npz
archivekod.hypotheses.org/661;religions_d, histoire et archéologie_d, sciences de l'information et de la communication_d, bibliothéconomie_d, communication_d, histoire_t, histoire des religions_t, patrimoine_t;Datasets/all_labels_train_gensim_sparse_matrix.npz
archivalia.hypotheses.org/12974;histoire et archéologie_d, sciences sociales interdisciplinaires_d, histoire_t, approches de corpus_t, enquêtes_t, archives_t;Datasets/all_labels_train_gensim_sparse_matrix.npz
archivalia.hypotheses.org/2207;histoire et archéologie_d, sciences sociales interdisciplinaires_d, histoire_t, approches de corpus_t, enquêtes_t, archives_t;Datasets/all_labels_train_gensim_sparse_matrix.npz
achtundvierzig.hypotheses.org/201;sciences politiques_d, histoire_d, époque contemporaine_t, prospectives_t, histoire politique_t, monde germanique_t;Datasets/all_labels_train_gensim_sparse_matrix.npz
archive20.hypotheses.org/610;pluridisciplinarité_d, sciences sociales interdisciplinaires_d, histoire_t, information_t, patrimoine_t, monde germanique_t;Datasets/all_labels_train_gensim_sparse_matrix.npz
jameel.hypotheses.org/750;pluridisciplinarité_d, études régionales_d, archéologie_d, arts_d, humanités pluridisciplinaires_d, représentations_t, asie_t, digital humanities_t, histoire de l'art_t;Datasets/all_labels_train_gensim_sparse_matrix.npz
archivalia.hypotheses.org/56035;histoire et archéologie_d, sciences sociales interdisciplinaires_d, histoire_t, approches de corpus_t, enquêtes_t, archives_t;Datasets/all_labels_train_gensim_sparse_matrix.npz
jeunegen.hypotheses.org/256;histoire_d, pluridisciplinarité_d, histoire_t, vie de la recherche_t, moyen âge_t, haut moyen âge_t, bas moyen âge_t;Datasets/all_labels_train_gensim_sparse_matrix.npz
archivalia.hypotheses.org/6883;histoire et archéologie_d, sciences sociales interdisciplinaires_d, histoire_t, approches de corpus_t, enquêtes_t, archives_t;Datasets/all_labels_train_gensim_sparse_matrix.npz
liparchiv.hypotheses.org/1050;histoire et archéologie_d, sciences politiques_d, administration publique et développement_d, histoire urbaine_t, patrimoine_t, sciences auxiliaires de l'histoire_t, approches de corpus_t, enquêtes_t, archives_t, europe_t;Datasets/all_labels_train_gensim_sparse_matrix.npz
archivalia.hypotheses.org/8979;histoire et archéologie_d, sciences sociales interdisciplinaires_d, histoire_t, approches de corpus_t, enquêtes_t, archives_t;Datasets/all_labels_train_gensim_sparse_matrix.npz
histbav.hypotheses.org/2115;humanités pluridisciplinaires_d, histoire_d, pluridisciplinarité_d, histoire_t, monde germanique_t;Datasets/all_labels_train_gensim_sparse_matrix.npz
archivalia.hypotheses.org/6292;histoire et archéologie_d, sciences sociales interdisciplinaires_d, histoire_t, approches de corpus_t, enquêtes_t, archives_t;Datasets/all_labels_train_gensim_sparse_matrix.npz
archivalia.hypotheses.org/2420;histoire et archéologie_d, sciences sociales interdisciplinaires_d, histoire_t, approches de corpus_t, enquêtes_t, archives_t;Datasets/all_labels_train_gensim_sparse_matrix.npz
gab.hypotheses.org/102;histoire et archéologie_d, pluridisciplinarité_d, sciences sociales interdisciplinaires_d, études des sciences_t, sociologie des sciences_t, histoire_t;Datasets/all_labels_train_gensim_sparse_matrix.npz
mittelalter.hypotheses.org/2987;humanités pluridisciplinaires_d, religions_d, histoire_d, sociologie_d, histoire_t, histoire sociale_t, histoire intellectuelle_t, moyen âge_t, haut moyen âge_t, bas moyen âge_t;Datasets/all_labels_train_gensim_sparse_matrix.npz
histbav.hypotheses.org/1923;humanités pluridisciplinaires_d, histoire_d, pluridisciplinarité_d, histoire_t, monde germanique_t;Datasets/all_labels_train_gensim_sparse_matrix.npz
grandeguerre.hypotheses.org/280;histoire et archéologie_d, histoire_t, 1914-1918_t, prospectives_t, france_t, monde germanique_t;Datasets/all_labels_train_gensim_sparse_matrix.npz
soziologieblog.hypotheses.org/4132;sciences sociales interdisciplinaires_d, sociologie et anthropologie_d, sociologie du travail_t, sociologie urbaine_t, sociologie de la culture_t, sociologie économique_t;Datasets/all_labels_train_gensim_sparse_matrix.npz
redaktionsblog.hypotheses.org/340;arts et humanités_d, humanités pluridisciplinaires_d, épistémologie et méthodes_t, digital humanities_t;Datasets/all_labels_train_gensim_sparse_matrix.npz
tagebuch.hypotheses.org/1056;histoire et archéologie_d, histoire_d, histoire_t, époque contemporaine_t, 1914-1918_t;Datasets/all_labels_train_gensim_sparse_matrix.npz
1914lvr.hypotheses.org/586;sciences politiques_d, histoire_t, époque contemporaine_t, 1914-1918_t;Datasets/all_labels_train_gensim_sparse_matrix.npz
archivalia.hypotheses.org/13949;histoire et archéologie_d, sciences sociales interdisciplinaires_d, histoire_t, approches de corpus_t, enquêtes_t, archives_t;Datasets/all_labels_train_gensim_sparse_matrix.npz
archivalia.hypotheses.org/1219;histoire et archéologie_d, sciences sociales interdisciplinaires_d, histoire_t, approches de corpus_t, enquêtes_t, archives_t;Datasets/all_labels_train_gensim_sparse_matrix.npz
nordichistoryblog.hypotheses.org/2953;arts et humanités_d, histoire et archéologie_d, histoire_t, édition électronique_t, vie de la recherche_t, approches de corpus_t, enquêtes_t, archives_t, europe_t, pays baltes et scandinaves_t;Datasets/all_labels_train_gensim_sparse_matrix.npz
archivalia.hypotheses.org/12280;histoire et archéologie_d, sciences sociales interdisciplinaires_d, histoire_t, approches de corpus_t, enquêtes_t, archives_t;Datasets/all_labels_train_gensim_sparse_matrix.npz
archivalia.hypotheses.org/9833;histoire et archéologie_d, sciences sociales interdisciplinaires_d, histoire_t, approches de corpus_t, enquêtes_t, archives_t;Datasets/all_labels_train_gensim_sparse_matrix.npz
siegelblog.hypotheses.org/18;histoire_d, histoire et sociologie des médias_t, histoire de l'art_t, haut moyen âge_t;Datasets/all_labels_train_gensim_sparse_matrix.npz
archivamt.hypotheses.org/2328;communication_d, pluridisciplinarité_d, sciences sociales interdisciplinaires_d, information_t, sciences de l'information_t, représentations_t, patrimoine_t;Datasets/all_labels_train_gensim_sparse_matrix.npz
1914lvr.hypotheses.org/1637;sciences politiques_d, histoire_t, époque contemporaine_t, 1914-1918_t;Datasets/all_labels_train_gensim_sparse_matrix.npz
archivalia.hypotheses.org/4586;histoire et archéologie_d, sciences sociales interdisciplinaires_d, histoire_t, approches de corpus_t, enquêtes_t, archives_t;Datasets/all_labels_train_gensim_sparse_matrix.npz
archivalia.hypotheses.org/6413;histoire et archéologie_d, sciences sociales interdisciplinaires_d, histoire_t, approches de corpus_t, enquêtes_t, archives_t;Datasets/all_labels_train_gensim_sparse_matrix.npz
lvrafz.hypotheses.org/2104;pluridisciplinarité_d, information_t;Datasets/all_labels_train_gensim_sparse_matrix.npz
dokunstlmu.hypotheses.org/214;arts et humanités_d, histoire intellectuelle_t;Datasets/all_labels_train_gensim_sparse_matrix.npz
sammeln.hypotheses.org/695;sciences sociales interdisciplinaires_d, histoire des sciences_t, patrimoine_t, sciences auxiliaires de l'histoire_t, approches de corpus_t, enquêtes_t, archives_t;Datasets/all_labels_train_gensim_sparse_matrix.npz
texperimentales.hypotheses.org/116;linguistique appliquée_d, langue et linguistique_d, langage_t, linguistique_t, information_t, sciences de l'information_t, digital humanities_t;Datasets/all_labels_train_gensim_sparse_matrix.npz
archivalia.hypotheses.org/10469;histoire et archéologie_d, sciences sociales interdisciplinaires_d, histoire_t, approches de corpus_t, enquêtes_t, archives_t;Datasets/all_labels_train_gensim_sparse_matrix.npz
19jhdhip.hypotheses.org/886;histoire_d, époque contemporaine_t, prospectives_t, france_t, monde germanique_t;Datasets/all_labels_train_gensim_sparse_matrix.npz
archivalia.hypotheses.org/10880;histoire et archéologie_d, sciences sociales interdisciplinaires_d, histoire_t, approches de corpus_t, enquêtes_t, archives_t;Datasets/all_labels_train_gensim_sparse_matrix.npz
archivamt.hypotheses.org/1207;communication_d, pluridisciplinarité_d, sciences sociales interdisciplinaires_d, information_t, sciences de l'information_t, représentations_t, patrimoine_t;Datasets/all_labels_train_gensim_sparse_matrix.npz
archivewk1.hypotheses.org/4948;histoire_d, époque contemporaine_t, 1914-1918_t;Datasets/all_labels_train_gensim_sparse_matrix.npz
soziologieblog.hypotheses.org/9988;sciences sociales interdisciplinaires_d, sociologie et anthropologie_d, sociologie du travail_t, sociologie urbaine_t, sociologie de la culture_t, sociologie économique_t;Datasets/all_labels_train_gensim_sparse_matrix.npz
1914lvr.hypotheses.org/1635;sciences politiques_d, histoire_t, époque contemporaine_t, 1914-1918_t;Datasets/all_labels_train_gensim_sparse_matrix.npz
dhmuc.hypotheses.org/1346;humanités pluridisciplinaires_d, communication_d, pluridisciplinarité_d, sciences sociales interdisciplinaires_d, études des sciences_t, édition électronique_t, digital humanities_t;Datasets/all_labels_train_gensim_sparse_matrix.npz
lvrafz.hypotheses.org/2102;pluridisciplinarité_d, information_t;Datasets/all_labels_train_gensim_sparse_matrix.npz
dhmuc.hypotheses.org/529;humanités pluridisciplinaires_d, communication_d, pluridisciplinarité_d, sciences sociales interdisciplinaires_d, études des sciences_t, édition électronique_t, digital humanities_t;Datasets/all_labels_train_gensim_sparse_matrix.npz
archivalia.hypotheses.org/8283;histoire et archéologie_d, sciences sociales interdisciplinaires_d, histoire_t, approches de corpus_t, enquêtes_t, archives_t;Datasets/all_labels_train_gensim_sparse_matrix.npz
dhdhi.hypotheses.org/2108;histoire et archéologie_d, histoire_t, épistémologie et méthodes_t, digital humanities_t;Datasets/all_labels_train_gensim_sparse_matrix.npz
archivalia.hypotheses.org/1278;histoire et archéologie_d, sciences sociales interdisciplinaires_d, histoire_t, approches de corpus_t, enquêtes_t, archives_t;Datasets/all_labels_train_gensim_sparse_matrix.npz
archivewk1.hypotheses.org/26231;histoire_d, époque contemporaine_t, 1914-1918_t;Datasets/all_labels_train_gensim_sparse_matrix.npz
histgymbib.hypotheses.org/1654;arts et humanités_d, humanités pluridisciplinaires_d, sciences de l'information et de la communication_d, bibliothéconomie_d, sciences sociales interdisciplinaires_d, éducation_t, xvie siècle_t, xviie siècle_t, xviiie siècle_t, prospectives_t;Datasets/all_labels_train_gensim_sparse_matrix.npz
tagebuch.hypotheses.org/1376;histoire et archéologie_d, histoire_d, histoire_t, époque contemporaine_t, 1914-1918_t;Datasets/all_labels_train_gensim_sparse_matrix.npz
lvrafz.hypotheses.org/1822;pluridisciplinarité_d, information_t;Datasets/all_labels_train_gensim_sparse_matrix.npz
soziologieblog.hypotheses.org/1800;sciences sociales interdisciplinaires_d, sociologie et anthropologie_d, sociologie du travail_t, sociologie urbaine_t, sociologie de la culture_t, sociologie économique_t;Datasets/all_labels_train_gensim_sparse_matrix.npz
archivalia.hypotheses.org/8180;histoire et archéologie_d, sciences sociales interdisciplinaires_d, histoire_t, approches de corpus_t, enquêtes_t, archives_t;Datasets/all_labels_train_gensim_sparse_matrix.npz
ostbib.hypotheses.org/1179;humanités pluridisciplinaires_d, histoire et archéologie_d, sciences de l'information et de la communication_d, bibliothéconomie_d, sciences sociales interdisciplinaires_d, sciences de l'information_t, édition électronique_t;Datasets/all_labels_train_gensim_sparse_matrix.npz
grandeguerre.hypotheses.org/1091;histoire et archéologie_d, histoire_t, 1914-1918_t, prospectives_t, france_t, monde germanique_t;Datasets/all_labels_train_gensim_sparse_matrix.npz
anthropologicalmaterialism.hypotheses.org/1997;sociologie_t, philosophie_t;Datasets/all_labels_train_gensim_sparse_matrix.npz
grk1919.hypotheses.org/229;histoire et archéologie_d, histoire et philosophie des sciences_d, histoire_t;Datasets/all_labels_train_gensim_sparse_matrix.npz
archivalia.hypotheses.org/10983;histoire et archéologie_d, sciences sociales interdisciplinaires_d, histoire_t, approches de corpus_t, enquêtes_t, archives_t;Datasets/all_labels_train_gensim_sparse_matrix.npz
lvrafz.hypotheses.org/2215;pluridisciplinarité_d, information_t;Datasets/all_labels_train_gensim_sparse_matrix.npz
histbav.hypotheses.org/2861;humanités pluridisciplinaires_d, histoire_d, pluridisciplinarité_d, histoire_t, monde germanique_t;Datasets/all_labels_train_gensim_sparse_matrix.npz
archivalia.hypotheses.org/12805;histoire et archéologie_d, sciences sociales interdisciplinaires_d, histoire_t, approches de corpus_t, enquêtes_t, archives_t;Datasets/all_labels_train_gensim_sparse_matrix.npz
archivalia.hypotheses.org/4954;histoire et archéologie_d, sciences sociales interdisciplinaires_d, histoire_t, approches de corpus_t, enquêtes_t, archives_t;Datasets/all_labels_train_gensim_sparse_matrix.npz
archivewk1.hypotheses.org/19614;histoire_d, époque contemporaine_t, 1914-1918_t;Datasets/all_labels_train_gensim_sparse_matrix.npz
archive20.hypotheses.org/4023;pluridisciplinarité_d, sciences sociales interdisciplinaires_d, histoire_t, information_t, patrimoine_t, monde germanique_t;Datasets/all_labels_train_gensim_sparse_matrix.npz
ordensgeschichte.hypotheses.org/4564;arts et humanités_d, humanités pluridisciplinaires_d, histoire et archéologie_d, histoire et philosophie des sciences_d, histoire_t, haut moyen âge_t, bas moyen âge_t, xviie siècle_t, xviiie siècle_t;Datasets/all_labels_train_gensim_sparse_matrix.npz
intersex.hypotheses.org/2006;histoire_d, biomédecine_d, étude des genres_t, histoire des sciences_t, histoire_t, histoire du droit_t, moyen âge_t, xxie siècle_t;Datasets/all_labels_train_gensim_sparse_matrix.npz
archivewk1.hypotheses.org/13584;histoire_d, époque contemporaine_t, 1914-1918_t;Datasets/all_labels_train_gensim_sparse_matrix.npz
1914lvr.hypotheses.org/1423;sciences politiques_d, histoire_t, époque contemporaine_t, 1914-1918_t;Datasets/all_labels_train_gensim_sparse_matrix.npz
hoyerswerda.hypotheses.org/177;arts et humanités_d, histoire_d, histoire urbaine_t, monde germanique_t;Datasets/all_labels_train_gensim_sparse_matrix.npz
gid.hypotheses.org/334;pluridisciplinarité_d, sciences sociales interdisciplinaires_d, études des sciences_t, histoire des sciences_t, pensée_t, histoire intellectuelle_t, histoire culturelle_t, prospectives_t;Datasets/all_labels_train_gensim_sparse_matrix.npz
archivalia.hypotheses.org/6420;histoire et archéologie_d, sciences sociales interdisciplinaires_d, histoire_t, approches de corpus_t, enquêtes_t, archives_t;Datasets/all_labels_train_gensim_sparse_matrix.npz
archivalia.hypotheses.org/56171;histoire et archéologie_d, sciences sociales interdisciplinaires_d, histoire_t, approches de corpus_t, enquêtes_t, archives_t;Datasets/all_labels_train_gensim_sparse_matrix.npz
ordensgeschichte.hypotheses.org/3030;arts et humanités_d, humanités pluridisciplinaires_d, histoire et archéologie_d, histoire et philosophie des sciences_d, histoire_t, haut moyen âge_t, bas moyen âge_t, xviie siècle_t, xviiie siècle_t;Datasets/all_labels_train_gensim_sparse_matrix.npz
dhdhi.hypotheses.org/1575;histoire et archéologie_d, histoire_t, épistémologie et méthodes_t, digital humanities_t;Datasets/all_labels_train_gensim_sparse_matrix.npz
archivalia.hypotheses.org/12744;histoire et archéologie_d, sciences sociales interdisciplinaires_d, histoire_t, approches de corpus_t, enquêtes_t, archives_t;Datasets/all_labels_train_gensim_sparse_matrix.npz
archivalia.hypotheses.org/7292;histoire et archéologie_d, sciences sociales interdisciplinaires_d, histoire_t, approches de corpus_t, enquêtes_t, archives_t;Datasets/all_labels_train_gensim_sparse_matrix.npz
archivalia.hypotheses.org/8011;histoire et archéologie_d, sciences sociales interdisciplinaires_d, histoire_t, approches de corpus_t, enquêtes_t, archives_t;Datasets/all_labels_train_gensim_sparse_matrix.npz
archivewk1.hypotheses.org/1831;histoire_d, époque contemporaine_t, 1914-1918_t;Datasets/all_labels_train_gensim_sparse_matrix.npz
ordensgeschichte.hypotheses.org/6333;arts et humanités_d, humanités pluridisciplinaires_d, histoire et archéologie_d, histoire et philosophie des sciences_d, histoire_t, haut moyen âge_t, bas moyen âge_t, xviie siècle_t, xviiie siècle_t;Datasets/all_labels_train_gensim_sparse_matrix.npz
archives.hypotheses.org/761;histoire_d, communication_d, patrimoine_t, digital humanities_t, moyen âge_t, époque moderne_t, france_t, monde germanique_t;Datasets/all_labels_train_gensim_sparse_matrix.npz
archivalia.hypotheses.org/11608;histoire et archéologie_d, sciences sociales interdisciplinaires_d, histoire_t, approches de corpus_t, enquêtes_t, archives_t;Datasets/all_labels_train_gensim_sparse_matrix.npz
tagebuch.hypotheses.org/1170;histoire et archéologie_d, histoire_d, histoire_t, époque contemporaine_t, 1914-1918_t;Datasets/all_labels_train_gensim_sparse_matrix.npz
dhdhi.hypotheses.org/1338;histoire et archéologie_d, histoire_t, épistémologie et méthodes_t, digital humanities_t;Datasets/all_labels_train_gensim_sparse_matrix.npz
archivalia.hypotheses.org/2250;histoire et archéologie_d, sciences sociales interdisciplinaires_d, histoire_t, approches de corpus_t, enquêtes_t, archives_t;Datasets/all_labels_train_gensim_sparse_matrix.npz
archivalia.hypotheses.org/55029;histoire et archéologie_d, sciences sociales interdisciplinaires_d, histoire_t, approches de corpus_t, enquêtes_t, archives_t;Datasets/all_labels_train_gensim_sparse_matrix.npz
dhmuc.hypotheses.org/84;humanités pluridisciplinaires_d, communication_d, pluridisciplinarité_d, sciences sociales interdisciplinaires_d, études des sciences_t, édition électronique_t, digital humanities_t;Datasets/all_labels_train_gensim_sparse_matrix.npz
archivalia.hypotheses.org/7329;histoire et archéologie_d, sciences sociales interdisciplinaires_d, histoire_t, approches de corpus_t, enquêtes_t, archives_t;Datasets/all_labels_train_gensim_sparse_matrix.npz
archivalia.hypotheses.org/13962;histoire et archéologie_d, sciences sociales interdisciplinaires_d, histoire_t, approches de corpus_t, enquêtes_t, archives_t;Datasets/all_labels_train_gensim_sparse_matrix.npz
ordensgeschichte.hypotheses.org/9423;arts et humanités_d, humanités pluridisciplinaires_d, histoire et archéologie_d, histoire et philosophie des sciences_d, histoire_t, haut moyen âge_t, bas moyen âge_t, xviie siècle_t, xviiie siècle_t;Datasets/all_labels_train_gensim_sparse_matrix.npz
reichwein.hypotheses.org/541;histoire et archéologie_d, histoire des sciences_t, 1945-1989_t;Datasets/all_labels_train_gensim_sparse_matrix.npz
mittelalter.hypotheses.org/6534;humanités pluridisciplinaires_d, religions_d, histoire_d, sociologie_d, histoire_t, histoire sociale_t, histoire intellectuelle_t, moyen âge_t, haut moyen âge_t, bas moyen âge_t;Datasets/all_labels_train_gensim_sparse_matrix.npz
dhdhi.hypotheses.org/1960;histoire et archéologie_d, histoire_t, épistémologie et méthodes_t, digital humanities_t;Datasets/all_labels_train_gensim_sparse_matrix.npz
archivewk1.hypotheses.org/30687;histoire_d, époque contemporaine_t, 1914-1918_t;Datasets/all_labels_train_gensim_sparse_matrix.npz
archivalia.hypotheses.org/7889;histoire et archéologie_d, sciences sociales interdisciplinaires_d, histoire_t, approches de corpus_t, enquêtes_t, archives_t;Datasets/all_labels_train_gensim_sparse_matrix.npz
archivewk1.hypotheses.org/16216;histoire_d, époque contemporaine_t, 1914-1918_t;Datasets/all_labels_train_gensim_sparse_matrix.npz
ordensgeschichte.hypotheses.org/7645;arts et humanités_d, humanités pluridisciplinaires_d, histoire et archéologie_d, histoire et philosophie des sciences_d, histoire_t, haut moyen âge_t, bas moyen âge_t, xviie siècle_t, xviiie siècle_t;Datasets/all_labels_train_gensim_sparse_matrix.npz
archive20.hypotheses.org/1363;pluridisciplinarité_d, sciences sociales interdisciplinaires_d, histoire_t, information_t, patrimoine_t, monde germanique_t;Datasets/all_labels_train_gensim_sparse_matrix.npz
archivalia.hypotheses.org/8049;histoire et archéologie_d, sciences sociales interdisciplinaires_d, histoire_t, approches de corpus_t, enquêtes_t, archives_t;Datasets/all_labels_train_gensim_sparse_matrix.npz
redaktionsblog.hypotheses.org/374;arts et humanités_d, humanités pluridisciplinaires_d, épistémologie et méthodes_t, digital humanities_t;Datasets/all_labels_train_gensim_sparse_matrix.npz
archivewk1.hypotheses.org/32290;histoire_d, époque contemporaine_t, 1914-1918_t;Datasets/all_labels_train_gensim_sparse_matrix.npz
archivewk1.hypotheses.org/7683;histoire_d, époque contemporaine_t, 1914-1918_t;Datasets/all_labels_train_gensim_sparse_matrix.npz
kinder.hypotheses.org/1180;éducation et sciences de l'éducation_d, études sur la famille_d, âges de la vie_t, sciences de l'éducation_t;Datasets/all_labels_train_gensim_sparse_matrix.npz
zakunibonn.hypotheses.org/1862;histoire_d, psychologie_d, histoire_t, psychisme_t, psychologie_t, méthodes de traitement et de représentation_t, monde germanique_t;Datasets/all_labels_train_gensim_sparse_matrix.npz
gab.hypotheses.org/2010;histoire et archéologie_d, pluridisciplinarité_d, sciences sociales interdisciplinaires_d, études des sciences_t, sociologie des sciences_t, histoire_t;Datasets/all_labels_train_gensim_sparse_matrix.npz
1914lvr.hypotheses.org/971;sciences politiques_d, histoire_t, époque contemporaine_t, 1914-1918_t;Datasets/all_labels_train_gensim_sparse_matrix.npz
archivewk1.hypotheses.org/8995;histoire_d, époque contemporaine_t, 1914-1918_t;Datasets/all_labels_train_gensim_sparse_matrix.npz
fnzinfo.hypotheses.org/649;arts et humanités_d, musique_d, histoire et archéologie_d, histoire_t, xvie siècle_t, xviie siècle_t, xviiie siècle_t, révolution française_t;Datasets/all_labels_train_gensim_sparse_matrix.npz
histbav.hypotheses.org/372;humanités pluridisciplinaires_d, histoire_d, pluridisciplinarité_d, histoire_t, monde germanique_t;Datasets/all_labels_train_gensim_sparse_matrix.npz
europhilomem.hypotheses.org/2625;philosophie_d, philosophie_t, histoire intellectuelle_t, xxe siècle_t, prospectives_t;Datasets/all_labels_train_gensim_sparse_matrix.npz
archivalia.hypotheses.org/5787;histoire et archéologie_d, sciences sociales interdisciplinaires_d, histoire_t, approches de corpus_t, enquêtes_t, archives_t;Datasets/all_labels_train_gensim_sparse_matrix.npz
archivalia.hypotheses.org/13530;histoire et archéologie_d, sciences sociales interdisciplinaires_d, histoire_t, approches de corpus_t, enquêtes_t, archives_t;Datasets/all_labels_train_gensim_sparse_matrix.npz
wenhua.hypotheses.org/1303;études asiatiques_d, humanités pluridisciplinaires_d, histoire_d, histoire culturelle_t, asie_t;Datasets/all_labels_train_gensim_sparse_matrix.npz
1914lvr.hypotheses.org/906;sciences politiques_d, histoire_t, époque contemporaine_t, 1914-1918_t;Datasets/all_labels_train_gensim_sparse_matrix.npz
archivewk1.hypotheses.org/32385;histoire_d, époque contemporaine_t, 1914-1918_t;Datasets/all_labels_train_gensim_sparse_matrix.npz
archivalia.hypotheses.org/9846;histoire et archéologie_d, sciences sociales interdisciplinaires_d, histoire_t, approches de corpus_t, enquêtes_t, archives_t;Datasets/all_labels_train_gensim_sparse_matrix.npz
aktenkunde.hypotheses.org/84;histoire_d, histoire_t, sciences auxiliaires de l'histoire_t;Datasets/all_labels_train_gensim_sparse_matrix.npz
soziologieblog.hypotheses.org/5240;sciences sociales interdisciplinaires_d, sociologie et anthropologie_d, sociologie du travail_t, sociologie urbaine_t, sociologie de la culture_t, sociologie économique_t;Datasets/all_labels_train_gensim_sparse_matrix.npz
barblog.hypotheses.org/899;sciences sociales interdisciplinaires_d, sciences politiques_d, sociologie_d, anthropologie politique_t;Datasets/all_labels_train_gensim_sparse_matrix.npz
digigw.hypotheses.org/1476;humanités pluridisciplinaires_d, histoire_t, édition électronique_t, sciences auxiliaires de l'histoire_t, digital humanities_t;Datasets/all_labels_train_gensim_sparse_matrix.npz
archivewk1.hypotheses.org/30378;histoire_d, époque contemporaine_t, 1914-1918_t;Datasets/all_labels_train_gensim_sparse_matrix.npz
archivalia.hypotheses.org/5573;histoire et archéologie_d, sciences sociales interdisciplinaires_d, histoire_t, approches de corpus_t, enquêtes_t, archives_t;Datasets/all_labels_train_gensim_sparse_matrix.npz
tagebuch.hypotheses.org/1066;histoire et archéologie_d, histoire_d, histoire_t, époque contemporaine_t, 1914-1918_t;Datasets/all_labels_train_gensim_sparse_matrix.npz
dislab.hypotheses.org/2307;sciences sociales interdisciplinaires_d, langue et linguistique_d, sociologie des sciences_t, linguistique_t;Datasets/all_labels_train_gensim_sparse_matrix.npz
grk1919.hypotheses.org/206;histoire et archéologie_d, histoire et philosophie des sciences_d, histoire_t;Datasets/all_labels_train_gensim_sparse_matrix.npz
archivalia.hypotheses.org/5394;histoire et archéologie_d, sciences sociales interdisciplinaires_d, histoire_t, approches de corpus_t, enquêtes_t, archives_t;Datasets/all_labels_train_gensim_sparse_matrix.npz
archivewk1.hypotheses.org/2617;histoire_d, époque contemporaine_t, 1914-1918_t;Datasets/all_labels_train_gensim_sparse_matrix.npz
tagebuch.hypotheses.org/163;histoire et archéologie_d, histoire_d, histoire_t, époque contemporaine_t, 1914-1918_t;Datasets/all_labels_train_gensim_sparse_matrix.npz
archivewk1.hypotheses.org/29818;histoire_d, époque contemporaine_t, 1914-1918_t;Datasets/all_labels_train_gensim_sparse_matrix.npz
archivalia.hypotheses.org/726;histoire et archéologie_d, sciences sociales interdisciplinaires_d, histoire_t, approches de corpus_t, enquêtes_t, archives_t;Datasets/all_labels_train_gensim_sparse_matrix.npz
scriptorium.hypotheses.org/387;humanités pluridisciplinaires_d, pluridisciplinarité_d, digital humanities_t, moyen âge_t;Datasets/all_labels_train_gensim_sparse_matrix.npz
medienbildung.hypotheses.org/8692;éducation_d, éducation spécialisée_d, travail social_d, sociologie_t, édition électronique_t, histoire et sociologie des médias_t, éducation_t;Datasets/all_labels_train_gensim_sparse_matrix.npz
histbav.hypotheses.org/1774;humanités pluridisciplinaires_d, histoire_d, pluridisciplinarité_d, histoire_t, monde germanique_t;Datasets/all_labels_train_gensim_sparse_matrix.npz
archivewk1.hypotheses.org/20590;histoire_d, époque contemporaine_t, 1914-1918_t;Datasets/all_labels_train_gensim_sparse_matrix.npz
archivalia.hypotheses.org/2695;histoire et archéologie_d, sciences sociales interdisciplinaires_d, histoire_t, approches de corpus_t, enquêtes_t, archives_t;Datasets/all_labels_train_gensim_sparse_matrix.npz
archivewk1.hypotheses.org/18551;histoire_d, époque contemporaine_t, 1914-1918_t;Datasets/all_labels_train_gensim_sparse_matrix.npz
archivalia.hypotheses.org/9161;histoire et archéologie_d, sciences sociales interdisciplinaires_d, histoire_t, approches de corpus_t, enquêtes_t, archives_t;Datasets/all_labels_train_gensim_sparse_matrix.npz
archivalia.hypotheses.org/7914;histoire et archéologie_d, sciences sociales interdisciplinaires_d, histoire_t, approches de corpus_t, enquêtes_t, archives_t;Datasets/all_labels_train_gensim_sparse_matrix.npz
archives.hypotheses.org/484;histoire_d, communication_d, patrimoine_t, digital humanities_t, moyen âge_t, époque moderne_t, france_t, monde germanique_t;Datasets/all_labels_train_gensim_sparse_matrix.npz
nordichistoryblog.hypotheses.org/2885;arts et humanités_d, histoire et archéologie_d, histoire_t, édition électronique_t, vie de la recherche_t, approches de corpus_t, enquêtes_t, archives_t, europe_t, pays baltes et scandinaves_t;Datasets/all_labels_train_gensim_sparse_matrix.npz
catholiccultures.hypotheses.org/415;histoire et archéologie_d, histoire des sciences sociales_d, sciences sociales interdisciplinaires_d, sociologie et anthropologie_d, histoire_t, histoire sociale_t, histoire des religions_t, époque moderne_t;Datasets/all_labels_train_gensim_sparse_matrix.npz
archivalia.hypotheses.org/12580;histoire et archéologie_d, sciences sociales interdisciplinaires_d, histoire_t, approches de corpus_t, enquêtes_t, archives_t;Datasets/all_labels_train_gensim_sparse_matrix.npz
leibnizarc.hypotheses.org/739;éducation_d, histoire et archéologie_d, sciences de l'information et bibliothéconomie_d, études des sciences_t, histoire industrielle_t, histoire de l'art_t;Datasets/all_labels_train_gensim_sparse_matrix.npz
archivewk1.hypotheses.org/14958;histoire_d, époque contemporaine_t, 1914-1918_t;Datasets/all_labels_train_gensim_sparse_matrix.npz
archivalia.hypotheses.org/11979;histoire et archéologie_d, sciences sociales interdisciplinaires_d, histoire_t, approches de corpus_t, enquêtes_t, archives_t;Datasets/all_labels_train_gensim_sparse_matrix.npz
moraleconomy.hypotheses.org/368;histoire et archéologie_d, histoire_d, histoire économique_t, histoire sociale_t, prospectives_t, france_t;Datasets/all_labels_train_gensim_sparse_matrix.npz
archivewk1.hypotheses.org/28249;histoire_d, époque contemporaine_t, 1914-1918_t;Datasets/all_labels_train_gensim_sparse_matrix.npz
archivewk1.hypotheses.org/18666;histoire_d, époque contemporaine_t, 1914-1918_t;Datasets/all_labels_train_gensim_sparse_matrix.npz
archivewk1.hypotheses.org/3663;histoire_d, époque contemporaine_t, 1914-1918_t;Datasets/all_labels_train_gensim_sparse_matrix.npz
intersex.hypotheses.org/634;histoire_d, biomédecine_d, étude des genres_t, histoire des sciences_t, histoire_t, histoire du droit_t, moyen âge_t, xxie siècle_t;Datasets/all_labels_train_gensim_sparse_matrix.npz
archivalia.hypotheses.org/14266;histoire et archéologie_d, sciences sociales interdisciplinaires_d, histoire_t, approches de corpus_t, enquêtes_t, archives_t;Datasets/all_labels_train_gensim_sparse_matrix.npz
archivalia.hypotheses.org/11645;histoire et archéologie_d, sciences sociales interdisciplinaires_d, histoire_t, approches de corpus_t, enquêtes_t, archives_t;Datasets/all_labels_train_gensim_sparse_matrix.npz
europhilomem.hypotheses.org/1949;philosophie_d, philosophie_t, histoire intellectuelle_t, xxe siècle_t, prospectives_t;Datasets/all_labels_train_gensim_sparse_matrix.npz
bioeg.hypotheses.org/1757;histoire et archéologie_d, histoire_d, histoire_t, sciences auxiliaires de l'histoire_t, europe centrale et orientale_t, monde germanique_t;Datasets/all_labels_train_gensim_sparse_matrix.npz
trafo.hypotheses.org/1020;pluridisciplinarité_d, sciences sociales interdisciplinaires_d, études régionales_d, sociologie_t, sociologie des religions_t, information_t, histoire culturelle_t;Datasets/all_labels_train_gensim_sparse_matrix.npz
archivalia.hypotheses.org/3853;histoire et archéologie_d, sciences sociales interdisciplinaires_d, histoire_t, approches de corpus_t, enquêtes_t, archives_t;Datasets/all_labels_train_gensim_sparse_matrix.npz
archivalia.hypotheses.org/13574;histoire et archéologie_d, sciences sociales interdisciplinaires_d, histoire_t, approches de corpus_t, enquêtes_t, archives_t;Datasets/all_labels_train_gensim_sparse_matrix.npz
gra.hypotheses.org/1822;arts et humanités_d, communication_d, sciences de l'information et bibliothéconomie_d, représentations_t, histoire culturelle_t, histoire de l'art_t, études visuelles_t;Datasets/all_labels_train_gensim_sparse_matrix.npz
archivewk1.hypotheses.org/8818;histoire_d, époque contemporaine_t, 1914-1918_t;Datasets/all_labels_train_gensim_sparse_matrix.npz
antisem19c.hypotheses.org/562;histoire et archéologie_d, histoire sociale_t, prospectives_t;Datasets/all_labels_train_gensim_sparse_matrix.npz
archivamt.hypotheses.org/171;communication_d, pluridisciplinarité_d, sciences sociales interdisciplinaires_d, information_t, sciences de l'information_t, représentations_t, patrimoine_t;Datasets/all_labels_train_gensim_sparse_matrix.npz
archivalia.hypotheses.org/53676;histoire et archéologie_d, sciences sociales interdisciplinaires_d, histoire_t, approches de corpus_t, enquêtes_t, archives_t;Datasets/all_labels_train_gensim_sparse_matrix.npz
kriegsfoto.hypotheses.org/799;arts_d, histoire_d, communication_d, guerres_t, conflits_t, violence_t, études visuelles_t, époque contemporaine_t, europe centrale et orientale_t;Datasets/all_labels_train_gensim_sparse_matrix.npz
grk1678.hypotheses.org/846;arts et humanités_d, humanités pluridisciplinaires_d, histoire et philosophie des sciences_d, pluridisciplinarité_d, philosophie_t, littératures_t, histoire culturelle_t, histoire de l'art_t;Datasets/all_labels_train_gensim_sparse_matrix.npz
archivewk1.hypotheses.org/20218;histoire_d, époque contemporaine_t, 1914-1918_t;Datasets/all_labels_train_gensim_sparse_matrix.npz
archivewk1.hypotheses.org/21832;histoire_d, époque contemporaine_t, 1914-1918_t;Datasets/all_labels_train_gensim_sparse_matrix.npz
schotten.hypotheses.org/741;religions_d, histoire et archéologie_d, sciences de l'information et de la communication_d, bibliothéconomie_d, histoire_t, histoire des religions_t, approches de corpus_t, enquêtes_t, archives_t, monde germanique_t;Datasets/all_labels_train_gensim_sparse_matrix.npz
archivewk1.hypotheses.org/17454;histoire_d, époque contemporaine_t, 1914-1918_t;Datasets/all_labels_train_gensim_sparse_matrix.npz
archivalia.hypotheses.org/13694;histoire et archéologie_d, sciences sociales interdisciplinaires_d, histoire_t, approches de corpus_t, enquêtes_t, archives_t;Datasets/all_labels_train_gensim_sparse_matrix.npz
archivalia.hypotheses.org/6190;histoire et archéologie_d, sciences sociales interdisciplinaires_d, histoire_t, approches de corpus_t, enquêtes_t, archives_t;Datasets/all_labels_train_gensim_sparse_matrix.npz
archivewk1.hypotheses.org/12260;histoire_d, époque contemporaine_t, 1914-1918_t;Datasets/all_labels_train_gensim_sparse_matrix.npz
gewalt.hypotheses.org/584;sciences politiques_d, sociologie_d, sociologie_t, sociologie urbaine_t, anthropologie politique_t, histoire urbaine_t, guerres_t, conflits_t, violence_t;Datasets/all_labels_train_gensim_sparse_matrix.npz
archive20.hypotheses.org/2852;pluridisciplinarité_d, sciences sociales interdisciplinaires_d, histoire_t, information_t, patrimoine_t, monde germanique_t;Datasets/all_labels_train_gensim_sparse_matrix.npz
mittelalter.hypotheses.org/9050;humanités pluridisciplinaires_d, religions_d, histoire_d, sociologie_d, histoire_t, histoire sociale_t, histoire intellectuelle_t, moyen âge_t, haut moyen âge_t, bas moyen âge_t;Datasets/all_labels_train_gensim_sparse_matrix.npz
archivalia.hypotheses.org/763;histoire et archéologie_d, sciences sociales interdisciplinaires_d, histoire_t, approches de corpus_t, enquêtes_t, archives_t;Datasets/all_labels_train_gensim_sparse_matrix.npz
archivalia.hypotheses.org/9257;histoire et archéologie_d, sciences sociales interdisciplinaires_d, histoire_t, approches de corpus_t, enquêtes_t, archives_t;Datasets/all_labels_train_gensim_sparse_matrix.npz
tagebuch.hypotheses.org/642;histoire et archéologie_d, histoire_d, histoire_t, époque contemporaine_t, 1914-1918_t;Datasets/all_labels_train_gensim_sparse_matrix.npz
sdvigpress.hypotheses.org/350;langue et linguistique_d, philosophie_d, humanités pluridisciplinaires_d, épistémologie et méthodes_t, digital humanities_t, europe centrale et orientale_t, édition électronique_t, linguistique_t;Datasets/all_labels_train_gensim_sparse_matrix.npz
archive20.hypotheses.org/3077;pluridisciplinarité_d, sciences sociales interdisciplinaires_d, histoire_t, information_t, patrimoine_t, monde germanique_t;Datasets/all_labels_train_gensim_sparse_matrix.npz
intersex.hypotheses.org/395;histoire_d, biomédecine_d, étude des genres_t, histoire des sciences_t, histoire_t, histoire du droit_t, moyen âge_t, xxie siècle_t;Datasets/all_labels_train_gensim_sparse_matrix.npz
archivalia.hypotheses.org/2077;histoire et archéologie_d, sciences sociales interdisciplinaires_d, histoire_t, approches de corpus_t, enquêtes_t, archives_t;Datasets/all_labels_train_gensim_sparse_matrix.npz
dhtg.hypotheses.org/211;histoire et archéologie_d, sciences de l'information et de la communication_d, bibliothéconomie_d, histoire_t, sciences de l'information_t, 1939-1945_t, 1945-1989_t;Datasets/all_labels_train_gensim_sparse_matrix.npz
2wkvisuell.hypotheses.org/408;arts et humanités_d, histoire et archéologie_d, histoire sociale_t, guerres_t, conflits_t, violence_t, histoire et sociologie des médias_t, études visuelles_t, époque contemporaine_t;Datasets/all_labels_train_gensim_sparse_matrix.npz
archivalia.hypotheses.org/3450;histoire et archéologie_d, sciences sociales interdisciplinaires_d, histoire_t, approches de corpus_t, enquêtes_t, archives_t;Datasets/all_labels_train_gensim_sparse_matrix.npz
archivewk1.hypotheses.org/13625;histoire_d, époque contemporaine_t, 1914-1918_t;Datasets/all_labels_train_gensim_sparse_matrix.npz
bioeg.hypotheses.org/1067;histoire et archéologie_d, histoire_d, histoire_t, sciences auxiliaires de l'histoire_t, europe centrale et orientale_t, monde germanique_t;Datasets/all_labels_train_gensim_sparse_matrix.npz
archivamt.hypotheses.org/187;communication_d, pluridisciplinarité_d, sciences sociales interdisciplinaires_d, information_t, sciences de l'information_t, représentations_t, patrimoine_t;Datasets/all_labels_train_gensim_sparse_matrix.npz
archivalia.hypotheses.org/13262;histoire et archéologie_d, sciences sociales interdisciplinaires_d, histoire_t, approches de corpus_t, enquêtes_t, archives_t;Datasets/all_labels_train_gensim_sparse_matrix.npz
archivalia.hypotheses.org/6155;histoire et archéologie_d, sciences sociales interdisciplinaires_d, histoire_t, approches de corpus_t, enquêtes_t, archives_t;Datasets/all_labels_train_gensim_sparse_matrix.npz
dokunstlmu.hypotheses.org/1470;arts et humanités_d, histoire intellectuelle_t;Datasets/all_labels_train_gensim_sparse_matrix.npz
archivalia.hypotheses.org/58730;histoire et archéologie_d, sciences sociales interdisciplinaires_d, histoire_t, approches de corpus_t, enquêtes_t, archives_t;Datasets/all_labels_train_gensim_sparse_matrix.npz
wenhua.hypotheses.org/323;études asiatiques_d, humanités pluridisciplinaires_d, histoire_d, histoire culturelle_t, asie_t;Datasets/all_labels_train_gensim_sparse_matrix.npz
fnzinfo.hypotheses.org/971;arts et humanités_d, musique_d, histoire et archéologie_d, histoire_t, xvie siècle_t, xviie siècle_t, xviiie siècle_t, révolution française_t;Datasets/all_labels_train_gensim_sparse_matrix.npz
archivalia.hypotheses.org/5871;histoire et archéologie_d, sciences sociales interdisciplinaires_d, histoire_t, approches de corpus_t, enquêtes_t, archives_t;Datasets/all_labels_train_gensim_sparse_matrix.npz
histbav.hypotheses.org/2153;humanités pluridisciplinaires_d, histoire_d, pluridisciplinarité_d, histoire_t, monde germanique_t;Datasets/all_labels_train_gensim_sparse_matrix.npz
archivalia.hypotheses.org/12335;histoire et archéologie_d, sciences sociales interdisciplinaires_d, histoire_t, approches de corpus_t, enquêtes_t, archives_t;Datasets/all_labels_train_gensim_sparse_matrix.npz
archivewk1.hypotheses.org/21165;histoire_d, époque contemporaine_t, 1914-1918_t;Datasets/all_labels_train_gensim_sparse_matrix.npz
nordichistoryblog.hypotheses.org/1712;arts et humanités_d, histoire et archéologie_d, histoire_t, édition électronique_t, vie de la recherche_t, approches de corpus_t, enquêtes_t, archives_t, europe_t, pays baltes et scandinaves_t;Datasets/all_labels_train_gensim_sparse_matrix.npz
archivewk1.hypotheses.org/6771;histoire_d, époque contemporaine_t, 1914-1918_t;Datasets/all_labels_train_gensim_sparse_matrix.npz
archivewk1.hypotheses.org/21676;histoire_d, époque contemporaine_t, 1914-1918_t;Datasets/all_labels_train_gensim_sparse_matrix.npz
etatsocial.hypotheses.org/97;histoire_d, histoire des sciences sociales_d, sociologie_d, économie_d, sociologie du travail_t, âges de la vie_t, xxe siècle_t;Datasets/all_labels_train_gensim_sparse_matrix.npz
ockenheim.hypotheses.org/64;histoire et archéologie_d, archéologie_d, histoire_t, histoire urbaine_t, édition électronique_t, monde germanique_t;Datasets/all_labels_train_gensim_sparse_matrix.npz
archivalia.hypotheses.org/11654;histoire et archéologie_d, sciences sociales interdisciplinaires_d, histoire_t, approches de corpus_t, enquêtes_t, archives_t;Datasets/all_labels_train_gensim_sparse_matrix.npz
musermeku.hypotheses.org/2609;humanités pluridisciplinaires_d, pluridisciplinarité_d, sciences sociales interdisciplinaires_d, sociologie_t, sociologie de la culture_t, histoire_t, histoire politique_t;Datasets/all_labels_train_gensim_sparse_matrix.npz
1914lvr.hypotheses.org/273;sciences politiques_d, histoire_t, époque contemporaine_t, 1914-1918_t;Datasets/all_labels_train_gensim_sparse_matrix.npz
archivalia.hypotheses.org/60947;histoire et archéologie_d, sciences sociales interdisciplinaires_d, histoire_t, approches de corpus_t, enquêtes_t, archives_t;Datasets/all_labels_train_gensim_sparse_matrix.npz
archivalia.hypotheses.org/12343;histoire et archéologie_d, sciences sociales interdisciplinaires_d, histoire_t, approches de corpus_t, enquêtes_t, archives_t;Datasets/all_labels_train_gensim_sparse_matrix.npz
archivalia.hypotheses.org/4079;histoire et archéologie_d, sciences sociales interdisciplinaires_d, histoire_t, approches de corpus_t, enquêtes_t, archives_t;Datasets/all_labels_train_gensim_sparse_matrix.npz
grk1678.hypotheses.org/356;arts et humanités_d, humanités pluridisciplinaires_d, histoire et philosophie des sciences_d, pluridisciplinarité_d, philosophie_t, littératures_t, histoire culturelle_t, histoire de l'art_t;Datasets/all_labels_train_gensim_sparse_matrix.npz
amuc.hypotheses.org/368;humanités pluridisciplinaires_d, histoire_d, histoire_t, représentations_t, patrimoine_t;Datasets/all_labels_train_gensim_sparse_matrix.npz
archivalia.hypotheses.org/8865;histoire et archéologie_d, sciences sociales interdisciplinaires_d, histoire_t, approches de corpus_t, enquêtes_t, archives_t;Datasets/all_labels_train_gensim_sparse_matrix.npz
archivalia.hypotheses.org/5239;histoire et archéologie_d, sciences sociales interdisciplinaires_d, histoire_t, approches de corpus_t, enquêtes_t, archives_t;Datasets/all_labels_train_gensim_sparse_matrix.npz
1914lvr.hypotheses.org/1498;sciences politiques_d, histoire_t, époque contemporaine_t, 1914-1918_t;Datasets/all_labels_train_gensim_sparse_matrix.npz
musermeku.hypotheses.org/569;humanités pluridisciplinaires_d, pluridisciplinarité_d, sciences sociales interdisciplinaires_d, sociologie_t, sociologie de la culture_t, histoire_t, histoire politique_t;Datasets/all_labels_train_gensim_sparse_matrix.npz
histbav.hypotheses.org/2958;humanités pluridisciplinaires_d, histoire_d, pluridisciplinarité_d, histoire_t, monde germanique_t;Datasets/all_labels_train_gensim_sparse_matrix.npz
unibloggt.hypotheses.org/1129;histoire et archéologie_d, pluridisciplinarité_d, histoire_t, information_t;Datasets/all_labels_train_gensim_sparse_matrix.npz
archivalia.hypotheses.org/13926;histoire et archéologie_d, sciences sociales interdisciplinaires_d, histoire_t, approches de corpus_t, enquêtes_t, archives_t;Datasets/all_labels_train_gensim_sparse_matrix.npz
aktenkunde.hypotheses.org/455;histoire_d, histoire_t, sciences auxiliaires de l'histoire_t;Datasets/all_labels_train_gensim_sparse_matrix.npz
archive20.hypotheses.org/1437;pluridisciplinarité_d, sciences sociales interdisciplinaires_d, histoire_t, information_t, patrimoine_t, monde germanique_t;Datasets/all_labels_train_gensim_sparse_matrix.npz
digigw.hypotheses.org/550;humanités pluridisciplinaires_d, histoire_t, édition électronique_t, sciences auxiliaires de l'histoire_t, digital humanities_t;Datasets/all_labels_train_gensim_sparse_matrix.npz
archivamt.hypotheses.org/1911;communication_d, pluridisciplinarité_d, sciences sociales interdisciplinaires_d, information_t, sciences de l'information_t, représentations_t, patrimoine_t;Datasets/all_labels_train_gensim_sparse_matrix.npz
archivalia.hypotheses.org/218;histoire et archéologie_d, sciences sociales interdisciplinaires_d, histoire_t, approches de corpus_t, enquêtes_t, archives_t;Datasets/all_labels_train_gensim_sparse_matrix.npz
historischdenken.hypotheses.org/2676;histoire et archéologie_d, histoire_t;Datasets/all_labels_train_gensim_sparse_matrix.npz
mittelalter.hypotheses.org/6564;humanités pluridisciplinaires_d, religions_d, histoire_d, sociologie_d, histoire_t, histoire sociale_t, histoire intellectuelle_t, moyen âge_t, haut moyen âge_t, bas moyen âge_t;Datasets/all_labels_train_gensim_sparse_matrix.npz
inklusion.hypotheses.org/425;éducation_d, travail social et politique sociale_d, sociologie du travail_t, âges de la vie_t, information_t, sciences de l'éducation_t;Datasets/all_labels_train_gensim_sparse_matrix.npz
archivalia.hypotheses.org/1361;histoire et archéologie_d, sciences sociales interdisciplinaires_d, histoire_t, approches de corpus_t, enquêtes_t, archives_t;Datasets/all_labels_train_gensim_sparse_matrix.npz
histbav.hypotheses.org/3231;humanités pluridisciplinaires_d, histoire_d, pluridisciplinarité_d, histoire_t, monde germanique_t;Datasets/all_labels_train_gensim_sparse_matrix.npz
archivewk1.hypotheses.org/10420;histoire_d, époque contemporaine_t, 1914-1918_t;Datasets/all_labels_train_gensim_sparse_matrix.npz
wilma.hypotheses.org/23;éducation_d, travail social et politique sociale_d, sciences de l'éducation_t;Datasets/all_labels_train_gensim_sparse_matrix.npz
mittelalter.hypotheses.org/4071;humanités pluridisciplinaires_d, religions_d, histoire_d, sociologie_d, histoire_t, histoire sociale_t, histoire intellectuelle_t, moyen âge_t, haut moyen âge_t, bas moyen âge_t;Datasets/all_labels_train_gensim_sparse_matrix.npz
fnzinfo.hypotheses.org/229;arts et humanités_d, musique_d, histoire et archéologie_d, histoire_t, xvie siècle_t, xviie siècle_t, xviiie siècle_t, révolution française_t;Datasets/all_labels_train_gensim_sparse_matrix.npz
archivalia.hypotheses.org/6651;histoire et archéologie_d, sciences sociales interdisciplinaires_d, histoire_t, approches de corpus_t, enquêtes_t, archives_t;Datasets/all_labels_train_gensim_sparse_matrix.npz
gid.hypotheses.org/1330;pluridisciplinarité_d, sciences sociales interdisciplinaires_d, études des sciences_t, histoire des sciences_t, pensée_t, histoire intellectuelle_t, histoire culturelle_t, prospectives_t;Datasets/all_labels_train_gensim_sparse_matrix.npz
amuc.hypotheses.org/824;humanités pluridisciplinaires_d, histoire_d, histoire_t, représentations_t, patrimoine_t;Datasets/all_labels_train_gensim_sparse_matrix.npz
archivewk1.hypotheses.org/23325;histoire_d, époque contemporaine_t, 1914-1918_t;Datasets/all_labels_train_gensim_sparse_matrix.npz
bioeg.hypotheses.org/1992;histoire et archéologie_d, histoire_d, histoire_t, sciences auxiliaires de l'histoire_t, europe centrale et orientale_t, monde germanique_t;Datasets/all_labels_train_gensim_sparse_matrix.npz
intersex.hypotheses.org/3947;histoire_d, biomédecine_d, étude des genres_t, histoire des sciences_t, histoire_t, histoire du droit_t, moyen âge_t, xxie siècle_t;Datasets/all_labels_train_gensim_sparse_matrix.npz
histbav.hypotheses.org/4460;humanités pluridisciplinaires_d, histoire_d, pluridisciplinarité_d, histoire_t, monde germanique_t;Datasets/all_labels_train_gensim_sparse_matrix.npz
speyermemo.hypotheses.org/1620;histoire_d, pluridisciplinarité_d, sciences sociales interdisciplinaires_d, sociologie de la culture_t, histoire_t, 1939-1945_t, europe_t;Datasets/all_labels_train_gensim_sparse_matrix.npz
histbav.hypotheses.org/4672;humanités pluridisciplinaires_d, histoire_d, pluridisciplinarité_d, histoire_t, monde germanique_t;Datasets/all_labels_train_gensim_sparse_matrix.npz
medienbildung.hypotheses.org/615;éducation_d, éducation spécialisée_d, travail social_d, sociologie_t, édition électronique_t, histoire et sociologie des médias_t, éducation_t;Datasets/all_labels_train_gensim_sparse_matrix.npz
archives.hypotheses.org/357;histoire_d, communication_d, patrimoine_t, digital humanities_t, moyen âge_t, époque moderne_t, france_t, monde germanique_t;Datasets/all_labels_train_gensim_sparse_matrix.npz
archivalia.hypotheses.org/11542;histoire et archéologie_d, sciences sociales interdisciplinaires_d, histoire_t, approches de corpus_t, enquêtes_t, archives_t;Datasets/all_labels_train_gensim_sparse_matrix.npz
archivalia.hypotheses.org/3396;histoire et archéologie_d, sciences sociales interdisciplinaires_d, histoire_t, approches de corpus_t, enquêtes_t, archives_t;Datasets/all_labels_train_gensim_sparse_matrix.npz
archivalia.hypotheses.org/60220;histoire et archéologie_d, sciences sociales interdisciplinaires_d, histoire_t, approches de corpus_t, enquêtes_t, archives_t;Datasets/all_labels_train_gensim_sparse_matrix.npz
bereschitrabba.hypotheses.org/1481;arts et humanités_d, religions_d, langue et linguistique_d, religions_t, histoire des religions_t;Datasets/all_labels_train_gensim_sparse_matrix.npz
archivalia.hypotheses.org/13332;histoire et archéologie_d, sciences sociales interdisciplinaires_d, histoire_t, approches de corpus_t, enquêtes_t, archives_t;Datasets/all_labels_train_gensim_sparse_matrix.npz
archivewk1.hypotheses.org/12352;histoire_d, époque contemporaine_t, 1914-1918_t;Datasets/all_labels_train_gensim_sparse_matrix.npz
dkblog.hypotheses.org/518;histoire_d, histoire_t, époque moderne_t, xviie siècle_t;Datasets/all_labels_train_gensim_sparse_matrix.npz
archivewk1.hypotheses.org/9500;histoire_d, époque contemporaine_t, 1914-1918_t;Datasets/all_labels_train_gensim_sparse_matrix.npz
tagebuch.hypotheses.org/1118;histoire et archéologie_d, histoire_d, histoire_t, époque contemporaine_t, 1914-1918_t;Datasets/all_labels_train_gensim_sparse_matrix.npz
archivalia.hypotheses.org/4946;histoire et archéologie_d, sciences sociales interdisciplinaires_d, histoire_t, approches de corpus_t, enquêtes_t, archives_t;Datasets/all_labels_train_gensim_sparse_matrix.npz
digitalintellectuals.hypotheses.org/1838;études anciennes_d, histoire et philosophie des sciences_d, pluridisciplinarité_d, littérature_d, histoire intellectuelle_t, approches de corpus_t, enquêtes_t, archives_t, époque moderne_t, prospectives_t, monde germanique_t;Datasets/all_labels_train_gensim_sparse_matrix.npz
bioeg.hypotheses.org/1781;histoire et archéologie_d, histoire_d, histoire_t, sciences auxiliaires de l'histoire_t, europe centrale et orientale_t, monde germanique_t;Datasets/all_labels_train_gensim_sparse_matrix.npz
ordensgeschichte.hypotheses.org/6275;arts et humanités_d, humanités pluridisciplinaires_d, histoire et archéologie_d, histoire et philosophie des sciences_d, histoire_t, haut moyen âge_t, bas moyen âge_t, xviie siècle_t, xviiie siècle_t;Datasets/all_labels_train_gensim_sparse_matrix.npz
archivalia.hypotheses.org/10832;histoire et archéologie_d, sciences sociales interdisciplinaires_d, histoire_t, approches de corpus_t, enquêtes_t, archives_t;Datasets/all_labels_train_gensim_sparse_matrix.npz
archivalia.hypotheses.org/58970;histoire et archéologie_d, sciences sociales interdisciplinaires_d, histoire_t, approches de corpus_t, enquêtes_t, archives_t;Datasets/all_labels_train_gensim_sparse_matrix.npz
archivewk1.hypotheses.org/2734;histoire_d, époque contemporaine_t, 1914-1918_t;Datasets/all_labels_train_gensim_sparse_matrix.npz
archivalia.hypotheses.org/5792;histoire et archéologie_d, sciences sociales interdisciplinaires_d, histoire_t, approches de corpus_t, enquêtes_t, archives_t;Datasets/all_labels_train_gensim_sparse_matrix.npz
archivewk1.hypotheses.org/3267;histoire_d, époque contemporaine_t, 1914-1918_t;Datasets/all_labels_train_gensim_sparse_matrix.npz
archivalia.hypotheses.org/14082;histoire et archéologie_d, sciences sociales interdisciplinaires_d, histoire_t, approches de corpus_t, enquêtes_t, archives_t;Datasets/all_labels_train_gensim_sparse_matrix.npz
liparchiv.hypotheses.org/464;histoire et archéologie_d, sciences politiques_d, administration publique et développement_d, histoire urbaine_t, patrimoine_t, sciences auxiliaires de l'histoire_t, approches de corpus_t, enquêtes_t, archives_t, europe_t;Datasets/all_labels_train_gensim_sparse_matrix.npz
archivalia.hypotheses.org/5580;histoire et archéologie_d, sciences sociales interdisciplinaires_d, histoire_t, approches de corpus_t, enquêtes_t, archives_t;Datasets/all_labels_train_gensim_sparse_matrix.npz
archivalia.hypotheses.org/11770;histoire et archéologie_d, sciences sociales interdisciplinaires_d, histoire_t, approches de corpus_t, enquêtes_t, archives_t;Datasets/all_labels_train_gensim_sparse_matrix.npz
archivalia.hypotheses.org/3059;histoire et archéologie_d, sciences sociales interdisciplinaires_d, histoire_t, approches de corpus_t, enquêtes_t, archives_t;Datasets/all_labels_train_gensim_sparse_matrix.npz
etatsocial.hypotheses.org/300;histoire_d, histoire des sciences sociales_d, sociologie_d, économie_d, sociologie du travail_t, âges de la vie_t, xxe siècle_t;Datasets/all_labels_train_gensim_sparse_matrix.npz
archivalia.hypotheses.org/6108;histoire et archéologie_d, sciences sociales interdisciplinaires_d, histoire_t, approches de corpus_t, enquêtes_t, archives_t;Datasets/all_labels_train_gensim_sparse_matrix.npz
archivewk1.hypotheses.org/1459;histoire_d, époque contemporaine_t, 1914-1918_t;Datasets/all_labels_train_gensim_sparse_matrix.npz
archivalia.hypotheses.org/11936;histoire et archéologie_d, sciences sociales interdisciplinaires_d, histoire_t, approches de corpus_t, enquêtes_t, archives_t;Datasets/all_labels_train_gensim_sparse_matrix.npz
soziologieblog.hypotheses.org/7722;sciences sociales interdisciplinaires_d, sociologie et anthropologie_d, sociologie du travail_t, sociologie urbaine_t, sociologie de la culture_t, sociologie économique_t;Datasets/all_labels_train_gensim_sparse_matrix.npz
archivalia.hypotheses.org/12323;histoire et archéologie_d, sciences sociales interdisciplinaires_d, histoire_t, approches de corpus_t, enquêtes_t, archives_t;Datasets/all_labels_train_gensim_sparse_matrix.npz
medienbildung.hypotheses.org/3062;éducation_d, éducation spécialisée_d, travail social_d, sociologie_t, édition électronique_t, histoire et sociologie des médias_t, éducation_t;Datasets/all_labels_train_gensim_sparse_matrix.npz
medienbildung.hypotheses.org/3559;éducation_d, éducation spécialisée_d, travail social_d, sociologie_t, édition électronique_t, histoire et sociologie des médias_t, éducation_t;Datasets/all_labels_train_gensim_sparse_matrix.npz
etatsocial.hypotheses.org/1241;histoire_d, histoire des sciences sociales_d, sociologie_d, économie_d, sociologie du travail_t, âges de la vie_t, xxe siècle_t;Datasets/all_labels_train_gensim_sparse_matrix.npz
archivewk1.hypotheses.org/16264;histoire_d, époque contemporaine_t, 1914-1918_t;Datasets/all_labels_train_gensim_sparse_matrix.npz
1914lvr.hypotheses.org/1443;sciences politiques_d, histoire_t, époque contemporaine_t, 1914-1918_t;Datasets/all_labels_train_gensim_sparse_matrix.npz
archivalia.hypotheses.org/5679;histoire et archéologie_d, sciences sociales interdisciplinaires_d, histoire_t, approches de corpus_t, enquêtes_t, archives_t;Datasets/all_labels_train_gensim_sparse_matrix.npz
catholiccultures.hypotheses.org/2363;histoire et archéologie_d, histoire des sciences sociales_d, sciences sociales interdisciplinaires_d, sociologie et anthropologie_d, histoire_t, histoire sociale_t, histoire des religions_t, époque moderne_t;Datasets/all_labels_train_gensim_sparse_matrix.npz
europhilomem.hypotheses.org/990;philosophie_d, philosophie_t, histoire intellectuelle_t, xxe siècle_t, prospectives_t;Datasets/all_labels_train_gensim_sparse_matrix.npz
studpro.hypotheses.org/541;histoire_d, histoire_t, époque moderne_t, xviie siècle_t, xviiie siècle_t;Datasets/all_labels_train_gensim_sparse_matrix.npz
archivalia.hypotheses.org/8024;histoire et archéologie_d, sciences sociales interdisciplinaires_d, histoire_t, approches de corpus_t, enquêtes_t, archives_t;Datasets/all_labels_train_gensim_sparse_matrix.npz
1914lvr.hypotheses.org/1041;sciences politiques_d, histoire_t, époque contemporaine_t, 1914-1918_t;Datasets/all_labels_train_gensim_sparse_matrix.npz
archivewk1.hypotheses.org/20715;histoire_d, époque contemporaine_t, 1914-1918_t;Datasets/all_labels_train_gensim_sparse_matrix.npz
archivewk1.hypotheses.org/15083;histoire_d, époque contemporaine_t, 1914-1918_t;Datasets/all_labels_train_gensim_sparse_matrix.npz
archivalia.hypotheses.org/4052;histoire et archéologie_d, sciences sociales interdisciplinaires_d, histoire_t, approches de corpus_t, enquêtes_t, archives_t;Datasets/all_labels_train_gensim_sparse_matrix.npz
trivium.hypotheses.org/460;arts et humanités_d, humanités pluridisciplinaires_d, pluridisciplinarité_d, sciences sociales interdisciplinaires_d, représentations_t, histoire culturelle_t, épistémologie et méthodes_t, vie de la recherche_t;Datasets/all_labels_train_gensim_sparse_matrix.npz
archivalia.hypotheses.org/9676;histoire et archéologie_d, sciences sociales interdisciplinaires_d, histoire_t, approches de corpus_t, enquêtes_t, archives_t;Datasets/all_labels_train_gensim_sparse_matrix.npz
archivalia.hypotheses.org/9571;histoire et archéologie_d, sciences sociales interdisciplinaires_d, histoire_t, approches de corpus_t, enquêtes_t, archives_t;Datasets/all_labels_train_gensim_sparse_matrix.npz
19jhdhip.hypotheses.org/1752;histoire_d, époque contemporaine_t, prospectives_t, france_t, monde germanique_t;Datasets/all_labels_train_gensim_sparse_matrix.npz
archivalia.hypotheses.org/6011;histoire et archéologie_d, sciences sociales interdisciplinaires_d, histoire_t, approches de corpus_t, enquêtes_t, archives_t;Datasets/all_labels_train_gensim_sparse_matrix.npz
gid.hypotheses.org/243;pluridisciplinarité_d, sciences sociales interdisciplinaires_d, études des sciences_t, histoire des sciences_t, pensée_t, histoire intellectuelle_t, histoire culturelle_t, prospectives_t;Datasets/all_labels_train_gensim_sparse_matrix.npz
archivalia.hypotheses.org/1306;histoire et archéologie_d, sciences sociales interdisciplinaires_d, histoire_t, approches de corpus_t, enquêtes_t, archives_t;Datasets/all_labels_train_gensim_sparse_matrix.npz
archivalia.hypotheses.org/5341;histoire et archéologie_d, sciences sociales interdisciplinaires_d, histoire_t, approches de corpus_t, enquêtes_t, archives_t;Datasets/all_labels_train_gensim_sparse_matrix.npz
ordensgeschichte.hypotheses.org/6437;arts et humanités_d, humanités pluridisciplinaires_d, histoire et archéologie_d, histoire et philosophie des sciences_d, histoire_t, haut moyen âge_t, bas moyen âge_t, xviie siècle_t, xviiie siècle_t;Datasets/all_labels_train_gensim_sparse_matrix.npz
archivalia.hypotheses.org/6215;histoire et archéologie_d, sciences sociales interdisciplinaires_d, histoire_t, approches de corpus_t, enquêtes_t, archives_t;Datasets/all_labels_train_gensim_sparse_matrix.npz
archivalia.hypotheses.org/61697;histoire et archéologie_d, sciences sociales interdisciplinaires_d, histoire_t, approches de corpus_t, enquêtes_t, archives_t;Datasets/all_labels_train_gensim_sparse_matrix.npz
archivalia.hypotheses.org/299;histoire et archéologie_d, sciences sociales interdisciplinaires_d, histoire_t, approches de corpus_t, enquêtes_t, archives_t;Datasets/all_labels_train_gensim_sparse_matrix.npz
dislab.hypotheses.org/2702;sciences sociales interdisciplinaires_d, langue et linguistique_d, sociologie des sciences_t, linguistique_t;Datasets/all_labels_train_gensim_sparse_matrix.npz
erinnerung.hypotheses.org/181;histoire et archéologie_d, histoire_t, xxe siècle_t, prospectives_t, europe_t;Datasets/all_labels_train_gensim_sparse_matrix.npz
dokunstlmu.hypotheses.org/1530;arts et humanités_d, histoire intellectuelle_t;Datasets/all_labels_train_gensim_sparse_matrix.npz
heraldica.hypotheses.org/4683;histoire_d, histoire_t, historiographie_t, sciences auxiliaires de l'histoire_t, moyen âge_t, haut moyen âge_t;Datasets/all_labels_train_gensim_sparse_matrix.npz
aktenkunde.hypotheses.org/647;histoire_d, histoire_t, sciences auxiliaires de l'histoire_t;Datasets/all_labels_train_gensim_sparse_matrix.npz
archivalia.hypotheses.org/2225;histoire et archéologie_d, sciences sociales interdisciplinaires_d, histoire_t, approches de corpus_t, enquêtes_t, archives_t;Datasets/all_labels_train_gensim_sparse_matrix.npz
archivalia.hypotheses.org/6943;histoire et archéologie_d, sciences sociales interdisciplinaires_d, histoire_t, approches de corpus_t, enquêtes_t, archives_t;Datasets/all_labels_train_gensim_sparse_matrix.npz
medienbildung.hypotheses.org/5626;éducation_d, éducation spécialisée_d, travail social_d, sociologie_t, édition électronique_t, histoire et sociologie des médias_t, éducation_t;Datasets/all_labels_train_gensim_sparse_matrix.npz
medienbildung.hypotheses.org/1488;éducation_d, éducation spécialisée_d, travail social_d, sociologie_t, édition électronique_t, histoire et sociologie des médias_t, éducation_t;Datasets/all_labels_train_gensim_sparse_matrix.npz
dwgd.hypotheses.org/278;éducation_d, histoire_d, histoire des sciences sociales_d, histoire_t, éducation_t, sciences de l'éducation_t;Datasets/all_labels_train_gensim_sparse_matrix.npz
amuc.hypotheses.org/787;humanités pluridisciplinaires_d, histoire_d, histoire_t, représentations_t, patrimoine_t;Datasets/all_labels_train_gensim_sparse_matrix.npz
dhiha.hypotheses.org/662;arts et humanités_d, humanités pluridisciplinaires_d, pluridisciplinarité_d, histoire_t, information_t, sciences de l'information_t, édition électronique_t, digital humanities_t;Datasets/all_labels_train_gensim_sparse_matrix.npz
archivalia.hypotheses.org/14048;histoire et archéologie_d, sciences sociales interdisciplinaires_d, histoire_t, approches de corpus_t, enquêtes_t, archives_t;Datasets/all_labels_train_gensim_sparse_matrix.npz
irhis.hypotheses.org/6152;arts et humanités_d, histoire et archéologie_d, histoire économique_t, histoire sociale_t, études visuelles_t;Datasets/all_labels_train_gensim_sparse_matrix.npz
19jhdhip.hypotheses.org/20;histoire_d, époque contemporaine_t, prospectives_t, france_t, monde germanique_t;Datasets/all_labels_train_gensim_sparse_matrix.npz
scriptorium.hypotheses.org/331;humanités pluridisciplinaires_d, pluridisciplinarité_d, digital humanities_t, moyen âge_t;Datasets/all_labels_train_gensim_sparse_matrix.npz
archivalia.hypotheses.org/6541;histoire et archéologie_d, sciences sociales interdisciplinaires_d, histoire_t, approches de corpus_t, enquêtes_t, archives_t;Datasets/all_labels_train_gensim_sparse_matrix.npz
archive20.hypotheses.org/3392;pluridisciplinarité_d, sciences sociales interdisciplinaires_d, histoire_t, information_t, patrimoine_t, monde germanique_t;Datasets/all_labels_train_gensim_sparse_matrix.npz
archivalia.hypotheses.org/5826;histoire et archéologie_d, sciences sociales interdisciplinaires_d, histoire_t, approches de corpus_t, enquêtes_t, archives_t;Datasets/all_labels_train_gensim_sparse_matrix.npz
soziologieblog.hypotheses.org/4266;sciences sociales interdisciplinaires_d, sociologie et anthropologie_d, sociologie du travail_t, sociologie urbaine_t, sociologie de la culture_t, sociologie économique_t;Datasets/all_labels_train_gensim_sparse_matrix.npz
archivalia.hypotheses.org/12835;histoire et archéologie_d, sciences sociales interdisciplinaires_d, histoire_t, approches de corpus_t, enquêtes_t, archives_t;Datasets/all_labels_train_gensim_sparse_matrix.npz
archivalia.hypotheses.org/6332;histoire et archéologie_d, sciences sociales interdisciplinaires_d, histoire_t, approches de corpus_t, enquêtes_t, archives_t;Datasets/all_labels_train_gensim_sparse_matrix.npz
gelerndig.hypotheses.org/73;éducation_d, éducation spécialisée_d, histoire_d, histoire_t, éducation_t, édition électronique_t, histoire et sociologie des médias_t;Datasets/all_labels_train_gensim_sparse_matrix.npz
barblog.hypotheses.org/1260;sciences sociales interdisciplinaires_d, sciences politiques_d, sociologie_d, anthropologie politique_t;Datasets/all_labels_train_gensim_sparse_matrix.npz
beruf.hypotheses.org/58;histoire et archéologie_d, histoire_d, histoire_t;Datasets/all_labels_train_gensim_sparse_matrix.npz
tagebuch.hypotheses.org/1004;histoire et archéologie_d, histoire_d, histoire_t, époque contemporaine_t, 1914-1918_t;Datasets/all_labels_train_gensim_sparse_matrix.npz
jeunegen.hypotheses.org/937;histoire_d, pluridisciplinarité_d, histoire_t, vie de la recherche_t, moyen âge_t, haut moyen âge_t, bas moyen âge_t;Datasets/all_labels_train_gensim_sparse_matrix.npz
liparchiv.hypotheses.org/638;histoire et archéologie_d, sciences politiques_d, administration publique et développement_d, histoire urbaine_t, patrimoine_t, sciences auxiliaires de l'histoire_t, approches de corpus_t, enquêtes_t, archives_t, europe_t;Datasets/all_labels_train_gensim_sparse_matrix.npz
archivalia.hypotheses.org/9526;histoire et archéologie_d, sciences sociales interdisciplinaires_d, histoire_t, approches de corpus_t, enquêtes_t, archives_t;Datasets/all_labels_train_gensim_sparse_matrix.npz
resilienz.hypotheses.org/620;pluridisciplinarité_d, sciences sociales interdisciplinaires_d, études des sciences_t, épistémologie et méthodes_t, vie de la recherche_t, prospectives_t;Datasets/all_labels_train_gensim_sparse_matrix.npz
soziologieblog.hypotheses.org/5383;sciences sociales interdisciplinaires_d, sociologie et anthropologie_d, sociologie du travail_t, sociologie urbaine_t, sociologie de la culture_t, sociologie économique_t;Datasets/all_labels_train_gensim_sparse_matrix.npz
inklusion.hypotheses.org/544;éducation_d, travail social et politique sociale_d, sociologie du travail_t, âges de la vie_t, information_t, sciences de l'éducation_t;Datasets/all_labels_train_gensim_sparse_matrix.npz
amuc.hypotheses.org/928;humanités pluridisciplinaires_d, histoire_d, histoire_t, représentations_t, patrimoine_t;Datasets/all_labels_train_gensim_sparse_matrix.npz
schotten.hypotheses.org/953;religions_d, histoire et archéologie_d, sciences de l'information et de la communication_d, bibliothéconomie_d, histoire_t, histoire des religions_t, approches de corpus_t, enquêtes_t, archives_t, monde germanique_t;Datasets/all_labels_train_gensim_sparse_matrix.npz
erinnerung.hypotheses.org/613;histoire et archéologie_d, histoire_t, xxe siècle_t, prospectives_t, europe_t;Datasets/all_labels_train_gensim_sparse_matrix.npz
grk1919.hypotheses.org/180;histoire et archéologie_d, histoire et philosophie des sciences_d, histoire_t;Datasets/all_labels_train_gensim_sparse_matrix.npz
reichwein.hypotheses.org/1358;histoire et archéologie_d, histoire des sciences_t, 1945-1989_t;Datasets/all_labels_train_gensim_sparse_matrix.npz
vivien.hypotheses.org/200;arts et humanités_d, représentations_t, histoire de l'art_t, xviiie siècle_t, france_t;Datasets/all_labels_train_gensim_sparse_matrix.npz
archivalia.hypotheses.org/9429;histoire et archéologie_d, sciences sociales interdisciplinaires_d, histoire_t, approches de corpus_t, enquêtes_t, archives_t;Datasets/all_labels_train_gensim_sparse_matrix.npz
archivewk1.hypotheses.org/19791;histoire_d, époque contemporaine_t, 1914-1918_t;Datasets/all_labels_train_gensim_sparse_matrix.npz
aktenkunde.hypotheses.org/599;histoire_d, histoire_t, sciences auxiliaires de l'histoire_t;Datasets/all_labels_train_gensim_sparse_matrix.npz
archivalia.hypotheses.org/2104;histoire et archéologie_d, sciences sociales interdisciplinaires_d, histoire_t, approches de corpus_t, enquêtes_t, archives_t;Datasets/all_labels_train_gensim_sparse_matrix.npz
studpro.hypotheses.org/832;histoire_d, histoire_t, époque moderne_t, xviie siècle_t, xviiie siècle_t;Datasets/all_labels_train_gensim_sparse_matrix.npz
archivalia.hypotheses.org/5432;histoire et archéologie_d, sciences sociales interdisciplinaires_d, histoire_t, approches de corpus_t, enquêtes_t, archives_t;Datasets/all_labels_train_gensim_sparse_matrix.npz
soziologieblog.hypotheses.org/2993;sciences sociales interdisciplinaires_d, sociologie et anthropologie_d, sociologie du travail_t, sociologie urbaine_t, sociologie de la culture_t, sociologie économique_t;Datasets/all_labels_train_gensim_sparse_matrix.npz
bioeg.hypotheses.org/1509;histoire et archéologie_d, histoire_d, histoire_t, sciences auxiliaires de l'histoire_t, europe centrale et orientale_t, monde germanique_t;Datasets/all_labels_train_gensim_sparse_matrix.npz
oberrhein.hypotheses.org/125;religions_d, archéologie_d, histoire_d, histoire_t, moyen âge_t, france_t, monde germanique_t;Datasets/all_labels_train_gensim_sparse_matrix.npz
redaktionsblog.hypotheses.org/672;arts et humanités_d, humanités pluridisciplinaires_d, épistémologie et méthodes_t, digital humanities_t;Datasets/all_labels_train_gensim_sparse_matrix.npz
archivewk1.hypotheses.org/12091;histoire_d, époque contemporaine_t, 1914-1918_t;Datasets/all_labels_train_gensim_sparse_matrix.npz
archivalia.hypotheses.org/12116;histoire et archéologie_d, sciences sociales interdisciplinaires_d, histoire_t, approches de corpus_t, enquêtes_t, archives_t;Datasets/all_labels_train_gensim_sparse_matrix.npz
soziologieblog.hypotheses.org/7260;sciences sociales interdisciplinaires_d, sociologie et anthropologie_d, sociologie du travail_t, sociologie urbaine_t, sociologie de la culture_t, sociologie économique_t;Datasets/all_labels_train_gensim_sparse_matrix.npz
hsc.hypotheses.org/225;arts et humanités_d, humanités pluridisciplinaires_d, histoire et archéologie_d, histoire_t, historiographie_t;Datasets/all_labels_train_gensim_sparse_matrix.npz
archivalia.hypotheses.org/6987;histoire et archéologie_d, sciences sociales interdisciplinaires_d, histoire_t, approches de corpus_t, enquêtes_t, archives_t;Datasets/all_labels_train_gensim_sparse_matrix.npz
archivalia.hypotheses.org/8941;histoire et archéologie_d, sciences sociales interdisciplinaires_d, histoire_t, approches de corpus_t, enquêtes_t, archives_t;Datasets/all_labels_train_gensim_sparse_matrix.npz
archivalia.hypotheses.org/4507;histoire et archéologie_d, sciences sociales interdisciplinaires_d, histoire_t, approches de corpus_t, enquêtes_t, archives_t;Datasets/all_labels_train_gensim_sparse_matrix.npz
archivalia.hypotheses.org/8219;histoire et archéologie_d, sciences sociales interdisciplinaires_d, histoire_t, approches de corpus_t, enquêtes_t, archives_t;Datasets/all_labels_train_gensim_sparse_matrix.npz
histbav.hypotheses.org/1474;humanités pluridisciplinaires_d, histoire_d, pluridisciplinarité_d, histoire_t, monde germanique_t;Datasets/all_labels_train_gensim_sparse_matrix.npz
archivewk1.hypotheses.org/3359;histoire_d, époque contemporaine_t, 1914-1918_t;Datasets/all_labels_train_gensim_sparse_matrix.npz
medienbildung.hypotheses.org/5622;éducation_d, éducation spécialisée_d, travail social_d, sociologie_t, édition électronique_t, histoire et sociologie des médias_t, éducation_t;Datasets/all_labels_train_gensim_sparse_matrix.npz
kinder.hypotheses.org/1044;éducation et sciences de l'éducation_d, études sur la famille_d, âges de la vie_t, sciences de l'éducation_t;Datasets/all_labels_train_gensim_sparse_matrix.npz
amuc.hypotheses.org/2161;humanités pluridisciplinaires_d, histoire_d, histoire_t, représentations_t, patrimoine_t;Datasets/all_labels_train_gensim_sparse_matrix.npz
archivalia.hypotheses.org/2685;histoire et archéologie_d, sciences sociales interdisciplinaires_d, histoire_t, approches de corpus_t, enquêtes_t, archives_t;Datasets/all_labels_train_gensim_sparse_matrix.npz
archivalia.hypotheses.org/55274;histoire et archéologie_d, sciences sociales interdisciplinaires_d, histoire_t, approches de corpus_t, enquêtes_t, archives_t;Datasets/all_labels_train_gensim_sparse_matrix.npz
dhmuc.hypotheses.org/41;humanités pluridisciplinaires_d, communication_d, pluridisciplinarité_d, sciences sociales interdisciplinaires_d, études des sciences_t, édition électronique_t, digital humanities_t;Datasets/all_labels_train_gensim_sparse_matrix.npz
archivewk1.hypotheses.org/26229;histoire_d, époque contemporaine_t, 1914-1918_t;Datasets/all_labels_train_gensim_sparse_matrix.npz
archivalia.hypotheses.org/10358;histoire et archéologie_d, sciences sociales interdisciplinaires_d, histoire_t, approches de corpus_t, enquêtes_t, archives_t;Datasets/all_labels_train_gensim_sparse_matrix.npz
tagebuch.hypotheses.org/1352;histoire et archéologie_d, histoire_d, histoire_t, époque contemporaine_t, 1914-1918_t;Datasets/all_labels_train_gensim_sparse_matrix.npz
archivalia.hypotheses.org/53500;histoire et archéologie_d, sciences sociales interdisciplinaires_d, histoire_t, approches de corpus_t, enquêtes_t, archives_t;Datasets/all_labels_train_gensim_sparse_matrix.npz
archivalia.hypotheses.org/13036;histoire et archéologie_d, sciences sociales interdisciplinaires_d, histoire_t, approches de corpus_t, enquêtes_t, archives_t;Datasets/all_labels_train_gensim_sparse_matrix.npz
mittelalter.hypotheses.org/8114;humanités pluridisciplinaires_d, religions_d, histoire_d, sociologie_d, histoire_t, histoire sociale_t, histoire intellectuelle_t, moyen âge_t, haut moyen âge_t, bas moyen âge_t;Datasets/all_labels_train_gensim_sparse_matrix.npz
mittelalter.hypotheses.org/8844;humanités pluridisciplinaires_d, religions_d, histoire_d, sociologie_d, histoire_t, histoire sociale_t, histoire intellectuelle_t, moyen âge_t, haut moyen âge_t, bas moyen âge_t;Datasets/all_labels_train_gensim_sparse_matrix.npz
archivewk1.hypotheses.org/18790;histoire_d, époque contemporaine_t, 1914-1918_t;Datasets/all_labels_train_gensim_sparse_matrix.npz
lvrafz.hypotheses.org/1532;pluridisciplinarité_d, information_t;Datasets/all_labels_train_gensim_sparse_matrix.npz
digitalintellectuals.hypotheses.org/2677;études anciennes_d, histoire et philosophie des sciences_d, pluridisciplinarité_d, littérature_d, histoire intellectuelle_t, approches de corpus_t, enquêtes_t, archives_t, époque moderne_t, prospectives_t, monde germanique_t;Datasets/all_labels_train_gensim_sparse_matrix.npz
archivalia.hypotheses.org/54094;histoire et archéologie_d, sciences sociales interdisciplinaires_d, histoire_t, approches de corpus_t, enquêtes_t, archives_t;Datasets/all_labels_train_gensim_sparse_matrix.npz
archivewk1.hypotheses.org/5654;histoire_d, époque contemporaine_t, 1914-1918_t;Datasets/all_labels_train_gensim_sparse_matrix.npz
ordensgeschichte.hypotheses.org/3552;arts et humanités_d, humanités pluridisciplinaires_d, histoire et archéologie_d, histoire et philosophie des sciences_d, histoire_t, haut moyen âge_t, bas moyen âge_t, xviie siècle_t, xviiie siècle_t;Datasets/all_labels_train_gensim_sparse_matrix.npz
medienbildung.hypotheses.org/4981;éducation_d, éducation spécialisée_d, travail social_d, sociologie_t, édition électronique_t, histoire et sociologie des médias_t, éducation_t;Datasets/all_labels_train_gensim_sparse_matrix.npz
dguw.hypotheses.org/387;histoire et archéologie_d, histoire_t, historiographie_t, digital humanities_t;Datasets/all_labels_train_gensim_sparse_matrix.npz
archivalia.hypotheses.org/60691;histoire et archéologie_d, sciences sociales interdisciplinaires_d, histoire_t, approches de corpus_t, enquêtes_t, archives_t;Datasets/all_labels_train_gensim_sparse_matrix.npz
archivalia.hypotheses.org/11343;histoire et archéologie_d, sciences sociales interdisciplinaires_d, histoire_t, approches de corpus_t, enquêtes_t, archives_t;Datasets/all_labels_train_gensim_sparse_matrix.npz
metablock.hypotheses.org/1101;sciences sociales interdisciplinaires_d, linguistique appliquée_d, langue et linguistique_d, sociologie des sciences_t, langage_t, linguistique_t, édition électronique_t, histoire et sociologie des médias_t;Datasets/all_labels_train_gensim_sparse_matrix.npz
archivewk1.hypotheses.org/6353;histoire_d, époque contemporaine_t, 1914-1918_t;Datasets/all_labels_train_gensim_sparse_matrix.npz
archivalia.hypotheses.org/54250;histoire et archéologie_d, sciences sociales interdisciplinaires_d, histoire_t, approches de corpus_t, enquêtes_t, archives_t;Datasets/all_labels_train_gensim_sparse_matrix.npz
historischdenken.hypotheses.org/3063;histoire et archéologie_d, histoire_t;Datasets/all_labels_train_gensim_sparse_matrix.npz
archivalia.hypotheses.org/10899;histoire et archéologie_d, sciences sociales interdisciplinaires_d, histoire_t, approches de corpus_t, enquêtes_t, archives_t;Datasets/all_labels_train_gensim_sparse_matrix.npz
mgtud.hypotheses.org/180;humanités pluridisciplinaires_d, éducation_d, histoire et archéologie_d, histoire_d, histoire_t, histoire urbaine_t, édition électronique_t;Datasets/all_labels_train_gensim_sparse_matrix.npz
archivamt.hypotheses.org/3660;communication_d, pluridisciplinarité_d, sciences sociales interdisciplinaires_d, information_t, sciences de l'information_t, représentations_t, patrimoine_t;Datasets/all_labels_train_gensim_sparse_matrix.npz
nordichistoryblog.hypotheses.org/368;arts et humanités_d, histoire et archéologie_d, histoire_t, édition électronique_t, vie de la recherche_t, approches de corpus_t, enquêtes_t, archives_t, europe_t, pays baltes et scandinaves_t;Datasets/all_labels_train_gensim_sparse_matrix.npz
archivalia.hypotheses.org/54515;histoire et archéologie_d, sciences sociales interdisciplinaires_d, histoire_t, approches de corpus_t, enquêtes_t, archives_t;Datasets/all_labels_train_gensim_sparse_matrix.npz
fnzinfo.hypotheses.org/270;arts et humanités_d, musique_d, histoire et archéologie_d, histoire_t, xvie siècle_t, xviie siècle_t, xviiie siècle_t, révolution française_t;Datasets/all_labels_train_gensim_sparse_matrix.npz
archivalia.hypotheses.org/6340;histoire et archéologie_d, sciences sociales interdisciplinaires_d, histoire_t, approches de corpus_t, enquêtes_t, archives_t;Datasets/all_labels_train_gensim_sparse_matrix.npz
gab.hypotheses.org/48;histoire et archéologie_d, pluridisciplinarité_d, sciences sociales interdisciplinaires_d, études des sciences_t, sociologie des sciences_t, histoire_t;Datasets/all_labels_train_gensim_sparse_matrix.npz
vgdrp.hypotheses.org/282;éducation_d, histoire des sciences sociales_d, histoire_t, histoire économique_t, histoire industrielle_t, histoire urbaine_t, histoire sociale_t;Datasets/all_labels_train_gensim_sparse_matrix.npz
archivalia.hypotheses.org/52790;histoire et archéologie_d, sciences sociales interdisciplinaires_d, histoire_t, approches de corpus_t, enquêtes_t, archives_t;Datasets/all_labels_train_gensim_sparse_matrix.npz
grammata.hypotheses.org/1171;études anciennes_d, religions_d, littérature_d, religions_t, littératures_t;Datasets/all_labels_train_gensim_sparse_matrix.npz
mittelalter.hypotheses.org/4617;humanités pluridisciplinaires_d, religions_d, histoire_d, sociologie_d, histoire_t, histoire sociale_t, histoire intellectuelle_t, moyen âge_t, haut moyen âge_t, bas moyen âge_t;Datasets/all_labels_train_gensim_sparse_matrix.npz
archivalia.hypotheses.org/10092;histoire et archéologie_d, sciences sociales interdisciplinaires_d, histoire_t, approches de corpus_t, enquêtes_t, archives_t;Datasets/all_labels_train_gensim_sparse_matrix.npz
mittelalter.hypotheses.org/2897;humanités pluridisciplinaires_d, religions_d, histoire_d, sociologie_d, histoire_t, histoire sociale_t, histoire intellectuelle_t, moyen âge_t, haut moyen âge_t, bas moyen âge_t;Datasets/all_labels_train_gensim_sparse_matrix.npz
archivalia.hypotheses.org/2411;histoire et archéologie_d, sciences sociales interdisciplinaires_d, histoire_t, approches de corpus_t, enquêtes_t, archives_t;Datasets/all_labels_train_gensim_sparse_matrix.npz
archivalia.hypotheses.org/9955;histoire et archéologie_d, sciences sociales interdisciplinaires_d, histoire_t, approches de corpus_t, enquêtes_t, archives_t;Datasets/all_labels_train_gensim_sparse_matrix.npz
archivalia.hypotheses.org/14336;histoire et archéologie_d, sciences sociales interdisciplinaires_d, histoire_t, approches de corpus_t, enquêtes_t, archives_t;Datasets/all_labels_train_gensim_sparse_matrix.npz
archivalia.hypotheses.org/62138;histoire et archéologie_d, sciences sociales interdisciplinaires_d, histoire_t, approches de corpus_t, enquêtes_t, archives_t;Datasets/all_labels_train_gensim_sparse_matrix.npz
archivalia.hypotheses.org/5954;histoire et archéologie_d, sciences sociales interdisciplinaires_d, histoire_t, approches de corpus_t, enquêtes_t, archives_t;Datasets/all_labels_train_gensim_sparse_matrix.npz
archivalia.hypotheses.org/6059;histoire et archéologie_d, sciences sociales interdisciplinaires_d, histoire_t, approches de corpus_t, enquêtes_t, archives_t;Datasets/all_labels_train_gensim_sparse_matrix.npz
gab.hypotheses.org/1020;histoire et archéologie_d, pluridisciplinarité_d, sciences sociales interdisciplinaires_d, études des sciences_t, sociologie des sciences_t, histoire_t;Datasets/all_labels_train_gensim_sparse_matrix.npz
dgl.hypotheses.org/549;éducation spécialisée_d, histoire_d, histoire_t, histoire et sociologie des médias_t, éducation_t;Datasets/all_labels_train_gensim_sparse_matrix.npz
texperimentales.hypotheses.org/1657;linguistique appliquée_d, langue et linguistique_d, langage_t, linguistique_t, information_t, sciences de l'information_t, digital humanities_t;Datasets/all_labels_train_gensim_sparse_matrix.npz
tagebuch.hypotheses.org/1336;histoire et archéologie_d, histoire_d, histoire_t, époque contemporaine_t, 1914-1918_t;Datasets/all_labels_train_gensim_sparse_matrix.npz
tagebuch.hypotheses.org/1138;histoire et archéologie_d, histoire_d, histoire_t, époque contemporaine_t, 1914-1918_t;Datasets/all_labels_train_gensim_sparse_matrix.npz
archivalia.hypotheses.org/954;histoire et archéologie_d, sciences sociales interdisciplinaires_d, histoire_t, approches de corpus_t, enquêtes_t, archives_t;Datasets/all_labels_train_gensim_sparse_matrix.npz
soziologieblog.hypotheses.org/9986;sciences sociales interdisciplinaires_d, sociologie et anthropologie_d, sociologie du travail_t, sociologie urbaine_t, sociologie de la culture_t, sociologie économique_t;Datasets/all_labels_train_gensim_sparse_matrix.npz
lvrafz.hypotheses.org/1839;pluridisciplinarité_d, information_t;Datasets/all_labels_train_gensim_sparse_matrix.npz
francofil.hypotheses.org/3292;pluridisciplinarité_d, sciences sociales interdisciplinaires_d, histoire_t, épistémologie et méthodes_t, approches de corpus_t, enquêtes_t, archives_t, france_t;Datasets/all_labels_train_gensim_sparse_matrix.npz
winzen.hypotheses.org/443;histoire_d, histoire_t, études visuelles_t, 1918-1939_t, 1939-1945_t, monde germanique_t;Datasets/all_labels_train_gensim_sparse_matrix.npz
archivalia.hypotheses.org/4080;histoire et archéologie_d, sciences sociales interdisciplinaires_d, histoire_t, approches de corpus_t, enquêtes_t, archives_t;Datasets/all_labels_train_gensim_sparse_matrix.npz
rkb.hypotheses.org/1022;arts et humanités_d, communication_d, sciences de l'information et bibliothéconomie_d, sociologie des sciences_t, édition électronique_t, histoire et sociologie des médias_t;Datasets/all_labels_train_gensim_sparse_matrix.npz
gab.hypotheses.org/2743;histoire et archéologie_d, pluridisciplinarité_d, sciences sociales interdisciplinaires_d, études des sciences_t, sociologie des sciences_t, histoire_t;Datasets/all_labels_train_gensim_sparse_matrix.npz
charlemagne.hypotheses.org/341;histoire_d, histoire_t, moyen âge_t, europe centrale et orientale_t, monde germanique_t;Datasets/all_labels_train_gensim_sparse_matrix.npz
erinnerung.hypotheses.org/211;histoire et archéologie_d, histoire_t, xxe siècle_t, prospectives_t, europe_t;Datasets/all_labels_train_gensim_sparse_matrix.npz
dgl.hypotheses.org/539;éducation spécialisée_d, histoire_d, histoire_t, histoire et sociologie des médias_t, éducation_t;Datasets/all_labels_train_gensim_sparse_matrix.npz
mittelalter.hypotheses.org/7075;humanités pluridisciplinaires_d, religions_d, histoire_d, sociologie_d, histoire_t, histoire sociale_t, histoire intellectuelle_t, moyen âge_t, haut moyen âge_t, bas moyen âge_t;Datasets/all_labels_train_gensim_sparse_matrix.npz
histbav.hypotheses.org/2331;humanités pluridisciplinaires_d, histoire_d, pluridisciplinarité_d, histoire_t, monde germanique_t;Datasets/all_labels_train_gensim_sparse_matrix.npz
mittelalter.hypotheses.org/8589;humanités pluridisciplinaires_d, religions_d, histoire_d, sociologie_d, histoire_t, histoire sociale_t, histoire intellectuelle_t, moyen âge_t, haut moyen âge_t, bas moyen âge_t;Datasets/all_labels_train_gensim_sparse_matrix.npz
dfmfa.hypotheses.org/2341;humanités pluridisciplinaires_d, sciences sociales interdisciplinaires_d, histoire_t, moyen âge_t, haut moyen âge_t, bas moyen âge_t;Datasets/all_labels_train_gensim_sparse_matrix.npz
archivalia.hypotheses.org/54849;histoire et archéologie_d, sciences sociales interdisciplinaires_d, histoire_t, approches de corpus_t, enquêtes_t, archives_t;Datasets/all_labels_train_gensim_sparse_matrix.npz
archivewk1.hypotheses.org/18737;histoire_d, époque contemporaine_t, 1914-1918_t;Datasets/all_labels_train_gensim_sparse_matrix.npz
archivalia.hypotheses.org/5064;histoire et archéologie_d, sciences sociales interdisciplinaires_d, histoire_t, approches de corpus_t, enquêtes_t, archives_t;Datasets/all_labels_train_gensim_sparse_matrix.npz
archivalia.hypotheses.org/11302;histoire et archéologie_d, sciences sociales interdisciplinaires_d, histoire_t, approches de corpus_t, enquêtes_t, archives_t;Datasets/all_labels_train_gensim_sparse_matrix.npz
archivalia.hypotheses.org/9867;histoire et archéologie_d, sciences sociales interdisciplinaires_d, histoire_t, approches de corpus_t, enquêtes_t, archives_t;Datasets/all_labels_train_gensim_sparse_matrix.npz
texperimentales.hypotheses.org/77;linguistique appliquée_d, langue et linguistique_d, langage_t, linguistique_t, information_t, sciences de l'information_t, digital humanities_t;Datasets/all_labels_train_gensim_sparse_matrix.npz
intersex.hypotheses.org/1164;histoire_d, biomédecine_d, étude des genres_t, histoire des sciences_t, histoire_t, histoire du droit_t, moyen âge_t, xxie siècle_t;Datasets/all_labels_train_gensim_sparse_matrix.npz
gab.hypotheses.org/1497;histoire et archéologie_d, pluridisciplinarité_d, sciences sociales interdisciplinaires_d, études des sciences_t, sociologie des sciences_t, histoire_t;Datasets/all_labels_train_gensim_sparse_matrix.npz
archivewk1.hypotheses.org/2828;histoire_d, époque contemporaine_t, 1914-1918_t;Datasets/all_labels_train_gensim_sparse_matrix.npz
archivalia.hypotheses.org/59540;histoire et archéologie_d, sciences sociales interdisciplinaires_d, histoire_t, approches de corpus_t, enquêtes_t, archives_t;Datasets/all_labels_train_gensim_sparse_matrix.npz
soziologieblog.hypotheses.org/3261;sciences sociales interdisciplinaires_d, sociologie et anthropologie_d, sociologie du travail_t, sociologie urbaine_t, sociologie de la culture_t, sociologie économique_t;Datasets/all_labels_train_gensim_sparse_matrix.npz
frueheneuzeit.hypotheses.org/758;histoire et archéologie_d, histoire_t, époque moderne_t, xviie siècle_t, xviiie siècle_t, révolution française_t;Datasets/all_labels_train_gensim_sparse_matrix.npz
sdvigpress.hypotheses.org/365;langue et linguistique_d, philosophie_d, humanités pluridisciplinaires_d, épistémologie et méthodes_t, digital humanities_t, europe centrale et orientale_t, édition électronique_t, linguistique_t;Datasets/all_labels_train_gensim_sparse_matrix.npz
kulturgut.hypotheses.org/364;humanités pluridisciplinaires_d, études des sciences_t, histoire_t, approches de corpus_t, enquêtes_t, archives_t;Datasets/all_labels_train_gensim_sparse_matrix.npz
archivamt.hypotheses.org/791;communication_d, pluridisciplinarité_d, sciences sociales interdisciplinaires_d, information_t, sciences de l'information_t, représentations_t, patrimoine_t;Datasets/all_labels_train_gensim_sparse_matrix.npz
dokunstlmu.hypotheses.org/521;arts et humanités_d, histoire intellectuelle_t;Datasets/all_labels_train_gensim_sparse_matrix.npz
speyermemo.hypotheses.org/2828;histoire_d, pluridisciplinarité_d, sciences sociales interdisciplinaires_d, sociologie de la culture_t, histoire_t, 1939-1945_t, europe_t;Datasets/all_labels_train_gensim_sparse_matrix.npz
gid.hypotheses.org/918;pluridisciplinarité_d, sciences sociales interdisciplinaires_d, études des sciences_t, histoire des sciences_t, pensée_t, histoire intellectuelle_t, histoire culturelle_t, prospectives_t;Datasets/all_labels_train_gensim_sparse_matrix.npz
dighist.hypotheses.org/55;histoire_d, sciences sociales interdisciplinaires_d, études sur la famille_d, sociologie_d, histoire urbaine_t, histoire sociale_t, europe centrale et orientale_t;Datasets/all_labels_train_gensim_sparse_matrix.npz
archivalia.hypotheses.org/13330;histoire et archéologie_d, sciences sociales interdisciplinaires_d, histoire_t, approches de corpus_t, enquêtes_t, archives_t;Datasets/all_labels_train_gensim_sparse_matrix.npz
archivalia.hypotheses.org/11934;histoire et archéologie_d, sciences sociales interdisciplinaires_d, histoire_t, approches de corpus_t, enquêtes_t, archives_t;Datasets/all_labels_train_gensim_sparse_matrix.npz
pgfw.hypotheses.org/1117;histoire et archéologie_d, histoire des sciences_t, histoire_t;Datasets/all_labels_train_gensim_sparse_matrix.npz
archivalia.hypotheses.org/9437;histoire et archéologie_d, sciences sociales interdisciplinaires_d, histoire_t, approches de corpus_t, enquêtes_t, archives_t;Datasets/all_labels_train_gensim_sparse_matrix.npz
archivalia.hypotheses.org/10780;histoire et archéologie_d, sciences sociales interdisciplinaires_d, histoire_t, approches de corpus_t, enquêtes_t, archives_t;Datasets/all_labels_train_gensim_sparse_matrix.npz
archivalia.hypotheses.org/13518;histoire et archéologie_d, sciences sociales interdisciplinaires_d, histoire_t, approches de corpus_t, enquêtes_t, archives_t;Datasets/all_labels_train_gensim_sparse_matrix.npz
intersex.hypotheses.org/294;histoire_d, biomédecine_d, étude des genres_t, histoire des sciences_t, histoire_t, histoire du droit_t, moyen âge_t, xxie siècle_t;Datasets/all_labels_train_gensim_sparse_matrix.npz
archivalia.hypotheses.org/8936;histoire et archéologie_d, sciences sociales interdisciplinaires_d, histoire_t, approches de corpus_t, enquêtes_t, archives_t;Datasets/all_labels_train_gensim_sparse_matrix.npz
archivalia.hypotheses.org/9088;histoire et archéologie_d, sciences sociales interdisciplinaires_d, histoire_t, approches de corpus_t, enquêtes_t, archives_t;Datasets/all_labels_train_gensim_sparse_matrix.npz
archivewk1.hypotheses.org/12837;histoire_d, époque contemporaine_t, 1914-1918_t;Datasets/all_labels_train_gensim_sparse_matrix.npz
archivalia.hypotheses.org/9276;histoire et archéologie_d, sciences sociales interdisciplinaires_d, histoire_t, approches de corpus_t, enquêtes_t, archives_t;Datasets/all_labels_train_gensim_sparse_matrix.npz
trafo.hypotheses.org/738;pluridisciplinarité_d, sciences sociales interdisciplinaires_d, études régionales_d, sociologie_t, sociologie des religions_t, information_t, histoire culturelle_t;Datasets/all_labels_train_gensim_sparse_matrix.npz
lvrafz.hypotheses.org/1039;pluridisciplinarité_d, information_t;Datasets/all_labels_train_gensim_sparse_matrix.npz
lvrafz.hypotheses.org/2196;pluridisciplinarité_d, information_t;Datasets/all_labels_train_gensim_sparse_matrix.npz
archivalia.hypotheses.org/11728;histoire et archéologie_d, sciences sociales interdisciplinaires_d, histoire_t, approches de corpus_t, enquêtes_t, archives_t;Datasets/all_labels_train_gensim_sparse_matrix.npz
archivalia.hypotheses.org/9628;histoire et archéologie_d, sciences sociales interdisciplinaires_d, histoire_t, approches de corpus_t, enquêtes_t, archives_t;Datasets/all_labels_train_gensim_sparse_matrix.npz
archivalia.hypotheses.org/1472;histoire et archéologie_d, sciences sociales interdisciplinaires_d, histoire_t, approches de corpus_t, enquêtes_t, archives_t;Datasets/all_labels_train_gensim_sparse_matrix.npz
2wkvisuell.hypotheses.org/370;arts et humanités_d, histoire et archéologie_d, histoire sociale_t, guerres_t, conflits_t, violence_t, histoire et sociologie des médias_t, études visuelles_t, époque contemporaine_t;Datasets/all_labels_train_gensim_sparse_matrix.npz
ordensgeschichte.hypotheses.org/8290;arts et humanités_d, humanités pluridisciplinaires_d, histoire et archéologie_d, histoire et philosophie des sciences_d, histoire_t, haut moyen âge_t, bas moyen âge_t, xviie siècle_t, xviiie siècle_t;Datasets/all_labels_train_gensim_sparse_matrix.npz
archivewk1.hypotheses.org/25858;histoire_d, époque contemporaine_t, 1914-1918_t;Datasets/all_labels_train_gensim_sparse_matrix.npz
callme.hypotheses.org/39;éducation et sciences de l'éducation_d, linguistique appliquée_d, linguistique_t;Datasets/all_labels_train_gensim_sparse_matrix.npz
unibloggt.hypotheses.org/863;histoire et archéologie_d, pluridisciplinarité_d, histoire_t, information_t;Datasets/all_labels_train_gensim_sparse_matrix.npz
archivewk1.hypotheses.org/22008;histoire_d, époque contemporaine_t, 1914-1918_t;Datasets/all_labels_train_gensim_sparse_matrix.npz
archivalia.hypotheses.org/13723;histoire et archéologie_d, sciences sociales interdisciplinaires_d, histoire_t, approches de corpus_t, enquêtes_t, archives_t;Datasets/all_labels_train_gensim_sparse_matrix.npz
archivewk1.hypotheses.org/6176;histoire_d, époque contemporaine_t, 1914-1918_t;Datasets/all_labels_train_gensim_sparse_matrix.npz
tagebuch.hypotheses.org/676;histoire et archéologie_d, histoire_d, histoire_t, époque contemporaine_t, 1914-1918_t;Datasets/all_labels_train_gensim_sparse_matrix.npz
heraldica.hypotheses.org/806;histoire_d, histoire_t, historiographie_t, sciences auxiliaires de l'histoire_t, moyen âge_t, haut moyen âge_t;Datasets/all_labels_train_gensim_sparse_matrix.npz
lvrafz.hypotheses.org/1920;pluridisciplinarité_d, information_t;Datasets/all_labels_train_gensim_sparse_matrix.npz
gab.hypotheses.org/2162;histoire et archéologie_d, pluridisciplinarité_d, sciences sociales interdisciplinaires_d, études des sciences_t, sociologie des sciences_t, histoire_t;Datasets/all_labels_train_gensim_sparse_matrix.npz
tagebuch.hypotheses.org/1327;histoire et archéologie_d, histoire_d, histoire_t, époque contemporaine_t, 1914-1918_t;Datasets/all_labels_train_gensim_sparse_matrix.npz
archivalia.hypotheses.org/241;histoire et archéologie_d, sciences sociales interdisciplinaires_d, histoire_t, approches de corpus_t, enquêtes_t, archives_t;Datasets/all_labels_train_gensim_sparse_matrix.npz
archivalia.hypotheses.org/6938;histoire et archéologie_d, sciences sociales interdisciplinaires_d, histoire_t, approches de corpus_t, enquêtes_t, archives_t;Datasets/all_labels_train_gensim_sparse_matrix.npz
mindthegaps.hypotheses.org/1608;études asiatiques_d, histoire_d, histoire_t, histoire culturelle_t, asie_t, chine_t;Datasets/all_labels_train_gensim_sparse_matrix.npz
archivekod.hypotheses.org/713;religions_d, histoire et archéologie_d, sciences de l'information et de la communication_d, bibliothéconomie_d, communication_d, histoire_t, histoire des religions_t, patrimoine_t;Datasets/all_labels_train_gensim_sparse_matrix.npz
bloghaus.hypotheses.org/1730;pluridisciplinarité_d, sciences sociales interdisciplinaires_d, information_t, digital humanities_t;Datasets/all_labels_train_gensim_sparse_matrix.npz
pophistory.hypotheses.org/1284;humanités pluridisciplinaires_d, histoire et archéologie_d, sociologie de la culture_t, histoire sociale_t, histoire culturelle_t, époque contemporaine_t;Datasets/all_labels_train_gensim_sparse_matrix.npz
archive20.hypotheses.org/259;pluridisciplinarité_d, sciences sociales interdisciplinaires_d, histoire_t, information_t, patrimoine_t, monde germanique_t;Datasets/all_labels_train_gensim_sparse_matrix.npz
archivewk1.hypotheses.org/19556;histoire_d, époque contemporaine_t, 1914-1918_t;Datasets/all_labels_train_gensim_sparse_matrix.npz
intersex.hypotheses.org/74;histoire_d, biomédecine_d, étude des genres_t, histoire des sciences_t, histoire_t, histoire du droit_t, moyen âge_t, xxie siècle_t;Datasets/all_labels_train_gensim_sparse_matrix.npz
historischdenken.hypotheses.org/892;histoire et archéologie_d, histoire_t;Datasets/all_labels_train_gensim_sparse_matrix.npz
kriegsfoto.hypotheses.org/164;arts_d, histoire_d, communication_d, guerres_t, conflits_t, violence_t, études visuelles_t, époque contemporaine_t, europe centrale et orientale_t;Datasets/all_labels_train_gensim_sparse_matrix.npz
archivalia.hypotheses.org/53764;histoire et archéologie_d, sciences sociales interdisciplinaires_d, histoire_t, approches de corpus_t, enquêtes_t, archives_t;Datasets/all_labels_train_gensim_sparse_matrix.npz
lvrafz.hypotheses.org/2131;pluridisciplinarité_d, information_t;Datasets/all_labels_train_gensim_sparse_matrix.npz
archivalia.hypotheses.org/13444;histoire et archéologie_d, sciences sociales interdisciplinaires_d, histoire_t, approches de corpus_t, enquêtes_t, archives_t;Datasets/all_labels_train_gensim_sparse_matrix.npz
speyermemo.hypotheses.org/2838;histoire_d, pluridisciplinarité_d, sciences sociales interdisciplinaires_d, sociologie de la culture_t, histoire_t, 1939-1945_t, europe_t;Datasets/all_labels_train_gensim_sparse_matrix.npz
archivekod.hypotheses.org/567;religions_d, histoire et archéologie_d, sciences de l'information et de la communication_d, bibliothéconomie_d, communication_d, histoire_t, histoire des religions_t, patrimoine_t;Datasets/all_labels_train_gensim_sparse_matrix.npz
archivalia.hypotheses.org/13807;histoire et archéologie_d, sciences sociales interdisciplinaires_d, histoire_t, approches de corpus_t, enquêtes_t, archives_t;Datasets/all_labels_train_gensim_sparse_matrix.npz
quadrivium.hypotheses.org/36;pluridisciplinarité_d, histoire des sciences_t, histoire_t, histoire et sociologie des médias_t, historiographie_t, moyen âge_t, haut moyen âge_t;Datasets/all_labels_train_gensim_sparse_matrix.npz
archivalia.hypotheses.org/3363;histoire et archéologie_d, sciences sociales interdisciplinaires_d, histoire_t, approches de corpus_t, enquêtes_t, archives_t;Datasets/all_labels_train_gensim_sparse_matrix.npz
soziologieblog.hypotheses.org/5824;sciences sociales interdisciplinaires_d, sociologie et anthropologie_d, sociologie du travail_t, sociologie urbaine_t, sociologie de la culture_t, sociologie économique_t;Datasets/all_labels_train_gensim_sparse_matrix.npz
histbav.hypotheses.org/4527;humanités pluridisciplinaires_d, histoire_d, pluridisciplinarité_d, histoire_t, monde germanique_t;Datasets/all_labels_train_gensim_sparse_matrix.npz
archivalia.hypotheses.org/8305;histoire et archéologie_d, sciences sociales interdisciplinaires_d, histoire_t, approches de corpus_t, enquêtes_t, archives_t;Datasets/all_labels_train_gensim_sparse_matrix.npz
redaktionsblog.hypotheses.org/2485;arts et humanités_d, humanités pluridisciplinaires_d, épistémologie et méthodes_t, digital humanities_t;Datasets/all_labels_train_gensim_sparse_matrix.npz
dislab.hypotheses.org/1216;sciences sociales interdisciplinaires_d, langue et linguistique_d, sociologie des sciences_t, linguistique_t;Datasets/all_labels_train_gensim_sparse_matrix.npz
19jhdhip.hypotheses.org/1715;histoire_d, époque contemporaine_t, prospectives_t, france_t, monde germanique_t;Datasets/all_labels_train_gensim_sparse_matrix.npz
archivalia.hypotheses.org/12495;histoire et archéologie_d, sciences sociales interdisciplinaires_d, histoire_t, approches de corpus_t, enquêtes_t, archives_t;Datasets/all_labels_train_gensim_sparse_matrix.npz
archivalia.hypotheses.org/1637;histoire et archéologie_d, sciences sociales interdisciplinaires_d, histoire_t, approches de corpus_t, enquêtes_t, archives_t;Datasets/all_labels_train_gensim_sparse_matrix.npz
mittelalter.hypotheses.org/6715;humanités pluridisciplinaires_d, religions_d, histoire_d, sociologie_d, histoire_t, histoire sociale_t, histoire intellectuelle_t, moyen âge_t, haut moyen âge_t, bas moyen âge_t;Datasets/all_labels_train_gensim_sparse_matrix.npz
ordensgeschichte.hypotheses.org/455;arts et humanités_d, humanités pluridisciplinaires_d, histoire et archéologie_d, histoire et philosophie des sciences_d, histoire_t, haut moyen âge_t, bas moyen âge_t, xviie siècle_t, xviiie siècle_t;Datasets/all_labels_train_gensim_sparse_matrix.npz
medienbildung.hypotheses.org/1638;éducation_d, éducation spécialisée_d, travail social_d, sociologie_t, édition électronique_t, histoire et sociologie des médias_t, éducation_t;Datasets/all_labels_train_gensim_sparse_matrix.npz
archivalia.hypotheses.org/1849;histoire et archéologie_d, sciences sociales interdisciplinaires_d, histoire_t, approches de corpus_t, enquêtes_t, archives_t;Datasets/all_labels_train_gensim_sparse_matrix.npz
nordichistoryblog.hypotheses.org/2641;arts et humanités_d, histoire et archéologie_d, histoire_t, édition électronique_t, vie de la recherche_t, approches de corpus_t, enquêtes_t, archives_t, europe_t, pays baltes et scandinaves_t;Datasets/all_labels_train_gensim_sparse_matrix.npz
rkb.hypotheses.org/991;arts et humanités_d, communication_d, sciences de l'information et bibliothéconomie_d, sociologie des sciences_t, édition électronique_t, histoire et sociologie des médias_t;Datasets/all_labels_train_gensim_sparse_matrix.npz
archivalia.hypotheses.org/7537;histoire et archéologie_d, sciences sociales interdisciplinaires_d, histoire_t, approches de corpus_t, enquêtes_t, archives_t;Datasets/all_labels_train_gensim_sparse_matrix.npz
schotten.hypotheses.org/1;religions_d, histoire et archéologie_d, sciences de l'information et de la communication_d, bibliothéconomie_d, histoire_t, histoire des religions_t, approches de corpus_t, enquêtes_t, archives_t, monde germanique_t;Datasets/all_labels_train_gensim_sparse_matrix.npz
archivewk1.hypotheses.org/12520;histoire_d, époque contemporaine_t, 1914-1918_t;Datasets/all_labels_train_gensim_sparse_matrix.npz
bereschitrabba.hypotheses.org/80;arts et humanités_d, religions_d, langue et linguistique_d, religions_t, histoire des religions_t;Datasets/all_labels_train_gensim_sparse_matrix.npz
inklusion.hypotheses.org/2581;éducation_d, travail social et politique sociale_d, sociologie du travail_t, âges de la vie_t, information_t, sciences de l'éducation_t;Datasets/all_labels_train_gensim_sparse_matrix.npz
games.hypotheses.org/947;arts et humanités_d, humanités pluridisciplinaires_d, psychologie expérimentale_d, sciences cognitives_t, psychisme_t, psychologie_t, représentations_t, histoire de l'art_t, études visuelles_t;Datasets/all_labels_train_gensim_sparse_matrix.npz
histbav.hypotheses.org/1074;humanités pluridisciplinaires_d, histoire_d, pluridisciplinarité_d, histoire_t, monde germanique_t;Datasets/all_labels_train_gensim_sparse_matrix.npz
ordensgeschichte.hypotheses.org/2847;arts et humanités_d, humanités pluridisciplinaires_d, histoire et archéologie_d, histoire et philosophie des sciences_d, histoire_t, haut moyen âge_t, bas moyen âge_t, xviie siècle_t, xviiie siècle_t;Datasets/all_labels_train_gensim_sparse_matrix.npz
studpro.hypotheses.org/322;histoire_d, histoire_t, époque moderne_t, xviie siècle_t, xviiie siècle_t;Datasets/all_labels_train_gensim_sparse_matrix.npz
soziologieblog.hypotheses.org/8086;sciences sociales interdisciplinaires_d, sociologie et anthropologie_d, sociologie du travail_t, sociologie urbaine_t, sociologie de la culture_t, sociologie économique_t;Datasets/all_labels_train_gensim_sparse_matrix.npz
dokunstlmu.hypotheses.org/161;arts et humanités_d, histoire intellectuelle_t;Datasets/all_labels_train_gensim_sparse_matrix.npz
kindzeit.hypotheses.org/108;éducation_d, histoire_d, histoire_t, sciences de l'éducation_t, xxie siècle_t;Datasets/all_labels_train_gensim_sparse_matrix.npz
archivalia.hypotheses.org/6910;histoire et archéologie_d, sciences sociales interdisciplinaires_d, histoire_t, approches de corpus_t, enquêtes_t, archives_t;Datasets/all_labels_train_gensim_sparse_matrix.npz
archivalia.hypotheses.org/59746;histoire et archéologie_d, sciences sociales interdisciplinaires_d, histoire_t, approches de corpus_t, enquêtes_t, archives_t;Datasets/all_labels_train_gensim_sparse_matrix.npz
archivalia.hypotheses.org/56029;histoire et archéologie_d, sciences sociales interdisciplinaires_d, histoire_t, approches de corpus_t, enquêtes_t, archives_t;Datasets/all_labels_train_gensim_sparse_matrix.npz
archivalia.hypotheses.org/5631;histoire et archéologie_d, sciences sociales interdisciplinaires_d, histoire_t, approches de corpus_t, enquêtes_t, archives_t;Datasets/all_labels_train_gensim_sparse_matrix.npz
archivalia.hypotheses.org/56168;histoire et archéologie_d, sciences sociales interdisciplinaires_d, histoire_t, approches de corpus_t, enquêtes_t, archives_t;Datasets/all_labels_train_gensim_sparse_matrix.npz
archivalia.hypotheses.org/11231;histoire et archéologie_d, sciences sociales interdisciplinaires_d, histoire_t, approches de corpus_t, enquêtes_t, archives_t;Datasets/all_labels_train_gensim_sparse_matrix.npz
charlemagne.hypotheses.org/1;histoire_d, histoire_t, moyen âge_t, europe centrale et orientale_t, monde germanique_t;Datasets/all_labels_train_gensim_sparse_matrix.npz
archivalia.hypotheses.org/6015;histoire et archéologie_d, sciences sociales interdisciplinaires_d, histoire_t, approches de corpus_t, enquêtes_t, archives_t;Datasets/all_labels_train_gensim_sparse_matrix.npz
archivewk1.hypotheses.org/10719;histoire_d, époque contemporaine_t, 1914-1918_t;Datasets/all_labels_train_gensim_sparse_matrix.npz
archivalia.hypotheses.org/14220;histoire et archéologie_d, sciences sociales interdisciplinaires_d, histoire_t, approches de corpus_t, enquêtes_t, archives_t;Datasets/all_labels_train_gensim_sparse_matrix.npz
netzwerk.hypotheses.org/1916;histoire et archéologie_d, histoire urbaine_t, histoire sociale_t, histoire intellectuelle_t, époque contemporaine_t;Datasets/all_labels_train_gensim_sparse_matrix.npz
archivalia.hypotheses.org/6245;histoire et archéologie_d, sciences sociales interdisciplinaires_d, histoire_t, approches de corpus_t, enquêtes_t, archives_t;Datasets/all_labels_train_gensim_sparse_matrix.npz
archivewk1.hypotheses.org/1623;histoire_d, époque contemporaine_t, 1914-1918_t;Datasets/all_labels_train_gensim_sparse_matrix.npz
intersex.hypotheses.org/1186;histoire_d, biomédecine_d, étude des genres_t, histoire des sciences_t, histoire_t, histoire du droit_t, moyen âge_t, xxie siècle_t;Datasets/all_labels_train_gensim_sparse_matrix.npz
1914lvr.hypotheses.org/592;sciences politiques_d, histoire_t, époque contemporaine_t, 1914-1918_t;Datasets/all_labels_train_gensim_sparse_matrix.npz
archivewk1.hypotheses.org/26167;histoire_d, époque contemporaine_t, 1914-1918_t;Datasets/all_labels_train_gensim_sparse_matrix.npz
archivewk1.hypotheses.org/1270;histoire_d, époque contemporaine_t, 1914-1918_t;Datasets/all_labels_train_gensim_sparse_matrix.npz
medialogic.hypotheses.org/854;arts et humanités_d, sciences de l'information et de la communication_d, bibliothéconomie_d, sociologie_t;Datasets/all_labels_train_gensim_sparse_matrix.npz
archivalia.hypotheses.org/60493;histoire et archéologie_d, sciences sociales interdisciplinaires_d, histoire_t, approches de corpus_t, enquêtes_t, archives_t;Datasets/all_labels_train_gensim_sparse_matrix.npz
archivalia.hypotheses.org/13208;histoire et archéologie_d, sciences sociales interdisciplinaires_d, histoire_t, approches de corpus_t, enquêtes_t, archives_t;Datasets/all_labels_train_gensim_sparse_matrix.npz
redaktionsblog.hypotheses.org/296;arts et humanités_d, humanités pluridisciplinaires_d, épistémologie et méthodes_t, digital humanities_t;Datasets/all_labels_train_gensim_sparse_matrix.npz
archivalia.hypotheses.org/3510;histoire et archéologie_d, sciences sociales interdisciplinaires_d, histoire_t, approches de corpus_t, enquêtes_t, archives_t;Datasets/all_labels_train_gensim_sparse_matrix.npz
archivalia.hypotheses.org/4474;histoire et archéologie_d, sciences sociales interdisciplinaires_d, histoire_t, approches de corpus_t, enquêtes_t, archives_t;Datasets/all_labels_train_gensim_sparse_matrix.npz
beruf.hypotheses.org/566;histoire et archéologie_d, histoire_d, histoire_t;Datasets/all_labels_train_gensim_sparse_matrix.npz
revolt.hypotheses.org/831;histoire_d, pluridisciplinarité_d, littérature_d, histoire et sociologie des médias_t, époque moderne_t, europe_t;Datasets/all_labels_train_gensim_sparse_matrix.npz
archivalia.hypotheses.org/11082;histoire et archéologie_d, sciences sociales interdisciplinaires_d, histoire_t, approches de corpus_t, enquêtes_t, archives_t;Datasets/all_labels_train_gensim_sparse_matrix.npz
dokunstlmu.hypotheses.org/1765;arts et humanités_d, histoire intellectuelle_t;Datasets/all_labels_train_gensim_sparse_matrix.npz
archivewk1.hypotheses.org/272;histoire_d, époque contemporaine_t, 1914-1918_t;Datasets/all_labels_train_gensim_sparse_matrix.npz
frueheneuzeit.hypotheses.org/1548;histoire et archéologie_d, histoire_t, époque moderne_t, xviie siècle_t, xviiie siècle_t, révolution française_t;Datasets/all_labels_train_gensim_sparse_matrix.npz
archivewk1.hypotheses.org/10093;histoire_d, époque contemporaine_t, 1914-1918_t;Datasets/all_labels_train_gensim_sparse_matrix.npz
archives.hypotheses.org/232;histoire_d, communication_d, patrimoine_t, digital humanities_t, moyen âge_t, époque moderne_t, france_t, monde germanique_t;Datasets/all_labels_train_gensim_sparse_matrix.npz
archivalia.hypotheses.org/5326;histoire et archéologie_d, sciences sociales interdisciplinaires_d, histoire_t, approches de corpus_t, enquêtes_t, archives_t;Datasets/all_labels_train_gensim_sparse_matrix.npz
uegg.hypotheses.org/253;histoire_d, histoire_t, histoire politique_t, époque contemporaine_t, xxe siècle_t, prospectives_t;Datasets/all_labels_train_gensim_sparse_matrix.npz
inklusion.hypotheses.org/1575;éducation_d, travail social et politique sociale_d, sociologie du travail_t, âges de la vie_t, information_t, sciences de l'éducation_t;Datasets/all_labels_train_gensim_sparse_matrix.npz
archivalia.hypotheses.org/59838;histoire et archéologie_d, sciences sociales interdisciplinaires_d, histoire_t, approches de corpus_t, enquêtes_t, archives_t;Datasets/all_labels_train_gensim_sparse_matrix.npz
intersex.hypotheses.org/919;histoire_d, biomédecine_d, étude des genres_t, histoire des sciences_t, histoire_t, histoire du droit_t, moyen âge_t, xxie siècle_t;Datasets/all_labels_train_gensim_sparse_matrix.npz
inklusion.hypotheses.org/2506;éducation_d, travail social et politique sociale_d, sociologie du travail_t, âges de la vie_t, information_t, sciences de l'éducation_t;Datasets/all_labels_train_gensim_sparse_matrix.npz
2wkvisuell.hypotheses.org/283;arts et humanités_d, histoire et archéologie_d, histoire sociale_t, guerres_t, conflits_t, violence_t, histoire et sociologie des médias_t, études visuelles_t, époque contemporaine_t;Datasets/all_labels_train_gensim_sparse_matrix.npz
archivewk1.hypotheses.org/29175;histoire_d, époque contemporaine_t, 1914-1918_t;Datasets/all_labels_train_gensim_sparse_matrix.npz
archivalia.hypotheses.org/8230;histoire et archéologie_d, sciences sociales interdisciplinaires_d, histoire_t, approches de corpus_t, enquêtes_t, archives_t;Datasets/all_labels_train_gensim_sparse_matrix.npz
archivewk1.hypotheses.org/11131;histoire_d, époque contemporaine_t, 1914-1918_t;Datasets/all_labels_train_gensim_sparse_matrix.npz
francofil.hypotheses.org/2262;pluridisciplinarité_d, sciences sociales interdisciplinaires_d, histoire_t, épistémologie et méthodes_t, approches de corpus_t, enquêtes_t, archives_t, france_t;Datasets/all_labels_train_gensim_sparse_matrix.npz
tagebuch.hypotheses.org/1228;histoire et archéologie_d, histoire_d, histoire_t, époque contemporaine_t, 1914-1918_t;Datasets/all_labels_train_gensim_sparse_matrix.npz
nordichistoryblog.hypotheses.org/318;arts et humanités_d, histoire et archéologie_d, histoire_t, édition électronique_t, vie de la recherche_t, approches de corpus_t, enquêtes_t, archives_t, europe_t, pays baltes et scandinaves_t;Datasets/all_labels_train_gensim_sparse_matrix.npz
19jhdhip.hypotheses.org/2288;histoire_d, époque contemporaine_t, prospectives_t, france_t, monde germanique_t;Datasets/all_labels_train_gensim_sparse_matrix.npz
musermeku.hypotheses.org/3136;humanités pluridisciplinaires_d, pluridisciplinarité_d, sciences sociales interdisciplinaires_d, sociologie_t, sociologie de la culture_t, histoire_t, histoire politique_t;Datasets/all_labels_train_gensim_sparse_matrix.npz
archivalia.hypotheses.org/12665;histoire et archéologie_d, sciences sociales interdisciplinaires_d, histoire_t, approches de corpus_t, enquêtes_t, archives_t;Datasets/all_labels_train_gensim_sparse_matrix.npz
liparchiv.hypotheses.org/126;histoire et archéologie_d, sciences politiques_d, administration publique et développement_d, histoire urbaine_t, patrimoine_t, sciences auxiliaires de l'histoire_t, approches de corpus_t, enquêtes_t, archives_t, europe_t;Datasets/all_labels_train_gensim_sparse_matrix.npz
trafo.hypotheses.org/277;pluridisciplinarité_d, sciences sociales interdisciplinaires_d, études régionales_d, sociologie_t, sociologie des religions_t, information_t, histoire culturelle_t;Datasets/all_labels_train_gensim_sparse_matrix.npz
gid.hypotheses.org/1063;pluridisciplinarité_d, sciences sociales interdisciplinaires_d, études des sciences_t, histoire des sciences_t, pensée_t, histoire intellectuelle_t, histoire culturelle_t, prospectives_t;Datasets/all_labels_train_gensim_sparse_matrix.npz
archivalia.hypotheses.org/992;histoire et archéologie_d, sciences sociales interdisciplinaires_d, histoire_t, approches de corpus_t, enquêtes_t, archives_t;Datasets/all_labels_train_gensim_sparse_matrix.npz
archdigi.hypotheses.org/22;archéologie_d, monde germanique_t;Datasets/all_labels_train_gensim_sparse_matrix.npz
jeunegen.hypotheses.org/828;histoire_d, pluridisciplinarité_d, histoire_t, vie de la recherche_t, moyen âge_t, haut moyen âge_t, bas moyen âge_t;Datasets/all_labels_train_gensim_sparse_matrix.npz
geschichtsadmin.hypotheses.org/24;éducation_d, histoire_d, sociologie du travail_t, histoire_t;Datasets/all_labels_train_gensim_sparse_matrix.npz
histbav.hypotheses.org/2740;humanités pluridisciplinaires_d, histoire_d, pluridisciplinarité_d, histoire_t, monde germanique_t;Datasets/all_labels_train_gensim_sparse_matrix.npz
archivewk1.hypotheses.org/20883;histoire_d, époque contemporaine_t, 1914-1918_t;Datasets/all_labels_train_gensim_sparse_matrix.npz
tagebuch.hypotheses.org/130;histoire et archéologie_d, histoire_d, histoire_t, époque contemporaine_t, 1914-1918_t;Datasets/all_labels_train_gensim_sparse_matrix.npz
1914lvr.hypotheses.org/397;sciences politiques_d, histoire_t, époque contemporaine_t, 1914-1918_t;Datasets/all_labels_train_gensim_sparse_matrix.npz
archivalia.hypotheses.org/10208;histoire et archéologie_d, sciences sociales interdisciplinaires_d, histoire_t, approches de corpus_t, enquêtes_t, archives_t;Datasets/all_labels_train_gensim_sparse_matrix.npz
archivalia.hypotheses.org/12030;histoire et archéologie_d, sciences sociales interdisciplinaires_d, histoire_t, approches de corpus_t, enquêtes_t, archives_t;Datasets/all_labels_train_gensim_sparse_matrix.npz
histbav.hypotheses.org/3267;humanités pluridisciplinaires_d, histoire_d, pluridisciplinarité_d, histoire_t, monde germanique_t;Datasets/all_labels_train_gensim_sparse_matrix.npz
histbav.hypotheses.org/2031;humanités pluridisciplinaires_d, histoire_d, pluridisciplinarité_d, histoire_t, monde germanique_t;Datasets/all_labels_train_gensim_sparse_matrix.npz
archivamt.hypotheses.org/4413;communication_d, pluridisciplinarité_d, sciences sociales interdisciplinaires_d, information_t, sciences de l'information_t, représentations_t, patrimoine_t;Datasets/all_labels_train_gensim_sparse_matrix.npz
musermeku.hypotheses.org/512;humanités pluridisciplinaires_d, pluridisciplinarité_d, sciences sociales interdisciplinaires_d, sociologie_t, sociologie de la culture_t, histoire_t, histoire politique_t;Datasets/all_labels_train_gensim_sparse_matrix.npz
wenhua.hypotheses.org/523;études asiatiques_d, humanités pluridisciplinaires_d, histoire_d, histoire culturelle_t, asie_t;Datasets/all_labels_train_gensim_sparse_matrix.npz
histbav.hypotheses.org/1814;humanités pluridisciplinaires_d, histoire_d, pluridisciplinarité_d, histoire_t, monde germanique_t;Datasets/all_labels_train_gensim_sparse_matrix.npz
hofkultur.hypotheses.org/498;arts et humanités_d, histoire_d, histoire sociale_t, histoire culturelle_t, histoire de l'art_t;Datasets/all_labels_train_gensim_sparse_matrix.npz
tagebuch.hypotheses.org/1200;histoire et archéologie_d, histoire_d, histoire_t, époque contemporaine_t, 1914-1918_t;Datasets/all_labels_train_gensim_sparse_matrix.npz
archives.hypotheses.org/1167;histoire_d, communication_d, patrimoine_t, digital humanities_t, moyen âge_t, époque moderne_t, france_t, monde germanique_t;Datasets/all_labels_train_gensim_sparse_matrix.npz
archivewk1.hypotheses.org/9866;histoire_d, époque contemporaine_t, 1914-1918_t;Datasets/all_labels_train_gensim_sparse_matrix.npz
archivalia.hypotheses.org/53273;histoire et archéologie_d, sciences sociales interdisciplinaires_d, histoire_t, approches de corpus_t, enquêtes_t, archives_t;Datasets/all_labels_train_gensim_sparse_matrix.npz
archivalia.hypotheses.org/2519;histoire et archéologie_d, sciences sociales interdisciplinaires_d, histoire_t, approches de corpus_t, enquêtes_t, archives_t;Datasets/all_labels_train_gensim_sparse_matrix.npz
archive20.hypotheses.org/1324;pluridisciplinarité_d, sciences sociales interdisciplinaires_d, histoire_t, information_t, patrimoine_t, monde germanique_t;Datasets/all_labels_train_gensim_sparse_matrix.npz
archivalia.hypotheses.org/59773;histoire et archéologie_d, sciences sociales interdisciplinaires_d, histoire_t, approches de corpus_t, enquêtes_t, archives_t;Datasets/all_labels_train_gensim_sparse_matrix.npz
archivalia.hypotheses.org/12458;histoire et archéologie_d, sciences sociales interdisciplinaires_d, histoire_t, approches de corpus_t, enquêtes_t, archives_t;Datasets/all_labels_train_gensim_sparse_matrix.npz
archivalia.hypotheses.org/59768;histoire et archéologie_d, sciences sociales interdisciplinaires_d, histoire_t, approches de corpus_t, enquêtes_t, archives_t;Datasets/all_labels_train_gensim_sparse_matrix.npz
archivalia.hypotheses.org/13720;histoire et archéologie_d, sciences sociales interdisciplinaires_d, histoire_t, approches de corpus_t, enquêtes_t, archives_t;Datasets/all_labels_train_gensim_sparse_matrix.npz
oberrhein.hypotheses.org/1680;religions_d, archéologie_d, histoire_d, histoire_t, moyen âge_t, france_t, monde germanique_t;Datasets/all_labels_train_gensim_sparse_matrix.npz
archivewk1.hypotheses.org/34629;histoire_d, époque contemporaine_t, 1914-1918_t;Datasets/all_labels_train_gensim_sparse_matrix.npz
archivalia.hypotheses.org/9594;histoire et archéologie_d, sciences sociales interdisciplinaires_d, histoire_t, approches de corpus_t, enquêtes_t, archives_t;Datasets/all_labels_train_gensim_sparse_matrix.npz
archivewk1.hypotheses.org/12637;histoire_d, époque contemporaine_t, 1914-1918_t;Datasets/all_labels_train_gensim_sparse_matrix.npz
archivalia.hypotheses.org/4385;histoire et archéologie_d, sciences sociales interdisciplinaires_d, histoire_t, approches de corpus_t, enquêtes_t, archives_t;Datasets/all_labels_train_gensim_sparse_matrix.npz
archivewk1.hypotheses.org/27731;histoire_d, époque contemporaine_t, 1914-1918_t;Datasets/all_labels_train_gensim_sparse_matrix.npz
archivamt.hypotheses.org/3692;communication_d, pluridisciplinarité_d, sciences sociales interdisciplinaires_d, information_t, sciences de l'information_t, représentations_t, patrimoine_t;Datasets/all_labels_train_gensim_sparse_matrix.npz
gewalt.hypotheses.org/672;sciences politiques_d, sociologie_d, sociologie_t, sociologie urbaine_t, anthropologie politique_t, histoire urbaine_t, guerres_t, conflits_t, violence_t;Datasets/all_labels_train_gensim_sparse_matrix.npz
pophistory.hypotheses.org/1471;humanités pluridisciplinaires_d, histoire et archéologie_d, sociologie de la culture_t, histoire sociale_t, histoire culturelle_t, époque contemporaine_t;Datasets/all_labels_train_gensim_sparse_matrix.npz
zakunibonn.hypotheses.org/64;histoire_d, psychologie_d, histoire_t, psychisme_t, psychologie_t, méthodes de traitement et de représentation_t, monde germanique_t;Datasets/all_labels_train_gensim_sparse_matrix.npz
archivalia.hypotheses.org/13280;histoire et archéologie_d, sciences sociales interdisciplinaires_d, histoire_t, approches de corpus_t, enquêtes_t, archives_t;Datasets/all_labels_train_gensim_sparse_matrix.npz
archivalia.hypotheses.org/8360;histoire et archéologie_d, sciences sociales interdisciplinaires_d, histoire_t, approches de corpus_t, enquêtes_t, archives_t;Datasets/all_labels_train_gensim_sparse_matrix.npz
archivalia.hypotheses.org/9091;histoire et archéologie_d, sciences sociales interdisciplinaires_d, histoire_t, approches de corpus_t, enquêtes_t, archives_t;Datasets/all_labels_train_gensim_sparse_matrix.npz
archivalia.hypotheses.org/10620;histoire et archéologie_d, sciences sociales interdisciplinaires_d, histoire_t, approches de corpus_t, enquêtes_t, archives_t;Datasets/all_labels_train_gensim_sparse_matrix.npz
archivewk1.hypotheses.org/2342;histoire_d, époque contemporaine_t, 1914-1918_t;Datasets/all_labels_train_gensim_sparse_matrix.npz
frueheneuzeit.hypotheses.org/1782;histoire et archéologie_d, histoire_t, époque moderne_t, xviie siècle_t, xviiie siècle_t, révolution française_t;Datasets/all_labels_train_gensim_sparse_matrix.npz
archivekod.hypotheses.org/474;religions_d, histoire et archéologie_d, sciences de l'information et de la communication_d, bibliothéconomie_d, communication_d, histoire_t, histoire des religions_t, patrimoine_t;Datasets/all_labels_train_gensim_sparse_matrix.npz
kulturgut.hypotheses.org/413;humanités pluridisciplinaires_d, études des sciences_t, histoire_t, approches de corpus_t, enquêtes_t, archives_t;Datasets/all_labels_train_gensim_sparse_matrix.npz
astrologiefnz.hypotheses.org/509;arts et humanités_d, humanités pluridisciplinaires_d, histoire et archéologie_d, histoire et philosophie des sciences_d, études des sciences_t, histoire intellectuelle_t, époque moderne_t, xviie siècle_t;Datasets/all_labels_train_gensim_sparse_matrix.npz
futurecity.hypotheses.org/38;sciences politiques_d, administration publique et développement_d, sociologie urbaine_t;Datasets/all_labels_train_gensim_sparse_matrix.npz
archivalia.hypotheses.org/8629;histoire et archéologie_d, sciences sociales interdisciplinaires_d, histoire_t, approches de corpus_t, enquêtes_t, archives_t;Datasets/all_labels_train_gensim_sparse_matrix.npz
archivewk1.hypotheses.org/23285;histoire_d, époque contemporaine_t, 1914-1918_t;Datasets/all_labels_train_gensim_sparse_matrix.npz
archivalia.hypotheses.org/8625;histoire et archéologie_d, sciences sociales interdisciplinaires_d, histoire_t, approches de corpus_t, enquêtes_t, archives_t;Datasets/all_labels_train_gensim_sparse_matrix.npz
tagebuch.hypotheses.org/1016;histoire et archéologie_d, histoire_d, histoire_t, époque contemporaine_t, 1914-1918_t;Datasets/all_labels_train_gensim_sparse_matrix.npz
medienbildung.hypotheses.org/7699;éducation_d, éducation spécialisée_d, travail social_d, sociologie_t, édition électronique_t, histoire et sociologie des médias_t, éducation_t;Datasets/all_labels_train_gensim_sparse_matrix.npz
mittelalter.hypotheses.org/4657;humanités pluridisciplinaires_d, religions_d, histoire_d, sociologie_d, histoire_t, histoire sociale_t, histoire intellectuelle_t, moyen âge_t, haut moyen âge_t, bas moyen âge_t;Datasets/all_labels_train_gensim_sparse_matrix.npz
dfmfa.hypotheses.org/742;humanités pluridisciplinaires_d, sciences sociales interdisciplinaires_d, histoire_t, moyen âge_t, haut moyen âge_t, bas moyen âge_t;Datasets/all_labels_train_gensim_sparse_matrix.npz
aes.hypotheses.org/334;histoire_t, religions_t;Datasets/all_labels_train_gensim_sparse_matrix.npz
archive20.hypotheses.org/1501;pluridisciplinarité_d, sciences sociales interdisciplinaires_d, histoire_t, information_t, patrimoine_t, monde germanique_t;Datasets/all_labels_train_gensim_sparse_matrix.npz
archivalia.hypotheses.org/2109;histoire et archéologie_d, sciences sociales interdisciplinaires_d, histoire_t, approches de corpus_t, enquêtes_t, archives_t;Datasets/all_labels_train_gensim_sparse_matrix.npz
ordensgeschichte.hypotheses.org/1118;arts et humanités_d, humanités pluridisciplinaires_d, histoire et archéologie_d, histoire et philosophie des sciences_d, histoire_t, haut moyen âge_t, bas moyen âge_t, xviie siècle_t, xviiie siècle_t;Datasets/all_labels_train_gensim_sparse_matrix.npz
histbav.hypotheses.org/2583;humanités pluridisciplinaires_d, histoire_d, pluridisciplinarité_d, histoire_t, monde germanique_t;Datasets/all_labels_train_gensim_sparse_matrix.npz
archivewk1.hypotheses.org/2945;histoire_d, époque contemporaine_t, 1914-1918_t;Datasets/all_labels_train_gensim_sparse_matrix.npz
lvrafz.hypotheses.org/216;pluridisciplinarité_d, information_t;Datasets/all_labels_train_gensim_sparse_matrix.npz
archivalia.hypotheses.org/62997;histoire et archéologie_d, sciences sociales interdisciplinaires_d, histoire_t, approches de corpus_t, enquêtes_t, archives_t;Datasets/all_labels_train_gensim_sparse_matrix.npz
gid.hypotheses.org/1067;pluridisciplinarité_d, sciences sociales interdisciplinaires_d, études des sciences_t, histoire des sciences_t, pensée_t, histoire intellectuelle_t, histoire culturelle_t, prospectives_t;Datasets/all_labels_train_gensim_sparse_matrix.npz
resilienz.hypotheses.org/727;pluridisciplinarité_d, sciences sociales interdisciplinaires_d, études des sciences_t, épistémologie et méthodes_t, vie de la recherche_t, prospectives_t;Datasets/all_labels_train_gensim_sparse_matrix.npz
archive20.hypotheses.org/3643;pluridisciplinarité_d, sciences sociales interdisciplinaires_d, histoire_t, information_t, patrimoine_t, monde germanique_t;Datasets/all_labels_train_gensim_sparse_matrix.npz
gid.hypotheses.org/1121;pluridisciplinarité_d, sciences sociales interdisciplinaires_d, études des sciences_t, histoire des sciences_t, pensée_t, histoire intellectuelle_t, histoire culturelle_t, prospectives_t;Datasets/all_labels_train_gensim_sparse_matrix.npz
medienbildung.hypotheses.org/2721;éducation_d, éducation spécialisée_d, travail social_d, sociologie_t, édition électronique_t, histoire et sociologie des médias_t, éducation_t;Datasets/all_labels_train_gensim_sparse_matrix.npz
ordensgeschichte.hypotheses.org/1225;arts et humanités_d, humanités pluridisciplinaires_d, histoire et archéologie_d, histoire et philosophie des sciences_d, histoire_t, haut moyen âge_t, bas moyen âge_t, xviie siècle_t, xviiie siècle_t;Datasets/all_labels_train_gensim_sparse_matrix.npz
archivalia.hypotheses.org/13439;histoire et archéologie_d, sciences sociales interdisciplinaires_d, histoire_t, approches de corpus_t, enquêtes_t, archives_t;Datasets/all_labels_train_gensim_sparse_matrix.npz
dfmfa.hypotheses.org/1204;humanités pluridisciplinaires_d, sciences sociales interdisciplinaires_d, histoire_t, moyen âge_t, haut moyen âge_t, bas moyen âge_t;Datasets/all_labels_train_gensim_sparse_matrix.npz
archivalia.hypotheses.org/574;histoire et archéologie_d, sciences sociales interdisciplinaires_d, histoire_t, approches de corpus_t, enquêtes_t, archives_t;Datasets/all_labels_train_gensim_sparse_matrix.npz
archivamt.hypotheses.org/1799;communication_d, pluridisciplinarité_d, sciences sociales interdisciplinaires_d, information_t, sciences de l'information_t, représentations_t, patrimoine_t;Datasets/all_labels_train_gensim_sparse_matrix.npz
bioeg.hypotheses.org/906;histoire et archéologie_d, histoire_d, histoire_t, sciences auxiliaires de l'histoire_t, europe centrale et orientale_t, monde germanique_t;Datasets/all_labels_train_gensim_sparse_matrix.npz
nummer.hypotheses.org/224;histoire_d, sciences de l'information et de la communication_d, bibliothéconomie_d, histoire_t, histoire intellectuelle_t, histoire et sociologie des médias_t, histoire culturelle_t;Datasets/all_labels_train_gensim_sparse_matrix.npz
archivalia.hypotheses.org/3688;histoire et archéologie_d, sciences sociales interdisciplinaires_d, histoire_t, approches de corpus_t, enquêtes_t, archives_t;Datasets/all_labels_train_gensim_sparse_matrix.npz
archivalia.hypotheses.org/61585;histoire et archéologie_d, sciences sociales interdisciplinaires_d, histoire_t, approches de corpus_t, enquêtes_t, archives_t;Datasets/all_labels_train_gensim_sparse_matrix.npz
archivewk1.hypotheses.org/12657;histoire_d, époque contemporaine_t, 1914-1918_t;Datasets/all_labels_train_gensim_sparse_matrix.npz
dkblog.hypotheses.org/499;histoire_d, histoire_t, époque moderne_t, xviie siècle_t;Datasets/all_labels_train_gensim_sparse_matrix.npz
archivalia.hypotheses.org/10815;histoire et archéologie_d, sciences sociales interdisciplinaires_d, histoire_t, approches de corpus_t, enquêtes_t, archives_t;Datasets/all_labels_train_gensim_sparse_matrix.npz
lvrafz.hypotheses.org/1408;pluridisciplinarité_d, information_t;Datasets/all_labels_train_gensim_sparse_matrix.npz
archivewk1.hypotheses.org/22965;histoire_d, époque contemporaine_t, 1914-1918_t;Datasets/all_labels_train_gensim_sparse_matrix.npz
historischdenken.hypotheses.org/1243;histoire et archéologie_d, histoire_t;Datasets/all_labels_train_gensim_sparse_matrix.npz
ostbib.hypotheses.org/482;humanités pluridisciplinaires_d, histoire et archéologie_d, sciences de l'information et de la communication_d, bibliothéconomie_d, sciences sociales interdisciplinaires_d, sciences de l'information_t, édition électronique_t;Datasets/all_labels_train_gensim_sparse_matrix.npz
archivewk1.hypotheses.org/15096;histoire_d, époque contemporaine_t, 1914-1918_t;Datasets/all_labels_train_gensim_sparse_matrix.npz
fotoarchiv.hypotheses.org/108;sciences sociales interdisciplinaires_d, histoire_t, information_t;Datasets/all_labels_train_gensim_sparse_matrix.npz
histbav.hypotheses.org/4033;humanités pluridisciplinaires_d, histoire_d, pluridisciplinarité_d, histoire_t, monde germanique_t;Datasets/all_labels_train_gensim_sparse_matrix.npz
archivalia.hypotheses.org/13317;histoire et archéologie_d, sciences sociales interdisciplinaires_d, histoire_t, approches de corpus_t, enquêtes_t, archives_t;Datasets/all_labels_train_gensim_sparse_matrix.npz
kristinoswald.hypotheses.org/1854;études anciennes_d, études des sciences_t, histoire_t, histoire et sociologie des médias_t, histoire culturelle_t, digital humanities_t;Datasets/all_labels_train_gensim_sparse_matrix.npz
archivalia.hypotheses.org/12243;histoire et archéologie_d, sciences sociales interdisciplinaires_d, histoire_t, approches de corpus_t, enquêtes_t, archives_t;Datasets/all_labels_train_gensim_sparse_matrix.npz
historischdenken.hypotheses.org/2991;histoire et archéologie_d, histoire_t;Datasets/all_labels_train_gensim_sparse_matrix.npz
archivewk1.hypotheses.org/24539;histoire_d, époque contemporaine_t, 1914-1918_t;Datasets/all_labels_train_gensim_sparse_matrix.npz
archivalia.hypotheses.org/14444;histoire et archéologie_d, sciences sociales interdisciplinaires_d, histoire_t, approches de corpus_t, enquêtes_t, archives_t;Datasets/all_labels_train_gensim_sparse_matrix.npz
zakunibonn.hypotheses.org/310;histoire_d, psychologie_d, histoire_t, psychisme_t, psychologie_t, méthodes de traitement et de représentation_t, monde germanique_t;Datasets/all_labels_train_gensim_sparse_matrix.npz
beruf.hypotheses.org/84;histoire et archéologie_d, histoire_d, histoire_t;Datasets/all_labels_train_gensim_sparse_matrix.npz
nachhaltig.hypotheses.org/406;pluridisciplinarité_d, philosophie_d, sciences sociales interdisciplinaires_d, france_t, monde germanique_t;Datasets/all_labels_train_gensim_sparse_matrix.npz
revolt.hypotheses.org/316;histoire_d, pluridisciplinarité_d, littérature_d, histoire et sociologie des médias_t, époque moderne_t, europe_t;Datasets/all_labels_train_gensim_sparse_matrix.npz
archivalia.hypotheses.org/8345;histoire et archéologie_d, sciences sociales interdisciplinaires_d, histoire_t, approches de corpus_t, enquêtes_t, archives_t;Datasets/all_labels_train_gensim_sparse_matrix.npz
archivalia.hypotheses.org/12463;histoire et archéologie_d, sciences sociales interdisciplinaires_d, histoire_t, approches de corpus_t, enquêtes_t, archives_t;Datasets/all_labels_train_gensim_sparse_matrix.npz
archivewk1.hypotheses.org/22923;histoire_d, époque contemporaine_t, 1914-1918_t;Datasets/all_labels_train_gensim_sparse_matrix.npz
erinnerung.hypotheses.org/647;histoire et archéologie_d, histoire_t, xxe siècle_t, prospectives_t, europe_t;Datasets/all_labels_train_gensim_sparse_matrix.npz
archivalia.hypotheses.org/9738;histoire et archéologie_d, sciences sociales interdisciplinaires_d, histoire_t, approches de corpus_t, enquêtes_t, archives_t;Datasets/all_labels_train_gensim_sparse_matrix.npz
resilienz.hypotheses.org/220;pluridisciplinarité_d, sciences sociales interdisciplinaires_d, études des sciences_t, épistémologie et méthodes_t, vie de la recherche_t, prospectives_t;Datasets/all_labels_train_gensim_sparse_matrix.npz
archivalia.hypotheses.org/10586;histoire et archéologie_d, sciences sociales interdisciplinaires_d, histoire_t, approches de corpus_t, enquêtes_t, archives_t;Datasets/all_labels_train_gensim_sparse_matrix.npz
histbav.hypotheses.org/4023;humanités pluridisciplinaires_d, histoire_d, pluridisciplinarité_d, histoire_t, monde germanique_t;Datasets/all_labels_train_gensim_sparse_matrix.npz
archivewk1.hypotheses.org/14921;histoire_d, époque contemporaine_t, 1914-1918_t;Datasets/all_labels_train_gensim_sparse_matrix.npz
archivalia.hypotheses.org/14596;histoire et archéologie_d, sciences sociales interdisciplinaires_d, histoire_t, approches de corpus_t, enquêtes_t, archives_t;Datasets/all_labels_train_gensim_sparse_matrix.npz
archivalia.hypotheses.org/11568;histoire et archéologie_d, sciences sociales interdisciplinaires_d, histoire_t, approches de corpus_t, enquêtes_t, archives_t;Datasets/all_labels_train_gensim_sparse_matrix.npz
archivewk1.hypotheses.org/10775;histoire_d, époque contemporaine_t, 1914-1918_t;Datasets/all_labels_train_gensim_sparse_matrix.npz
frueheneuzeit.hypotheses.org/871;histoire et archéologie_d, histoire_t, époque moderne_t, xviie siècle_t, xviiie siècle_t, révolution française_t;Datasets/all_labels_train_gensim_sparse_matrix.npz
dfmfa.hypotheses.org/1494;humanités pluridisciplinaires_d, sciences sociales interdisciplinaires_d, histoire_t, moyen âge_t, haut moyen âge_t, bas moyen âge_t;Datasets/all_labels_train_gensim_sparse_matrix.npz
mindthegaps.hypotheses.org/822;études asiatiques_d, histoire_d, histoire_t, histoire culturelle_t, asie_t, chine_t;Datasets/all_labels_train_gensim_sparse_matrix.npz
archivalia.hypotheses.org/4341;histoire et archéologie_d, sciences sociales interdisciplinaires_d, histoire_t, approches de corpus_t, enquêtes_t, archives_t;Datasets/all_labels_train_gensim_sparse_matrix.npz
archivewk1.hypotheses.org/17287;histoire_d, époque contemporaine_t, 1914-1918_t;Datasets/all_labels_train_gensim_sparse_matrix.npz
archivalia.hypotheses.org/4673;histoire et archéologie_d, sciences sociales interdisciplinaires_d, histoire_t, approches de corpus_t, enquêtes_t, archives_t;Datasets/all_labels_train_gensim_sparse_matrix.npz
archivalia.hypotheses.org/10434;histoire et archéologie_d, sciences sociales interdisciplinaires_d, histoire_t, approches de corpus_t, enquêtes_t, archives_t;Datasets/all_labels_train_gensim_sparse_matrix.npz
archivewk1.hypotheses.org/21443;histoire_d, époque contemporaine_t, 1914-1918_t;Datasets/all_labels_train_gensim_sparse_matrix.npz
erinnerung.hypotheses.org/311;histoire et archéologie_d, histoire_t, xxe siècle_t, prospectives_t, europe_t;Datasets/all_labels_train_gensim_sparse_matrix.npz
bioeg.hypotheses.org/1681;histoire et archéologie_d, histoire_d, histoire_t, sciences auxiliaires de l'histoire_t, europe centrale et orientale_t, monde germanique_t;Datasets/all_labels_train_gensim_sparse_matrix.npz
intersex.hypotheses.org/2081;histoire_d, biomédecine_d, étude des genres_t, histoire des sciences_t, histoire_t, histoire du droit_t, moyen âge_t, xxie siècle_t;Datasets/all_labels_train_gensim_sparse_matrix.npz
mittelalter.hypotheses.org/5001;humanités pluridisciplinaires_d, religions_d, histoire_d, sociologie_d, histoire_t, histoire sociale_t, histoire intellectuelle_t, moyen âge_t, haut moyen âge_t, bas moyen âge_t;Datasets/all_labels_train_gensim_sparse_matrix.npz
archivamt.hypotheses.org/778;communication_d, pluridisciplinarité_d, sciences sociales interdisciplinaires_d, information_t, sciences de l'information_t, représentations_t, patrimoine_t;Datasets/all_labels_train_gensim_sparse_matrix.npz
medienbildung.hypotheses.org/1258;éducation_d, éducation spécialisée_d, travail social_d, sociologie_t, édition électronique_t, histoire et sociologie des médias_t, éducation_t;Datasets/all_labels_train_gensim_sparse_matrix.npz
sdvigpress.hypotheses.org/150;langue et linguistique_d, philosophie_d, humanités pluridisciplinaires_d, épistémologie et méthodes_t, digital humanities_t, europe centrale et orientale_t, édition électronique_t, linguistique_t;Datasets/all_labels_train_gensim_sparse_matrix.npz
archivalia.hypotheses.org/52867;histoire et archéologie_d, sciences sociales interdisciplinaires_d, histoire_t, approches de corpus_t, enquêtes_t, archives_t;Datasets/all_labels_train_gensim_sparse_matrix.npz
medienbildung.hypotheses.org/1;éducation_d, éducation spécialisée_d, travail social_d, sociologie_t, édition électronique_t, histoire et sociologie des médias_t, éducation_t;Datasets/all_labels_train_gensim_sparse_matrix.npz
bioeg.hypotheses.org/1877;histoire et archéologie_d, histoire_d, histoire_t, sciences auxiliaires de l'histoire_t, europe centrale et orientale_t, monde germanique_t;Datasets/all_labels_train_gensim_sparse_matrix.npz
nachhaltig.hypotheses.org/447;pluridisciplinarité_d, philosophie_d, sciences sociales interdisciplinaires_d, france_t, monde germanique_t;Datasets/all_labels_train_gensim_sparse_matrix.npz
soziologieblog.hypotheses.org/4835;sciences sociales interdisciplinaires_d, sociologie et anthropologie_d, sociologie du travail_t, sociologie urbaine_t, sociologie de la culture_t, sociologie économique_t;Datasets/all_labels_train_gensim_sparse_matrix.npz
archivalia.hypotheses.org/53380;histoire et archéologie_d, sciences sociales interdisciplinaires_d, histoire_t, approches de corpus_t, enquêtes_t, archives_t;Datasets/all_labels_train_gensim_sparse_matrix.npz
archivalia.hypotheses.org/994;histoire et archéologie_d, sciences sociales interdisciplinaires_d, histoire_t, approches de corpus_t, enquêtes_t, archives_t;Datasets/all_labels_train_gensim_sparse_matrix.npz
medienbildung.hypotheses.org/6544;éducation_d, éducation spécialisée_d, travail social_d, sociologie_t, édition électronique_t, histoire et sociologie des médias_t, éducation_t;Datasets/all_labels_train_gensim_sparse_matrix.npz
gab.hypotheses.org/2939;histoire et archéologie_d, pluridisciplinarité_d, sciences sociales interdisciplinaires_d, études des sciences_t, sociologie des sciences_t, histoire_t;Datasets/all_labels_train_gensim_sparse_matrix.npz
kinder.hypotheses.org/1293;éducation et sciences de l'éducation_d, études sur la famille_d, âges de la vie_t, sciences de l'éducation_t;Datasets/all_labels_train_gensim_sparse_matrix.npz
bereschitrabba.hypotheses.org/198;arts et humanités_d, religions_d, langue et linguistique_d, religions_t, histoire des religions_t;Datasets/all_labels_train_gensim_sparse_matrix.npz
archivalia.hypotheses.org/8309;histoire et archéologie_d, sciences sociales interdisciplinaires_d, histoire_t, approches de corpus_t, enquêtes_t, archives_t;Datasets/all_labels_train_gensim_sparse_matrix.npz
ordensgeschichte.hypotheses.org/716;arts et humanités_d, humanités pluridisciplinaires_d, histoire et archéologie_d, histoire et philosophie des sciences_d, histoire_t, haut moyen âge_t, bas moyen âge_t, xviie siècle_t, xviiie siècle_t;Datasets/all_labels_train_gensim_sparse_matrix.npz
archivalia.hypotheses.org/5496;histoire et archéologie_d, sciences sociales interdisciplinaires_d, histoire_t, approches de corpus_t, enquêtes_t, archives_t;Datasets/all_labels_train_gensim_sparse_matrix.npz
archivalia.hypotheses.org/3727;histoire et archéologie_d, sciences sociales interdisciplinaires_d, histoire_t, approches de corpus_t, enquêtes_t, archives_t;Datasets/all_labels_train_gensim_sparse_matrix.npz
leibnizarc.hypotheses.org/456;éducation_d, histoire et archéologie_d, sciences de l'information et bibliothéconomie_d, études des sciences_t, histoire industrielle_t, histoire de l'art_t;Datasets/all_labels_train_gensim_sparse_matrix.npz
archivalia.hypotheses.org/8805;histoire et archéologie_d, sciences sociales interdisciplinaires_d, histoire_t, approches de corpus_t, enquêtes_t, archives_t;Datasets/all_labels_train_gensim_sparse_matrix.npz
archivewk1.hypotheses.org/1382;histoire_d, époque contemporaine_t, 1914-1918_t;Datasets/all_labels_train_gensim_sparse_matrix.npz
mittelalter.hypotheses.org/1574;humanités pluridisciplinaires_d, religions_d, histoire_d, sociologie_d, histoire_t, histoire sociale_t, histoire intellectuelle_t, moyen âge_t, haut moyen âge_t, bas moyen âge_t;Datasets/all_labels_train_gensim_sparse_matrix.npz
archivewk1.hypotheses.org/8810;histoire_d, époque contemporaine_t, 1914-1918_t;Datasets/all_labels_train_gensim_sparse_matrix.npz
archivalia.hypotheses.org/12624;histoire et archéologie_d, sciences sociales interdisciplinaires_d, histoire_t, approches de corpus_t, enquêtes_t, archives_t;Datasets/all_labels_train_gensim_sparse_matrix.npz
histgymbib.hypotheses.org/2060;arts et humanités_d, humanités pluridisciplinaires_d, sciences de l'information et de la communication_d, bibliothéconomie_d, sciences sociales interdisciplinaires_d, éducation_t, xvie siècle_t, xviie siècle_t, xviiie siècle_t, prospectives_t;Datasets/all_labels_train_gensim_sparse_matrix.npz
gid.hypotheses.org/1047;pluridisciplinarité_d, sciences sociales interdisciplinaires_d, études des sciences_t, histoire des sciences_t, pensée_t, histoire intellectuelle_t, histoire culturelle_t, prospectives_t;Datasets/all_labels_train_gensim_sparse_matrix.npz
fnzinfo.hypotheses.org/744;arts et humanités_d, musique_d, histoire et archéologie_d, histoire_t, xvie siècle_t, xviie siècle_t, xviiie siècle_t, révolution française_t;Datasets/all_labels_train_gensim_sparse_matrix.npz
histbav.hypotheses.org/3563;humanités pluridisciplinaires_d, histoire_d, pluridisciplinarité_d, histoire_t, monde germanique_t;Datasets/all_labels_train_gensim_sparse_matrix.npz
1914lvr.hypotheses.org/1522;sciences politiques_d, histoire_t, époque contemporaine_t, 1914-1918_t;Datasets/all_labels_train_gensim_sparse_matrix.npz
archivewk1.hypotheses.org/33431;histoire_d, époque contemporaine_t, 1914-1918_t;Datasets/all_labels_train_gensim_sparse_matrix.npz
archivalia.hypotheses.org/7709;histoire et archéologie_d, sciences sociales interdisciplinaires_d, histoire_t, approches de corpus_t, enquêtes_t, archives_t;Datasets/all_labels_train_gensim_sparse_matrix.npz
archivewk1.hypotheses.org/10592;histoire_d, époque contemporaine_t, 1914-1918_t;Datasets/all_labels_train_gensim_sparse_matrix.npz
gid.hypotheses.org/1276;pluridisciplinarité_d, sciences sociales interdisciplinaires_d, études des sciences_t, histoire des sciences_t, pensée_t, histoire intellectuelle_t, histoire culturelle_t, prospectives_t;Datasets/all_labels_train_gensim_sparse_matrix.npz
archivewk1.hypotheses.org/13610;histoire_d, époque contemporaine_t, 1914-1918_t;Datasets/all_labels_train_gensim_sparse_matrix.npz
dokunstlmu.hypotheses.org/716;arts et humanités_d, histoire intellectuelle_t;Datasets/all_labels_train_gensim_sparse_matrix.npz
archivalia.hypotheses.org/8371;histoire et archéologie_d, sciences sociales interdisciplinaires_d, histoire_t, approches de corpus_t, enquêtes_t, archives_t;Datasets/all_labels_train_gensim_sparse_matrix.npz
archivalia.hypotheses.org/13602;histoire et archéologie_d, sciences sociales interdisciplinaires_d, histoire_t, approches de corpus_t, enquêtes_t, archives_t;Datasets/all_labels_train_gensim_sparse_matrix.npz
archivalia.hypotheses.org/8068;histoire et archéologie_d, sciences sociales interdisciplinaires_d, histoire_t, approches de corpus_t, enquêtes_t, archives_t;Datasets/all_labels_train_gensim_sparse_matrix.npz
mittelalter.hypotheses.org/9483;humanités pluridisciplinaires_d, religions_d, histoire_d, sociologie_d, histoire_t, histoire sociale_t, histoire intellectuelle_t, moyen âge_t, haut moyen âge_t, bas moyen âge_t;Datasets/all_labels_train_gensim_sparse_matrix.npz
medialogic.hypotheses.org/167;arts et humanités_d, sciences de l'information et de la communication_d, bibliothéconomie_d, sociologie_t;Datasets/all_labels_train_gensim_sparse_matrix.npz
archivalia.hypotheses.org/8441;histoire et archéologie_d, sciences sociales interdisciplinaires_d, histoire_t, approches de corpus_t, enquêtes_t, archives_t;Datasets/all_labels_train_gensim_sparse_matrix.npz
beruf.hypotheses.org/96;histoire et archéologie_d, histoire_d, histoire_t;Datasets/all_labels_train_gensim_sparse_matrix.npz
ostblog.hypotheses.org/436;histoire_d, économie_d, histoire_t;Datasets/all_labels_train_gensim_sparse_matrix.npz
wenhua.hypotheses.org/50;études asiatiques_d, humanités pluridisciplinaires_d, histoire_d, histoire culturelle_t, asie_t;Datasets/all_labels_train_gensim_sparse_matrix.npz
dss.hypotheses.org/911;arts et humanités_d, communication_d, sciences de l'information et bibliothéconomie_d, information_t, édition électronique_t, représentations_t, histoire de l'art_t, patrimoine_t, prospectives_t;Datasets/all_labels_train_gensim_sparse_matrix.npz
19jhdhip.hypotheses.org/552;histoire_d, époque contemporaine_t, prospectives_t, france_t, monde germanique_t;Datasets/all_labels_train_gensim_sparse_matrix.npz
archivalia.hypotheses.org/7045;histoire et archéologie_d, sciences sociales interdisciplinaires_d, histoire_t, approches de corpus_t, enquêtes_t, archives_t;Datasets/all_labels_train_gensim_sparse_matrix.npz
archivalia.hypotheses.org/59421;histoire et archéologie_d, sciences sociales interdisciplinaires_d, histoire_t, approches de corpus_t, enquêtes_t, archives_t;Datasets/all_labels_train_gensim_sparse_matrix.npz
soziologieblog.hypotheses.org/1547;sciences sociales interdisciplinaires_d, sociologie et anthropologie_d, sociologie du travail_t, sociologie urbaine_t, sociologie de la culture_t, sociologie économique_t;Datasets/all_labels_train_gensim_sparse_matrix.npz
archivewk1.hypotheses.org/306;histoire_d, époque contemporaine_t, 1914-1918_t;Datasets/all_labels_train_gensim_sparse_matrix.npz
archivamt.hypotheses.org/4107;communication_d, pluridisciplinarité_d, sciences sociales interdisciplinaires_d, information_t, sciences de l'information_t, représentations_t, patrimoine_t;Datasets/all_labels_train_gensim_sparse_matrix.npz
archivalia.hypotheses.org/2145;histoire et archéologie_d, sciences sociales interdisciplinaires_d, histoire_t, approches de corpus_t, enquêtes_t, archives_t;Datasets/all_labels_train_gensim_sparse_matrix.npz
histbav.hypotheses.org/3370;humanités pluridisciplinaires_d, histoire_d, pluridisciplinarité_d, histoire_t, monde germanique_t;Datasets/all_labels_train_gensim_sparse_matrix.npz
archivewk1.hypotheses.org/19525;histoire_d, époque contemporaine_t, 1914-1918_t;Datasets/all_labels_train_gensim_sparse_matrix.npz
archivewk1.hypotheses.org/13586;histoire_d, époque contemporaine_t, 1914-1918_t;Datasets/all_labels_train_gensim_sparse_matrix.npz
nordichistoryblog.hypotheses.org/1869;arts et humanités_d, histoire et archéologie_d, histoire_t, édition électronique_t, vie de la recherche_t, approches de corpus_t, enquêtes_t, archives_t, europe_t, pays baltes et scandinaves_t;Datasets/all_labels_train_gensim_sparse_matrix.npz
schlehen.hypotheses.org/848;éducation_d, langage_t, éducation_t, sciences de l'éducation_t, linguistique_t;Datasets/all_labels_train_gensim_sparse_matrix.npz
archivewk1.hypotheses.org/26303;histoire_d, époque contemporaine_t, 1914-1918_t;Datasets/all_labels_train_gensim_sparse_matrix.npz
histbav.hypotheses.org/4212;humanités pluridisciplinaires_d, histoire_d, pluridisciplinarité_d, histoire_t, monde germanique_t;Datasets/all_labels_train_gensim_sparse_matrix.npz
grammata.hypotheses.org/1116;études anciennes_d, religions_d, littérature_d, religions_t, littératures_t;Datasets/all_labels_train_gensim_sparse_matrix.npz
archivewk1.hypotheses.org/10676;histoire_d, époque contemporaine_t, 1914-1918_t;Datasets/all_labels_train_gensim_sparse_matrix.npz
archivalia.hypotheses.org/59206;histoire et archéologie_d, sciences sociales interdisciplinaires_d, histoire_t, approches de corpus_t, enquêtes_t, archives_t;Datasets/all_labels_train_gensim_sparse_matrix.npz
archivewk1.hypotheses.org/29041;histoire_d, époque contemporaine_t, 1914-1918_t;Datasets/all_labels_train_gensim_sparse_matrix.npz
aktenkunde.hypotheses.org/416;histoire_d, histoire_t, sciences auxiliaires de l'histoire_t;Datasets/all_labels_train_gensim_sparse_matrix.npz
gra.hypotheses.org/344;arts et humanités_d, communication_d, sciences de l'information et bibliothéconomie_d, représentations_t, histoire culturelle_t, histoire de l'art_t, études visuelles_t;Datasets/all_labels_train_gensim_sparse_matrix.npz
archivalia.hypotheses.org/2774;histoire et archéologie_d, sciences sociales interdisciplinaires_d, histoire_t, approches de corpus_t, enquêtes_t, archives_t;Datasets/all_labels_train_gensim_sparse_matrix.npz
archivewk1.hypotheses.org/19152;histoire_d, époque contemporaine_t, 1914-1918_t;Datasets/all_labels_train_gensim_sparse_matrix.npz
mittelalter.hypotheses.org/2954;humanités pluridisciplinaires_d, religions_d, histoire_d, sociologie_d, histoire_t, histoire sociale_t, histoire intellectuelle_t, moyen âge_t, haut moyen âge_t, bas moyen âge_t;Datasets/all_labels_train_gensim_sparse_matrix.npz
intersex.hypotheses.org/2787;histoire_d, biomédecine_d, étude des genres_t, histoire des sciences_t, histoire_t, histoire du droit_t, moyen âge_t, xxie siècle_t;Datasets/all_labels_train_gensim_sparse_matrix.npz
archivalia.hypotheses.org/9247;histoire et archéologie_d, sciences sociales interdisciplinaires_d, histoire_t, approches de corpus_t, enquêtes_t, archives_t;Datasets/all_labels_train_gensim_sparse_matrix.npz
archivalia.hypotheses.org/1259;histoire et archéologie_d, sciences sociales interdisciplinaires_d, histoire_t, approches de corpus_t, enquêtes_t, archives_t;Datasets/all_labels_train_gensim_sparse_matrix.npz
archivewk1.hypotheses.org/9003;histoire_d, époque contemporaine_t, 1914-1918_t;Datasets/all_labels_train_gensim_sparse_matrix.npz
bioeg.hypotheses.org/830;histoire et archéologie_d, histoire_d, histoire_t, sciences auxiliaires de l'histoire_t, europe centrale et orientale_t, monde germanique_t;Datasets/all_labels_train_gensim_sparse_matrix.npz
gab.hypotheses.org/485;histoire et archéologie_d, pluridisciplinarité_d, sciences sociales interdisciplinaires_d, études des sciences_t, sociologie des sciences_t, histoire_t;Datasets/all_labels_train_gensim_sparse_matrix.npz
medienbildung.hypotheses.org/4164;éducation_d, éducation spécialisée_d, travail social_d, sociologie_t, édition électronique_t, histoire et sociologie des médias_t, éducation_t;Datasets/all_labels_train_gensim_sparse_matrix.npz
archivalia.hypotheses.org/12896;histoire et archéologie_d, sciences sociales interdisciplinaires_d, histoire_t, approches de corpus_t, enquêtes_t, archives_t;Datasets/all_labels_train_gensim_sparse_matrix.npz
histbav.hypotheses.org/4435;humanités pluridisciplinaires_d, histoire_d, pluridisciplinarité_d, histoire_t, monde germanique_t;Datasets/all_labels_train_gensim_sparse_matrix.npz
lacriee.hypotheses.org/66153;sciences sociales interdisciplinaires_d, édition électronique_t;Datasets/all_labels_train_gensim_sparse_matrix.npz
heraldica.hypotheses.org/4131;histoire_d, histoire_t, historiographie_t, sciences auxiliaires de l'histoire_t, moyen âge_t, haut moyen âge_t;Datasets/all_labels_train_gensim_sparse_matrix.npz
archives.hypotheses.org/504;histoire_d, communication_d, patrimoine_t, digital humanities_t, moyen âge_t, époque moderne_t, france_t, monde germanique_t;Datasets/all_labels_train_gensim_sparse_matrix.npz
archivalia.hypotheses.org/10862;histoire et archéologie_d, sciences sociales interdisciplinaires_d, histoire_t, approches de corpus_t, enquêtes_t, archives_t;Datasets/all_labels_train_gensim_sparse_matrix.npz
ostblog.hypotheses.org/162;histoire_d, économie_d, histoire_t;Datasets/all_labels_train_gensim_sparse_matrix.npz
digitalintellectuals.hypotheses.org/2310;études anciennes_d, histoire et philosophie des sciences_d, pluridisciplinarité_d, littérature_d, histoire intellectuelle_t, approches de corpus_t, enquêtes_t, archives_t, époque moderne_t, prospectives_t, monde germanique_t;Datasets/all_labels_train_gensim_sparse_matrix.npz
zeitraeume.hypotheses.org/337;histoire_d, histoire industrielle_t, histoire sociale_t, édition électronique_t, digital humanities_t, époque contemporaine_t;Datasets/all_labels_train_gensim_sparse_matrix.npz
archivalia.hypotheses.org/5648;histoire et archéologie_d, sciences sociales interdisciplinaires_d, histoire_t, approches de corpus_t, enquêtes_t, archives_t;Datasets/all_labels_train_gensim_sparse_matrix.npz
archivewk1.hypotheses.org/27933;histoire_d, époque contemporaine_t, 1914-1918_t;Datasets/all_labels_train_gensim_sparse_matrix.npz
dislab.hypotheses.org/746;sciences sociales interdisciplinaires_d, langue et linguistique_d, sociologie des sciences_t, linguistique_t;Datasets/all_labels_train_gensim_sparse_matrix.npz
archivalia.hypotheses.org/7653;histoire et archéologie_d, sciences sociales interdisciplinaires_d, histoire_t, approches de corpus_t, enquêtes_t, archives_t;Datasets/all_labels_train_gensim_sparse_matrix.npz
soziologieblog.hypotheses.org/5297;sciences sociales interdisciplinaires_d, sociologie et anthropologie_d, sociologie du travail_t, sociologie urbaine_t, sociologie de la culture_t, sociologie économique_t;Datasets/all_labels_train_gensim_sparse_matrix.npz
archivalia.hypotheses.org/10366;histoire et archéologie_d, sciences sociales interdisciplinaires_d, histoire_t, approches de corpus_t, enquêtes_t, archives_t;Datasets/all_labels_train_gensim_sparse_matrix.npz
archivamt.hypotheses.org/1864;communication_d, pluridisciplinarité_d, sciences sociales interdisciplinaires_d, information_t, sciences de l'information_t, représentations_t, patrimoine_t;Datasets/all_labels_train_gensim_sparse_matrix.npz
archive20.hypotheses.org/265;pluridisciplinarité_d, sciences sociales interdisciplinaires_d, histoire_t, information_t, patrimoine_t, monde germanique_t;Datasets/all_labels_train_gensim_sparse_matrix.npz
dokunstlmu.hypotheses.org/1068;arts et humanités_d, histoire intellectuelle_t;Datasets/all_labels_train_gensim_sparse_matrix.npz
heraldica.hypotheses.org/3397;histoire_d, histoire_t, historiographie_t, sciences auxiliaires de l'histoire_t, moyen âge_t, haut moyen âge_t;Datasets/all_labels_train_gensim_sparse_matrix.npz
soziologieblog.hypotheses.org/5484;sciences sociales interdisciplinaires_d, sociologie et anthropologie_d, sociologie du travail_t, sociologie urbaine_t, sociologie de la culture_t, sociologie économique_t;Datasets/all_labels_train_gensim_sparse_matrix.npz
archivalia.hypotheses.org/2771;histoire et archéologie_d, sciences sociales interdisciplinaires_d, histoire_t, approches de corpus_t, enquêtes_t, archives_t;Datasets/all_labels_train_gensim_sparse_matrix.npz
archivewk1.hypotheses.org/5310;histoire_d, époque contemporaine_t, 1914-1918_t;Datasets/all_labels_train_gensim_sparse_matrix.npz
archivewk1.hypotheses.org/21134;histoire_d, époque contemporaine_t, 1914-1918_t;Datasets/all_labels_train_gensim_sparse_matrix.npz
archivalia.hypotheses.org/2781;histoire et archéologie_d, sciences sociales interdisciplinaires_d, histoire_t, approches de corpus_t, enquêtes_t, archives_t;Datasets/all_labels_train_gensim_sparse_matrix.npz
amuc.hypotheses.org/451;humanités pluridisciplinaires_d, histoire_d, histoire_t, représentations_t, patrimoine_t;Datasets/all_labels_train_gensim_sparse_matrix.npz
redaktionsblog.hypotheses.org/2758;arts et humanités_d, humanités pluridisciplinaires_d, épistémologie et méthodes_t, digital humanities_t;Datasets/all_labels_train_gensim_sparse_matrix.npz
archivalia.hypotheses.org/8236;histoire et archéologie_d, sciences sociales interdisciplinaires_d, histoire_t, approches de corpus_t, enquêtes_t, archives_t;Datasets/all_labels_train_gensim_sparse_matrix.npz
etatsocial.hypotheses.org/1123;histoire_d, histoire des sciences sociales_d, sociologie_d, économie_d, sociologie du travail_t, âges de la vie_t, xxe siècle_t;Datasets/all_labels_train_gensim_sparse_matrix.npz
resilienz.hypotheses.org/964;pluridisciplinarité_d, sciences sociales interdisciplinaires_d, études des sciences_t, épistémologie et méthodes_t, vie de la recherche_t, prospectives_t;Datasets/all_labels_train_gensim_sparse_matrix.npz
irhis.hypotheses.org/2781;arts et humanités_d, histoire et archéologie_d, histoire économique_t, histoire sociale_t, études visuelles_t;Datasets/all_labels_train_gensim_sparse_matrix.npz
mindthegaps.hypotheses.org/2155;études asiatiques_d, histoire_d, histoire_t, histoire culturelle_t, asie_t, chine_t;Datasets/all_labels_train_gensim_sparse_matrix.npz
intersex.hypotheses.org/650;histoire_d, biomédecine_d, étude des genres_t, histoire des sciences_t, histoire_t, histoire du droit_t, moyen âge_t, xxie siècle_t;Datasets/all_labels_train_gensim_sparse_matrix.npz
archivalia.hypotheses.org/12540;histoire et archéologie_d, sciences sociales interdisciplinaires_d, histoire_t, approches de corpus_t, enquêtes_t, archives_t;Datasets/all_labels_train_gensim_sparse_matrix.npz
archivewk1.hypotheses.org/5300;histoire_d, époque contemporaine_t, 1914-1918_t;Datasets/all_labels_train_gensim_sparse_matrix.npz
soziologieblog.hypotheses.org/5867;sciences sociales interdisciplinaires_d, sociologie et anthropologie_d, sociologie du travail_t, sociologie urbaine_t, sociologie de la culture_t, sociologie économique_t;Datasets/all_labels_train_gensim_sparse_matrix.npz
soziologieblog.hypotheses.org/5786;sciences sociales interdisciplinaires_d, sociologie et anthropologie_d, sociologie du travail_t, sociologie urbaine_t, sociologie de la culture_t, sociologie économique_t;Datasets/all_labels_train_gensim_sparse_matrix.npz
schotten.hypotheses.org/1015;religions_d, histoire et archéologie_d, sciences de l'information et de la communication_d, bibliothéconomie_d, histoire_t, histoire des religions_t, approches de corpus_t, enquêtes_t, archives_t, monde germanique_t;Datasets/all_labels_train_gensim_sparse_matrix.npz
histbav.hypotheses.org/4724;humanités pluridisciplinaires_d, histoire_d, pluridisciplinarité_d, histoire_t, monde germanique_t;Datasets/all_labels_train_gensim_sparse_matrix.npz
soziologieblog.hypotheses.org/9354;sciences sociales interdisciplinaires_d, sociologie et anthropologie_d, sociologie du travail_t, sociologie urbaine_t, sociologie de la culture_t, sociologie économique_t;Datasets/all_labels_train_gensim_sparse_matrix.npz
archivalia.hypotheses.org/6526;histoire et archéologie_d, sciences sociales interdisciplinaires_d, histoire_t, approches de corpus_t, enquêtes_t, archives_t;Datasets/all_labels_train_gensim_sparse_matrix.npz
erinnerung.hypotheses.org/671;histoire et archéologie_d, histoire_t, xxe siècle_t, prospectives_t, europe_t;Datasets/all_labels_train_gensim_sparse_matrix.npz
fnzinfo.hypotheses.org/46;arts et humanités_d, musique_d, histoire et archéologie_d, histoire_t, xvie siècle_t, xviie siècle_t, xviiie siècle_t, révolution française_t;Datasets/all_labels_train_gensim_sparse_matrix.npz
liparchiv.hypotheses.org/583;histoire et archéologie_d, sciences politiques_d, administration publique et développement_d, histoire urbaine_t, patrimoine_t, sciences auxiliaires de l'histoire_t, approches de corpus_t, enquêtes_t, archives_t, europe_t;Datasets/all_labels_train_gensim_sparse_matrix.npz
wenhua.hypotheses.org/993;études asiatiques_d, humanités pluridisciplinaires_d, histoire_d, histoire culturelle_t, asie_t;Datasets/all_labels_train_gensim_sparse_matrix.npz
histbav.hypotheses.org/4482;humanités pluridisciplinaires_d, histoire_d, pluridisciplinarité_d, histoire_t, monde germanique_t;Datasets/all_labels_train_gensim_sparse_matrix.npz
francofil.hypotheses.org/2389;pluridisciplinarité_d, sciences sociales interdisciplinaires_d, histoire_t, épistémologie et méthodes_t, approches de corpus_t, enquêtes_t, archives_t, france_t;Datasets/all_labels_train_gensim_sparse_matrix.npz
medienbildung.hypotheses.org/3150;éducation_d, éducation spécialisée_d, travail social_d, sociologie_t, édition électronique_t, histoire et sociologie des médias_t, éducation_t;Datasets/all_labels_train_gensim_sparse_matrix.npz
bioeg.hypotheses.org/1905;histoire et archéologie_d, histoire_d, histoire_t, sciences auxiliaires de l'histoire_t, europe centrale et orientale_t, monde germanique_t;Datasets/all_labels_train_gensim_sparse_matrix.npz
winzen.hypotheses.org/182;histoire_d, histoire_t, études visuelles_t, 1918-1939_t, 1939-1945_t, monde germanique_t;Datasets/all_labels_train_gensim_sparse_matrix.npz
gid.hypotheses.org/156;pluridisciplinarité_d, sciences sociales interdisciplinaires_d, études des sciences_t, histoire des sciences_t, pensée_t, histoire intellectuelle_t, histoire culturelle_t, prospectives_t;Datasets/all_labels_train_gensim_sparse_matrix.npz
archivewk1.hypotheses.org/13433;histoire_d, époque contemporaine_t, 1914-1918_t;Datasets/all_labels_train_gensim_sparse_matrix.npz
zakunibonn.hypotheses.org/1158;histoire_d, psychologie_d, histoire_t, psychisme_t, psychologie_t, méthodes de traitement et de représentation_t, monde germanique_t;Datasets/all_labels_train_gensim_sparse_matrix.npz
archivewk1.hypotheses.org/27469;histoire_d, époque contemporaine_t, 1914-1918_t;Datasets/all_labels_train_gensim_sparse_matrix.npz
smdr.hypotheses.org/204;histoire_d, histoire_t, xviie siècle_t, xviiie siècle_t, monde germanique_t, pays baltes et scandinaves_t;Datasets/all_labels_train_gensim_sparse_matrix.npz
ordensgeschichte.hypotheses.org/10846;arts et humanités_d, humanités pluridisciplinaires_d, histoire et archéologie_d, histoire et philosophie des sciences_d, histoire_t, haut moyen âge_t, bas moyen âge_t, xviie siècle_t, xviiie siècle_t;Datasets/all_labels_train_gensim_sparse_matrix.npz
archivalia.hypotheses.org/7936;histoire et archéologie_d, sciences sociales interdisciplinaires_d, histoire_t, approches de corpus_t, enquêtes_t, archives_t;Datasets/all_labels_train_gensim_sparse_matrix.npz
ordensgeschichte.hypotheses.org/193;arts et humanités_d, humanités pluridisciplinaires_d, histoire et archéologie_d, histoire et philosophie des sciences_d, histoire_t, haut moyen âge_t, bas moyen âge_t, xviie siècle_t, xviiie siècle_t;Datasets/all_labels_train_gensim_sparse_matrix.npz
gab.hypotheses.org/1712;histoire et archéologie_d, pluridisciplinarité_d, sciences sociales interdisciplinaires_d, études des sciences_t, sociologie des sciences_t, histoire_t;Datasets/all_labels_train_gensim_sparse_matrix.npz
guerre-froide.hypotheses.org/1503;histoire_d, relations internationales_t, histoire culturelle_t, 1945-1989_t;Datasets/all_labels_train_gensim_sparse_matrix.npz
archive20.hypotheses.org/2793;pluridisciplinarité_d, sciences sociales interdisciplinaires_d, histoire_t, information_t, patrimoine_t, monde germanique_t;Datasets/all_labels_train_gensim_sparse_matrix.npz
archivalia.hypotheses.org/13715;histoire et archéologie_d, sciences sociales interdisciplinaires_d, histoire_t, approches de corpus_t, enquêtes_t, archives_t;Datasets/all_labels_train_gensim_sparse_matrix.npz
musermeku.hypotheses.org/4971;humanités pluridisciplinaires_d, pluridisciplinarité_d, sciences sociales interdisciplinaires_d, sociologie_t, sociologie de la culture_t, histoire_t, histoire politique_t;Datasets/all_labels_train_gensim_sparse_matrix.npz
archivewk1.hypotheses.org/18593;histoire_d, époque contemporaine_t, 1914-1918_t;Datasets/all_labels_train_gensim_sparse_matrix.npz
archivalia.hypotheses.org/12849;histoire et archéologie_d, sciences sociales interdisciplinaires_d, histoire_t, approches de corpus_t, enquêtes_t, archives_t;Datasets/all_labels_train_gensim_sparse_matrix.npz
gelerndig.hypotheses.org/535;éducation_d, éducation spécialisée_d, histoire_d, histoire_t, éducation_t, édition électronique_t, histoire et sociologie des médias_t;Datasets/all_labels_train_gensim_sparse_matrix.npz
archivalia.hypotheses.org/10662;histoire et archéologie_d, sciences sociales interdisciplinaires_d, histoire_t, approches de corpus_t, enquêtes_t, archives_t;Datasets/all_labels_train_gensim_sparse_matrix.npz
archivewk1.hypotheses.org/13250;histoire_d, époque contemporaine_t, 1914-1918_t;Datasets/all_labels_train_gensim_sparse_matrix.npz
guerre-froide.hypotheses.org/835;histoire_d, relations internationales_t, histoire culturelle_t, 1945-1989_t;Datasets/all_labels_train_gensim_sparse_matrix.npz
archivalia.hypotheses.org/10133;histoire et archéologie_d, sciences sociales interdisciplinaires_d, histoire_t, approches de corpus_t, enquêtes_t, archives_t;Datasets/all_labels_train_gensim_sparse_matrix.npz
archivalia.hypotheses.org/6839;histoire et archéologie_d, sciences sociales interdisciplinaires_d, histoire_t, approches de corpus_t, enquêtes_t, archives_t;Datasets/all_labels_train_gensim_sparse_matrix.npz
soziologieblog.hypotheses.org/1892;sciences sociales interdisciplinaires_d, sociologie et anthropologie_d, sociologie du travail_t, sociologie urbaine_t, sociologie de la culture_t, sociologie économique_t;Datasets/all_labels_train_gensim_sparse_matrix.npz
historischdenken.hypotheses.org/2077;histoire et archéologie_d, histoire_t;Datasets/all_labels_train_gensim_sparse_matrix.npz
ludite.hypotheses.org/200;arts et humanités_d, histoire et archéologie_d, histoire sociale_t, histoire culturelle_t, haut moyen âge_t, bas moyen âge_t;Datasets/all_labels_train_gensim_sparse_matrix.npz
archivalia.hypotheses.org/1184;histoire et archéologie_d, sciences sociales interdisciplinaires_d, histoire_t, approches de corpus_t, enquêtes_t, archives_t;Datasets/all_labels_train_gensim_sparse_matrix.npz
digigw.hypotheses.org/800;humanités pluridisciplinaires_d, histoire_t, édition électronique_t, sciences auxiliaires de l'histoire_t, digital humanities_t;Datasets/all_labels_train_gensim_sparse_matrix.npz
archivalia.hypotheses.org/919;histoire et archéologie_d, sciences sociales interdisciplinaires_d, histoire_t, approches de corpus_t, enquêtes_t, archives_t;Datasets/all_labels_train_gensim_sparse_matrix.npz
archivalia.hypotheses.org/9731;histoire et archéologie_d, sciences sociales interdisciplinaires_d, histoire_t, approches de corpus_t, enquêtes_t, archives_t;Datasets/all_labels_train_gensim_sparse_matrix.npz
nordichistoryblog.hypotheses.org/1328;arts et humanités_d, histoire et archéologie_d, histoire_t, édition électronique_t, vie de la recherche_t, approches de corpus_t, enquêtes_t, archives_t, europe_t, pays baltes et scandinaves_t;Datasets/all_labels_train_gensim_sparse_matrix.npz
archivalia.hypotheses.org/58237;histoire et archéologie_d, sciences sociales interdisciplinaires_d, histoire_t, approches de corpus_t, enquêtes_t, archives_t;Datasets/all_labels_train_gensim_sparse_matrix.npz
archivewk1.hypotheses.org/31108;histoire_d, époque contemporaine_t, 1914-1918_t;Datasets/all_labels_train_gensim_sparse_matrix.npz
soziologieblog.hypotheses.org/9449;sciences sociales interdisciplinaires_d, sociologie et anthropologie_d, sociologie du travail_t, sociologie urbaine_t, sociologie de la culture_t, sociologie économique_t;Datasets/all_labels_train_gensim_sparse_matrix.npz
mittelalter.hypotheses.org/8825;humanités pluridisciplinaires_d, religions_d, histoire_d, sociologie_d, histoire_t, histoire sociale_t, histoire intellectuelle_t, moyen âge_t, haut moyen âge_t, bas moyen âge_t;Datasets/all_labels_train_gensim_sparse_matrix.npz
gab.hypotheses.org/2824;histoire et archéologie_d, pluridisciplinarité_d, sciences sociales interdisciplinaires_d, études des sciences_t, sociologie des sciences_t, histoire_t;Datasets/all_labels_train_gensim_sparse_matrix.npz
mindthegaps.hypotheses.org/1745;études asiatiques_d, histoire_d, histoire_t, histoire culturelle_t, asie_t, chine_t;Datasets/all_labels_train_gensim_sparse_matrix.npz
lvrafz.hypotheses.org/1645;pluridisciplinarité_d, information_t;Datasets/all_labels_train_gensim_sparse_matrix.npz
histbav.hypotheses.org/3300;humanités pluridisciplinaires_d, histoire_d, pluridisciplinarité_d, histoire_t, monde germanique_t;Datasets/all_labels_train_gensim_sparse_matrix.npz
grandeguerre.hypotheses.org/410;histoire et archéologie_d, histoire_t, 1914-1918_t, prospectives_t, france_t, monde germanique_t;Datasets/all_labels_train_gensim_sparse_matrix.npz
archivalia.hypotheses.org/53159;histoire et archéologie_d, sciences sociales interdisciplinaires_d, histoire_t, approches de corpus_t, enquêtes_t, archives_t;Datasets/all_labels_train_gensim_sparse_matrix.npz
francofil.hypotheses.org/3814;pluridisciplinarité_d, sciences sociales interdisciplinaires_d, histoire_t, épistémologie et méthodes_t, approches de corpus_t, enquêtes_t, archives_t, france_t;Datasets/all_labels_train_gensim_sparse_matrix.npz
archivewk1.hypotheses.org/25778;histoire_d, époque contemporaine_t, 1914-1918_t;Datasets/all_labels_train_gensim_sparse_matrix.npz
unibloggt.hypotheses.org/933;histoire et archéologie_d, pluridisciplinarité_d, histoire_t, information_t;Datasets/all_labels_train_gensim_sparse_matrix.npz
wenhua.hypotheses.org/760;études asiatiques_d, humanités pluridisciplinaires_d, histoire_d, histoire culturelle_t, asie_t;Datasets/all_labels_train_gensim_sparse_matrix.npz
mittelalter.hypotheses.org/6156;humanités pluridisciplinaires_d, religions_d, histoire_d, sociologie_d, histoire_t, histoire sociale_t, histoire intellectuelle_t, moyen âge_t, haut moyen âge_t, bas moyen âge_t;Datasets/all_labels_train_gensim_sparse_matrix.npz
archivewk1.hypotheses.org/19883;histoire_d, époque contemporaine_t, 1914-1918_t;Datasets/all_labels_train_gensim_sparse_matrix.npz
archivalia.hypotheses.org/10985;histoire et archéologie_d, sciences sociales interdisciplinaires_d, histoire_t, approches de corpus_t, enquêtes_t, archives_t;Datasets/all_labels_train_gensim_sparse_matrix.npz
nummer.hypotheses.org/107;histoire_d, sciences de l'information et de la communication_d, bibliothéconomie_d, histoire_t, histoire intellectuelle_t, histoire et sociologie des médias_t, histoire culturelle_t;Datasets/all_labels_train_gensim_sparse_matrix.npz
archivewk1.hypotheses.org/9300;histoire_d, époque contemporaine_t, 1914-1918_t;Datasets/all_labels_train_gensim_sparse_matrix.npz
mittelalter.hypotheses.org/6231;humanités pluridisciplinaires_d, religions_d, histoire_d, sociologie_d, histoire_t, histoire sociale_t, histoire intellectuelle_t, moyen âge_t, haut moyen âge_t, bas moyen âge_t;Datasets/all_labels_train_gensim_sparse_matrix.npz
medienbildung.hypotheses.org/7511;éducation_d, éducation spécialisée_d, travail social_d, sociologie_t, édition électronique_t, histoire et sociologie des médias_t, éducation_t;Datasets/all_labels_train_gensim_sparse_matrix.npz
archivalia.hypotheses.org/8521;histoire et archéologie_d, sciences sociales interdisciplinaires_d, histoire_t, approches de corpus_t, enquêtes_t, archives_t;Datasets/all_labels_train_gensim_sparse_matrix.npz
archivalia.hypotheses.org/55759;histoire et archéologie_d, sciences sociales interdisciplinaires_d, histoire_t, approches de corpus_t, enquêtes_t, archives_t;Datasets/all_labels_train_gensim_sparse_matrix.npz
wenhua.hypotheses.org/673;études asiatiques_d, humanités pluridisciplinaires_d, histoire_d, histoire culturelle_t, asie_t;Datasets/all_labels_train_gensim_sparse_matrix.npz
archivamt.hypotheses.org/3733;communication_d, pluridisciplinarité_d, sciences sociales interdisciplinaires_d, information_t, sciences de l'information_t, représentations_t, patrimoine_t;Datasets/all_labels_train_gensim_sparse_matrix.npz
archivewk1.hypotheses.org/5513;histoire_d, époque contemporaine_t, 1914-1918_t;Datasets/all_labels_train_gensim_sparse_matrix.npz
dokunstlmu.hypotheses.org/1007;arts et humanités_d, histoire intellectuelle_t;Datasets/all_labels_train_gensim_sparse_matrix.npz
pophistory.hypotheses.org/23;humanités pluridisciplinaires_d, histoire et archéologie_d, sociologie de la culture_t, histoire sociale_t, histoire culturelle_t, époque contemporaine_t;Datasets/all_labels_train_gensim_sparse_matrix.npz
ordensgeschichte.hypotheses.org/3437;arts et humanités_d, humanités pluridisciplinaires_d, histoire et archéologie_d, histoire et philosophie des sciences_d, histoire_t, haut moyen âge_t, bas moyen âge_t, xviie siècle_t, xviiie siècle_t;Datasets/all_labels_train_gensim_sparse_matrix.npz
intersex.hypotheses.org/3976;histoire_d, biomédecine_d, étude des genres_t, histoire des sciences_t, histoire_t, histoire du droit_t, moyen âge_t, xxie siècle_t;Datasets/all_labels_train_gensim_sparse_matrix.npz
archivalia.hypotheses.org/52383;histoire et archéologie_d, sciences sociales interdisciplinaires_d, histoire_t, approches de corpus_t, enquêtes_t, archives_t;Datasets/all_labels_train_gensim_sparse_matrix.npz
archivewk1.hypotheses.org/8757;histoire_d, époque contemporaine_t, 1914-1918_t;Datasets/all_labels_train_gensim_sparse_matrix.npz
sdvigpress.hypotheses.org/629;langue et linguistique_d, philosophie_d, humanités pluridisciplinaires_d, épistémologie et méthodes_t, digital humanities_t, europe centrale et orientale_t, édition électronique_t, linguistique_t;Datasets/all_labels_train_gensim_sparse_matrix.npz
archivewk1.hypotheses.org/23266;histoire_d, époque contemporaine_t, 1914-1918_t;Datasets/all_labels_train_gensim_sparse_matrix.npz
mittelalter.hypotheses.org/2878;humanités pluridisciplinaires_d, religions_d, histoire_d, sociologie_d, histoire_t, histoire sociale_t, histoire intellectuelle_t, moyen âge_t, haut moyen âge_t, bas moyen âge_t;Datasets/all_labels_train_gensim_sparse_matrix.npz
archivalia.hypotheses.org/12326;histoire et archéologie_d, sciences sociales interdisciplinaires_d, histoire_t, approches de corpus_t, enquêtes_t, archives_t;Datasets/all_labels_train_gensim_sparse_matrix.npz
archivalia.hypotheses.org/9266;histoire et archéologie_d, sciences sociales interdisciplinaires_d, histoire_t, approches de corpus_t, enquêtes_t, archives_t;Datasets/all_labels_train_gensim_sparse_matrix.npz
catholiccultures.hypotheses.org/2312;histoire et archéologie_d, histoire des sciences sociales_d, sciences sociales interdisciplinaires_d, sociologie et anthropologie_d, histoire_t, histoire sociale_t, histoire des religions_t, époque moderne_t;Datasets/all_labels_train_gensim_sparse_matrix.npz
medienbildung.hypotheses.org/8178;éducation_d, éducation spécialisée_d, travail social_d, sociologie_t, édition électronique_t, histoire et sociologie des médias_t, éducation_t;Datasets/all_labels_train_gensim_sparse_matrix.npz
histbav.hypotheses.org/4877;humanités pluridisciplinaires_d, histoire_d, pluridisciplinarité_d, histoire_t, monde germanique_t;Datasets/all_labels_train_gensim_sparse_matrix.npz
histbav.hypotheses.org/663;humanités pluridisciplinaires_d, histoire_d, pluridisciplinarité_d, histoire_t, monde germanique_t;Datasets/all_labels_train_gensim_sparse_matrix.npz
archivalia.hypotheses.org/7020;histoire et archéologie_d, sciences sociales interdisciplinaires_d, histoire_t, approches de corpus_t, enquêtes_t, archives_t;Datasets/all_labels_train_gensim_sparse_matrix.npz
dhmuc.hypotheses.org/100;humanités pluridisciplinaires_d, communication_d, pluridisciplinarité_d, sciences sociales interdisciplinaires_d, études des sciences_t, édition électronique_t, digital humanities_t;Datasets/all_labels_train_gensim_sparse_matrix.npz
archivalia.hypotheses.org/12371;histoire et archéologie_d, sciences sociales interdisciplinaires_d, histoire_t, approches de corpus_t, enquêtes_t, archives_t;Datasets/all_labels_train_gensim_sparse_matrix.npz
dokunstlmu.hypotheses.org/665;arts et humanités_d, histoire intellectuelle_t;Datasets/all_labels_train_gensim_sparse_matrix.npz
archivamt.hypotheses.org/2693;communication_d, pluridisciplinarité_d, sciences sociales interdisciplinaires_d, information_t, sciences de l'information_t, représentations_t, patrimoine_t;Datasets/all_labels_train_gensim_sparse_matrix.npz
ordensgeschichte.hypotheses.org/6641;arts et humanités_d, humanités pluridisciplinaires_d, histoire et archéologie_d, histoire et philosophie des sciences_d, histoire_t, haut moyen âge_t, bas moyen âge_t, xviie siècle_t, xviiie siècle_t;Datasets/all_labels_train_gensim_sparse_matrix.npz
archivalia.hypotheses.org/9065;histoire et archéologie_d, sciences sociales interdisciplinaires_d, histoire_t, approches de corpus_t, enquêtes_t, archives_t;Datasets/all_labels_train_gensim_sparse_matrix.npz
archivalia.hypotheses.org/2531;histoire et archéologie_d, sciences sociales interdisciplinaires_d, histoire_t, approches de corpus_t, enquêtes_t, archives_t;Datasets/all_labels_train_gensim_sparse_matrix.npz
bioeg.hypotheses.org/1314;histoire et archéologie_d, histoire_d, histoire_t, sciences auxiliaires de l'histoire_t, europe centrale et orientale_t, monde germanique_t;Datasets/all_labels_train_gensim_sparse_matrix.npz
soziologieblog.hypotheses.org/7640;sciences sociales interdisciplinaires_d, sociologie et anthropologie_d, sociologie du travail_t, sociologie urbaine_t, sociologie de la culture_t, sociologie économique_t;Datasets/all_labels_train_gensim_sparse_matrix.npz
archivamt.hypotheses.org/1131;communication_d, pluridisciplinarité_d, sciences sociales interdisciplinaires_d, information_t, sciences de l'information_t, représentations_t, patrimoine_t;Datasets/all_labels_train_gensim_sparse_matrix.npz
barblog.hypotheses.org/945;sciences sociales interdisciplinaires_d, sciences politiques_d, sociologie_d, anthropologie politique_t;Datasets/all_labels_train_gensim_sparse_matrix.npz
intersex.hypotheses.org/4674;histoire_d, biomédecine_d, étude des genres_t, histoire des sciences_t, histoire_t, histoire du droit_t, moyen âge_t, xxie siècle_t;Datasets/all_labels_train_gensim_sparse_matrix.npz
greflinger.hypotheses.org/169;littérature_d, littératures_t, xviie siècle_t;Datasets/all_labels_train_gensim_sparse_matrix.npz
1914lvr.hypotheses.org/1;sciences politiques_d, histoire_t, époque contemporaine_t, 1914-1918_t;Datasets/all_labels_train_gensim_sparse_matrix.npz
archivewk1.hypotheses.org/3137;histoire_d, époque contemporaine_t, 1914-1918_t;Datasets/all_labels_train_gensim_sparse_matrix.npz
2wkvisuell.hypotheses.org/362;arts et humanités_d, histoire et archéologie_d, histoire sociale_t, guerres_t, conflits_t, violence_t, histoire et sociologie des médias_t, études visuelles_t, époque contemporaine_t;Datasets/all_labels_train_gensim_sparse_matrix.npz
ordensgeschichte.hypotheses.org/10774;arts et humanités_d, humanités pluridisciplinaires_d, histoire et archéologie_d, histoire et philosophie des sciences_d, histoire_t, haut moyen âge_t, bas moyen âge_t, xviie siècle_t, xviiie siècle_t;Datasets/all_labels_train_gensim_sparse_matrix.npz
ordensgeschichte.hypotheses.org/1346;arts et humanités_d, humanités pluridisciplinaires_d, histoire et archéologie_d, histoire et philosophie des sciences_d, histoire_t, haut moyen âge_t, bas moyen âge_t, xviie siècle_t, xviiie siècle_t;Datasets/all_labels_train_gensim_sparse_matrix.npz
archivewk1.hypotheses.org/2753;histoire_d, époque contemporaine_t, 1914-1918_t;Datasets/all_labels_train_gensim_sparse_matrix.npz
archivalia.hypotheses.org/1192;histoire et archéologie_d, sciences sociales interdisciplinaires_d, histoire_t, approches de corpus_t, enquêtes_t, archives_t;Datasets/all_labels_train_gensim_sparse_matrix.npz
archivewk1.hypotheses.org/881;histoire_d, époque contemporaine_t, 1914-1918_t;Datasets/all_labels_train_gensim_sparse_matrix.npz
ordensgeschichte.hypotheses.org/10514;arts et humanités_d, humanités pluridisciplinaires_d, histoire et archéologie_d, histoire et philosophie des sciences_d, histoire_t, haut moyen âge_t, bas moyen âge_t, xviie siècle_t, xviiie siècle_t;Datasets/all_labels_train_gensim_sparse_matrix.npz
rhad.hypotheses.org/378;histoire_d, histoire des sciences sociales_d, histoire_t, époque moderne_t, révolution française_t, xviie siècle_t, xviiie siècle_t, prospectives_t;Datasets/all_labels_train_gensim_sparse_matrix.npz
archivalia.hypotheses.org/6581;histoire et archéologie_d, sciences sociales interdisciplinaires_d, histoire_t, approches de corpus_t, enquêtes_t, archives_t;Datasets/all_labels_train_gensim_sparse_matrix.npz
archivewk1.hypotheses.org/6391;histoire_d, époque contemporaine_t, 1914-1918_t;Datasets/all_labels_train_gensim_sparse_matrix.npz
erinnern.hypotheses.org/494;éducation et sciences de l'éducation_d, histoire_d, histoire_t, éducation_t, 1918-1939_t, 1939-1945_t, 1945-1989_t;Datasets/all_labels_train_gensim_sparse_matrix.npz
ordensgeschichte.hypotheses.org/10935;arts et humanités_d, humanités pluridisciplinaires_d, histoire et archéologie_d, histoire et philosophie des sciences_d, histoire_t, haut moyen âge_t, bas moyen âge_t, xviie siècle_t, xviiie siècle_t;Datasets/all_labels_train_gensim_sparse_matrix.npz
revolt.hypotheses.org/371;histoire_d, pluridisciplinarité_d, littérature_d, histoire et sociologie des médias_t, époque moderne_t, europe_t;Datasets/all_labels_train_gensim_sparse_matrix.npz
philophiso.hypotheses.org/97;philosophie_d, éducation_d, éducation spécialisée_d, pensée_t, philosophie_t, représentations_t, patrimoine_t;Datasets/all_labels_train_gensim_sparse_matrix.npz
1914lvr.hypotheses.org/926;sciences politiques_d, histoire_t, époque contemporaine_t, 1914-1918_t;Datasets/all_labels_train_gensim_sparse_matrix.npz
archivalia.hypotheses.org/11668;histoire et archéologie_d, sciences sociales interdisciplinaires_d, histoire_t, approches de corpus_t, enquêtes_t, archives_t;Datasets/all_labels_train_gensim_sparse_matrix.npz
sdvigpress.hypotheses.org/539;langue et linguistique_d, philosophie_d, humanités pluridisciplinaires_d, épistémologie et méthodes_t, digital humanities_t, europe centrale et orientale_t, édition électronique_t, linguistique_t;Datasets/all_labels_train_gensim_sparse_matrix.npz
resilienz.hypotheses.org/587;pluridisciplinarité_d, sciences sociales interdisciplinaires_d, études des sciences_t, épistémologie et méthodes_t, vie de la recherche_t, prospectives_t;Datasets/all_labels_train_gensim_sparse_matrix.npz
archivalia.hypotheses.org/11361;histoire et archéologie_d, sciences sociales interdisciplinaires_d, histoire_t, approches de corpus_t, enquêtes_t, archives_t;Datasets/all_labels_train_gensim_sparse_matrix.npz
archivalia.hypotheses.org/5247;histoire et archéologie_d, sciences sociales interdisciplinaires_d, histoire_t, approches de corpus_t, enquêtes_t, archives_t;Datasets/all_labels_train_gensim_sparse_matrix.npz
adngwdng.hypotheses.org/112;histoire_d, histoire politique_t, historiographie_t, xxe siècle_t, monde germanique_t;Datasets/all_labels_train_gensim_sparse_matrix.npz
archivalia.hypotheses.org/10053;histoire et archéologie_d, sciences sociales interdisciplinaires_d, histoire_t, approches de corpus_t, enquêtes_t, archives_t;Datasets/all_labels_train_gensim_sparse_matrix.npz
archivewk1.hypotheses.org/23287;histoire_d, époque contemporaine_t, 1914-1918_t;Datasets/all_labels_train_gensim_sparse_matrix.npz
archivalia.hypotheses.org/5439;histoire et archéologie_d, sciences sociales interdisciplinaires_d, histoire_t, approches de corpus_t, enquêtes_t, archives_t;Datasets/all_labels_train_gensim_sparse_matrix.npz
archivalia.hypotheses.org/56950;histoire et archéologie_d, sciences sociales interdisciplinaires_d, histoire_t, approches de corpus_t, enquêtes_t, archives_t;Datasets/all_labels_train_gensim_sparse_matrix.npz
catholiccultures.hypotheses.org/1117;histoire et archéologie_d, histoire des sciences sociales_d, sciences sociales interdisciplinaires_d, sociologie et anthropologie_d, histoire_t, histoire sociale_t, histoire des religions_t, époque moderne_t;Datasets/all_labels_train_gensim_sparse_matrix.npz
reichwein.hypotheses.org/1740;histoire et archéologie_d, histoire des sciences_t, 1945-1989_t;Datasets/all_labels_train_gensim_sparse_matrix.npz
archivalia.hypotheses.org/5427;histoire et archéologie_d, sciences sociales interdisciplinaires_d, histoire_t, approches de corpus_t, enquêtes_t, archives_t;Datasets/all_labels_train_gensim_sparse_matrix.npz
archivewk1.hypotheses.org/22953;histoire_d, époque contemporaine_t, 1914-1918_t;Datasets/all_labels_train_gensim_sparse_matrix.npz
archivewk1.hypotheses.org/9713;histoire_d, époque contemporaine_t, 1914-1918_t;Datasets/all_labels_train_gensim_sparse_matrix.npz
archivalia.hypotheses.org/7380;histoire et archéologie_d, sciences sociales interdisciplinaires_d, histoire_t, approches de corpus_t, enquêtes_t, archives_t;Datasets/all_labels_train_gensim_sparse_matrix.npz
1914lvr.hypotheses.org/151;sciences politiques_d, histoire_t, époque contemporaine_t, 1914-1918_t;Datasets/all_labels_train_gensim_sparse_matrix.npz
archivalia.hypotheses.org/14231;histoire et archéologie_d, sciences sociales interdisciplinaires_d, histoire_t, approches de corpus_t, enquêtes_t, archives_t;Datasets/all_labels_train_gensim_sparse_matrix.npz
soziologieblog.hypotheses.org/1356;sciences sociales interdisciplinaires_d, sociologie et anthropologie_d, sociologie du travail_t, sociologie urbaine_t, sociologie de la culture_t, sociologie économique_t;Datasets/all_labels_train_gensim_sparse_matrix.npz
winzen.hypotheses.org/92;histoire_d, histoire_t, études visuelles_t, 1918-1939_t, 1939-1945_t, monde germanique_t;Datasets/all_labels_train_gensim_sparse_matrix.npz
archivalia.hypotheses.org/13063;histoire et archéologie_d, sciences sociales interdisciplinaires_d, histoire_t, approches de corpus_t, enquêtes_t, archives_t;Datasets/all_labels_train_gensim_sparse_matrix.npz
archives.hypotheses.org/782;histoire_d, communication_d, patrimoine_t, digital humanities_t, moyen âge_t, époque moderne_t, france_t, monde germanique_t;Datasets/all_labels_train_gensim_sparse_matrix.npz
artincrisis.hypotheses.org/85;arts et humanités_d, représentations_t, histoire de l'art_t, époque contemporaine_t, 1939-1945_t, monde germanique_t;Datasets/all_labels_train_gensim_sparse_matrix.npz
aktenkunde.hypotheses.org/289;histoire_d, histoire_t, sciences auxiliaires de l'histoire_t;Datasets/all_labels_train_gensim_sparse_matrix.npz
bereschitrabba.hypotheses.org/314;arts et humanités_d, religions_d, langue et linguistique_d, religions_t, histoire des religions_t;Datasets/all_labels_train_gensim_sparse_matrix.npz
archivewk1.hypotheses.org/4834;histoire_d, époque contemporaine_t, 1914-1918_t;Datasets/all_labels_train_gensim_sparse_matrix.npz
greflinger.hypotheses.org/128;littérature_d, littératures_t, xviie siècle_t;Datasets/all_labels_train_gensim_sparse_matrix.npz
archivalia.hypotheses.org/6925;histoire et archéologie_d, sciences sociales interdisciplinaires_d, histoire_t, approches de corpus_t, enquêtes_t, archives_t;Datasets/all_labels_train_gensim_sparse_matrix.npz
archivalia.hypotheses.org/11587;histoire et archéologie_d, sciences sociales interdisciplinaires_d, histoire_t, approches de corpus_t, enquêtes_t, archives_t;Datasets/all_labels_train_gensim_sparse_matrix.npz
heraldica.hypotheses.org/4103;histoire_d, histoire_t, historiographie_t, sciences auxiliaires de l'histoire_t, moyen âge_t, haut moyen âge_t;Datasets/all_labels_train_gensim_sparse_matrix.npz
soziologieblog.hypotheses.org/7364;sciences sociales interdisciplinaires_d, sociologie et anthropologie_d, sociologie du travail_t, sociologie urbaine_t, sociologie de la culture_t, sociologie économique_t;Datasets/all_labels_train_gensim_sparse_matrix.npz
archivamt.hypotheses.org/1507;communication_d, pluridisciplinarité_d, sciences sociales interdisciplinaires_d, information_t, sciences de l'information_t, représentations_t, patrimoine_t;Datasets/all_labels_train_gensim_sparse_matrix.npz
gab.hypotheses.org/327;histoire et archéologie_d, pluridisciplinarité_d, sciences sociales interdisciplinaires_d, études des sciences_t, sociologie des sciences_t, histoire_t;Datasets/all_labels_train_gensim_sparse_matrix.npz
musermeku.hypotheses.org/1843;humanités pluridisciplinaires_d, pluridisciplinarité_d, sciences sociales interdisciplinaires_d, sociologie_t, sociologie de la culture_t, histoire_t, histoire politique_t;Datasets/all_labels_train_gensim_sparse_matrix.npz
archivalia.hypotheses.org/11839;histoire et archéologie_d, sciences sociales interdisciplinaires_d, histoire_t, approches de corpus_t, enquêtes_t, archives_t;Datasets/all_labels_train_gensim_sparse_matrix.npz
archivalia.hypotheses.org/11684;histoire et archéologie_d, sciences sociales interdisciplinaires_d, histoire_t, approches de corpus_t, enquêtes_t, archives_t;Datasets/all_labels_train_gensim_sparse_matrix.npz
archivalia.hypotheses.org/10914;histoire et archéologie_d, sciences sociales interdisciplinaires_d, histoire_t, approches de corpus_t, enquêtes_t, archives_t;Datasets/all_labels_train_gensim_sparse_matrix.npz
archivalia.hypotheses.org/13608;histoire et archéologie_d, sciences sociales interdisciplinaires_d, histoire_t, approches de corpus_t, enquêtes_t, archives_t;Datasets/all_labels_train_gensim_sparse_matrix.npz
archivamt.hypotheses.org/3338;communication_d, pluridisciplinarité_d, sciences sociales interdisciplinaires_d, information_t, sciences de l'information_t, représentations_t, patrimoine_t;Datasets/all_labels_train_gensim_sparse_matrix.npz
maxweber.hypotheses.org/165;humanités pluridisciplinaires_d, histoire et archéologie_d, histoire et philosophie des sciences_d, sociologie et anthropologie_d, histoire sociale_t, histoire intellectuelle_t, sociologie des religions_t, vie de la recherche_t;Datasets/all_labels_train_gensim_sparse_matrix.npz
archivewk1.hypotheses.org/2565;histoire_d, époque contemporaine_t, 1914-1918_t;Datasets/all_labels_train_gensim_sparse_matrix.npz
gra.hypotheses.org/518;arts et humanités_d, communication_d, sciences de l'information et bibliothéconomie_d, représentations_t, histoire culturelle_t, histoire de l'art_t, études visuelles_t;Datasets/all_labels_train_gensim_sparse_matrix.npz
archivalia.hypotheses.org/53475;histoire et archéologie_d, sciences sociales interdisciplinaires_d, histoire_t, approches de corpus_t, enquêtes_t, archives_t;Datasets/all_labels_train_gensim_sparse_matrix.npz
archivewk1.hypotheses.org/23430;histoire_d, époque contemporaine_t, 1914-1918_t;Datasets/all_labels_train_gensim_sparse_matrix.npz
guerre-froide.hypotheses.org/1152;histoire_d, relations internationales_t, histoire culturelle_t, 1945-1989_t;Datasets/all_labels_train_gensim_sparse_matrix.npz
dokunstlmu.hypotheses.org/965;arts et humanités_d, histoire intellectuelle_t;Datasets/all_labels_train_gensim_sparse_matrix.npz
tagebuch.hypotheses.org/1374;histoire et archéologie_d, histoire_d, histoire_t, époque contemporaine_t, 1914-1918_t;Datasets/all_labels_train_gensim_sparse_matrix.npz
mindthegaps.hypotheses.org/1144;études asiatiques_d, histoire_d, histoire_t, histoire culturelle_t, asie_t, chine_t;Datasets/all_labels_train_gensim_sparse_matrix.npz
bioeg.hypotheses.org/122;histoire et archéologie_d, histoire_d, histoire_t, sciences auxiliaires de l'histoire_t, europe centrale et orientale_t, monde germanique_t;Datasets/all_labels_train_gensim_sparse_matrix.npz
archivewk1.hypotheses.org/319;histoire_d, époque contemporaine_t, 1914-1918_t;Datasets/all_labels_train_gensim_sparse_matrix.npz
archivewk1.hypotheses.org/22947;histoire_d, époque contemporaine_t, 1914-1918_t;Datasets/all_labels_train_gensim_sparse_matrix.npz
histbav.hypotheses.org/1847;humanités pluridisciplinaires_d, histoire_d, pluridisciplinarité_d, histoire_t, monde germanique_t;Datasets/all_labels_train_gensim_sparse_matrix.npz
nordichistoryblog.hypotheses.org/3137;arts et humanités_d, histoire et archéologie_d, histoire_t, édition électronique_t, vie de la recherche_t, approches de corpus_t, enquêtes_t, archives_t, europe_t, pays baltes et scandinaves_t;Datasets/all_labels_train_gensim_sparse_matrix.npz
archivalia.hypotheses.org/13310;histoire et archéologie_d, sciences sociales interdisciplinaires_d, histoire_t, approches de corpus_t, enquêtes_t, archives_t;Datasets/all_labels_train_gensim_sparse_matrix.npz
dkblog.hypotheses.org/716;histoire_d, histoire_t, époque moderne_t, xviie siècle_t;Datasets/all_labels_train_gensim_sparse_matrix.npz
archivewk1.hypotheses.org/21713;histoire_d, époque contemporaine_t, 1914-1918_t;Datasets/all_labels_train_gensim_sparse_matrix.npz
mindthegaps.hypotheses.org/1129;études asiatiques_d, histoire_d, histoire_t, histoire culturelle_t, asie_t, chine_t;Datasets/all_labels_train_gensim_sparse_matrix.npz
archivalia.hypotheses.org/58888;histoire et archéologie_d, sciences sociales interdisciplinaires_d, histoire_t, approches de corpus_t, enquêtes_t, archives_t;Datasets/all_labels_train_gensim_sparse_matrix.npz
ostblog.hypotheses.org/740;histoire_d, économie_d, histoire_t;Datasets/all_labels_train_gensim_sparse_matrix.npz
lvrafz.hypotheses.org/1375;pluridisciplinarité_d, information_t;Datasets/all_labels_train_gensim_sparse_matrix.npz
tagebuch.hypotheses.org/1194;histoire et archéologie_d, histoire_d, histoire_t, époque contemporaine_t, 1914-1918_t;Datasets/all_labels_train_gensim_sparse_matrix.npz
archive20.hypotheses.org/3710;pluridisciplinarité_d, sciences sociales interdisciplinaires_d, histoire_t, information_t, patrimoine_t, monde germanique_t;Datasets/all_labels_train_gensim_sparse_matrix.npz
bioeg.hypotheses.org/162;histoire et archéologie_d, histoire_d, histoire_t, sciences auxiliaires de l'histoire_t, europe centrale et orientale_t, monde germanique_t;Datasets/all_labels_train_gensim_sparse_matrix.npz
ordensgeschichte.hypotheses.org/10523;arts et humanités_d, humanités pluridisciplinaires_d, histoire et archéologie_d, histoire et philosophie des sciences_d, histoire_t, haut moyen âge_t, bas moyen âge_t, xviie siècle_t, xviiie siècle_t;Datasets/all_labels_train_gensim_sparse_matrix.npz
bioeg.hypotheses.org/1420;histoire et archéologie_d, histoire_d, histoire_t, sciences auxiliaires de l'histoire_t, europe centrale et orientale_t, monde germanique_t;Datasets/all_labels_train_gensim_sparse_matrix.npz
reichtum.hypotheses.org/92;économie_d, économie_d, histoire_d, histoire économique_t, histoire sociale_t;Datasets/all_labels_train_gensim_sparse_matrix.npz
dokunstlmu.hypotheses.org/1277;arts et humanités_d, histoire intellectuelle_t;Datasets/all_labels_train_gensim_sparse_matrix.npz
hsc.hypotheses.org/123;arts et humanités_d, humanités pluridisciplinaires_d, histoire et archéologie_d, histoire_t, historiographie_t;Datasets/all_labels_train_gensim_sparse_matrix.npz
archivekod.hypotheses.org/646;religions_d, histoire et archéologie_d, sciences de l'information et de la communication_d, bibliothéconomie_d, communication_d, histoire_t, histoire des religions_t, patrimoine_t;Datasets/all_labels_train_gensim_sparse_matrix.npz
gid.hypotheses.org/1033;pluridisciplinarité_d, sciences sociales interdisciplinaires_d, études des sciences_t, histoire des sciences_t, pensée_t, histoire intellectuelle_t, histoire culturelle_t, prospectives_t;Datasets/all_labels_train_gensim_sparse_matrix.npz
histbav.hypotheses.org/3576;humanités pluridisciplinaires_d, histoire_d, pluridisciplinarité_d, histoire_t, monde germanique_t;Datasets/all_labels_train_gensim_sparse_matrix.npz
archivewk1.hypotheses.org/13268;histoire_d, époque contemporaine_t, 1914-1918_t;Datasets/all_labels_train_gensim_sparse_matrix.npz
archivewk1.hypotheses.org/1638;histoire_d, époque contemporaine_t, 1914-1918_t;Datasets/all_labels_train_gensim_sparse_matrix.npz
zakunibonn.hypotheses.org/1273;histoire_d, psychologie_d, histoire_t, psychisme_t, psychologie_t, méthodes de traitement et de représentation_t, monde germanique_t;Datasets/all_labels_train_gensim_sparse_matrix.npz
antisem19c.hypotheses.org/283;histoire et archéologie_d, histoire sociale_t, prospectives_t;Datasets/all_labels_train_gensim_sparse_matrix.npz
dkblog.hypotheses.org/876;histoire_d, histoire_t, époque moderne_t, xviie siècle_t;Datasets/all_labels_train_gensim_sparse_matrix.npz
archivalia.hypotheses.org/8922;histoire et archéologie_d, sciences sociales interdisciplinaires_d, histoire_t, approches de corpus_t, enquêtes_t, archives_t;Datasets/all_labels_train_gensim_sparse_matrix.npz
ostbib.hypotheses.org/933;humanités pluridisciplinaires_d, histoire et archéologie_d, sciences de l'information et de la communication_d, bibliothéconomie_d, sciences sociales interdisciplinaires_d, sciences de l'information_t, édition électronique_t;Datasets/all_labels_train_gensim_sparse_matrix.npz
kristinoswald.hypotheses.org/1372;études anciennes_d, études des sciences_t, histoire_t, histoire et sociologie des médias_t, histoire culturelle_t, digital humanities_t;Datasets/all_labels_train_gensim_sparse_matrix.npz
histgymbib.hypotheses.org/2255;arts et humanités_d, humanités pluridisciplinaires_d, sciences de l'information et de la communication_d, bibliothéconomie_d, sciences sociales interdisciplinaires_d, éducation_t, xvie siècle_t, xviie siècle_t, xviiie siècle_t, prospectives_t;Datasets/all_labels_train_gensim_sparse_matrix.npz
zwopktnull.hypotheses.org/57;éducation_d, histoire_t, représentations_t;Datasets/all_labels_train_gensim_sparse_matrix.npz
archivalia.hypotheses.org/12507;histoire et archéologie_d, sciences sociales interdisciplinaires_d, histoire_t, approches de corpus_t, enquêtes_t, archives_t;Datasets/all_labels_train_gensim_sparse_matrix.npz
dss.hypotheses.org/559;arts et humanités_d, communication_d, sciences de l'information et bibliothéconomie_d, information_t, édition électronique_t, représentations_t, histoire de l'art_t, patrimoine_t, prospectives_t;Datasets/all_labels_train_gensim_sparse_matrix.npz
histbav.hypotheses.org/4517;humanités pluridisciplinaires_d, histoire_d, pluridisciplinarité_d, histoire_t, monde germanique_t;Datasets/all_labels_train_gensim_sparse_matrix.npz
archivalia.hypotheses.org/5811;histoire et archéologie_d, sciences sociales interdisciplinaires_d, histoire_t, approches de corpus_t, enquêtes_t, archives_t;Datasets/all_labels_train_gensim_sparse_matrix.npz
archive20.hypotheses.org/1943;pluridisciplinarité_d, sciences sociales interdisciplinaires_d, histoire_t, information_t, patrimoine_t, monde germanique_t;Datasets/all_labels_train_gensim_sparse_matrix.npz
histbav.hypotheses.org/4373;humanités pluridisciplinaires_d, histoire_d, pluridisciplinarité_d, histoire_t, monde germanique_t;Datasets/all_labels_train_gensim_sparse_matrix.npz
bioeg.hypotheses.org/1697;histoire et archéologie_d, histoire_d, histoire_t, sciences auxiliaires de l'histoire_t, europe centrale et orientale_t, monde germanique_t;Datasets/all_labels_train_gensim_sparse_matrix.npz
archivalia.hypotheses.org/8757;histoire et archéologie_d, sciences sociales interdisciplinaires_d, histoire_t, approches de corpus_t, enquêtes_t, archives_t;Datasets/all_labels_train_gensim_sparse_matrix.npz
tagebuch.hypotheses.org/1094;histoire et archéologie_d, histoire_d, histoire_t, époque contemporaine_t, 1914-1918_t;Datasets/all_labels_train_gensim_sparse_matrix.npz
archivalia.hypotheses.org/8965;histoire et archéologie_d, sciences sociales interdisciplinaires_d, histoire_t, approches de corpus_t, enquêtes_t, archives_t;Datasets/all_labels_train_gensim_sparse_matrix.npz
archivalia.hypotheses.org/238;histoire et archéologie_d, sciences sociales interdisciplinaires_d, histoire_t, approches de corpus_t, enquêtes_t, archives_t;Datasets/all_labels_train_gensim_sparse_matrix.npz
rkb.hypotheses.org/852;arts et humanités_d, communication_d, sciences de l'information et bibliothéconomie_d, sociologie des sciences_t, édition électronique_t, histoire et sociologie des médias_t;Datasets/all_labels_train_gensim_sparse_matrix.npz
kinder.hypotheses.org/1140;éducation et sciences de l'éducation_d, études sur la famille_d, âges de la vie_t, sciences de l'éducation_t;Datasets/all_labels_train_gensim_sparse_matrix.npz
archivewk1.hypotheses.org/18148;histoire_d, époque contemporaine_t, 1914-1918_t;Datasets/all_labels_train_gensim_sparse_matrix.npz
archivalia.hypotheses.org/8266;histoire et archéologie_d, sciences sociales interdisciplinaires_d, histoire_t, approches de corpus_t, enquêtes_t, archives_t;Datasets/all_labels_train_gensim_sparse_matrix.npz
gewalt.hypotheses.org/781;sciences politiques_d, sociologie_d, sociologie_t, sociologie urbaine_t, anthropologie politique_t, histoire urbaine_t, guerres_t, conflits_t, violence_t;Datasets/all_labels_train_gensim_sparse_matrix.npz
archivalia.hypotheses.org/8529;histoire et archéologie_d, sciences sociales interdisciplinaires_d, histoire_t, approches de corpus_t, enquêtes_t, archives_t;Datasets/all_labels_train_gensim_sparse_matrix.npz
archivalia.hypotheses.org/6963;histoire et archéologie_d, sciences sociales interdisciplinaires_d, histoire_t, approches de corpus_t, enquêtes_t, archives_t;Datasets/all_labels_train_gensim_sparse_matrix.npz
gab.hypotheses.org/1083;histoire et archéologie_d, pluridisciplinarité_d, sciences sociales interdisciplinaires_d, études des sciences_t, sociologie des sciences_t, histoire_t;Datasets/all_labels_train_gensim_sparse_matrix.npz
sammeln.hypotheses.org/296;sciences sociales interdisciplinaires_d, histoire des sciences_t, patrimoine_t, sciences auxiliaires de l'histoire_t, approches de corpus_t, enquêtes_t, archives_t;Datasets/all_labels_train_gensim_sparse_matrix.npz
achtundvierzig.hypotheses.org/476;sciences politiques_d, histoire_d, époque contemporaine_t, prospectives_t, histoire politique_t, monde germanique_t;Datasets/all_labels_train_gensim_sparse_matrix.npz
rkb.hypotheses.org/486;arts et humanités_d, communication_d, sciences de l'information et bibliothéconomie_d, sociologie des sciences_t, édition électronique_t, histoire et sociologie des médias_t;Datasets/all_labels_train_gensim_sparse_matrix.npz
archivewk1.hypotheses.org/27188;histoire_d, époque contemporaine_t, 1914-1918_t;Datasets/all_labels_train_gensim_sparse_matrix.npz
medienbildung.hypotheses.org/7389;éducation_d, éducation spécialisée_d, travail social_d, sociologie_t, édition électronique_t, histoire et sociologie des médias_t, éducation_t;Datasets/all_labels_train_gensim_sparse_matrix.npz
aes.hypotheses.org/315;histoire_t, religions_t;Datasets/all_labels_train_gensim_sparse_matrix.npz
archivewk1.hypotheses.org/19970;histoire_d, époque contemporaine_t, 1914-1918_t;Datasets/all_labels_train_gensim_sparse_matrix.npz
archivalia.hypotheses.org/8289;histoire et archéologie_d, sciences sociales interdisciplinaires_d, histoire_t, approches de corpus_t, enquêtes_t, archives_t;Datasets/all_labels_train_gensim_sparse_matrix.npz
archivalia.hypotheses.org/14490;histoire et archéologie_d, sciences sociales interdisciplinaires_d, histoire_t, approches de corpus_t, enquêtes_t, archives_t;Datasets/all_labels_train_gensim_sparse_matrix.npz
bereschitrabba.hypotheses.org/64;arts et humanités_d, religions_d, langue et linguistique_d, religions_t, histoire des religions_t;Datasets/all_labels_train_gensim_sparse_matrix.npz
ordensgeschichte.hypotheses.org/8162;arts et humanités_d, humanités pluridisciplinaires_d, histoire et archéologie_d, histoire et philosophie des sciences_d, histoire_t, haut moyen âge_t, bas moyen âge_t, xviie siècle_t, xviiie siècle_t;Datasets/all_labels_train_gensim_sparse_matrix.npz
archivalia.hypotheses.org/2922;histoire et archéologie_d, sciences sociales interdisciplinaires_d, histoire_t, approches de corpus_t, enquêtes_t, archives_t;Datasets/all_labels_train_gensim_sparse_matrix.npz
histbav.hypotheses.org/3682;humanités pluridisciplinaires_d, histoire_d, pluridisciplinarité_d, histoire_t, monde germanique_t;Datasets/all_labels_train_gensim_sparse_matrix.npz
resilienz.hypotheses.org/1078;pluridisciplinarité_d, sciences sociales interdisciplinaires_d, études des sciences_t, épistémologie et méthodes_t, vie de la recherche_t, prospectives_t;Datasets/all_labels_train_gensim_sparse_matrix.npz
archivalia.hypotheses.org/1182;histoire et archéologie_d, sciences sociales interdisciplinaires_d, histoire_t, approches de corpus_t, enquêtes_t, archives_t;Datasets/all_labels_train_gensim_sparse_matrix.npz
fortifica.hypotheses.org/799;histoire et archéologie_d, histoire_d, histoire urbaine_t, xvie siècle_t, xviie siècle_t, xviiie siècle_t;Datasets/all_labels_train_gensim_sparse_matrix.npz
medialogic.hypotheses.org/273;arts et humanités_d, sciences de l'information et de la communication_d, bibliothéconomie_d, sociologie_t;Datasets/all_labels_train_gensim_sparse_matrix.npz
inklusion.hypotheses.org/2192;éducation_d, travail social et politique sociale_d, sociologie du travail_t, âges de la vie_t, information_t, sciences de l'éducation_t;Datasets/all_labels_train_gensim_sparse_matrix.npz
tagebuch.hypotheses.org/1261;histoire et archéologie_d, histoire_d, histoire_t, époque contemporaine_t, 1914-1918_t;Datasets/all_labels_train_gensim_sparse_matrix.npz
gab.hypotheses.org/2840;histoire et archéologie_d, pluridisciplinarité_d, sciences sociales interdisciplinaires_d, études des sciences_t, sociologie des sciences_t, histoire_t;Datasets/all_labels_train_gensim_sparse_matrix.npz
soziologieblog.hypotheses.org/5633;sciences sociales interdisciplinaires_d, sociologie et anthropologie_d, sociologie du travail_t, sociologie urbaine_t, sociologie de la culture_t, sociologie économique_t;Datasets/all_labels_train_gensim_sparse_matrix.npz
archivalia.hypotheses.org/10844;histoire et archéologie_d, sciences sociales interdisciplinaires_d, histoire_t, approches de corpus_t, enquêtes_t, archives_t;Datasets/all_labels_train_gensim_sparse_matrix.npz
archivalia.hypotheses.org/4993;histoire et archéologie_d, sciences sociales interdisciplinaires_d, histoire_t, approches de corpus_t, enquêtes_t, archives_t;Datasets/all_labels_train_gensim_sparse_matrix.npz
archivamt.hypotheses.org/1721;communication_d, pluridisciplinarité_d, sciences sociales interdisciplinaires_d, information_t, sciences de l'information_t, représentations_t, patrimoine_t;Datasets/all_labels_train_gensim_sparse_matrix.npz
liparchiv.hypotheses.org/1004;histoire et archéologie_d, sciences politiques_d, administration publique et développement_d, histoire urbaine_t, patrimoine_t, sciences auxiliaires de l'histoire_t, approches de corpus_t, enquêtes_t, archives_t, europe_t;Datasets/all_labels_train_gensim_sparse_matrix.npz
germanjews.hypotheses.org/99;histoire_d, histoire des sciences sociales_d, histoire économique_t, histoire urbaine_t, histoire sociale_t, époque moderne_t;Datasets/all_labels_train_gensim_sparse_matrix.npz
archivalia.hypotheses.org/1691;histoire et archéologie_d, sciences sociales interdisciplinaires_d, histoire_t, approches de corpus_t, enquêtes_t, archives_t;Datasets/all_labels_train_gensim_sparse_matrix.npz
pophistory.hypotheses.org/2069;humanités pluridisciplinaires_d, histoire et archéologie_d, sociologie de la culture_t, histoire sociale_t, histoire culturelle_t, époque contemporaine_t;Datasets/all_labels_train_gensim_sparse_matrix.npz
gab.hypotheses.org/3182;histoire et archéologie_d, pluridisciplinarité_d, sciences sociales interdisciplinaires_d, études des sciences_t, sociologie des sciences_t, histoire_t;Datasets/all_labels_train_gensim_sparse_matrix.npz
archivalia.hypotheses.org/3983;histoire et archéologie_d, sciences sociales interdisciplinaires_d, histoire_t, approches de corpus_t, enquêtes_t, archives_t;Datasets/all_labels_train_gensim_sparse_matrix.npz
mittelalter.hypotheses.org/8303;humanités pluridisciplinaires_d, religions_d, histoire_d, sociologie_d, histoire_t, histoire sociale_t, histoire intellectuelle_t, moyen âge_t, haut moyen âge_t, bas moyen âge_t;Datasets/all_labels_train_gensim_sparse_matrix.npz
charlemagne.hypotheses.org/339;histoire_d, histoire_t, moyen âge_t, europe centrale et orientale_t, monde germanique_t;Datasets/all_labels_train_gensim_sparse_matrix.npz
archivewk1.hypotheses.org/21732;histoire_d, époque contemporaine_t, 1914-1918_t;Datasets/all_labels_train_gensim_sparse_matrix.npz
jeunegen.hypotheses.org/1796;histoire_d, pluridisciplinarité_d, histoire_t, vie de la recherche_t, moyen âge_t, haut moyen âge_t, bas moyen âge_t;Datasets/all_labels_train_gensim_sparse_matrix.npz
soziologieblog.hypotheses.org/4513;sciences sociales interdisciplinaires_d, sociologie et anthropologie_d, sociologie du travail_t, sociologie urbaine_t, sociologie de la culture_t, sociologie économique_t;Datasets/all_labels_train_gensim_sparse_matrix.npz
archivalia.hypotheses.org/6045;histoire et archéologie_d, sciences sociales interdisciplinaires_d, histoire_t, approches de corpus_t, enquêtes_t, archives_t;Datasets/all_labels_train_gensim_sparse_matrix.npz
archivalia.hypotheses.org/54347;histoire et archéologie_d, sciences sociales interdisciplinaires_d, histoire_t, approches de corpus_t, enquêtes_t, archives_t;Datasets/all_labels_train_gensim_sparse_matrix.npz
archivewk1.hypotheses.org/23847;histoire_d, époque contemporaine_t, 1914-1918_t;Datasets/all_labels_train_gensim_sparse_matrix.npz
dokunstlmu.hypotheses.org/1505;arts et humanités_d, histoire intellectuelle_t;Datasets/all_labels_train_gensim_sparse_matrix.npz
archivalia.hypotheses.org/10112;histoire et archéologie_d, sciences sociales interdisciplinaires_d, histoire_t, approches de corpus_t, enquêtes_t, archives_t;Datasets/all_labels_train_gensim_sparse_matrix.npz
archives.hypotheses.org/61;histoire_d, communication_d, patrimoine_t, digital humanities_t, moyen âge_t, époque moderne_t, france_t, monde germanique_t;Datasets/all_labels_train_gensim_sparse_matrix.npz
texperimentales.hypotheses.org/1722;linguistique appliquée_d, langue et linguistique_d, langage_t, linguistique_t, information_t, sciences de l'information_t, digital humanities_t;Datasets/all_labels_train_gensim_sparse_matrix.npz
zakunibonn.hypotheses.org/263;histoire_d, psychologie_d, histoire_t, psychisme_t, psychologie_t, méthodes de traitement et de représentation_t, monde germanique_t;Datasets/all_labels_train_gensim_sparse_matrix.npz
archivalia.hypotheses.org/1884;histoire et archéologie_d, sciences sociales interdisciplinaires_d, histoire_t, approches de corpus_t, enquêtes_t, archives_t;Datasets/all_labels_train_gensim_sparse_matrix.npz
jeunegen.hypotheses.org/228;histoire_d, pluridisciplinarité_d, histoire_t, vie de la recherche_t, moyen âge_t, haut moyen âge_t, bas moyen âge_t;Datasets/all_labels_train_gensim_sparse_matrix.npz
dkblog.hypotheses.org/775;histoire_d, histoire_t, époque moderne_t, xviie siècle_t;Datasets/all_labels_train_gensim_sparse_matrix.npz
archivewk1.hypotheses.org/35392;histoire_d, époque contemporaine_t, 1914-1918_t;Datasets/all_labels_train_gensim_sparse_matrix.npz
archivalia.hypotheses.org/1415;histoire et archéologie_d, sciences sociales interdisciplinaires_d, histoire_t, approches de corpus_t, enquêtes_t, archives_t;Datasets/all_labels_train_gensim_sparse_matrix.npz
vgdrp.hypotheses.org/259;éducation_d, histoire des sciences sociales_d, histoire_t, histoire économique_t, histoire industrielle_t, histoire urbaine_t, histoire sociale_t;Datasets/all_labels_train_gensim_sparse_matrix.npz
geschichtsadmin.hypotheses.org/277;éducation_d, histoire_d, sociologie du travail_t, histoire_t;Datasets/all_labels_train_gensim_sparse_matrix.npz
jeunegen.hypotheses.org/1337;histoire_d, pluridisciplinarité_d, histoire_t, vie de la recherche_t, moyen âge_t, haut moyen âge_t, bas moyen âge_t;Datasets/all_labels_train_gensim_sparse_matrix.npz
dhdhi.hypotheses.org/1421;histoire et archéologie_d, histoire_t, épistémologie et méthodes_t, digital humanities_t;Datasets/all_labels_train_gensim_sparse_matrix.npz
archivewk1.hypotheses.org/13084;histoire_d, époque contemporaine_t, 1914-1918_t;Datasets/all_labels_train_gensim_sparse_matrix.npz
mindthegaps.hypotheses.org/1718;études asiatiques_d, histoire_d, histoire_t, histoire culturelle_t, asie_t, chine_t;Datasets/all_labels_train_gensim_sparse_matrix.npz
archivewk1.hypotheses.org/19639;histoire_d, époque contemporaine_t, 1914-1918_t;Datasets/all_labels_train_gensim_sparse_matrix.npz
winzen.hypotheses.org/736;histoire_d, histoire_t, études visuelles_t, 1918-1939_t, 1939-1945_t, monde germanique_t;Datasets/all_labels_train_gensim_sparse_matrix.npz
bereschitrabba.hypotheses.org/87;arts et humanités_d, religions_d, langue et linguistique_d, religions_t, histoire des religions_t;Datasets/all_labels_train_gensim_sparse_matrix.npz
archivewk1.hypotheses.org/23254;histoire_d, époque contemporaine_t, 1914-1918_t;Datasets/all_labels_train_gensim_sparse_matrix.npz
archivlinz.hypotheses.org/935;histoire et archéologie_d, histoire_d, histoire urbaine_t, 1914-1918_t, monde germanique_t;Datasets/all_labels_train_gensim_sparse_matrix.npz
digigw.hypotheses.org/529;humanités pluridisciplinaires_d, histoire_t, édition électronique_t, sciences auxiliaires de l'histoire_t, digital humanities_t;Datasets/all_labels_train_gensim_sparse_matrix.npz
feldpost.hypotheses.org/82;histoire_d, histoire_t, guerres_t, conflits_t, violence_t, histoire culturelle_t, 1914-1918_t, monde germanique_t;Datasets/all_labels_train_gensim_sparse_matrix.npz
archivalia.hypotheses.org/59718;histoire et archéologie_d, sciences sociales interdisciplinaires_d, histoire_t, approches de corpus_t, enquêtes_t, archives_t;Datasets/all_labels_train_gensim_sparse_matrix.npz
dislab.hypotheses.org/2727;sciences sociales interdisciplinaires_d, langue et linguistique_d, sociologie des sciences_t, linguistique_t;Datasets/all_labels_train_gensim_sparse_matrix.npz
lvrafz.hypotheses.org/957;pluridisciplinarité_d, information_t;Datasets/all_labels_train_gensim_sparse_matrix.npz
games.hypotheses.org/1862;arts et humanités_d, humanités pluridisciplinaires_d, psychologie expérimentale_d, sciences cognitives_t, psychisme_t, psychologie_t, représentations_t, histoire de l'art_t, études visuelles_t;Datasets/all_labels_train_gensim_sparse_matrix.npz
ordensgeschichte.hypotheses.org/4842;arts et humanités_d, humanités pluridisciplinaires_d, histoire et archéologie_d, histoire et philosophie des sciences_d, histoire_t, haut moyen âge_t, bas moyen âge_t, xviie siècle_t, xviiie siècle_t;Datasets/all_labels_train_gensim_sparse_matrix.npz
archivewk1.hypotheses.org/21218;histoire_d, époque contemporaine_t, 1914-1918_t;Datasets/all_labels_train_gensim_sparse_matrix.npz
wenhua.hypotheses.org/1687;études asiatiques_d, humanités pluridisciplinaires_d, histoire_d, histoire culturelle_t, asie_t;Datasets/all_labels_train_gensim_sparse_matrix.npz
archivekod.hypotheses.org/673;religions_d, histoire et archéologie_d, sciences de l'information et de la communication_d, bibliothéconomie_d, communication_d, histoire_t, histoire des religions_t, patrimoine_t;Datasets/all_labels_train_gensim_sparse_matrix.npz
soziologieblog.hypotheses.org/8062;sciences sociales interdisciplinaires_d, sociologie et anthropologie_d, sociologie du travail_t, sociologie urbaine_t, sociologie de la culture_t, sociologie économique_t;Datasets/all_labels_train_gensim_sparse_matrix.npz
liparchiv.hypotheses.org/1031;histoire et archéologie_d, sciences politiques_d, administration publique et développement_d, histoire urbaine_t, patrimoine_t, sciences auxiliaires de l'histoire_t, approches de corpus_t, enquêtes_t, archives_t, europe_t;Datasets/all_labels_train_gensim_sparse_matrix.npz
heraldica.hypotheses.org/504;histoire_d, histoire_t, historiographie_t, sciences auxiliaires de l'histoire_t, moyen âge_t, haut moyen âge_t;Datasets/all_labels_train_gensim_sparse_matrix.npz
intersex.hypotheses.org/253;histoire_d, biomédecine_d, étude des genres_t, histoire des sciences_t, histoire_t, histoire du droit_t, moyen âge_t, xxie siècle_t;Datasets/all_labels_train_gensim_sparse_matrix.npz
unibloggt.hypotheses.org/119;histoire et archéologie_d, pluridisciplinarité_d, histoire_t, information_t;Datasets/all_labels_train_gensim_sparse_matrix.npz
moraleconomy.hypotheses.org/509;histoire et archéologie_d, histoire_d, histoire économique_t, histoire sociale_t, prospectives_t, france_t;Datasets/all_labels_train_gensim_sparse_matrix.npz
musicaroma.hypotheses.org/261;musique_d, histoire_d, histoire_t, histoire culturelle_t, monde germanique_t;Datasets/all_labels_train_gensim_sparse_matrix.npz
ordensgeschichte.hypotheses.org/4858;arts et humanités_d, humanités pluridisciplinaires_d, histoire et archéologie_d, histoire et philosophie des sciences_d, histoire_t, haut moyen âge_t, bas moyen âge_t, xviie siècle_t, xviiie siècle_t;Datasets/all_labels_train_gensim_sparse_matrix.npz
archivalia.hypotheses.org/2726;histoire et archéologie_d, sciences sociales interdisciplinaires_d, histoire_t, approches de corpus_t, enquêtes_t, archives_t;Datasets/all_labels_train_gensim_sparse_matrix.npz
archivalia.hypotheses.org/14047;histoire et archéologie_d, sciences sociales interdisciplinaires_d, histoire_t, approches de corpus_t, enquêtes_t, archives_t;Datasets/all_labels_train_gensim_sparse_matrix.npz
gewalt.hypotheses.org/475;sciences politiques_d, sociologie_d, sociologie_t, sociologie urbaine_t, anthropologie politique_t, histoire urbaine_t, guerres_t, conflits_t, violence_t;Datasets/all_labels_train_gensim_sparse_matrix.npz
tagebuch.hypotheses.org/922;histoire et archéologie_d, histoire_d, histoire_t, époque contemporaine_t, 1914-1918_t;Datasets/all_labels_train_gensim_sparse_matrix.npz
medienbildung.hypotheses.org/3190;éducation_d, éducation spécialisée_d, travail social_d, sociologie_t, édition électronique_t, histoire et sociologie des médias_t, éducation_t;Datasets/all_labels_train_gensim_sparse_matrix.npz
archivekod.hypotheses.org/110;religions_d, histoire et archéologie_d, sciences de l'information et de la communication_d, bibliothéconomie_d, communication_d, histoire_t, histoire des religions_t, patrimoine_t;Datasets/all_labels_train_gensim_sparse_matrix.npz
moraleconomy.hypotheses.org/1;histoire et archéologie_d, histoire_d, histoire économique_t, histoire sociale_t, prospectives_t, france_t;Datasets/all_labels_train_gensim_sparse_matrix.npz
soziologieblog.hypotheses.org/7115;sciences sociales interdisciplinaires_d, sociologie et anthropologie_d, sociologie du travail_t, sociologie urbaine_t, sociologie de la culture_t, sociologie économique_t;Datasets/all_labels_train_gensim_sparse_matrix.npz
kinder.hypotheses.org/806;éducation et sciences de l'éducation_d, études sur la famille_d, âges de la vie_t, sciences de l'éducation_t;Datasets/all_labels_train_gensim_sparse_matrix.npz
gewalt.hypotheses.org/560;sciences politiques_d, sociologie_d, sociologie_t, sociologie urbaine_t, anthropologie politique_t, histoire urbaine_t, guerres_t, conflits_t, violence_t;Datasets/all_labels_train_gensim_sparse_matrix.npz
fortifica.hypotheses.org/383;histoire et archéologie_d, histoire_d, histoire urbaine_t, xvie siècle_t, xviie siècle_t, xviiie siècle_t;Datasets/all_labels_train_gensim_sparse_matrix.npz
archivewk1.hypotheses.org/24063;histoire_d, époque contemporaine_t, 1914-1918_t;Datasets/all_labels_train_gensim_sparse_matrix.npz
archivewk1.hypotheses.org/6151;histoire_d, époque contemporaine_t, 1914-1918_t;Datasets/all_labels_train_gensim_sparse_matrix.npz
archivewk1.hypotheses.org/9200;histoire_d, époque contemporaine_t, 1914-1918_t;Datasets/all_labels_train_gensim_sparse_matrix.npz
medienbildung.hypotheses.org/8516;éducation_d, éducation spécialisée_d, travail social_d, sociologie_t, édition électronique_t, histoire et sociologie des médias_t, éducation_t;Datasets/all_labels_train_gensim_sparse_matrix.npz
19jhdhip.hypotheses.org/1484;histoire_d, époque contemporaine_t, prospectives_t, france_t, monde germanique_t;Datasets/all_labels_train_gensim_sparse_matrix.npz
mgtud.hypotheses.org/199;humanités pluridisciplinaires_d, éducation_d, histoire et archéologie_d, histoire_d, histoire_t, histoire urbaine_t, édition électronique_t;Datasets/all_labels_train_gensim_sparse_matrix.npz
bioeg.hypotheses.org/1925;histoire et archéologie_d, histoire_d, histoire_t, sciences auxiliaires de l'histoire_t, europe centrale et orientale_t, monde germanique_t;Datasets/all_labels_train_gensim_sparse_matrix.npz
archivalia.hypotheses.org/1133;histoire et archéologie_d, sciences sociales interdisciplinaires_d, histoire_t, approches de corpus_t, enquêtes_t, archives_t;Datasets/all_labels_train_gensim_sparse_matrix.npz
nachhaltig.hypotheses.org/260;pluridisciplinarité_d, philosophie_d, sciences sociales interdisciplinaires_d, france_t, monde germanique_t;Datasets/all_labels_train_gensim_sparse_matrix.npz
archivalia.hypotheses.org/8060;histoire et archéologie_d, sciences sociales interdisciplinaires_d, histoire_t, approches de corpus_t, enquêtes_t, archives_t;Datasets/all_labels_train_gensim_sparse_matrix.npz
archivamt.hypotheses.org/953;communication_d, pluridisciplinarité_d, sciences sociales interdisciplinaires_d, information_t, sciences de l'information_t, représentations_t, patrimoine_t;Datasets/all_labels_train_gensim_sparse_matrix.npz
archivalia.hypotheses.org/9923;histoire et archéologie_d, sciences sociales interdisciplinaires_d, histoire_t, approches de corpus_t, enquêtes_t, archives_t;Datasets/all_labels_train_gensim_sparse_matrix.npz
gab.hypotheses.org/1318;histoire et archéologie_d, pluridisciplinarité_d, sciences sociales interdisciplinaires_d, études des sciences_t, sociologie des sciences_t, histoire_t;Datasets/all_labels_train_gensim_sparse_matrix.npz
zakunibonn.hypotheses.org/252;histoire_d, psychologie_d, histoire_t, psychisme_t, psychologie_t, méthodes de traitement et de représentation_t, monde germanique_t;Datasets/all_labels_train_gensim_sparse_matrix.npz
archivalia.hypotheses.org/62820;histoire et archéologie_d, sciences sociales interdisciplinaires_d, histoire_t, approches de corpus_t, enquêtes_t, archives_t;Datasets/all_labels_train_gensim_sparse_matrix.npz
archivalia.hypotheses.org/2686;histoire et archéologie_d, sciences sociales interdisciplinaires_d, histoire_t, approches de corpus_t, enquêtes_t, archives_t;Datasets/all_labels_train_gensim_sparse_matrix.npz
archivewk1.hypotheses.org/322;histoire_d, époque contemporaine_t, 1914-1918_t;Datasets/all_labels_train_gensim_sparse_matrix.npz
histbav.hypotheses.org/3532;humanités pluridisciplinaires_d, histoire_d, pluridisciplinarité_d, histoire_t, monde germanique_t;Datasets/all_labels_train_gensim_sparse_matrix.npz
archivalia.hypotheses.org/8124;histoire et archéologie_d, sciences sociales interdisciplinaires_d, histoire_t, approches de corpus_t, enquêtes_t, archives_t;Datasets/all_labels_train_gensim_sparse_matrix.npz
soziologieblog.hypotheses.org/7680;sciences sociales interdisciplinaires_d, sociologie et anthropologie_d, sociologie du travail_t, sociologie urbaine_t, sociologie de la culture_t, sociologie économique_t;Datasets/all_labels_train_gensim_sparse_matrix.npz
historischdenken.hypotheses.org/3099;histoire et archéologie_d, histoire_t;Datasets/all_labels_train_gensim_sparse_matrix.npz
archivalia.hypotheses.org/58909;histoire et archéologie_d, sciences sociales interdisciplinaires_d, histoire_t, approches de corpus_t, enquêtes_t, archives_t;Datasets/all_labels_train_gensim_sparse_matrix.npz
medienbildung.hypotheses.org/8278;éducation_d, éducation spécialisée_d, travail social_d, sociologie_t, édition électronique_t, histoire et sociologie des médias_t, éducation_t;Datasets/all_labels_train_gensim_sparse_matrix.npz
unibloggt.hypotheses.org/611;histoire et archéologie_d, pluridisciplinarité_d, histoire_t, information_t;Datasets/all_labels_train_gensim_sparse_matrix.npz
histbav.hypotheses.org/460;humanités pluridisciplinaires_d, histoire_d, pluridisciplinarité_d, histoire_t, monde germanique_t;Datasets/all_labels_train_gensim_sparse_matrix.npz
archivalia.hypotheses.org/3588;histoire et archéologie_d, sciences sociales interdisciplinaires_d, histoire_t, approches de corpus_t, enquêtes_t, archives_t;Datasets/all_labels_train_gensim_sparse_matrix.npz
archivewk1.hypotheses.org/3067;histoire_d, époque contemporaine_t, 1914-1918_t;Datasets/all_labels_train_gensim_sparse_matrix.npz
mittelalter.hypotheses.org/400;humanités pluridisciplinaires_d, religions_d, histoire_d, sociologie_d, histoire_t, histoire sociale_t, histoire intellectuelle_t, moyen âge_t, haut moyen âge_t, bas moyen âge_t;Datasets/all_labels_train_gensim_sparse_matrix.npz
archivewk1.hypotheses.org/18715;histoire_d, époque contemporaine_t, 1914-1918_t;Datasets/all_labels_train_gensim_sparse_matrix.npz
intersex.hypotheses.org/3303;histoire_d, biomédecine_d, étude des genres_t, histoire des sciences_t, histoire_t, histoire du droit_t, moyen âge_t, xxie siècle_t;Datasets/all_labels_train_gensim_sparse_matrix.npz
amuc.hypotheses.org/1191;humanités pluridisciplinaires_d, histoire_d, histoire_t, représentations_t, patrimoine_t;Datasets/all_labels_train_gensim_sparse_matrix.npz
trivium.hypotheses.org/291;arts et humanités_d, humanités pluridisciplinaires_d, pluridisciplinarité_d, sciences sociales interdisciplinaires_d, représentations_t, histoire culturelle_t, épistémologie et méthodes_t, vie de la recherche_t;Datasets/all_labels_train_gensim_sparse_matrix.npz
medienbildung.hypotheses.org/8155;éducation_d, éducation spécialisée_d, travail social_d, sociologie_t, édition électronique_t, histoire et sociologie des médias_t, éducation_t;Datasets/all_labels_train_gensim_sparse_matrix.npz
histbav.hypotheses.org/2834;humanités pluridisciplinaires_d, histoire_d, pluridisciplinarité_d, histoire_t, monde germanique_t;Datasets/all_labels_train_gensim_sparse_matrix.npz
archivalia.hypotheses.org/61280;histoire et archéologie_d, sciences sociales interdisciplinaires_d, histoire_t, approches de corpus_t, enquêtes_t, archives_t;Datasets/all_labels_train_gensim_sparse_matrix.npz
historischdenken.hypotheses.org/777;histoire et archéologie_d, histoire_t;Datasets/all_labels_train_gensim_sparse_matrix.npz
jeunegen.hypotheses.org/919;histoire_d, pluridisciplinarité_d, histoire_t, vie de la recherche_t, moyen âge_t, haut moyen âge_t, bas moyen âge_t;Datasets/all_labels_train_gensim_sparse_matrix.npz
frobeniusforster.hypotheses.org/371;histoire et archéologie_d, histoire_t, époque moderne_t, xviiie siècle_t;Datasets/all_labels_train_gensim_sparse_matrix.npz
archivewk1.hypotheses.org/18432;histoire_d, époque contemporaine_t, 1914-1918_t;Datasets/all_labels_train_gensim_sparse_matrix.npz
reichwein.hypotheses.org/1566;histoire et archéologie_d, histoire des sciences_t, 1945-1989_t;Datasets/all_labels_train_gensim_sparse_matrix.npz
netzwerk.hypotheses.org/1634;histoire et archéologie_d, histoire urbaine_t, histoire sociale_t, histoire intellectuelle_t, époque contemporaine_t;Datasets/all_labels_train_gensim_sparse_matrix.npz
dhmuc.hypotheses.org/338;humanités pluridisciplinaires_d, communication_d, pluridisciplinarité_d, sciences sociales interdisciplinaires_d, études des sciences_t, édition électronique_t, digital humanities_t;Datasets/all_labels_train_gensim_sparse_matrix.npz
archivalia.hypotheses.org/8888;histoire et archéologie_d, sciences sociales interdisciplinaires_d, histoire_t, approches de corpus_t, enquêtes_t, archives_t;Datasets/all_labels_train_gensim_sparse_matrix.npz
archivalia.hypotheses.org/11960;histoire et archéologie_d, sciences sociales interdisciplinaires_d, histoire_t, approches de corpus_t, enquêtes_t, archives_t;Datasets/all_labels_train_gensim_sparse_matrix.npz
dislab.hypotheses.org/2266;sciences sociales interdisciplinaires_d, langue et linguistique_d, sociologie des sciences_t, linguistique_t;Datasets/all_labels_train_gensim_sparse_matrix.npz
archivalia.hypotheses.org/3537;histoire et archéologie_d, sciences sociales interdisciplinaires_d, histoire_t, approches de corpus_t, enquêtes_t, archives_t;Datasets/all_labels_train_gensim_sparse_matrix.npz
archivewk1.hypotheses.org/24628;histoire_d, époque contemporaine_t, 1914-1918_t;Datasets/all_labels_train_gensim_sparse_matrix.npz
archivalia.hypotheses.org/10246;histoire et archéologie_d, sciences sociales interdisciplinaires_d, histoire_t, approches de corpus_t, enquêtes_t, archives_t;Datasets/all_labels_train_gensim_sparse_matrix.npz
archivamt.hypotheses.org/1492;communication_d, pluridisciplinarité_d, sciences sociales interdisciplinaires_d, information_t, sciences de l'information_t, représentations_t, patrimoine_t;Datasets/all_labels_train_gensim_sparse_matrix.npz
archivalia.hypotheses.org/9796;histoire et archéologie_d, sciences sociales interdisciplinaires_d, histoire_t, approches de corpus_t, enquêtes_t, archives_t;Datasets/all_labels_train_gensim_sparse_matrix.npz
wwc.hypotheses.org/721;humanités pluridisciplinaires_d, pluridisciplinarité_d, études régionales_d, relations internationales_t, information_t, représentations_t;Datasets/all_labels_train_gensim_sparse_matrix.npz
archivalia.hypotheses.org/52653;histoire et archéologie_d, sciences sociales interdisciplinaires_d, histoire_t, approches de corpus_t, enquêtes_t, archives_t;Datasets/all_labels_train_gensim_sparse_matrix.npz
winzen.hypotheses.org/727;histoire_d, histoire_t, études visuelles_t, 1918-1939_t, 1939-1945_t, monde germanique_t;Datasets/all_labels_train_gensim_sparse_matrix.npz
liparchiv.hypotheses.org/1131;histoire et archéologie_d, sciences politiques_d, administration publique et développement_d, histoire urbaine_t, patrimoine_t, sciences auxiliaires de l'histoire_t, approches de corpus_t, enquêtes_t, archives_t, europe_t;Datasets/all_labels_train_gensim_sparse_matrix.npz
archivewk1.hypotheses.org/16646;histoire_d, époque contemporaine_t, 1914-1918_t;Datasets/all_labels_train_gensim_sparse_matrix.npz
lvrafz.hypotheses.org/663;pluridisciplinarité_d, information_t;Datasets/all_labels_train_gensim_sparse_matrix.npz
archivamt.hypotheses.org/4047;communication_d, pluridisciplinarité_d, sciences sociales interdisciplinaires_d, information_t, sciences de l'information_t, représentations_t, patrimoine_t;Datasets/all_labels_train_gensim_sparse_matrix.npz
archivalia.hypotheses.org/12155;histoire et archéologie_d, sciences sociales interdisciplinaires_d, histoire_t, approches de corpus_t, enquêtes_t, archives_t;Datasets/all_labels_train_gensim_sparse_matrix.npz
histbav.hypotheses.org/4391;humanités pluridisciplinaires_d, histoire_d, pluridisciplinarité_d, histoire_t, monde germanique_t;Datasets/all_labels_train_gensim_sparse_matrix.npz
francofil.hypotheses.org/3342;pluridisciplinarité_d, sciences sociales interdisciplinaires_d, histoire_t, épistémologie et méthodes_t, approches de corpus_t, enquêtes_t, archives_t, france_t;Datasets/all_labels_train_gensim_sparse_matrix.npz
feldpost.hypotheses.org/1;histoire_d, histoire_t, guerres_t, conflits_t, violence_t, histoire culturelle_t, 1914-1918_t, monde germanique_t;Datasets/all_labels_train_gensim_sparse_matrix.npz
archivalia.hypotheses.org/7882;histoire et archéologie_d, sciences sociales interdisciplinaires_d, histoire_t, approches de corpus_t, enquêtes_t, archives_t;Datasets/all_labels_train_gensim_sparse_matrix.npz
dkblog.hypotheses.org/735;histoire_d, histoire_t, époque moderne_t, xviie siècle_t;Datasets/all_labels_train_gensim_sparse_matrix.npz
speyermemo.hypotheses.org/2728;histoire_d, pluridisciplinarité_d, sciences sociales interdisciplinaires_d, sociologie de la culture_t, histoire_t, 1939-1945_t, europe_t;Datasets/all_labels_train_gensim_sparse_matrix.npz
archivalia.hypotheses.org/10227;histoire et archéologie_d, sciences sociales interdisciplinaires_d, histoire_t, approches de corpus_t, enquêtes_t, archives_t;Datasets/all_labels_train_gensim_sparse_matrix.npz
archivalia.hypotheses.org/1082;histoire et archéologie_d, sciences sociales interdisciplinaires_d, histoire_t, approches de corpus_t, enquêtes_t, archives_t;Datasets/all_labels_train_gensim_sparse_matrix.npz
catholiccultures.hypotheses.org/329;histoire et archéologie_d, histoire des sciences sociales_d, sciences sociales interdisciplinaires_d, sociologie et anthropologie_d, histoire_t, histoire sociale_t, histoire des religions_t, époque moderne_t;Datasets/all_labels_train_gensim_sparse_matrix.npz
archivamt.hypotheses.org/3208;communication_d, pluridisciplinarité_d, sciences sociales interdisciplinaires_d, information_t, sciences de l'information_t, représentations_t, patrimoine_t;Datasets/all_labels_train_gensim_sparse_matrix.npz
merzdadaco.hypotheses.org/452;humanités pluridisciplinaires_d, littérature_d, littératures_t, représentations_t, histoire culturelle_t, histoire de l'art_t;Datasets/all_labels_train_gensim_sparse_matrix.npz
aes.hypotheses.org/138;histoire_t, religions_t;Datasets/all_labels_train_gensim_sparse_matrix.npz
archivewk1.hypotheses.org/6813;histoire_d, époque contemporaine_t, 1914-1918_t;Datasets/all_labels_train_gensim_sparse_matrix.npz
aktenkunde.hypotheses.org/510;histoire_d, histoire_t, sciences auxiliaires de l'histoire_t;Datasets/all_labels_train_gensim_sparse_matrix.npz
archivalia.hypotheses.org/7214;histoire et archéologie_d, sciences sociales interdisciplinaires_d, histoire_t, approches de corpus_t, enquêtes_t, archives_t;Datasets/all_labels_train_gensim_sparse_matrix.npz
archivalia.hypotheses.org/59112;histoire et archéologie_d, sciences sociales interdisciplinaires_d, histoire_t, approches de corpus_t, enquêtes_t, archives_t;Datasets/all_labels_train_gensim_sparse_matrix.npz
archivewk1.hypotheses.org/26156;histoire_d, époque contemporaine_t, 1914-1918_t;Datasets/all_labels_train_gensim_sparse_matrix.npz
mgtud.hypotheses.org/207;humanités pluridisciplinaires_d, éducation_d, histoire et archéologie_d, histoire_d, histoire_t, histoire urbaine_t, édition électronique_t;Datasets/all_labels_train_gensim_sparse_matrix.npz
etatsocial.hypotheses.org/1103;histoire_d, histoire des sciences sociales_d, sociologie_d, économie_d, sociologie du travail_t, âges de la vie_t, xxe siècle_t;Datasets/all_labels_train_gensim_sparse_matrix.npz
jeunegen.hypotheses.org/1478;histoire_d, pluridisciplinarité_d, histoire_t, vie de la recherche_t, moyen âge_t, haut moyen âge_t, bas moyen âge_t;Datasets/all_labels_train_gensim_sparse_matrix.npz
archivewk1.hypotheses.org/4381;histoire_d, époque contemporaine_t, 1914-1918_t;Datasets/all_labels_train_gensim_sparse_matrix.npz
bereschitrabba.hypotheses.org/1143;arts et humanités_d, religions_d, langue et linguistique_d, religions_t, histoire des religions_t;Datasets/all_labels_train_gensim_sparse_matrix.npz
kulturgut.hypotheses.org/498;humanités pluridisciplinaires_d, études des sciences_t, histoire_t, approches de corpus_t, enquêtes_t, archives_t;Datasets/all_labels_train_gensim_sparse_matrix.npz
dhtg.hypotheses.org/226;histoire et archéologie_d, sciences de l'information et de la communication_d, bibliothéconomie_d, histoire_t, sciences de l'information_t, 1939-1945_t, 1945-1989_t;Datasets/all_labels_train_gensim_sparse_matrix.npz
archivewk1.hypotheses.org/28901;histoire_d, époque contemporaine_t, 1914-1918_t;Datasets/all_labels_train_gensim_sparse_matrix.npz
leibnizarc.hypotheses.org/720;éducation_d, histoire et archéologie_d, sciences de l'information et bibliothéconomie_d, études des sciences_t, histoire industrielle_t, histoire de l'art_t;Datasets/all_labels_train_gensim_sparse_matrix.npz
nummer.hypotheses.org/241;histoire_d, sciences de l'information et de la communication_d, bibliothéconomie_d, histoire_t, histoire intellectuelle_t, histoire et sociologie des médias_t, histoire culturelle_t;Datasets/all_labels_train_gensim_sparse_matrix.npz
frueheneuzeit.hypotheses.org/1791;histoire et archéologie_d, histoire_t, époque moderne_t, xviie siècle_t, xviiie siècle_t, révolution française_t;Datasets/all_labels_train_gensim_sparse_matrix.npz
archivewk1.hypotheses.org/6531;histoire_d, époque contemporaine_t, 1914-1918_t;Datasets/all_labels_train_gensim_sparse_matrix.npz
archivalia.hypotheses.org/58205;histoire et archéologie_d, sciences sociales interdisciplinaires_d, histoire_t, approches de corpus_t, enquêtes_t, archives_t;Datasets/all_labels_train_gensim_sparse_matrix.npz
archivewk1.hypotheses.org/275;histoire_d, époque contemporaine_t, 1914-1918_t;Datasets/all_labels_train_gensim_sparse_matrix.npz
archivalia.hypotheses.org/971;histoire et archéologie_d, sciences sociales interdisciplinaires_d, histoire_t, approches de corpus_t, enquêtes_t, archives_t;Datasets/all_labels_train_gensim_sparse_matrix.npz
archivalia.hypotheses.org/4136;histoire et archéologie_d, sciences sociales interdisciplinaires_d, histoire_t, approches de corpus_t, enquêtes_t, archives_t;Datasets/all_labels_train_gensim_sparse_matrix.npz
archivalia.hypotheses.org/60379;histoire et archéologie_d, sciences sociales interdisciplinaires_d, histoire_t, approches de corpus_t, enquêtes_t, archives_t;Datasets/all_labels_train_gensim_sparse_matrix.npz
soziologieblog.hypotheses.org/3257;sciences sociales interdisciplinaires_d, sociologie et anthropologie_d, sociologie du travail_t, sociologie urbaine_t, sociologie de la culture_t, sociologie économique_t;Datasets/all_labels_train_gensim_sparse_matrix.npz
archivalia.hypotheses.org/8709;histoire et archéologie_d, sciences sociales interdisciplinaires_d, histoire_t, approches de corpus_t, enquêtes_t, archives_t;Datasets/all_labels_train_gensim_sparse_matrix.npz
archivalia.hypotheses.org/7971;histoire et archéologie_d, sciences sociales interdisciplinaires_d, histoire_t, approches de corpus_t, enquêtes_t, archives_t;Datasets/all_labels_train_gensim_sparse_matrix.npz
rkb.hypotheses.org/902;arts et humanités_d, communication_d, sciences de l'information et bibliothéconomie_d, sociologie des sciences_t, édition électronique_t, histoire et sociologie des médias_t;Datasets/all_labels_train_gensim_sparse_matrix.npz
histbav.hypotheses.org/2304;humanités pluridisciplinaires_d, histoire_d, pluridisciplinarité_d, histoire_t, monde germanique_t;Datasets/all_labels_train_gensim_sparse_matrix.npz
archivalia.hypotheses.org/10305;histoire et archéologie_d, sciences sociales interdisciplinaires_d, histoire_t, approches de corpus_t, enquêtes_t, archives_t;Datasets/all_labels_train_gensim_sparse_matrix.npz
jameel.hypotheses.org/380;pluridisciplinarité_d, études régionales_d, archéologie_d, arts_d, humanités pluridisciplinaires_d, représentations_t, asie_t, digital humanities_t, histoire de l'art_t;Datasets/all_labels_train_gensim_sparse_matrix.npz
archivalia.hypotheses.org/7042;histoire et archéologie_d, sciences sociales interdisciplinaires_d, histoire_t, approches de corpus_t, enquêtes_t, archives_t;Datasets/all_labels_train_gensim_sparse_matrix.npz
rhad.hypotheses.org/235;histoire_d, histoire des sciences sociales_d, histoire_t, époque moderne_t, révolution française_t, xviie siècle_t, xviiie siècle_t, prospectives_t;Datasets/all_labels_train_gensim_sparse_matrix.npz
archivalia.hypotheses.org/5330;histoire et archéologie_d, sciences sociales interdisciplinaires_d, histoire_t, approches de corpus_t, enquêtes_t, archives_t;Datasets/all_labels_train_gensim_sparse_matrix.npz
archivewk1.hypotheses.org/562;histoire_d, époque contemporaine_t, 1914-1918_t;Datasets/all_labels_train_gensim_sparse_matrix.npz
archivalia.hypotheses.org/6669;histoire et archéologie_d, sciences sociales interdisciplinaires_d, histoire_t, approches de corpus_t, enquêtes_t, archives_t;Datasets/all_labels_train_gensim_sparse_matrix.npz
archivalia.hypotheses.org/6212;histoire et archéologie_d, sciences sociales interdisciplinaires_d, histoire_t, approches de corpus_t, enquêtes_t, archives_t;Datasets/all_labels_train_gensim_sparse_matrix.npz
soziologieblog.hypotheses.org/9776;sciences sociales interdisciplinaires_d, sociologie et anthropologie_d, sociologie du travail_t, sociologie urbaine_t, sociologie de la culture_t, sociologie économique_t;Datasets/all_labels_train_gensim_sparse_matrix.npz
archivewk1.hypotheses.org/31347;histoire_d, époque contemporaine_t, 1914-1918_t;Datasets/all_labels_train_gensim_sparse_matrix.npz
archivalia.hypotheses.org/1136;histoire et archéologie_d, sciences sociales interdisciplinaires_d, histoire_t, approches de corpus_t, enquêtes_t, archives_t;Datasets/all_labels_train_gensim_sparse_matrix.npz
texperimentales.hypotheses.org/1018;linguistique appliquée_d, langue et linguistique_d, langage_t, linguistique_t, information_t, sciences de l'information_t, digital humanities_t;Datasets/all_labels_train_gensim_sparse_matrix.npz
archivewk1.hypotheses.org/9009;histoire_d, époque contemporaine_t, 1914-1918_t;Datasets/all_labels_train_gensim_sparse_matrix.npz
archivalia.hypotheses.org/2240;histoire et archéologie_d, sciences sociales interdisciplinaires_d, histoire_t, approches de corpus_t, enquêtes_t, archives_t;Datasets/all_labels_train_gensim_sparse_matrix.npz
gra.hypotheses.org/1916;arts et humanités_d, communication_d, sciences de l'information et bibliothéconomie_d, représentations_t, histoire culturelle_t, histoire de l'art_t, études visuelles_t;Datasets/all_labels_train_gensim_sparse_matrix.npz
mittelalter.hypotheses.org/960;humanités pluridisciplinaires_d, religions_d, histoire_d, sociologie_d, histoire_t, histoire sociale_t, histoire intellectuelle_t, moyen âge_t, haut moyen âge_t, bas moyen âge_t;Datasets/all_labels_train_gensim_sparse_matrix.npz
archivalia.hypotheses.org/3230;histoire et archéologie_d, sciences sociales interdisciplinaires_d, histoire_t, approches de corpus_t, enquêtes_t, archives_t;Datasets/all_labels_train_gensim_sparse_matrix.npz
erinnern.hypotheses.org/89;éducation et sciences de l'éducation_d, histoire_d, histoire_t, éducation_t, 1918-1939_t, 1939-1945_t, 1945-1989_t;Datasets/all_labels_train_gensim_sparse_matrix.npz
soziologieblog.hypotheses.org/7461;sciences sociales interdisciplinaires_d, sociologie et anthropologie_d, sociologie du travail_t, sociologie urbaine_t, sociologie de la culture_t, sociologie économique_t;Datasets/all_labels_train_gensim_sparse_matrix.npz
archivewk1.hypotheses.org/15104;histoire_d, époque contemporaine_t, 1914-1918_t;Datasets/all_labels_train_gensim_sparse_matrix.npz
archivewk1.hypotheses.org/10416;histoire_d, époque contemporaine_t, 1914-1918_t;Datasets/all_labels_train_gensim_sparse_matrix.npz
vwm.hypotheses.org/314;histoire et archéologie_d, histoire_d, études sur la famille_d, histoire_t, histoire sociale_t, époque moderne_t, xviie siècle_t, xviiie siècle_t;Datasets/all_labels_train_gensim_sparse_matrix.npz
naps.hypotheses.org/128;histoire_d, histoire_t, épistémologie et méthodes_t, approches de corpus_t, enquêtes_t, archives_t, prospectives_t, france_t, monde germanique_t;Datasets/all_labels_train_gensim_sparse_matrix.npz
archivewk1.hypotheses.org/14702;histoire_d, époque contemporaine_t, 1914-1918_t;Datasets/all_labels_train_gensim_sparse_matrix.npz
archivamt.hypotheses.org/1733;communication_d, pluridisciplinarité_d, sciences sociales interdisciplinaires_d, information_t, sciences de l'information_t, représentations_t, patrimoine_t;Datasets/all_labels_train_gensim_sparse_matrix.npz
jameel.hypotheses.org/100;pluridisciplinarité_d, études régionales_d, archéologie_d, arts_d, humanités pluridisciplinaires_d, représentations_t, asie_t, digital humanities_t, histoire de l'art_t;Datasets/all_labels_train_gensim_sparse_matrix.npz
archivalia.hypotheses.org/3660;histoire et archéologie_d, sciences sociales interdisciplinaires_d, histoire_t, approches de corpus_t, enquêtes_t, archives_t;Datasets/all_labels_train_gensim_sparse_matrix.npz
archivalia.hypotheses.org/6568;histoire et archéologie_d, sciences sociales interdisciplinaires_d, histoire_t, approches de corpus_t, enquêtes_t, archives_t;Datasets/all_labels_train_gensim_sparse_matrix.npz
archivewk1.hypotheses.org/29436;histoire_d, époque contemporaine_t, 1914-1918_t;Datasets/all_labels_train_gensim_sparse_matrix.npz
archivalia.hypotheses.org/12575;histoire et archéologie_d, sciences sociales interdisciplinaires_d, histoire_t, approches de corpus_t, enquêtes_t, archives_t;Datasets/all_labels_train_gensim_sparse_matrix.npz
bloghaus.hypotheses.org/1482;pluridisciplinarité_d, sciences sociales interdisciplinaires_d, information_t, digital humanities_t;Datasets/all_labels_train_gensim_sparse_matrix.npz
babyvision.hypotheses.org/241;psychologie_d, études des sciences_t, psychisme_t;Datasets/all_labels_train_gensim_sparse_matrix.npz
intersex.hypotheses.org/3037;histoire_d, biomédecine_d, étude des genres_t, histoire des sciences_t, histoire_t, histoire du droit_t, moyen âge_t, xxie siècle_t;Datasets/all_labels_train_gensim_sparse_matrix.npz
medialogic.hypotheses.org/732;arts et humanités_d, sciences de l'information et de la communication_d, bibliothéconomie_d, sociologie_t;Datasets/all_labels_train_gensim_sparse_matrix.npz
archivalia.hypotheses.org/5905;histoire et archéologie_d, sciences sociales interdisciplinaires_d, histoire_t, approches de corpus_t, enquêtes_t, archives_t;Datasets/all_labels_train_gensim_sparse_matrix.npz
archivalia.hypotheses.org/6623;histoire et archéologie_d, sciences sociales interdisciplinaires_d, histoire_t, approches de corpus_t, enquêtes_t, archives_t;Datasets/all_labels_train_gensim_sparse_matrix.npz
bereschitrabba.hypotheses.org/47;arts et humanités_d, religions_d, langue et linguistique_d, religions_t, histoire des religions_t;Datasets/all_labels_train_gensim_sparse_matrix.npz
archivalia.hypotheses.org/60341;histoire et archéologie_d, sciences sociales interdisciplinaires_d, histoire_t, approches de corpus_t, enquêtes_t, archives_t;Datasets/all_labels_train_gensim_sparse_matrix.npz
archivewk1.hypotheses.org/16294;histoire_d, époque contemporaine_t, 1914-1918_t;Datasets/all_labels_train_gensim_sparse_matrix.npz
archivewk1.hypotheses.org/11074;histoire_d, époque contemporaine_t, 1914-1918_t;Datasets/all_labels_train_gensim_sparse_matrix.npz
archivalia.hypotheses.org/11966;histoire et archéologie_d, sciences sociales interdisciplinaires_d, histoire_t, approches de corpus_t, enquêtes_t, archives_t;Datasets/all_labels_train_gensim_sparse_matrix.npz
histbav.hypotheses.org/3981;humanités pluridisciplinaires_d, histoire_d, pluridisciplinarité_d, histoire_t, monde germanique_t;Datasets/all_labels_train_gensim_sparse_matrix.npz
archivewk1.hypotheses.org/19361;histoire_d, époque contemporaine_t, 1914-1918_t;Datasets/all_labels_train_gensim_sparse_matrix.npz
studpro.hypotheses.org/463;histoire_d, histoire_t, époque moderne_t, xviie siècle_t, xviiie siècle_t;Datasets/all_labels_train_gensim_sparse_matrix.npz
vgdrp.hypotheses.org/351;éducation_d, histoire des sciences sociales_d, histoire_t, histoire économique_t, histoire industrielle_t, histoire urbaine_t, histoire sociale_t;Datasets/all_labels_train_gensim_sparse_matrix.npz
archivalia.hypotheses.org/13727;histoire et archéologie_d, sciences sociales interdisciplinaires_d, histoire_t, approches de corpus_t, enquêtes_t, archives_t;Datasets/all_labels_train_gensim_sparse_matrix.npz
unibloggt.hypotheses.org/712;histoire et archéologie_d, pluridisciplinarité_d, histoire_t, information_t;Datasets/all_labels_train_gensim_sparse_matrix.npz
archivalia.hypotheses.org/8114;histoire et archéologie_d, sciences sociales interdisciplinaires_d, histoire_t, approches de corpus_t, enquêtes_t, archives_t;Datasets/all_labels_train_gensim_sparse_matrix.npz
fnzinfo.hypotheses.org/907;arts et humanités_d, musique_d, histoire et archéologie_d, histoire_t, xvie siècle_t, xviie siècle_t, xviiie siècle_t, révolution française_t;Datasets/all_labels_train_gensim_sparse_matrix.npz
1914lvr.hypotheses.org/922;sciences politiques_d, histoire_t, époque contemporaine_t, 1914-1918_t;Datasets/all_labels_train_gensim_sparse_matrix.npz
1914lvr.hypotheses.org/1327;sciences politiques_d, histoire_t, époque contemporaine_t, 1914-1918_t;Datasets/all_labels_train_gensim_sparse_matrix.npz
archivalia.hypotheses.org/10570;histoire et archéologie_d, sciences sociales interdisciplinaires_d, histoire_t, approches de corpus_t, enquêtes_t, archives_t;Datasets/all_labels_train_gensim_sparse_matrix.npz
archivalia.hypotheses.org/4678;histoire et archéologie_d, sciences sociales interdisciplinaires_d, histoire_t, approches de corpus_t, enquêtes_t, archives_t;Datasets/all_labels_train_gensim_sparse_matrix.npz
archivalia.hypotheses.org/4619;histoire et archéologie_d, sciences sociales interdisciplinaires_d, histoire_t, approches de corpus_t, enquêtes_t, archives_t;Datasets/all_labels_train_gensim_sparse_matrix.npz
archivewk1.hypotheses.org/19082;histoire_d, époque contemporaine_t, 1914-1918_t;Datasets/all_labels_train_gensim_sparse_matrix.npz
archivalia.hypotheses.org/12365;histoire et archéologie_d, sciences sociales interdisciplinaires_d, histoire_t, approches de corpus_t, enquêtes_t, archives_t;Datasets/all_labels_train_gensim_sparse_matrix.npz
archivalia.hypotheses.org/5321;histoire et archéologie_d, sciences sociales interdisciplinaires_d, histoire_t, approches de corpus_t, enquêtes_t, archives_t;Datasets/all_labels_train_gensim_sparse_matrix.npz
archivalia.hypotheses.org/12352;histoire et archéologie_d, sciences sociales interdisciplinaires_d, histoire_t, approches de corpus_t, enquêtes_t, archives_t;Datasets/all_labels_train_gensim_sparse_matrix.npz
archivewk1.hypotheses.org/34705;histoire_d, époque contemporaine_t, 1914-1918_t;Datasets/all_labels_train_gensim_sparse_matrix.npz
archivalia.hypotheses.org/10336;histoire et archéologie_d, sciences sociales interdisciplinaires_d, histoire_t, approches de corpus_t, enquêtes_t, archives_t;Datasets/all_labels_train_gensim_sparse_matrix.npz
sdvigpress.hypotheses.org/239;langue et linguistique_d, philosophie_d, humanités pluridisciplinaires_d, épistémologie et méthodes_t, digital humanities_t, europe centrale et orientale_t, édition électronique_t, linguistique_t;Datasets/all_labels_train_gensim_sparse_matrix.npz
kriegsfoto.hypotheses.org/141;arts_d, histoire_d, communication_d, guerres_t, conflits_t, violence_t, études visuelles_t, époque contemporaine_t, europe centrale et orientale_t;Datasets/all_labels_train_gensim_sparse_matrix.npz
histbav.hypotheses.org/1746;humanités pluridisciplinaires_d, histoire_d, pluridisciplinarité_d, histoire_t, monde germanique_t;Datasets/all_labels_train_gensim_sparse_matrix.npz
archivalia.hypotheses.org/2544;histoire et archéologie_d, sciences sociales interdisciplinaires_d, histoire_t, approches de corpus_t, enquêtes_t, archives_t;Datasets/all_labels_train_gensim_sparse_matrix.npz
texperimentales.hypotheses.org/1066;linguistique appliquée_d, langue et linguistique_d, langage_t, linguistique_t, information_t, sciences de l'information_t, digital humanities_t;Datasets/all_labels_train_gensim_sparse_matrix.npz
mindthegaps.hypotheses.org/843;études asiatiques_d, histoire_d, histoire_t, histoire culturelle_t, asie_t, chine_t;Datasets/all_labels_train_gensim_sparse_matrix.npz
archivalia.hypotheses.org/7419;histoire et archéologie_d, sciences sociales interdisciplinaires_d, histoire_t, approches de corpus_t, enquêtes_t, archives_t;Datasets/all_labels_train_gensim_sparse_matrix.npz
archivalia.hypotheses.org/5280;histoire et archéologie_d, sciences sociales interdisciplinaires_d, histoire_t, approches de corpus_t, enquêtes_t, archives_t;Datasets/all_labels_train_gensim_sparse_matrix.npz
archivalia.hypotheses.org/10563;histoire et archéologie_d, sciences sociales interdisciplinaires_d, histoire_t, approches de corpus_t, enquêtes_t, archives_t;Datasets/all_labels_train_gensim_sparse_matrix.npz
archivalia.hypotheses.org/7385;histoire et archéologie_d, sciences sociales interdisciplinaires_d, histoire_t, approches de corpus_t, enquêtes_t, archives_t;Datasets/all_labels_train_gensim_sparse_matrix.npz
ordensgeschichte.hypotheses.org/1584;arts et humanités_d, humanités pluridisciplinaires_d, histoire et archéologie_d, histoire et philosophie des sciences_d, histoire_t, haut moyen âge_t, bas moyen âge_t, xviie siècle_t, xviiie siècle_t;Datasets/all_labels_train_gensim_sparse_matrix.npz
wenhua.hypotheses.org/1561;études asiatiques_d, humanités pluridisciplinaires_d, histoire_d, histoire culturelle_t, asie_t;Datasets/all_labels_train_gensim_sparse_matrix.npz
mindthegaps.hypotheses.org/223;études asiatiques_d, histoire_d, histoire_t, histoire culturelle_t, asie_t, chine_t;Datasets/all_labels_train_gensim_sparse_matrix.npz
kinder.hypotheses.org/371;éducation et sciences de l'éducation_d, études sur la famille_d, âges de la vie_t, sciences de l'éducation_t;Datasets/all_labels_train_gensim_sparse_matrix.npz
archive20.hypotheses.org/1201;pluridisciplinarité_d, sciences sociales interdisciplinaires_d, histoire_t, information_t, patrimoine_t, monde germanique_t;Datasets/all_labels_train_gensim_sparse_matrix.npz
histgymbib.hypotheses.org/373;arts et humanités_d, humanités pluridisciplinaires_d, sciences de l'information et de la communication_d, bibliothéconomie_d, sciences sociales interdisciplinaires_d, éducation_t, xvie siècle_t, xviie siècle_t, xviiie siècle_t, prospectives_t;Datasets/all_labels_train_gensim_sparse_matrix.npz
siegelblog.hypotheses.org/172;histoire_d, histoire et sociologie des médias_t, histoire de l'art_t, haut moyen âge_t;Datasets/all_labels_train_gensim_sparse_matrix.npz
archivalia.hypotheses.org/5818;histoire et archéologie_d, sciences sociales interdisciplinaires_d, histoire_t, approches de corpus_t, enquêtes_t, archives_t;Datasets/all_labels_train_gensim_sparse_matrix.npz
archivewk1.hypotheses.org/34887;histoire_d, époque contemporaine_t, 1914-1918_t;Datasets/all_labels_train_gensim_sparse_matrix.npz
dfmfa.hypotheses.org/1594;humanités pluridisciplinaires_d, sciences sociales interdisciplinaires_d, histoire_t, moyen âge_t, haut moyen âge_t, bas moyen âge_t;Datasets/all_labels_train_gensim_sparse_matrix.npz
archivalia.hypotheses.org/11185;histoire et archéologie_d, sciences sociales interdisciplinaires_d, histoire_t, approches de corpus_t, enquêtes_t, archives_t;Datasets/all_labels_train_gensim_sparse_matrix.npz
archivewk1.hypotheses.org/6727;histoire_d, époque contemporaine_t, 1914-1918_t;Datasets/all_labels_train_gensim_sparse_matrix.npz
archivewk1.hypotheses.org/26205;histoire_d, époque contemporaine_t, 1914-1918_t;Datasets/all_labels_train_gensim_sparse_matrix.npz
tagebuch.hypotheses.org/883;histoire et archéologie_d, histoire_d, histoire_t, époque contemporaine_t, 1914-1918_t;Datasets/all_labels_train_gensim_sparse_matrix.npz
histbav.hypotheses.org/3528;humanités pluridisciplinaires_d, histoire_d, pluridisciplinarité_d, histoire_t, monde germanique_t;Datasets/all_labels_train_gensim_sparse_matrix.npz
bereschitrabba.hypotheses.org/865;arts et humanités_d, religions_d, langue et linguistique_d, religions_t, histoire des religions_t;Datasets/all_labels_train_gensim_sparse_matrix.npz
ockenheim.hypotheses.org/118;histoire et archéologie_d, archéologie_d, histoire_t, histoire urbaine_t, édition électronique_t, monde germanique_t;Datasets/all_labels_train_gensim_sparse_matrix.npz
soziologieblog.hypotheses.org/4638;sciences sociales interdisciplinaires_d, sociologie et anthropologie_d, sociologie du travail_t, sociologie urbaine_t, sociologie de la culture_t, sociologie économique_t;Datasets/all_labels_train_gensim_sparse_matrix.npz
medienbildung.hypotheses.org/5159;éducation_d, éducation spécialisée_d, travail social_d, sociologie_t, édition électronique_t, histoire et sociologie des médias_t, éducation_t;Datasets/all_labels_train_gensim_sparse_matrix.npz
ordensgeschichte.hypotheses.org/6323;arts et humanités_d, humanités pluridisciplinaires_d, histoire et archéologie_d, histoire et philosophie des sciences_d, histoire_t, haut moyen âge_t, bas moyen âge_t, xviie siècle_t, xviiie siècle_t;Datasets/all_labels_train_gensim_sparse_matrix.npz
archivewk1.hypotheses.org/34901;histoire_d, époque contemporaine_t, 1914-1918_t;Datasets/all_labels_train_gensim_sparse_matrix.npz
soziologieblog.hypotheses.org/1846;sciences sociales interdisciplinaires_d, sociologie et anthropologie_d, sociologie du travail_t, sociologie urbaine_t, sociologie de la culture_t, sociologie économique_t;Datasets/all_labels_train_gensim_sparse_matrix.npz
beruf.hypotheses.org/319;histoire et archéologie_d, histoire_d, histoire_t;Datasets/all_labels_train_gensim_sparse_matrix.npz
soziologieblog.hypotheses.org/1503;sciences sociales interdisciplinaires_d, sociologie et anthropologie_d, sociologie du travail_t, sociologie urbaine_t, sociologie de la culture_t, sociologie économique_t;Datasets/all_labels_train_gensim_sparse_matrix.npz
1914lvr.hypotheses.org/202;sciences politiques_d, histoire_t, époque contemporaine_t, 1914-1918_t;Datasets/all_labels_train_gensim_sparse_matrix.npz
archivalia.hypotheses.org/12467;histoire et archéologie_d, sciences sociales interdisciplinaires_d, histoire_t, approches de corpus_t, enquêtes_t, archives_t;Datasets/all_labels_train_gensim_sparse_matrix.npz
archivalia.hypotheses.org/6640;histoire et archéologie_d, sciences sociales interdisciplinaires_d, histoire_t, approches de corpus_t, enquêtes_t, archives_t;Datasets/all_labels_train_gensim_sparse_matrix.npz
archivewk1.hypotheses.org/33791;histoire_d, époque contemporaine_t, 1914-1918_t;Datasets/all_labels_train_gensim_sparse_matrix.npz
francofil.hypotheses.org/2799;pluridisciplinarité_d, sciences sociales interdisciplinaires_d, histoire_t, épistémologie et méthodes_t, approches de corpus_t, enquêtes_t, archives_t, france_t;Datasets/all_labels_train_gensim_sparse_matrix.npz
erinnern.hypotheses.org/478;éducation et sciences de l'éducation_d, histoire_d, histoire_t, éducation_t, 1918-1939_t, 1939-1945_t, 1945-1989_t;Datasets/all_labels_train_gensim_sparse_matrix.npz
archivewk1.hypotheses.org/23135;histoire_d, époque contemporaine_t, 1914-1918_t;Datasets/all_labels_train_gensim_sparse_matrix.npz
archivalia.hypotheses.org/8826;histoire et archéologie_d, sciences sociales interdisciplinaires_d, histoire_t, approches de corpus_t, enquêtes_t, archives_t;Datasets/all_labels_train_gensim_sparse_matrix.npz
bioeg.hypotheses.org/1847;histoire et archéologie_d, histoire_d, histoire_t, sciences auxiliaires de l'histoire_t, europe centrale et orientale_t, monde germanique_t;Datasets/all_labels_train_gensim_sparse_matrix.npz
bioeg.hypotheses.org/966;histoire et archéologie_d, histoire_d, histoire_t, sciences auxiliaires de l'histoire_t, europe centrale et orientale_t, monde germanique_t;Datasets/all_labels_train_gensim_sparse_matrix.npz
reichwein.hypotheses.org/1305;histoire et archéologie_d, histoire des sciences_t, 1945-1989_t;Datasets/all_labels_train_gensim_sparse_matrix.npz
archivekod.hypotheses.org/613;religions_d, histoire et archéologie_d, sciences de l'information et de la communication_d, bibliothéconomie_d, communication_d, histoire_t, histoire des religions_t, patrimoine_t;Datasets/all_labels_train_gensim_sparse_matrix.npz
maxweber.hypotheses.org/267;humanités pluridisciplinaires_d, histoire et archéologie_d, histoire et philosophie des sciences_d, sociologie et anthropologie_d, histoire sociale_t, histoire intellectuelle_t, sociologie des religions_t, vie de la recherche_t;Datasets/all_labels_train_gensim_sparse_matrix.npz
aes.hypotheses.org/327;histoire_t, religions_t;Datasets/all_labels_train_gensim_sparse_matrix.npz
archivewk1.hypotheses.org/14826;histoire_d, époque contemporaine_t, 1914-1918_t;Datasets/all_labels_train_gensim_sparse_matrix.npz
kriegsfoto.hypotheses.org/787;arts_d, histoire_d, communication_d, guerres_t, conflits_t, violence_t, études visuelles_t, époque contemporaine_t, europe centrale et orientale_t;Datasets/all_labels_train_gensim_sparse_matrix.npz
archivalia.hypotheses.org/8304;histoire et archéologie_d, sciences sociales interdisciplinaires_d, histoire_t, approches de corpus_t, enquêtes_t, archives_t;Datasets/all_labels_train_gensim_sparse_matrix.npz
studpro.hypotheses.org/473;histoire_d, histoire_t, époque moderne_t, xviie siècle_t, xviiie siècle_t;Datasets/all_labels_train_gensim_sparse_matrix.npz
archivewk1.hypotheses.org/16456;histoire_d, époque contemporaine_t, 1914-1918_t;Datasets/all_labels_train_gensim_sparse_matrix.npz
sdvigpress.hypotheses.org/580;langue et linguistique_d, philosophie_d, humanités pluridisciplinaires_d, épistémologie et méthodes_t, digital humanities_t, europe centrale et orientale_t, édition électronique_t, linguistique_t;Datasets/all_labels_train_gensim_sparse_matrix.npz
maxweber.hypotheses.org/898;humanités pluridisciplinaires_d, histoire et archéologie_d, histoire et philosophie des sciences_d, sociologie et anthropologie_d, histoire sociale_t, histoire intellectuelle_t, sociologie des religions_t, vie de la recherche_t;Datasets/all_labels_train_gensim_sparse_matrix.npz
grk1678.hypotheses.org/757;arts et humanités_d, humanités pluridisciplinaires_d, histoire et philosophie des sciences_d, pluridisciplinarité_d, philosophie_t, littératures_t, histoire culturelle_t, histoire de l'art_t;Datasets/all_labels_train_gensim_sparse_matrix.npz
ordensgeschichte.hypotheses.org/3302;arts et humanités_d, humanités pluridisciplinaires_d, histoire et archéologie_d, histoire et philosophie des sciences_d, histoire_t, haut moyen âge_t, bas moyen âge_t, xviie siècle_t, xviiie siècle_t;Datasets/all_labels_train_gensim_sparse_matrix.npz
archive20.hypotheses.org/1522;pluridisciplinarité_d, sciences sociales interdisciplinaires_d, histoire_t, information_t, patrimoine_t, monde germanique_t;Datasets/all_labels_train_gensim_sparse_matrix.npz
amuc.hypotheses.org/1530;humanités pluridisciplinaires_d, histoire_d, histoire_t, représentations_t, patrimoine_t;Datasets/all_labels_train_gensim_sparse_matrix.npz
lvrafz.hypotheses.org/1025;pluridisciplinarité_d, information_t;Datasets/all_labels_train_gensim_sparse_matrix.npz
archivalia.hypotheses.org/8223;histoire et archéologie_d, sciences sociales interdisciplinaires_d, histoire_t, approches de corpus_t, enquêtes_t, archives_t;Datasets/all_labels_train_gensim_sparse_matrix.npz
studpro.hypotheses.org/112;histoire_d, histoire_t, époque moderne_t, xviie siècle_t, xviiie siècle_t;Datasets/all_labels_train_gensim_sparse_matrix.npz
archivalia.hypotheses.org/6110;histoire et archéologie_d, sciences sociales interdisciplinaires_d, histoire_t, approches de corpus_t, enquêtes_t, archives_t;Datasets/all_labels_train_gensim_sparse_matrix.npz
amuc.hypotheses.org/2113;humanités pluridisciplinaires_d, histoire_d, histoire_t, représentations_t, patrimoine_t;Datasets/all_labels_train_gensim_sparse_matrix.npz
archivalia.hypotheses.org/14362;histoire et archéologie_d, sciences sociales interdisciplinaires_d, histoire_t, approches de corpus_t, enquêtes_t, archives_t;Datasets/all_labels_train_gensim_sparse_matrix.npz
soziologieblog.hypotheses.org/8122;sciences sociales interdisciplinaires_d, sociologie et anthropologie_d, sociologie du travail_t, sociologie urbaine_t, sociologie de la culture_t, sociologie économique_t;Datasets/all_labels_train_gensim_sparse_matrix.npz
sdvigpress.hypotheses.org/232;langue et linguistique_d, philosophie_d, humanités pluridisciplinaires_d, épistémologie et méthodes_t, digital humanities_t, europe centrale et orientale_t, édition électronique_t, linguistique_t;Datasets/all_labels_train_gensim_sparse_matrix.npz
germanjews.hypotheses.org/23;histoire_d, histoire des sciences sociales_d, histoire économique_t, histoire urbaine_t, histoire sociale_t, époque moderne_t;Datasets/all_labels_train_gensim_sparse_matrix.npz
histbav.hypotheses.org/3025;humanités pluridisciplinaires_d, histoire_d, pluridisciplinarité_d, histoire_t, monde germanique_t;Datasets/all_labels_train_gensim_sparse_matrix.npz
jeunegen.hypotheses.org/1717;histoire_d, pluridisciplinarité_d, histoire_t, vie de la recherche_t, moyen âge_t, haut moyen âge_t, bas moyen âge_t;Datasets/all_labels_train_gensim_sparse_matrix.npz
archive20.hypotheses.org/2701;pluridisciplinarité_d, sciences sociales interdisciplinaires_d, histoire_t, information_t, patrimoine_t, monde germanique_t;Datasets/all_labels_train_gensim_sparse_matrix.npz
ordensgeschichte.hypotheses.org/10819;arts et humanités_d, humanités pluridisciplinaires_d, histoire et archéologie_d, histoire et philosophie des sciences_d, histoire_t, haut moyen âge_t, bas moyen âge_t, xviie siècle_t, xviiie siècle_t;Datasets/all_labels_train_gensim_sparse_matrix.npz
archivalia.hypotheses.org/8094;histoire et archéologie_d, sciences sociales interdisciplinaires_d, histoire_t, approches de corpus_t, enquêtes_t, archives_t;Datasets/all_labels_train_gensim_sparse_matrix.npz
archivewk1.hypotheses.org/29664;histoire_d, époque contemporaine_t, 1914-1918_t;Datasets/all_labels_train_gensim_sparse_matrix.npz
gab.hypotheses.org/2167;histoire et archéologie_d, pluridisciplinarité_d, sciences sociales interdisciplinaires_d, études des sciences_t, sociologie des sciences_t, histoire_t;Datasets/all_labels_train_gensim_sparse_matrix.npz
archivalia.hypotheses.org/61706;histoire et archéologie_d, sciences sociales interdisciplinaires_d, histoire_t, approches de corpus_t, enquêtes_t, archives_t;Datasets/all_labels_train_gensim_sparse_matrix.npz
grandeguerre.hypotheses.org/1261;histoire et archéologie_d, histoire_t, 1914-1918_t, prospectives_t, france_t, monde germanique_t;Datasets/all_labels_train_gensim_sparse_matrix.npz
medienbildung.hypotheses.org/5793;éducation_d, éducation spécialisée_d, travail social_d, sociologie_t, édition électronique_t, histoire et sociologie des médias_t, éducation_t;Datasets/all_labels_train_gensim_sparse_matrix.npz
archivewk1.hypotheses.org/12500;histoire_d, époque contemporaine_t, 1914-1918_t;Datasets/all_labels_train_gensim_sparse_matrix.npz
wenhua.hypotheses.org/313;études asiatiques_d, humanités pluridisciplinaires_d, histoire_d, histoire culturelle_t, asie_t;Datasets/all_labels_train_gensim_sparse_matrix.npz
grammata.hypotheses.org/2097;études anciennes_d, religions_d, littérature_d, religions_t, littératures_t;Datasets/all_labels_train_gensim_sparse_matrix.npz
dighist.hypotheses.org/291;histoire_d, sciences sociales interdisciplinaires_d, études sur la famille_d, sociologie_d, histoire urbaine_t, histoire sociale_t, europe centrale et orientale_t;Datasets/all_labels_train_gensim_sparse_matrix.npz
intersex.hypotheses.org/111;histoire_d, biomédecine_d, étude des genres_t, histoire des sciences_t, histoire_t, histoire du droit_t, moyen âge_t, xxie siècle_t;Datasets/all_labels_train_gensim_sparse_matrix.npz
reichwein.hypotheses.org/1390;histoire et archéologie_d, histoire des sciences_t, 1945-1989_t;Datasets/all_labels_train_gensim_sparse_matrix.npz
wilma.hypotheses.org/13;éducation_d, travail social et politique sociale_d, sciences de l'éducation_t;Datasets/all_labels_train_gensim_sparse_matrix.npz
grandeguerre.hypotheses.org/1456;histoire et archéologie_d, histoire_t, 1914-1918_t, prospectives_t, france_t, monde germanique_t;Datasets/all_labels_train_gensim_sparse_matrix.npz
archivalia.hypotheses.org/1514;histoire et archéologie_d, sciences sociales interdisciplinaires_d, histoire_t, approches de corpus_t, enquêtes_t, archives_t;Datasets/all_labels_train_gensim_sparse_matrix.npz
jeunegen.hypotheses.org/245;histoire_d, pluridisciplinarité_d, histoire_t, vie de la recherche_t, moyen âge_t, haut moyen âge_t, bas moyen âge_t;Datasets/all_labels_train_gensim_sparse_matrix.npz
archivewk1.hypotheses.org/29487;histoire_d, époque contemporaine_t, 1914-1918_t;Datasets/all_labels_train_gensim_sparse_matrix.npz
games.hypotheses.org/884;arts et humanités_d, humanités pluridisciplinaires_d, psychologie expérimentale_d, sciences cognitives_t, psychisme_t, psychologie_t, représentations_t, histoire de l'art_t, études visuelles_t;Datasets/all_labels_train_gensim_sparse_matrix.npz
archivewk1.hypotheses.org/19601;histoire_d, époque contemporaine_t, 1914-1918_t;Datasets/all_labels_train_gensim_sparse_matrix.npz
archivalia.hypotheses.org/7285;histoire et archéologie_d, sciences sociales interdisciplinaires_d, histoire_t, approches de corpus_t, enquêtes_t, archives_t;Datasets/all_labels_train_gensim_sparse_matrix.npz
archivalia.hypotheses.org/9943;histoire et archéologie_d, sciences sociales interdisciplinaires_d, histoire_t, approches de corpus_t, enquêtes_t, archives_t;Datasets/all_labels_train_gensim_sparse_matrix.npz
archivalia.hypotheses.org/13642;histoire et archéologie_d, sciences sociales interdisciplinaires_d, histoire_t, approches de corpus_t, enquêtes_t, archives_t;Datasets/all_labels_train_gensim_sparse_matrix.npz
archivalia.hypotheses.org/5130;histoire et archéologie_d, sciences sociales interdisciplinaires_d, histoire_t, approches de corpus_t, enquêtes_t, archives_t;Datasets/all_labels_train_gensim_sparse_matrix.npz
archivewk1.hypotheses.org/30152;histoire_d, époque contemporaine_t, 1914-1918_t;Datasets/all_labels_train_gensim_sparse_matrix.npz
mindthegaps.hypotheses.org/605;études asiatiques_d, histoire_d, histoire_t, histoire culturelle_t, asie_t, chine_t;Datasets/all_labels_train_gensim_sparse_matrix.npz
redaktionsblog.hypotheses.org/3131;arts et humanités_d, humanités pluridisciplinaires_d, épistémologie et méthodes_t, digital humanities_t;Datasets/all_labels_train_gensim_sparse_matrix.npz
ordensgeschichte.hypotheses.org/9589;arts et humanités_d, humanités pluridisciplinaires_d, histoire et archéologie_d, histoire et philosophie des sciences_d, histoire_t, haut moyen âge_t, bas moyen âge_t, xviie siècle_t, xviiie siècle_t;Datasets/all_labels_train_gensim_sparse_matrix.npz
histbav.hypotheses.org/4045;humanités pluridisciplinaires_d, histoire_d, pluridisciplinarité_d, histoire_t, monde germanique_t;Datasets/all_labels_train_gensim_sparse_matrix.npz
archivalia.hypotheses.org/1980;histoire et archéologie_d, sciences sociales interdisciplinaires_d, histoire_t, approches de corpus_t, enquêtes_t, archives_t;Datasets/all_labels_train_gensim_sparse_matrix.npz
histbav.hypotheses.org/1864;humanités pluridisciplinaires_d, histoire_d, pluridisciplinarité_d, histoire_t, monde germanique_t;Datasets/all_labels_train_gensim_sparse_matrix.npz
1914lvr.hypotheses.org/149;sciences politiques_d, histoire_t, époque contemporaine_t, 1914-1918_t;Datasets/all_labels_train_gensim_sparse_matrix.npz
archive20.hypotheses.org/492;pluridisciplinarité_d, sciences sociales interdisciplinaires_d, histoire_t, information_t, patrimoine_t, monde germanique_t;Datasets/all_labels_train_gensim_sparse_matrix.npz
rkb.hypotheses.org/498;arts et humanités_d, communication_d, sciences de l'information et bibliothéconomie_d, sociologie des sciences_t, édition électronique_t, histoire et sociologie des médias_t;Datasets/all_labels_train_gensim_sparse_matrix.npz
mindthegaps.hypotheses.org/1261;études asiatiques_d, histoire_d, histoire_t, histoire culturelle_t, asie_t, chine_t;Datasets/all_labels_train_gensim_sparse_matrix.npz
archive20.hypotheses.org/3738;pluridisciplinarité_d, sciences sociales interdisciplinaires_d, histoire_t, information_t, patrimoine_t, monde germanique_t;Datasets/all_labels_train_gensim_sparse_matrix.npz
archivewk1.hypotheses.org/23272;histoire_d, époque contemporaine_t, 1914-1918_t;Datasets/all_labels_train_gensim_sparse_matrix.npz
archivalia.hypotheses.org/3788;histoire et archéologie_d, sciences sociales interdisciplinaires_d, histoire_t, approches de corpus_t, enquêtes_t, archives_t;Datasets/all_labels_train_gensim_sparse_matrix.npz
archivalia.hypotheses.org/7955;histoire et archéologie_d, sciences sociales interdisciplinaires_d, histoire_t, approches de corpus_t, enquêtes_t, archives_t;Datasets/all_labels_train_gensim_sparse_matrix.npz
historischdenken.hypotheses.org/1458;histoire et archéologie_d, histoire_t;Datasets/all_labels_train_gensim_sparse_matrix.npz
fnzinfo.hypotheses.org/1037;arts et humanités_d, musique_d, histoire et archéologie_d, histoire_t, xvie siècle_t, xviie siècle_t, xviiie siècle_t, révolution française_t;Datasets/all_labels_train_gensim_sparse_matrix.npz
archivalia.hypotheses.org/1330;histoire et archéologie_d, sciences sociales interdisciplinaires_d, histoire_t, approches de corpus_t, enquêtes_t, archives_t;Datasets/all_labels_train_gensim_sparse_matrix.npz
bloghaus.hypotheses.org/1575;pluridisciplinarité_d, sciences sociales interdisciplinaires_d, information_t, digital humanities_t;Datasets/all_labels_train_gensim_sparse_matrix.npz
archivalia.hypotheses.org/2848;histoire et archéologie_d, sciences sociales interdisciplinaires_d, histoire_t, approches de corpus_t, enquêtes_t, archives_t;Datasets/all_labels_train_gensim_sparse_matrix.npz
wwc.hypotheses.org/1441;humanités pluridisciplinaires_d, pluridisciplinarité_d, études régionales_d, relations internationales_t, information_t, représentations_t;Datasets/all_labels_train_gensim_sparse_matrix.npz
archivalia.hypotheses.org/1375;histoire et archéologie_d, sciences sociales interdisciplinaires_d, histoire_t, approches de corpus_t, enquêtes_t, archives_t;Datasets/all_labels_train_gensim_sparse_matrix.npz
archivewk1.hypotheses.org/8858;histoire_d, époque contemporaine_t, 1914-1918_t;Datasets/all_labels_train_gensim_sparse_matrix.npz
archivewk1.hypotheses.org/5392;histoire_d, époque contemporaine_t, 1914-1918_t;Datasets/all_labels_train_gensim_sparse_matrix.npz
archivalia.hypotheses.org/4654;histoire et archéologie_d, sciences sociales interdisciplinaires_d, histoire_t, approches de corpus_t, enquêtes_t, archives_t;Datasets/all_labels_train_gensim_sparse_matrix.npz
archivewk1.hypotheses.org/27398;histoire_d, époque contemporaine_t, 1914-1918_t;Datasets/all_labels_train_gensim_sparse_matrix.npz
archivalia.hypotheses.org/14572;histoire et archéologie_d, sciences sociales interdisciplinaires_d, histoire_t, approches de corpus_t, enquêtes_t, archives_t;Datasets/all_labels_train_gensim_sparse_matrix.npz
archivewk1.hypotheses.org/10641;histoire_d, époque contemporaine_t, 1914-1918_t;Datasets/all_labels_train_gensim_sparse_matrix.npz
archivalia.hypotheses.org/53778;histoire et archéologie_d, sciences sociales interdisciplinaires_d, histoire_t, approches de corpus_t, enquêtes_t, archives_t;Datasets/all_labels_train_gensim_sparse_matrix.npz
amuc.hypotheses.org/1539;humanités pluridisciplinaires_d, histoire_d, histoire_t, représentations_t, patrimoine_t;Datasets/all_labels_train_gensim_sparse_matrix.npz
speyermemo.hypotheses.org/2555;histoire_d, pluridisciplinarité_d, sciences sociales interdisciplinaires_d, sociologie de la culture_t, histoire_t, 1939-1945_t, europe_t;Datasets/all_labels_train_gensim_sparse_matrix.npz
minuseinsebene.hypotheses.org/267;archéologie_d, histoire urbaine_t, histoire des religions_t, moyen âge_t, haut moyen âge_t, monde germanique_t;Datasets/all_labels_train_gensim_sparse_matrix.npz
archivalia.hypotheses.org/6146;histoire et archéologie_d, sciences sociales interdisciplinaires_d, histoire_t, approches de corpus_t, enquêtes_t, archives_t;Datasets/all_labels_train_gensim_sparse_matrix.npz
ostbib.hypotheses.org/846;humanités pluridisciplinaires_d, histoire et archéologie_d, sciences de l'information et de la communication_d, bibliothéconomie_d, sciences sociales interdisciplinaires_d, sciences de l'information_t, édition électronique_t;Datasets/all_labels_train_gensim_sparse_matrix.npz
archivalia.hypotheses.org/6539;histoire et archéologie_d, sciences sociales interdisciplinaires_d, histoire_t, approches de corpus_t, enquêtes_t, archives_t;Datasets/all_labels_train_gensim_sparse_matrix.npz
archivewk1.hypotheses.org/14038;histoire_d, époque contemporaine_t, 1914-1918_t;Datasets/all_labels_train_gensim_sparse_matrix.npz
aktenkunde.hypotheses.org/588;histoire_d, histoire_t, sciences auxiliaires de l'histoire_t;Datasets/all_labels_train_gensim_sparse_matrix.npz
histbav.hypotheses.org/4208;humanités pluridisciplinaires_d, histoire_d, pluridisciplinarité_d, histoire_t, monde germanique_t;Datasets/all_labels_train_gensim_sparse_matrix.npz
archivalia.hypotheses.org/10696;histoire et archéologie_d, sciences sociales interdisciplinaires_d, histoire_t, approches de corpus_t, enquêtes_t, archives_t;Datasets/all_labels_train_gensim_sparse_matrix.npz
archivewk1.hypotheses.org/6143;histoire_d, époque contemporaine_t, 1914-1918_t;Datasets/all_labels_train_gensim_sparse_matrix.npz
archivalia.hypotheses.org/55399;histoire et archéologie_d, sciences sociales interdisciplinaires_d, histoire_t, approches de corpus_t, enquêtes_t, archives_t;Datasets/all_labels_train_gensim_sparse_matrix.npz
ordensgeschichte.hypotheses.org/10395;arts et humanités_d, humanités pluridisciplinaires_d, histoire et archéologie_d, histoire et philosophie des sciences_d, histoire_t, haut moyen âge_t, bas moyen âge_t, xviie siècle_t, xviiie siècle_t;Datasets/all_labels_train_gensim_sparse_matrix.npz
histbav.hypotheses.org/3205;humanités pluridisciplinaires_d, histoire_d, pluridisciplinarité_d, histoire_t, monde germanique_t;Datasets/all_labels_train_gensim_sparse_matrix.npz
soziologieblog.hypotheses.org/1182;sciences sociales interdisciplinaires_d, sociologie et anthropologie_d, sociologie du travail_t, sociologie urbaine_t, sociologie de la culture_t, sociologie économique_t;Datasets/all_labels_train_gensim_sparse_matrix.npz
francofil.hypotheses.org/1397;pluridisciplinarité_d, sciences sociales interdisciplinaires_d, histoire_t, épistémologie et méthodes_t, approches de corpus_t, enquêtes_t, archives_t, france_t;Datasets/all_labels_train_gensim_sparse_matrix.npz
tagebuch.hypotheses.org/1198;histoire et archéologie_d, histoire_d, histoire_t, époque contemporaine_t, 1914-1918_t;Datasets/all_labels_train_gensim_sparse_matrix.npz
reichtum.hypotheses.org/525;économie_d, économie_d, histoire_d, histoire économique_t, histoire sociale_t;Datasets/all_labels_train_gensim_sparse_matrix.npz
archivalia.hypotheses.org/3190;histoire et archéologie_d, sciences sociales interdisciplinaires_d, histoire_t, approches de corpus_t, enquêtes_t, archives_t;Datasets/all_labels_train_gensim_sparse_matrix.npz
archivalia.hypotheses.org/1329;histoire et archéologie_d, sciences sociales interdisciplinaires_d, histoire_t, approches de corpus_t, enquêtes_t, archives_t;Datasets/all_labels_train_gensim_sparse_matrix.npz
archivalia.hypotheses.org/9209;histoire et archéologie_d, sciences sociales interdisciplinaires_d, histoire_t, approches de corpus_t, enquêtes_t, archives_t;Datasets/all_labels_train_gensim_sparse_matrix.npz
musicaroma.hypotheses.org/578;musique_d, histoire_d, histoire_t, histoire culturelle_t, monde germanique_t;Datasets/all_labels_train_gensim_sparse_matrix.npz
archivalia.hypotheses.org/60996;histoire et archéologie_d, sciences sociales interdisciplinaires_d, histoire_t, approches de corpus_t, enquêtes_t, archives_t;Datasets/all_labels_train_gensim_sparse_matrix.npz
intersex.hypotheses.org/2600;histoire_d, biomédecine_d, étude des genres_t, histoire des sciences_t, histoire_t, histoire du droit_t, moyen âge_t, xxie siècle_t;Datasets/all_labels_train_gensim_sparse_matrix.npz
19jhdhip.hypotheses.org/2704;histoire_d, époque contemporaine_t, prospectives_t, france_t, monde germanique_t;Datasets/all_labels_train_gensim_sparse_matrix.npz
djgd.hypotheses.org/160;histoire_d, histoire_t, digital humanities_t, xxe siècle_t, prospectives_t;Datasets/all_labels_train_gensim_sparse_matrix.npz
archivewk1.hypotheses.org/5497;histoire_d, époque contemporaine_t, 1914-1918_t;Datasets/all_labels_train_gensim_sparse_matrix.npz
archivalia.hypotheses.org/12035;histoire et archéologie_d, sciences sociales interdisciplinaires_d, histoire_t, approches de corpus_t, enquêtes_t, archives_t;Datasets/all_labels_train_gensim_sparse_matrix.npz
dokunstlmu.hypotheses.org/1311;arts et humanités_d, histoire intellectuelle_t;Datasets/all_labels_train_gensim_sparse_matrix.npz
mittelalter.hypotheses.org/5587;humanités pluridisciplinaires_d, religions_d, histoire_d, sociologie_d, histoire_t, histoire sociale_t, histoire intellectuelle_t, moyen âge_t, haut moyen âge_t, bas moyen âge_t;Datasets/all_labels_train_gensim_sparse_matrix.npz
archivekod.hypotheses.org/794;religions_d, histoire et archéologie_d, sciences de l'information et de la communication_d, bibliothéconomie_d, communication_d, histoire_t, histoire des religions_t, patrimoine_t;Datasets/all_labels_train_gensim_sparse_matrix.npz
archive20.hypotheses.org/2427;pluridisciplinarité_d, sciences sociales interdisciplinaires_d, histoire_t, information_t, patrimoine_t, monde germanique_t;Datasets/all_labels_train_gensim_sparse_matrix.npz
archivamt.hypotheses.org/2309;communication_d, pluridisciplinarité_d, sciences sociales interdisciplinaires_d, information_t, sciences de l'information_t, représentations_t, patrimoine_t;Datasets/all_labels_train_gensim_sparse_matrix.npz
archiskop.hypotheses.org/33;archéologie_d, bas moyen âge_t;Datasets/all_labels_train_gensim_sparse_matrix.npz
ecoglobreg.hypotheses.org/383;histoire_d, sciences politiques_d, histoire_t, 1945-1989_t;Datasets/all_labels_train_gensim_sparse_matrix.npz
grandeguerre.hypotheses.org/1534;histoire et archéologie_d, histoire_t, 1914-1918_t, prospectives_t, france_t, monde germanique_t;Datasets/all_labels_train_gensim_sparse_matrix.npz
archivewk1.hypotheses.org/26243;histoire_d, époque contemporaine_t, 1914-1918_t;Datasets/all_labels_train_gensim_sparse_matrix.npz
archivalia.hypotheses.org/56370;histoire et archéologie_d, sciences sociales interdisciplinaires_d, histoire_t, approches de corpus_t, enquêtes_t, archives_t;Datasets/all_labels_train_gensim_sparse_matrix.npz
geschichtsadmin.hypotheses.org/88;éducation_d, histoire_d, sociologie du travail_t, histoire_t;Datasets/all_labels_train_gensim_sparse_matrix.npz
archivalia.hypotheses.org/62080;histoire et archéologie_d, sciences sociales interdisciplinaires_d, histoire_t, approches de corpus_t, enquêtes_t, archives_t;Datasets/all_labels_train_gensim_sparse_matrix.npz
archivalia.hypotheses.org/6437;histoire et archéologie_d, sciences sociales interdisciplinaires_d, histoire_t, approches de corpus_t, enquêtes_t, archives_t;Datasets/all_labels_train_gensim_sparse_matrix.npz
fnzinfo.hypotheses.org/919;arts et humanités_d, musique_d, histoire et archéologie_d, histoire_t, xvie siècle_t, xviie siècle_t, xviiie siècle_t, révolution française_t;Datasets/all_labels_train_gensim_sparse_matrix.npz
revolt.hypotheses.org/933;histoire_d, pluridisciplinarité_d, littérature_d, histoire et sociologie des médias_t, époque moderne_t, europe_t;Datasets/all_labels_train_gensim_sparse_matrix.npz
wppluslw.hypotheses.org/39;littérature_d, littératures_t, édition électronique_t, épistémologie et méthodes_t, approches de corpus_t, enquêtes_t, archives_t, monde germanique_t;Datasets/all_labels_train_gensim_sparse_matrix.npz
grk1919.hypotheses.org/90;histoire et archéologie_d, histoire et philosophie des sciences_d, histoire_t;Datasets/all_labels_train_gensim_sparse_matrix.npz
soziologieblog.hypotheses.org/968;sciences sociales interdisciplinaires_d, sociologie et anthropologie_d, sociologie du travail_t, sociologie urbaine_t, sociologie de la culture_t, sociologie économique_t;Datasets/all_labels_train_gensim_sparse_matrix.npz
reichwein.hypotheses.org/439;histoire et archéologie_d, histoire des sciences_t, 1945-1989_t;Datasets/all_labels_train_gensim_sparse_matrix.npz
archivalia.hypotheses.org/11704;histoire et archéologie_d, sciences sociales interdisciplinaires_d, histoire_t, approches de corpus_t, enquêtes_t, archives_t;Datasets/all_labels_train_gensim_sparse_matrix.npz
archivewk1.hypotheses.org/19467;histoire_d, époque contemporaine_t, 1914-1918_t;Datasets/all_labels_train_gensim_sparse_matrix.npz
archivalia.hypotheses.org/3892;histoire et archéologie_d, sciences sociales interdisciplinaires_d, histoire_t, approches de corpus_t, enquêtes_t, archives_t;Datasets/all_labels_train_gensim_sparse_matrix.npz
soziologieblog.hypotheses.org/7279;sciences sociales interdisciplinaires_d, sociologie et anthropologie_d, sociologie du travail_t, sociologie urbaine_t, sociologie de la culture_t, sociologie économique_t;Datasets/all_labels_train_gensim_sparse_matrix.npz
wenhua.hypotheses.org/1167;études asiatiques_d, humanités pluridisciplinaires_d, histoire_d, histoire culturelle_t, asie_t;Datasets/all_labels_train_gensim_sparse_matrix.npz
medienbildung.hypotheses.org/8121;éducation_d, éducation spécialisée_d, travail social_d, sociologie_t, édition électronique_t, histoire et sociologie des médias_t, éducation_t;Datasets/all_labels_train_gensim_sparse_matrix.npz
archivalia.hypotheses.org/7722;histoire et archéologie_d, sciences sociales interdisciplinaires_d, histoire_t, approches de corpus_t, enquêtes_t, archives_t;Datasets/all_labels_train_gensim_sparse_matrix.npz
archivalia.hypotheses.org/7483;histoire et archéologie_d, sciences sociales interdisciplinaires_d, histoire_t, approches de corpus_t, enquêtes_t, archives_t;Datasets/all_labels_train_gensim_sparse_matrix.npz
gab.hypotheses.org/1351;histoire et archéologie_d, pluridisciplinarité_d, sciences sociales interdisciplinaires_d, études des sciences_t, sociologie des sciences_t, histoire_t;Datasets/all_labels_train_gensim_sparse_matrix.npz
archivalia.hypotheses.org/10189;histoire et archéologie_d, sciences sociales interdisciplinaires_d, histoire_t, approches de corpus_t, enquêtes_t, archives_t;Datasets/all_labels_train_gensim_sparse_matrix.npz
archivalia.hypotheses.org/7260;histoire et archéologie_d, sciences sociales interdisciplinaires_d, histoire_t, approches de corpus_t, enquêtes_t, archives_t;Datasets/all_labels_train_gensim_sparse_matrix.npz
jameel.hypotheses.org/388;pluridisciplinarité_d, études régionales_d, archéologie_d, arts_d, humanités pluridisciplinaires_d, représentations_t, asie_t, digital humanities_t, histoire de l'art_t;Datasets/all_labels_train_gensim_sparse_matrix.npz
archivalia.hypotheses.org/599;histoire et archéologie_d, sciences sociales interdisciplinaires_d, histoire_t, approches de corpus_t, enquêtes_t, archives_t;Datasets/all_labels_train_gensim_sparse_matrix.npz
archivalia.hypotheses.org/8665;histoire et archéologie_d, sciences sociales interdisciplinaires_d, histoire_t, approches de corpus_t, enquêtes_t, archives_t;Datasets/all_labels_train_gensim_sparse_matrix.npz
archives.hypotheses.org/796;histoire_d, communication_d, patrimoine_t, digital humanities_t, moyen âge_t, époque moderne_t, france_t, monde germanique_t;Datasets/all_labels_train_gensim_sparse_matrix.npz
mgtud.hypotheses.org/284;humanités pluridisciplinaires_d, éducation_d, histoire et archéologie_d, histoire_d, histoire_t, histoire urbaine_t, édition électronique_t;Datasets/all_labels_train_gensim_sparse_matrix.npz
archivewk1.hypotheses.org/33204;histoire_d, époque contemporaine_t, 1914-1918_t;Datasets/all_labels_train_gensim_sparse_matrix.npz
digigw.hypotheses.org/538;humanités pluridisciplinaires_d, histoire_t, édition électronique_t, sciences auxiliaires de l'histoire_t, digital humanities_t;Datasets/all_labels_train_gensim_sparse_matrix.npz
archivewk1.hypotheses.org/7099;histoire_d, époque contemporaine_t, 1914-1918_t;Datasets/all_labels_train_gensim_sparse_matrix.npz
mittelalter.hypotheses.org/8553;humanités pluridisciplinaires_d, religions_d, histoire_d, sociologie_d, histoire_t, histoire sociale_t, histoire intellectuelle_t, moyen âge_t, haut moyen âge_t, bas moyen âge_t;Datasets/all_labels_train_gensim_sparse_matrix.npz
archivalia.hypotheses.org/7168;histoire et archéologie_d, sciences sociales interdisciplinaires_d, histoire_t, approches de corpus_t, enquêtes_t, archives_t;Datasets/all_labels_train_gensim_sparse_matrix.npz
archivewk1.hypotheses.org/31315;histoire_d, époque contemporaine_t, 1914-1918_t;Datasets/all_labels_train_gensim_sparse_matrix.npz
archivalia.hypotheses.org/5676;histoire et archéologie_d, sciences sociales interdisciplinaires_d, histoire_t, approches de corpus_t, enquêtes_t, archives_t;Datasets/all_labels_train_gensim_sparse_matrix.npz
soziologieblog.hypotheses.org/6111;sciences sociales interdisciplinaires_d, sociologie et anthropologie_d, sociologie du travail_t, sociologie urbaine_t, sociologie de la culture_t, sociologie économique_t;Datasets/all_labels_train_gensim_sparse_matrix.npz
archivalia.hypotheses.org/52900;histoire et archéologie_d, sciences sociales interdisciplinaires_d, histoire_t, approches de corpus_t, enquêtes_t, archives_t;Datasets/all_labels_train_gensim_sparse_matrix.npz
jeunegen.hypotheses.org/190;histoire_d, pluridisciplinarité_d, histoire_t, vie de la recherche_t, moyen âge_t, haut moyen âge_t, bas moyen âge_t;Datasets/all_labels_train_gensim_sparse_matrix.npz
mittelalter.hypotheses.org/7992;humanités pluridisciplinaires_d, religions_d, histoire_d, sociologie_d, histoire_t, histoire sociale_t, histoire intellectuelle_t, moyen âge_t, haut moyen âge_t, bas moyen âge_t;Datasets/all_labels_train_gensim_sparse_matrix.npz
achtundvierzig.hypotheses.org/465;sciences politiques_d, histoire_d, époque contemporaine_t, prospectives_t, histoire politique_t, monde germanique_t;Datasets/all_labels_train_gensim_sparse_matrix.npz
catholiccultures.hypotheses.org/112;histoire et archéologie_d, histoire des sciences sociales_d, sciences sociales interdisciplinaires_d, sociologie et anthropologie_d, histoire_t, histoire sociale_t, histoire des religions_t, époque moderne_t;Datasets/all_labels_train_gensim_sparse_matrix.npz
archivalia.hypotheses.org/6607;histoire et archéologie_d, sciences sociales interdisciplinaires_d, histoire_t, approches de corpus_t, enquêtes_t, archives_t;Datasets/all_labels_train_gensim_sparse_matrix.npz
histbav.hypotheses.org/1968;humanités pluridisciplinaires_d, histoire_d, pluridisciplinarité_d, histoire_t, monde germanique_t;Datasets/all_labels_train_gensim_sparse_matrix.npz
ordensgeschichte.hypotheses.org/6695;arts et humanités_d, humanités pluridisciplinaires_d, histoire et archéologie_d, histoire et philosophie des sciences_d, histoire_t, haut moyen âge_t, bas moyen âge_t, xviie siècle_t, xviiie siècle_t;Datasets/all_labels_train_gensim_sparse_matrix.npz
speyermemo.hypotheses.org/2682;histoire_d, pluridisciplinarité_d, sciences sociales interdisciplinaires_d, sociologie de la culture_t, histoire_t, 1939-1945_t, europe_t;Datasets/all_labels_train_gensim_sparse_matrix.npz
archivewk1.hypotheses.org/6808;histoire_d, époque contemporaine_t, 1914-1918_t;Datasets/all_labels_train_gensim_sparse_matrix.npz
archivalia.hypotheses.org/12859;histoire et archéologie_d, sciences sociales interdisciplinaires_d, histoire_t, approches de corpus_t, enquêtes_t, archives_t;Datasets/all_labels_train_gensim_sparse_matrix.npz
histbav.hypotheses.org/1083;humanités pluridisciplinaires_d, histoire_d, pluridisciplinarité_d, histoire_t, monde germanique_t;Datasets/all_labels_train_gensim_sparse_matrix.npz
mittelalter.hypotheses.org/3284;humanités pluridisciplinaires_d, religions_d, histoire_d, sociologie_d, histoire_t, histoire sociale_t, histoire intellectuelle_t, moyen âge_t, haut moyen âge_t, bas moyen âge_t;Datasets/all_labels_train_gensim_sparse_matrix.npz
archivewk1.hypotheses.org/29055;histoire_d, époque contemporaine_t, 1914-1918_t;Datasets/all_labels_train_gensim_sparse_matrix.npz
archivewk1.hypotheses.org/25728;histoire_d, époque contemporaine_t, 1914-1918_t;Datasets/all_labels_train_gensim_sparse_matrix.npz
archivalia.hypotheses.org/1715;histoire et archéologie_d, sciences sociales interdisciplinaires_d, histoire_t, approches de corpus_t, enquêtes_t, archives_t;Datasets/all_labels_train_gensim_sparse_matrix.npz
archivalia.hypotheses.org/4214;histoire et archéologie_d, sciences sociales interdisciplinaires_d, histoire_t, approches de corpus_t, enquêtes_t, archives_t;Datasets/all_labels_train_gensim_sparse_matrix.npz
rkb.hypotheses.org/290;arts et humanités_d, communication_d, sciences de l'information et bibliothéconomie_d, sociologie des sciences_t, édition électronique_t, histoire et sociologie des médias_t;Datasets/all_labels_train_gensim_sparse_matrix.npz
soziologieblog.hypotheses.org/9529;sciences sociales interdisciplinaires_d, sociologie et anthropologie_d, sociologie du travail_t, sociologie urbaine_t, sociologie de la culture_t, sociologie économique_t;Datasets/all_labels_train_gensim_sparse_matrix.npz
archivalia.hypotheses.org/257;histoire et archéologie_d, sciences sociales interdisciplinaires_d, histoire_t, approches de corpus_t, enquêtes_t, archives_t;Datasets/all_labels_train_gensim_sparse_matrix.npz
archivalia.hypotheses.org/55782;histoire et archéologie_d, sciences sociales interdisciplinaires_d, histoire_t, approches de corpus_t, enquêtes_t, archives_t;Datasets/all_labels_train_gensim_sparse_matrix.npz
intersex.hypotheses.org/1532;histoire_d, biomédecine_d, étude des genres_t, histoire des sciences_t, histoire_t, histoire du droit_t, moyen âge_t, xxie siècle_t;Datasets/all_labels_train_gensim_sparse_matrix.npz
bioeg.hypotheses.org/1390;histoire et archéologie_d, histoire_d, histoire_t, sciences auxiliaires de l'histoire_t, europe centrale et orientale_t, monde germanique_t;Datasets/all_labels_train_gensim_sparse_matrix.npz
archivewk1.hypotheses.org/20738;histoire_d, époque contemporaine_t, 1914-1918_t;Datasets/all_labels_train_gensim_sparse_matrix.npz
gewalt.hypotheses.org/33;sciences politiques_d, sociologie_d, sociologie_t, sociologie urbaine_t, anthropologie politique_t, histoire urbaine_t, guerres_t, conflits_t, violence_t;Datasets/all_labels_train_gensim_sparse_matrix.npz
archivalia.hypotheses.org/4712;histoire et archéologie_d, sciences sociales interdisciplinaires_d, histoire_t, approches de corpus_t, enquêtes_t, archives_t;Datasets/all_labels_train_gensim_sparse_matrix.npz
archivalia.hypotheses.org/2007;histoire et archéologie_d, sciences sociales interdisciplinaires_d, histoire_t, approches de corpus_t, enquêtes_t, archives_t;Datasets/all_labels_train_gensim_sparse_matrix.npz
archivewk1.hypotheses.org/22858;histoire_d, époque contemporaine_t, 1914-1918_t;Datasets/all_labels_train_gensim_sparse_matrix.npz
archivamt.hypotheses.org/849;communication_d, pluridisciplinarité_d, sciences sociales interdisciplinaires_d, information_t, sciences de l'information_t, représentations_t, patrimoine_t;Datasets/all_labels_train_gensim_sparse_matrix.npz
archivalia.hypotheses.org/3939;histoire et archéologie_d, sciences sociales interdisciplinaires_d, histoire_t, approches de corpus_t, enquêtes_t, archives_t;Datasets/all_labels_train_gensim_sparse_matrix.npz
archivalia.hypotheses.org/6969;histoire et archéologie_d, sciences sociales interdisciplinaires_d, histoire_t, approches de corpus_t, enquêtes_t, archives_t;Datasets/all_labels_train_gensim_sparse_matrix.npz
bereschitrabba.hypotheses.org/374;arts et humanités_d, religions_d, langue et linguistique_d, religions_t, histoire des religions_t;Datasets/all_labels_train_gensim_sparse_matrix.npz
archivalia.hypotheses.org/9016;histoire et archéologie_d, sciences sociales interdisciplinaires_d, histoire_t, approches de corpus_t, enquêtes_t, archives_t;Datasets/all_labels_train_gensim_sparse_matrix.npz
archivalia.hypotheses.org/13188;histoire et archéologie_d, sciences sociales interdisciplinaires_d, histoire_t, approches de corpus_t, enquêtes_t, archives_t;Datasets/all_labels_train_gensim_sparse_matrix.npz
archivewk1.hypotheses.org/29835;histoire_d, époque contemporaine_t, 1914-1918_t;Datasets/all_labels_train_gensim_sparse_matrix.npz
bloghaus.hypotheses.org/944;pluridisciplinarité_d, sciences sociales interdisciplinaires_d, information_t, digital humanities_t;Datasets/all_labels_train_gensim_sparse_matrix.npz
futurecity.hypotheses.org/198;sciences politiques_d, administration publique et développement_d, sociologie urbaine_t;Datasets/all_labels_train_gensim_sparse_matrix.npz
grandeguerre.hypotheses.org/1179;histoire et archéologie_d, histoire_t, 1914-1918_t, prospectives_t, france_t, monde germanique_t;Datasets/all_labels_train_gensim_sparse_matrix.npz
archivalia.hypotheses.org/9875;histoire et archéologie_d, sciences sociales interdisciplinaires_d, histoire_t, approches de corpus_t, enquêtes_t, archives_t;Datasets/all_labels_train_gensim_sparse_matrix.npz
gab.hypotheses.org/3197;histoire et archéologie_d, pluridisciplinarité_d, sciences sociales interdisciplinaires_d, études des sciences_t, sociologie des sciences_t, histoire_t;Datasets/all_labels_train_gensim_sparse_matrix.npz
dgl.hypotheses.org/778;éducation spécialisée_d, histoire_d, histoire_t, histoire et sociologie des médias_t, éducation_t;Datasets/all_labels_train_gensim_sparse_matrix.npz
dss.hypotheses.org/430;arts et humanités_d, communication_d, sciences de l'information et bibliothéconomie_d, information_t, édition électronique_t, représentations_t, histoire de l'art_t, patrimoine_t, prospectives_t;Datasets/all_labels_train_gensim_sparse_matrix.npz
archivewk1.hypotheses.org/6381;histoire_d, époque contemporaine_t, 1914-1918_t;Datasets/all_labels_train_gensim_sparse_matrix.npz
jameel.hypotheses.org/364;pluridisciplinarité_d, études régionales_d, archéologie_d, arts_d, humanités pluridisciplinaires_d, représentations_t, asie_t, digital humanities_t, histoire de l'art_t;Datasets/all_labels_train_gensim_sparse_matrix.npz
archivalia.hypotheses.org/1599;histoire et archéologie_d, sciences sociales interdisciplinaires_d, histoire_t, approches de corpus_t, enquêtes_t, archives_t;Datasets/all_labels_train_gensim_sparse_matrix.npz
liparchiv.hypotheses.org/199;histoire et archéologie_d, sciences politiques_d, administration publique et développement_d, histoire urbaine_t, patrimoine_t, sciences auxiliaires de l'histoire_t, approches de corpus_t, enquêtes_t, archives_t, europe_t;Datasets/all_labels_train_gensim_sparse_matrix.npz
archivewk1.hypotheses.org/6883;histoire_d, époque contemporaine_t, 1914-1918_t;Datasets/all_labels_train_gensim_sparse_matrix.npz
archivalia.hypotheses.org/2389;histoire et archéologie_d, sciences sociales interdisciplinaires_d, histoire_t, approches de corpus_t, enquêtes_t, archives_t;Datasets/all_labels_train_gensim_sparse_matrix.npz
mobilvideo.hypotheses.org/265;humanités pluridisciplinaires_d, éducation_d, sciences sociales interdisciplinaires_d, histoire et sociologie des médias_t, études visuelles_t, éducation_t, sciences de l'éducation_t;Datasets/all_labels_train_gensim_sparse_matrix.npz
soziologieblog.hypotheses.org/6114;sciences sociales interdisciplinaires_d, sociologie et anthropologie_d, sociologie du travail_t, sociologie urbaine_t, sociologie de la culture_t, sociologie économique_t;Datasets/all_labels_train_gensim_sparse_matrix.npz
archivewk1.hypotheses.org/1659;histoire_d, époque contemporaine_t, 1914-1918_t;Datasets/all_labels_train_gensim_sparse_matrix.npz
archivewk1.hypotheses.org/32006;histoire_d, époque contemporaine_t, 1914-1918_t;Datasets/all_labels_train_gensim_sparse_matrix.npz
archivalia.hypotheses.org/7095;histoire et archéologie_d, sciences sociales interdisciplinaires_d, histoire_t, approches de corpus_t, enquêtes_t, archives_t;Datasets/all_labels_train_gensim_sparse_matrix.npz
tagebuch.hypotheses.org/1423;histoire et archéologie_d, histoire_d, histoire_t, époque contemporaine_t, 1914-1918_t;Datasets/all_labels_train_gensim_sparse_matrix.npz
wwc.hypotheses.org/600;humanités pluridisciplinaires_d, pluridisciplinarité_d, études régionales_d, relations internationales_t, information_t, représentations_t;Datasets/all_labels_train_gensim_sparse_matrix.npz
soziologieblog.hypotheses.org/3102;sciences sociales interdisciplinaires_d, sociologie et anthropologie_d, sociologie du travail_t, sociologie urbaine_t, sociologie de la culture_t, sociologie économique_t;Datasets/all_labels_train_gensim_sparse_matrix.npz
archivalia.hypotheses.org/675;histoire et archéologie_d, sciences sociales interdisciplinaires_d, histoire_t, approches de corpus_t, enquêtes_t, archives_t;Datasets/all_labels_train_gensim_sparse_matrix.npz
zakunibonn.hypotheses.org/985;histoire_d, psychologie_d, histoire_t, psychisme_t, psychologie_t, méthodes de traitement et de représentation_t, monde germanique_t;Datasets/all_labels_train_gensim_sparse_matrix.npz
archivalia.hypotheses.org/4010;histoire et archéologie_d, sciences sociales interdisciplinaires_d, histoire_t, approches de corpus_t, enquêtes_t, archives_t;Datasets/all_labels_train_gensim_sparse_matrix.npz
archivalia.hypotheses.org/13261;histoire et archéologie_d, sciences sociales interdisciplinaires_d, histoire_t, approches de corpus_t, enquêtes_t, archives_t;Datasets/all_labels_train_gensim_sparse_matrix.npz
archivewk1.hypotheses.org/29266;histoire_d, époque contemporaine_t, 1914-1918_t;Datasets/all_labels_train_gensim_sparse_matrix.npz
dokunstlmu.hypotheses.org/1636;arts et humanités_d, histoire intellectuelle_t;Datasets/all_labels_train_gensim_sparse_matrix.npz
maxweber.hypotheses.org/545;humanités pluridisciplinaires_d, histoire et archéologie_d, histoire et philosophie des sciences_d, sociologie et anthropologie_d, histoire sociale_t, histoire intellectuelle_t, sociologie des religions_t, vie de la recherche_t;Datasets/all_labels_train_gensim_sparse_matrix.npz
archivalia.hypotheses.org/9737;histoire et archéologie_d, sciences sociales interdisciplinaires_d, histoire_t, approches de corpus_t, enquêtes_t, archives_t;Datasets/all_labels_train_gensim_sparse_matrix.npz
archivalia.hypotheses.org/8986;histoire et archéologie_d, sciences sociales interdisciplinaires_d, histoire_t, approches de corpus_t, enquêtes_t, archives_t;Datasets/all_labels_train_gensim_sparse_matrix.npz
wwc.hypotheses.org/498;humanités pluridisciplinaires_d, pluridisciplinarité_d, études régionales_d, relations internationales_t, information_t, représentations_t;Datasets/all_labels_train_gensim_sparse_matrix.npz
games.hypotheses.org/928;arts et humanités_d, humanités pluridisciplinaires_d, psychologie expérimentale_d, sciences cognitives_t, psychisme_t, psychologie_t, représentations_t, histoire de l'art_t, études visuelles_t;Datasets/all_labels_train_gensim_sparse_matrix.npz
archivalia.hypotheses.org/10659;histoire et archéologie_d, sciences sociales interdisciplinaires_d, histoire_t, approches de corpus_t, enquêtes_t, archives_t;Datasets/all_labels_train_gensim_sparse_matrix.npz
archivalia.hypotheses.org/10454;histoire et archéologie_d, sciences sociales interdisciplinaires_d, histoire_t, approches de corpus_t, enquêtes_t, archives_t;Datasets/all_labels_train_gensim_sparse_matrix.npz
kristinoswald.hypotheses.org/1038;études anciennes_d, études des sciences_t, histoire_t, histoire et sociologie des médias_t, histoire culturelle_t, digital humanities_t;Datasets/all_labels_train_gensim_sparse_matrix.npz
bloghaus.hypotheses.org/982;pluridisciplinarité_d, sciences sociales interdisciplinaires_d, information_t, digital humanities_t;Datasets/all_labels_train_gensim_sparse_matrix.npz
medienbildung.hypotheses.org/2940;éducation_d, éducation spécialisée_d, travail social_d, sociologie_t, édition électronique_t, histoire et sociologie des médias_t, éducation_t;Datasets/all_labels_train_gensim_sparse_matrix.npz
mindthegaps.hypotheses.org/953;études asiatiques_d, histoire_d, histoire_t, histoire culturelle_t, asie_t, chine_t;Datasets/all_labels_train_gensim_sparse_matrix.npz
archivalia.hypotheses.org/4197;histoire et archéologie_d, sciences sociales interdisciplinaires_d, histoire_t, approches de corpus_t, enquêtes_t, archives_t;Datasets/all_labels_train_gensim_sparse_matrix.npz
histbav.hypotheses.org/3693;humanités pluridisciplinaires_d, histoire_d, pluridisciplinarité_d, histoire_t, monde germanique_t;Datasets/all_labels_train_gensim_sparse_matrix.npz
ordensgeschichte.hypotheses.org/3725;arts et humanités_d, humanités pluridisciplinaires_d, histoire et archéologie_d, histoire et philosophie des sciences_d, histoire_t, haut moyen âge_t, bas moyen âge_t, xviie siècle_t, xviiie siècle_t;Datasets/all_labels_train_gensim_sparse_matrix.npz
dfmfa.hypotheses.org/847;humanités pluridisciplinaires_d, sciences sociales interdisciplinaires_d, histoire_t, moyen âge_t, haut moyen âge_t, bas moyen âge_t;Datasets/all_labels_train_gensim_sparse_matrix.npz
archivalia.hypotheses.org/4665;histoire et archéologie_d, sciences sociales interdisciplinaires_d, histoire_t, approches de corpus_t, enquêtes_t, archives_t;Datasets/all_labels_train_gensim_sparse_matrix.npz
archivalia.hypotheses.org/8532;histoire et archéologie_d, sciences sociales interdisciplinaires_d, histoire_t, approches de corpus_t, enquêtes_t, archives_t;Datasets/all_labels_train_gensim_sparse_matrix.npz
archivalia.hypotheses.org/10848;histoire et archéologie_d, sciences sociales interdisciplinaires_d, histoire_t, approches de corpus_t, enquêtes_t, archives_t;Datasets/all_labels_train_gensim_sparse_matrix.npz
archivalia.hypotheses.org/4739;histoire et archéologie_d, sciences sociales interdisciplinaires_d, histoire_t, approches de corpus_t, enquêtes_t, archives_t;Datasets/all_labels_train_gensim_sparse_matrix.npz
catholiccultures.hypotheses.org/2165;histoire et archéologie_d, histoire des sciences sociales_d, sciences sociales interdisciplinaires_d, sociologie et anthropologie_d, histoire_t, histoire sociale_t, histoire des religions_t, époque moderne_t;Datasets/all_labels_train_gensim_sparse_matrix.npz
archivewk1.hypotheses.org/10282;histoire_d, époque contemporaine_t, 1914-1918_t;Datasets/all_labels_train_gensim_sparse_matrix.npz
archivewk1.hypotheses.org/8725;histoire_d, époque contemporaine_t, 1914-1918_t;Datasets/all_labels_train_gensim_sparse_matrix.npz
archivekod.hypotheses.org/688;religions_d, histoire et archéologie_d, sciences de l'information et de la communication_d, bibliothéconomie_d, communication_d, histoire_t, histoire des religions_t, patrimoine_t;Datasets/all_labels_train_gensim_sparse_matrix.npz
wwc.hypotheses.org/744;humanités pluridisciplinaires_d, pluridisciplinarité_d, études régionales_d, relations internationales_t, information_t, représentations_t;Datasets/all_labels_train_gensim_sparse_matrix.npz
nordichistoryblog.hypotheses.org/2378;arts et humanités_d, histoire et archéologie_d, histoire_t, édition électronique_t, vie de la recherche_t, approches de corpus_t, enquêtes_t, archives_t, europe_t, pays baltes et scandinaves_t;Datasets/all_labels_train_gensim_sparse_matrix.npz
achtundvierzig.hypotheses.org/494;sciences politiques_d, histoire_d, époque contemporaine_t, prospectives_t, histoire politique_t, monde germanique_t;Datasets/all_labels_train_gensim_sparse_matrix.npz
speyermemo.hypotheses.org/1927;histoire_d, pluridisciplinarité_d, sciences sociales interdisciplinaires_d, sociologie de la culture_t, histoire_t, 1939-1945_t, europe_t;Datasets/all_labels_train_gensim_sparse_matrix.npz
dkblog.hypotheses.org/245;histoire_d, histoire_t, époque moderne_t, xviie siècle_t;Datasets/all_labels_train_gensim_sparse_matrix.npz
archivalia.hypotheses.org/982;histoire et archéologie_d, sciences sociales interdisciplinaires_d, histoire_t, approches de corpus_t, enquêtes_t, archives_t;Datasets/all_labels_train_gensim_sparse_matrix.npz
digigw.hypotheses.org/808;humanités pluridisciplinaires_d, histoire_t, édition électronique_t, sciences auxiliaires de l'histoire_t, digital humanities_t;Datasets/all_labels_train_gensim_sparse_matrix.npz
archivlinz.hypotheses.org/232;histoire et archéologie_d, histoire_d, histoire urbaine_t, 1914-1918_t, monde germanique_t;Datasets/all_labels_train_gensim_sparse_matrix.npz
reichtum.hypotheses.org/461;économie_d, économie_d, histoire_d, histoire économique_t, histoire sociale_t;Datasets/all_labels_train_gensim_sparse_matrix.npz
archivalia.hypotheses.org/12656;histoire et archéologie_d, sciences sociales interdisciplinaires_d, histoire_t, approches de corpus_t, enquêtes_t, archives_t;Datasets/all_labels_train_gensim_sparse_matrix.npz
grk1678.hypotheses.org/765;arts et humanités_d, humanités pluridisciplinaires_d, histoire et philosophie des sciences_d, pluridisciplinarité_d, philosophie_t, littératures_t, histoire culturelle_t, histoire de l'art_t;Datasets/all_labels_train_gensim_sparse_matrix.npz
catholiccultures.hypotheses.org/165;histoire et archéologie_d, histoire des sciences sociales_d, sciences sociales interdisciplinaires_d, sociologie et anthropologie_d, histoire_t, histoire sociale_t, histoire des religions_t, époque moderne_t;Datasets/all_labels_train_gensim_sparse_matrix.npz
archivalia.hypotheses.org/53795;histoire et archéologie_d, sciences sociales interdisciplinaires_d, histoire_t, approches de corpus_t, enquêtes_t, archives_t;Datasets/all_labels_train_gensim_sparse_matrix.npz
tagebuch.hypotheses.org/1220;histoire et archéologie_d, histoire_d, histoire_t, époque contemporaine_t, 1914-1918_t;Datasets/all_labels_train_gensim_sparse_matrix.npz
gab.hypotheses.org/1741;histoire et archéologie_d, pluridisciplinarité_d, sciences sociales interdisciplinaires_d, études des sciences_t, sociologie des sciences_t, histoire_t;Datasets/all_labels_train_gensim_sparse_matrix.npz
intersex.hypotheses.org/541;histoire_d, biomédecine_d, étude des genres_t, histoire des sciences_t, histoire_t, histoire du droit_t, moyen âge_t, xxie siècle_t;Datasets/all_labels_train_gensim_sparse_matrix.npz
intersex.hypotheses.org/44;histoire_d, biomédecine_d, étude des genres_t, histoire des sciences_t, histoire_t, histoire du droit_t, moyen âge_t, xxie siècle_t;Datasets/all_labels_train_gensim_sparse_matrix.npz
gra.hypotheses.org/2169;arts et humanités_d, communication_d, sciences de l'information et bibliothéconomie_d, représentations_t, histoire culturelle_t, histoire de l'art_t, études visuelles_t;Datasets/all_labels_train_gensim_sparse_matrix.npz
gab.hypotheses.org/2575;histoire et archéologie_d, pluridisciplinarité_d, sciences sociales interdisciplinaires_d, études des sciences_t, sociologie des sciences_t, histoire_t;Datasets/all_labels_train_gensim_sparse_matrix.npz
cereg.hypotheses.org/438;arts et humanités_d, histoire_d, littérature_d, monde germanique_t;Datasets/all_labels_train_gensim_sparse_matrix.npz
archivewk1.hypotheses.org/21238;histoire_d, époque contemporaine_t, 1914-1918_t;Datasets/all_labels_train_gensim_sparse_matrix.npz
archivalia.hypotheses.org/59936;histoire et archéologie_d, sciences sociales interdisciplinaires_d, histoire_t, approches de corpus_t, enquêtes_t, archives_t;Datasets/all_labels_train_gensim_sparse_matrix.npz
soziologieblog.hypotheses.org/1100;sciences sociales interdisciplinaires_d, sociologie et anthropologie_d, sociologie du travail_t, sociologie urbaine_t, sociologie de la culture_t, sociologie économique_t;Datasets/all_labels_train_gensim_sparse_matrix.npz
archivalia.hypotheses.org/2760;histoire et archéologie_d, sciences sociales interdisciplinaires_d, histoire_t, approches de corpus_t, enquêtes_t, archives_t;Datasets/all_labels_train_gensim_sparse_matrix.npz
archive20.hypotheses.org/1419;pluridisciplinarité_d, sciences sociales interdisciplinaires_d, histoire_t, information_t, patrimoine_t, monde germanique_t;Datasets/all_labels_train_gensim_sparse_matrix.npz
archivewk1.hypotheses.org/14844;histoire_d, époque contemporaine_t, 1914-1918_t;Datasets/all_labels_train_gensim_sparse_matrix.npz
archivekod.hypotheses.org/792;religions_d, histoire et archéologie_d, sciences de l'information et de la communication_d, bibliothéconomie_d, communication_d, histoire_t, histoire des religions_t, patrimoine_t;Datasets/all_labels_train_gensim_sparse_matrix.npz
ordensgeschichte.hypotheses.org/7570;arts et humanités_d, humanités pluridisciplinaires_d, histoire et archéologie_d, histoire et philosophie des sciences_d, histoire_t, haut moyen âge_t, bas moyen âge_t, xviie siècle_t, xviiie siècle_t;Datasets/all_labels_train_gensim_sparse_matrix.npz
archivalia.hypotheses.org/4798;histoire et archéologie_d, sciences sociales interdisciplinaires_d, histoire_t, approches de corpus_t, enquêtes_t, archives_t;Datasets/all_labels_train_gensim_sparse_matrix.npz
archivewk1.hypotheses.org/177;histoire_d, époque contemporaine_t, 1914-1918_t;Datasets/all_labels_train_gensim_sparse_matrix.npz
archivalia.hypotheses.org/8977;histoire et archéologie_d, sciences sociales interdisciplinaires_d, histoire_t, approches de corpus_t, enquêtes_t, archives_t;Datasets/all_labels_train_gensim_sparse_matrix.npz
djgd.hypotheses.org/444;histoire_d, histoire_t, digital humanities_t, xxe siècle_t, prospectives_t;Datasets/all_labels_train_gensim_sparse_matrix.npz
medienbildung.hypotheses.org/4298;éducation_d, éducation spécialisée_d, travail social_d, sociologie_t, édition électronique_t, histoire et sociologie des médias_t, éducation_t;Datasets/all_labels_train_gensim_sparse_matrix.npz
francofil.hypotheses.org/1030;pluridisciplinarité_d, sciences sociales interdisciplinaires_d, histoire_t, épistémologie et méthodes_t, approches de corpus_t, enquêtes_t, archives_t, france_t;Datasets/all_labels_train_gensim_sparse_matrix.npz
aktenkunde.hypotheses.org/228;histoire_d, histoire_t, sciences auxiliaires de l'histoire_t;Datasets/all_labels_train_gensim_sparse_matrix.npz
dokunstlmu.hypotheses.org/1561;arts et humanités_d, histoire intellectuelle_t;Datasets/all_labels_train_gensim_sparse_matrix.npz
archivalia.hypotheses.org/7288;histoire et archéologie_d, sciences sociales interdisciplinaires_d, histoire_t, approches de corpus_t, enquêtes_t, archives_t;Datasets/all_labels_train_gensim_sparse_matrix.npz
achtundvierzig.hypotheses.org/128;sciences politiques_d, histoire_d, époque contemporaine_t, prospectives_t, histoire politique_t, monde germanique_t;Datasets/all_labels_train_gensim_sparse_matrix.npz
kriegsfoto.hypotheses.org/250;arts_d, histoire_d, communication_d, guerres_t, conflits_t, violence_t, études visuelles_t, époque contemporaine_t, europe centrale et orientale_t;Datasets/all_labels_train_gensim_sparse_matrix.npz
archivalia.hypotheses.org/2341;histoire et archéologie_d, sciences sociales interdisciplinaires_d, histoire_t, approches de corpus_t, enquêtes_t, archives_t;Datasets/all_labels_train_gensim_sparse_matrix.npz
gab.hypotheses.org/372;histoire et archéologie_d, pluridisciplinarité_d, sciences sociales interdisciplinaires_d, études des sciences_t, sociologie des sciences_t, histoire_t;Datasets/all_labels_train_gensim_sparse_matrix.npz
archive20.hypotheses.org/3991;pluridisciplinarité_d, sciences sociales interdisciplinaires_d, histoire_t, information_t, patrimoine_t, monde germanique_t;Datasets/all_labels_train_gensim_sparse_matrix.npz
intersex.hypotheses.org/3379;histoire_d, biomédecine_d, étude des genres_t, histoire des sciences_t, histoire_t, histoire du droit_t, moyen âge_t, xxie siècle_t;Datasets/all_labels_train_gensim_sparse_matrix.npz
gid.hypotheses.org/87;pluridisciplinarité_d, sciences sociales interdisciplinaires_d, études des sciences_t, histoire des sciences_t, pensée_t, histoire intellectuelle_t, histoire culturelle_t, prospectives_t;Datasets/all_labels_train_gensim_sparse_matrix.npz
archivalia.hypotheses.org/3266;histoire et archéologie_d, sciences sociales interdisciplinaires_d, histoire_t, approches de corpus_t, enquêtes_t, archives_t;Datasets/all_labels_train_gensim_sparse_matrix.npz
historischdenken.hypotheses.org/1840;histoire et archéologie_d, histoire_t;Datasets/all_labels_train_gensim_sparse_matrix.npz
histbav.hypotheses.org/3535;humanités pluridisciplinaires_d, histoire_d, pluridisciplinarité_d, histoire_t, monde germanique_t;Datasets/all_labels_train_gensim_sparse_matrix.npz
ostbib.hypotheses.org/681;humanités pluridisciplinaires_d, histoire et archéologie_d, sciences de l'information et de la communication_d, bibliothéconomie_d, sciences sociales interdisciplinaires_d, sciences de l'information_t, édition électronique_t;Datasets/all_labels_train_gensim_sparse_matrix.npz
smdr.hypotheses.org/54;histoire_d, histoire_t, xviie siècle_t, xviiie siècle_t, monde germanique_t, pays baltes et scandinaves_t;Datasets/all_labels_train_gensim_sparse_matrix.npz
metablock.hypotheses.org/825;sciences sociales interdisciplinaires_d, linguistique appliquée_d, langue et linguistique_d, sociologie des sciences_t, langage_t, linguistique_t, édition électronique_t, histoire et sociologie des médias_t;Datasets/all_labels_train_gensim_sparse_matrix.npz
bereschitrabba.hypotheses.org/504;arts et humanités_d, religions_d, langue et linguistique_d, religions_t, histoire des religions_t;Datasets/all_labels_train_gensim_sparse_matrix.npz
archivalia.hypotheses.org/58719;histoire et archéologie_d, sciences sociales interdisciplinaires_d, histoire_t, approches de corpus_t, enquêtes_t, archives_t;Datasets/all_labels_train_gensim_sparse_matrix.npz
archivalia.hypotheses.org/1898;histoire et archéologie_d, sciences sociales interdisciplinaires_d, histoire_t, approches de corpus_t, enquêtes_t, archives_t;Datasets/all_labels_train_gensim_sparse_matrix.npz
dwgd.hypotheses.org/390;éducation_d, histoire_d, histoire des sciences sociales_d, histoire_t, éducation_t, sciences de l'éducation_t;Datasets/all_labels_train_gensim_sparse_matrix.npz
1914lvr.hypotheses.org/367;sciences politiques_d, histoire_t, époque contemporaine_t, 1914-1918_t;Datasets/all_labels_train_gensim_sparse_matrix.npz
sdvigpress.hypotheses.org/716;langue et linguistique_d, philosophie_d, humanités pluridisciplinaires_d, épistémologie et méthodes_t, digital humanities_t, europe centrale et orientale_t, édition électronique_t, linguistique_t;Datasets/all_labels_train_gensim_sparse_matrix.npz
intersex.hypotheses.org/1348;histoire_d, biomédecine_d, étude des genres_t, histoire des sciences_t, histoire_t, histoire du droit_t, moyen âge_t, xxie siècle_t;Datasets/all_labels_train_gensim_sparse_matrix.npz
ordensgeschichte.hypotheses.org/10190;arts et humanités_d, humanités pluridisciplinaires_d, histoire et archéologie_d, histoire et philosophie des sciences_d, histoire_t, haut moyen âge_t, bas moyen âge_t, xviie siècle_t, xviiie siècle_t;Datasets/all_labels_train_gensim_sparse_matrix.npz
archivalia.hypotheses.org/60631;histoire et archéologie_d, sciences sociales interdisciplinaires_d, histoire_t, approches de corpus_t, enquêtes_t, archives_t;Datasets/all_labels_train_gensim_sparse_matrix.npz
anthropologicalmaterialism.hypotheses.org/2005;sociologie_t, philosophie_t;Datasets/all_labels_train_gensim_sparse_matrix.npz
archive20.hypotheses.org/2669;pluridisciplinarité_d, sciences sociales interdisciplinaires_d, histoire_t, information_t, patrimoine_t, monde germanique_t;Datasets/all_labels_train_gensim_sparse_matrix.npz
archivalia.hypotheses.org/11525;histoire et archéologie_d, sciences sociales interdisciplinaires_d, histoire_t, approches de corpus_t, enquêtes_t, archives_t;Datasets/all_labels_train_gensim_sparse_matrix.npz
wilma.hypotheses.org/19;éducation_d, travail social et politique sociale_d, sciences de l'éducation_t;Datasets/all_labels_train_gensim_sparse_matrix.npz
archivalia.hypotheses.org/4618;histoire et archéologie_d, sciences sociales interdisciplinaires_d, histoire_t, approches de corpus_t, enquêtes_t, archives_t;Datasets/all_labels_train_gensim_sparse_matrix.npz
schotten.hypotheses.org/1146;religions_d, histoire et archéologie_d, sciences de l'information et de la communication_d, bibliothéconomie_d, histoire_t, histoire des religions_t, approches de corpus_t, enquêtes_t, archives_t, monde germanique_t;Datasets/all_labels_train_gensim_sparse_matrix.npz
intersex.hypotheses.org/713;histoire_d, biomédecine_d, étude des genres_t, histoire des sciences_t, histoire_t, histoire du droit_t, moyen âge_t, xxie siècle_t;Datasets/all_labels_train_gensim_sparse_matrix.npz
gra.hypotheses.org/1453;arts et humanités_d, communication_d, sciences de l'information et bibliothéconomie_d, représentations_t, histoire culturelle_t, histoire de l'art_t, études visuelles_t;Datasets/all_labels_train_gensim_sparse_matrix.npz
soziologieblog.hypotheses.org/1797;sciences sociales interdisciplinaires_d, sociologie et anthropologie_d, sociologie du travail_t, sociologie urbaine_t, sociologie de la culture_t, sociologie économique_t;Datasets/all_labels_train_gensim_sparse_matrix.npz
liparchiv.hypotheses.org/836;histoire et archéologie_d, sciences politiques_d, administration publique et développement_d, histoire urbaine_t, patrimoine_t, sciences auxiliaires de l'histoire_t, approches de corpus_t, enquêtes_t, archives_t, europe_t;Datasets/all_labels_train_gensim_sparse_matrix.npz
archivalia.hypotheses.org/1434;histoire et archéologie_d, sciences sociales interdisciplinaires_d, histoire_t, approches de corpus_t, enquêtes_t, archives_t;Datasets/all_labels_train_gensim_sparse_matrix.npz
archive20.hypotheses.org/794;pluridisciplinarité_d, sciences sociales interdisciplinaires_d, histoire_t, information_t, patrimoine_t, monde germanique_t;Datasets/all_labels_train_gensim_sparse_matrix.npz
feldpost.hypotheses.org/693;histoire_d, histoire_t, guerres_t, conflits_t, violence_t, histoire culturelle_t, 1914-1918_t, monde germanique_t;Datasets/all_labels_train_gensim_sparse_matrix.npz
archivalia.hypotheses.org/11430;histoire et archéologie_d, sciences sociales interdisciplinaires_d, histoire_t, approches de corpus_t, enquêtes_t, archives_t;Datasets/all_labels_train_gensim_sparse_matrix.npz
winzen.hypotheses.org/679;histoire_d, histoire_t, études visuelles_t, 1918-1939_t, 1939-1945_t, monde germanique_t;Datasets/all_labels_train_gensim_sparse_matrix.npz
archivalia.hypotheses.org/5701;histoire et archéologie_d, sciences sociales interdisciplinaires_d, histoire_t, approches de corpus_t, enquêtes_t, archives_t;Datasets/all_labels_train_gensim_sparse_matrix.npz
archivalia.hypotheses.org/10611;histoire et archéologie_d, sciences sociales interdisciplinaires_d, histoire_t, approches de corpus_t, enquêtes_t, archives_t;Datasets/all_labels_train_gensim_sparse_matrix.npz
archivalia.hypotheses.org/9378;histoire et archéologie_d, sciences sociales interdisciplinaires_d, histoire_t, approches de corpus_t, enquêtes_t, archives_t;Datasets/all_labels_train_gensim_sparse_matrix.npz
archivalia.hypotheses.org/1988;histoire et archéologie_d, sciences sociales interdisciplinaires_d, histoire_t, approches de corpus_t, enquêtes_t, archives_t;Datasets/all_labels_train_gensim_sparse_matrix.npz
archivalia.hypotheses.org/12825;histoire et archéologie_d, sciences sociales interdisciplinaires_d, histoire_t, approches de corpus_t, enquêtes_t, archives_t;Datasets/all_labels_train_gensim_sparse_matrix.npz
aes.hypotheses.org/1;histoire_t, religions_t;Datasets/all_labels_train_gensim_sparse_matrix.npz
archivalia.hypotheses.org/7404;histoire et archéologie_d, sciences sociales interdisciplinaires_d, histoire_t, approches de corpus_t, enquêtes_t, archives_t;Datasets/all_labels_train_gensim_sparse_matrix.npz
archivalia.hypotheses.org/13103;histoire et archéologie_d, sciences sociales interdisciplinaires_d, histoire_t, approches de corpus_t, enquêtes_t, archives_t;Datasets/all_labels_train_gensim_sparse_matrix.npz
1914lvr.hypotheses.org/1715;sciences politiques_d, histoire_t, époque contemporaine_t, 1914-1918_t;Datasets/all_labels_train_gensim_sparse_matrix.npz
bioeg.hypotheses.org/1725;histoire et archéologie_d, histoire_d, histoire_t, sciences auxiliaires de l'histoire_t, europe centrale et orientale_t, monde germanique_t;Datasets/all_labels_train_gensim_sparse_matrix.npz
archivewk1.hypotheses.org/14749;histoire_d, époque contemporaine_t, 1914-1918_t;Datasets/all_labels_train_gensim_sparse_matrix.npz
nordichistoryblog.hypotheses.org/2536;arts et humanités_d, histoire et archéologie_d, histoire_t, édition électronique_t, vie de la recherche_t, approches de corpus_t, enquêtes_t, archives_t, europe_t, pays baltes et scandinaves_t;Datasets/all_labels_train_gensim_sparse_matrix.npz
archivalia.hypotheses.org/57969;histoire et archéologie_d, sciences sociales interdisciplinaires_d, histoire_t, approches de corpus_t, enquêtes_t, archives_t;Datasets/all_labels_train_gensim_sparse_matrix.npz
inklusion.hypotheses.org/2381;éducation_d, travail social et politique sociale_d, sociologie du travail_t, âges de la vie_t, information_t, sciences de l'éducation_t;Datasets/all_labels_train_gensim_sparse_matrix.npz
naps.hypotheses.org/588;histoire_d, histoire_t, épistémologie et méthodes_t, approches de corpus_t, enquêtes_t, archives_t, prospectives_t, france_t, monde germanique_t;Datasets/all_labels_train_gensim_sparse_matrix.npz
archivalia.hypotheses.org/6309;histoire et archéologie_d, sciences sociales interdisciplinaires_d, histoire_t, approches de corpus_t, enquêtes_t, archives_t;Datasets/all_labels_train_gensim_sparse_matrix.npz
archivamt.hypotheses.org/297;communication_d, pluridisciplinarité_d, sciences sociales interdisciplinaires_d, information_t, sciences de l'information_t, représentations_t, patrimoine_t;Datasets/all_labels_train_gensim_sparse_matrix.npz
wenhua.hypotheses.org/1033;études asiatiques_d, humanités pluridisciplinaires_d, histoire_d, histoire culturelle_t, asie_t;Datasets/all_labels_train_gensim_sparse_matrix.npz
digigw.hypotheses.org/588;humanités pluridisciplinaires_d, histoire_t, édition électronique_t, sciences auxiliaires de l'histoire_t, digital humanities_t;Datasets/all_labels_train_gensim_sparse_matrix.npz
dgl.hypotheses.org/232;éducation spécialisée_d, histoire_d, histoire_t, histoire et sociologie des médias_t, éducation_t;Datasets/all_labels_train_gensim_sparse_matrix.npz
kindzeit.hypotheses.org/1;éducation_d, histoire_d, histoire_t, sciences de l'éducation_t, xxie siècle_t;Datasets/all_labels_train_gensim_sparse_matrix.npz
1914lvr.hypotheses.org/419;sciences politiques_d, histoire_t, époque contemporaine_t, 1914-1918_t;Datasets/all_labels_train_gensim_sparse_matrix.npz
inklusion.hypotheses.org/216;éducation_d, travail social et politique sociale_d, sociologie du travail_t, âges de la vie_t, information_t, sciences de l'éducation_t;Datasets/all_labels_train_gensim_sparse_matrix.npz
intersex.hypotheses.org/3380;histoire_d, biomédecine_d, étude des genres_t, histoire des sciences_t, histoire_t, histoire du droit_t, moyen âge_t, xxie siècle_t;Datasets/all_labels_train_gensim_sparse_matrix.npz
archivalia.hypotheses.org/54219;histoire et archéologie_d, sciences sociales interdisciplinaires_d, histoire_t, approches de corpus_t, enquêtes_t, archives_t;Datasets/all_labels_train_gensim_sparse_matrix.npz
archivewk1.hypotheses.org/21234;histoire_d, époque contemporaine_t, 1914-1918_t;Datasets/all_labels_train_gensim_sparse_matrix.npz
archivalia.hypotheses.org/12069;histoire et archéologie_d, sciences sociales interdisciplinaires_d, histoire_t, approches de corpus_t, enquêtes_t, archives_t;Datasets/all_labels_train_gensim_sparse_matrix.npz
intersex.hypotheses.org/4189;histoire_d, biomédecine_d, étude des genres_t, histoire des sciences_t, histoire_t, histoire du droit_t, moyen âge_t, xxie siècle_t;Datasets/all_labels_train_gensim_sparse_matrix.npz
archivalia.hypotheses.org/13867;histoire et archéologie_d, sciences sociales interdisciplinaires_d, histoire_t, approches de corpus_t, enquêtes_t, archives_t;Datasets/all_labels_train_gensim_sparse_matrix.npz
archivalia.hypotheses.org/8308;histoire et archéologie_d, sciences sociales interdisciplinaires_d, histoire_t, approches de corpus_t, enquêtes_t, archives_t;Datasets/all_labels_train_gensim_sparse_matrix.npz
ordensgeschichte.hypotheses.org/6584;arts et humanités_d, humanités pluridisciplinaires_d, histoire et archéologie_d, histoire et philosophie des sciences_d, histoire_t, haut moyen âge_t, bas moyen âge_t, xviie siècle_t, xviiie siècle_t;Datasets/all_labels_train_gensim_sparse_matrix.npz
archivalia.hypotheses.org/2337;histoire et archéologie_d, sciences sociales interdisciplinaires_d, histoire_t, approches de corpus_t, enquêtes_t, archives_t;Datasets/all_labels_train_gensim_sparse_matrix.npz
archivalia.hypotheses.org/1632;histoire et archéologie_d, sciences sociales interdisciplinaires_d, histoire_t, approches de corpus_t, enquêtes_t, archives_t;Datasets/all_labels_train_gensim_sparse_matrix.npz
dfmfa.hypotheses.org/21;humanités pluridisciplinaires_d, sciences sociales interdisciplinaires_d, histoire_t, moyen âge_t, haut moyen âge_t, bas moyen âge_t;Datasets/all_labels_train_gensim_sparse_matrix.npz
soziologieblog.hypotheses.org/9977;sciences sociales interdisciplinaires_d, sociologie et anthropologie_d, sociologie du travail_t, sociologie urbaine_t, sociologie de la culture_t, sociologie économique_t;Datasets/all_labels_train_gensim_sparse_matrix.npz
archivewk1.hypotheses.org/13582;histoire_d, époque contemporaine_t, 1914-1918_t;Datasets/all_labels_train_gensim_sparse_matrix.npz
callme.hypotheses.org/59;éducation et sciences de l'éducation_d, linguistique appliquée_d, linguistique_t;Datasets/all_labels_train_gensim_sparse_matrix.npz
archivalia.hypotheses.org/3094;histoire et archéologie_d, sciences sociales interdisciplinaires_d, histoire_t, approches de corpus_t, enquêtes_t, archives_t;Datasets/all_labels_train_gensim_sparse_matrix.npz
histbav.hypotheses.org/4511;humanités pluridisciplinaires_d, histoire_d, pluridisciplinarité_d, histoire_t, monde germanique_t;Datasets/all_labels_train_gensim_sparse_matrix.npz
histbav.hypotheses.org/4001;humanités pluridisciplinaires_d, histoire_d, pluridisciplinarité_d, histoire_t, monde germanique_t;Datasets/all_labels_train_gensim_sparse_matrix.npz
archivewk1.hypotheses.org/18199;histoire_d, époque contemporaine_t, 1914-1918_t;Datasets/all_labels_train_gensim_sparse_matrix.npz
archivalia.hypotheses.org/7399;histoire et archéologie_d, sciences sociales interdisciplinaires_d, histoire_t, approches de corpus_t, enquêtes_t, archives_t;Datasets/all_labels_train_gensim_sparse_matrix.npz
archivalia.hypotheses.org/13761;histoire et archéologie_d, sciences sociales interdisciplinaires_d, histoire_t, approches de corpus_t, enquêtes_t, archives_t;Datasets/all_labels_train_gensim_sparse_matrix.npz
hofordnung.hypotheses.org/46;arts et humanités_d, histoire et archéologie_d, histoire sociale_t, xvie siècle_t, xviie siècle_t, xviiie siècle_t;Datasets/all_labels_train_gensim_sparse_matrix.npz
dislab.hypotheses.org/1988;sciences sociales interdisciplinaires_d, langue et linguistique_d, sociologie des sciences_t, linguistique_t;Datasets/all_labels_train_gensim_sparse_matrix.npz
archivalia.hypotheses.org/61592;histoire et archéologie_d, sciences sociales interdisciplinaires_d, histoire_t, approches de corpus_t, enquêtes_t, archives_t;Datasets/all_labels_train_gensim_sparse_matrix.npz
archivalia.hypotheses.org/13090;histoire et archéologie_d, sciences sociales interdisciplinaires_d, histoire_t, approches de corpus_t, enquêtes_t, archives_t;Datasets/all_labels_train_gensim_sparse_matrix.npz
wppluslw.hypotheses.org/367;littérature_d, littératures_t, édition électronique_t, épistémologie et méthodes_t, approches de corpus_t, enquêtes_t, archives_t, monde germanique_t;Datasets/all_labels_train_gensim_sparse_matrix.npz
musermeku.hypotheses.org/4161;humanités pluridisciplinaires_d, pluridisciplinarité_d, sciences sociales interdisciplinaires_d, sociologie_t, sociologie de la culture_t, histoire_t, histoire politique_t;Datasets/all_labels_train_gensim_sparse_matrix.npz
1914lvr.hypotheses.org/944;sciences politiques_d, histoire_t, époque contemporaine_t, 1914-1918_t;Datasets/all_labels_train_gensim_sparse_matrix.npz
medienbildung.hypotheses.org/7171;éducation_d, éducation spécialisée_d, travail social_d, sociologie_t, édition électronique_t, histoire et sociologie des médias_t, éducation_t;Datasets/all_labels_train_gensim_sparse_matrix.npz
histbav.hypotheses.org/2799;humanités pluridisciplinaires_d, histoire_d, pluridisciplinarité_d, histoire_t, monde germanique_t;Datasets/all_labels_train_gensim_sparse_matrix.npz
histbav.hypotheses.org/3188;humanités pluridisciplinaires_d, histoire_d, pluridisciplinarité_d, histoire_t, monde germanique_t;Datasets/all_labels_train_gensim_sparse_matrix.npz
archivalia.hypotheses.org/5584;histoire et archéologie_d, sciences sociales interdisciplinaires_d, histoire_t, approches de corpus_t, enquêtes_t, archives_t;Datasets/all_labels_train_gensim_sparse_matrix.npz
archivewk1.hypotheses.org/11448;histoire_d, époque contemporaine_t, 1914-1918_t;Datasets/all_labels_train_gensim_sparse_matrix.npz
nummer.hypotheses.org/88;histoire_d, sciences de l'information et de la communication_d, bibliothéconomie_d, histoire_t, histoire intellectuelle_t, histoire et sociologie des médias_t, histoire culturelle_t;Datasets/all_labels_train_gensim_sparse_matrix.npz
archivalia.hypotheses.org/13658;histoire et archéologie_d, sciences sociales interdisciplinaires_d, histoire_t, approches de corpus_t, enquêtes_t, archives_t;Datasets/all_labels_train_gensim_sparse_matrix.npz
archivalia.hypotheses.org/14328;histoire et archéologie_d, sciences sociales interdisciplinaires_d, histoire_t, approches de corpus_t, enquêtes_t, archives_t;Datasets/all_labels_train_gensim_sparse_matrix.npz
archivalia.hypotheses.org/13075;histoire et archéologie_d, sciences sociales interdisciplinaires_d, histoire_t, approches de corpus_t, enquêtes_t, archives_t;Datasets/all_labels_train_gensim_sparse_matrix.npz
dguw.hypotheses.org/407;histoire et archéologie_d, histoire_t, historiographie_t, digital humanities_t;Datasets/all_labels_train_gensim_sparse_matrix.npz
tagebuch.hypotheses.org/678;histoire et archéologie_d, histoire_d, histoire_t, époque contemporaine_t, 1914-1918_t;Datasets/all_labels_train_gensim_sparse_matrix.npz
medienbildung.hypotheses.org/3064;éducation_d, éducation spécialisée_d, travail social_d, sociologie_t, édition électronique_t, histoire et sociologie des médias_t, éducation_t;Datasets/all_labels_train_gensim_sparse_matrix.npz
musermeku.hypotheses.org/615;humanités pluridisciplinaires_d, pluridisciplinarité_d, sciences sociales interdisciplinaires_d, sociologie_t, sociologie de la culture_t, histoire_t, histoire politique_t;Datasets/all_labels_train_gensim_sparse_matrix.npz
tagebuch.hypotheses.org/1036;histoire et archéologie_d, histoire_d, histoire_t, époque contemporaine_t, 1914-1918_t;Datasets/all_labels_train_gensim_sparse_matrix.npz
dhdhi.hypotheses.org/1630;histoire et archéologie_d, histoire_t, épistémologie et méthodes_t, digital humanities_t;Datasets/all_labels_train_gensim_sparse_matrix.npz
archivamt.hypotheses.org/630;communication_d, pluridisciplinarité_d, sciences sociales interdisciplinaires_d, information_t, sciences de l'information_t, représentations_t, patrimoine_t;Datasets/all_labels_train_gensim_sparse_matrix.npz
archivalia.hypotheses.org/11059;histoire et archéologie_d, sciences sociales interdisciplinaires_d, histoire_t, approches de corpus_t, enquêtes_t, archives_t;Datasets/all_labels_train_gensim_sparse_matrix.npz
archivalia.hypotheses.org/10279;histoire et archéologie_d, sciences sociales interdisciplinaires_d, histoire_t, approches de corpus_t, enquêtes_t, archives_t;Datasets/all_labels_train_gensim_sparse_matrix.npz
archivalia.hypotheses.org/13981;histoire et archéologie_d, sciences sociales interdisciplinaires_d, histoire_t, approches de corpus_t, enquêtes_t, archives_t;Datasets/all_labels_train_gensim_sparse_matrix.npz
feldpost.hypotheses.org/226;histoire_d, histoire_t, guerres_t, conflits_t, violence_t, histoire culturelle_t, 1914-1918_t, monde germanique_t;Datasets/all_labels_train_gensim_sparse_matrix.npz
archivalia.hypotheses.org/3357;histoire et archéologie_d, sciences sociales interdisciplinaires_d, histoire_t, approches de corpus_t, enquêtes_t, archives_t;Datasets/all_labels_train_gensim_sparse_matrix.npz
astrologiefnz.hypotheses.org/35;arts et humanités_d, humanités pluridisciplinaires_d, histoire et archéologie_d, histoire et philosophie des sciences_d, études des sciences_t, histoire intellectuelle_t, époque moderne_t, xviie siècle_t;Datasets/all_labels_train_gensim_sparse_matrix.npz
europhilomem.hypotheses.org/790;philosophie_d, philosophie_t, histoire intellectuelle_t, xxe siècle_t, prospectives_t;Datasets/all_labels_train_gensim_sparse_matrix.npz
archivewk1.hypotheses.org/29231;histoire_d, époque contemporaine_t, 1914-1918_t;Datasets/all_labels_train_gensim_sparse_matrix.npz
archivewk1.hypotheses.org/24409;histoire_d, époque contemporaine_t, 1914-1918_t;Datasets/all_labels_train_gensim_sparse_matrix.npz
archivewk1.hypotheses.org/19409;histoire_d, époque contemporaine_t, 1914-1918_t;Datasets/all_labels_train_gensim_sparse_matrix.npz
gab.hypotheses.org/461;histoire et archéologie_d, pluridisciplinarité_d, sciences sociales interdisciplinaires_d, études des sciences_t, sociologie des sciences_t, histoire_t;Datasets/all_labels_train_gensim_sparse_matrix.npz
jeunegen.hypotheses.org/176;histoire_d, pluridisciplinarité_d, histoire_t, vie de la recherche_t, moyen âge_t, haut moyen âge_t, bas moyen âge_t;Datasets/all_labels_train_gensim_sparse_matrix.npz
archivewk1.hypotheses.org/26191;histoire_d, époque contemporaine_t, 1914-1918_t;Datasets/all_labels_train_gensim_sparse_matrix.npz
maxweber.hypotheses.org/516;humanités pluridisciplinaires_d, histoire et archéologie_d, histoire et philosophie des sciences_d, sociologie et anthropologie_d, histoire sociale_t, histoire intellectuelle_t, sociologie des religions_t, vie de la recherche_t;Datasets/all_labels_train_gensim_sparse_matrix.npz
bioeg.hypotheses.org/1238;histoire et archéologie_d, histoire_d, histoire_t, sciences auxiliaires de l'histoire_t, europe centrale et orientale_t, monde germanique_t;Datasets/all_labels_train_gensim_sparse_matrix.npz
soziologieblog.hypotheses.org/6707;sciences sociales interdisciplinaires_d, sociologie et anthropologie_d, sociologie du travail_t, sociologie urbaine_t, sociologie de la culture_t, sociologie économique_t;Datasets/all_labels_train_gensim_sparse_matrix.npz
trafo.hypotheses.org/5387;pluridisciplinarité_d, sciences sociales interdisciplinaires_d, études régionales_d, sociologie_t, sociologie des religions_t, information_t, histoire culturelle_t;Datasets/all_labels_train_gensim_sparse_matrix.npz
archivalia.hypotheses.org/13989;histoire et archéologie_d, sciences sociales interdisciplinaires_d, histoire_t, approches de corpus_t, enquêtes_t, archives_t;Datasets/all_labels_train_gensim_sparse_matrix.npz
archivewk1.hypotheses.org/14172;histoire_d, époque contemporaine_t, 1914-1918_t;Datasets/all_labels_train_gensim_sparse_matrix.npz
dss.hypotheses.org/869;arts et humanités_d, communication_d, sciences de l'information et bibliothéconomie_d, information_t, édition électronique_t, représentations_t, histoire de l'art_t, patrimoine_t, prospectives_t;Datasets/all_labels_train_gensim_sparse_matrix.npz
archive20.hypotheses.org/149;pluridisciplinarité_d, sciences sociales interdisciplinaires_d, histoire_t, information_t, patrimoine_t, monde germanique_t;Datasets/all_labels_train_gensim_sparse_matrix.npz
1914lvr.hypotheses.org/51;sciences politiques_d, histoire_t, époque contemporaine_t, 1914-1918_t;Datasets/all_labels_train_gensim_sparse_matrix.npz
archivewk1.hypotheses.org/519;histoire_d, époque contemporaine_t, 1914-1918_t;Datasets/all_labels_train_gensim_sparse_matrix.npz
histbav.hypotheses.org/4752;humanités pluridisciplinaires_d, histoire_d, pluridisciplinarité_d, histoire_t, monde germanique_t;Datasets/all_labels_train_gensim_sparse_matrix.npz
gab.hypotheses.org/3153;histoire et archéologie_d, pluridisciplinarité_d, sciences sociales interdisciplinaires_d, études des sciences_t, sociologie des sciences_t, histoire_t;Datasets/all_labels_train_gensim_sparse_matrix.npz
dokunstlmu.hypotheses.org/1661;arts et humanités_d, histoire intellectuelle_t;Datasets/all_labels_train_gensim_sparse_matrix.npz
archivewk1.hypotheses.org/9250;histoire_d, époque contemporaine_t, 1914-1918_t;Datasets/all_labels_train_gensim_sparse_matrix.npz
archivewk1.hypotheses.org/6365;histoire_d, époque contemporaine_t, 1914-1918_t;Datasets/all_labels_train_gensim_sparse_matrix.npz
archivalia.hypotheses.org/2882;histoire et archéologie_d, sciences sociales interdisciplinaires_d, histoire_t, approches de corpus_t, enquêtes_t, archives_t;Datasets/all_labels_train_gensim_sparse_matrix.npz
archivalia.hypotheses.org/8438;histoire et archéologie_d, sciences sociales interdisciplinaires_d, histoire_t, approches de corpus_t, enquêtes_t, archives_t;Datasets/all_labels_train_gensim_sparse_matrix.npz
ordensgeschichte.hypotheses.org/3631;arts et humanités_d, humanités pluridisciplinaires_d, histoire et archéologie_d, histoire et philosophie des sciences_d, histoire_t, haut moyen âge_t, bas moyen âge_t, xviie siècle_t, xviiie siècle_t;Datasets/all_labels_train_gensim_sparse_matrix.npz
dwgd.hypotheses.org/139;éducation_d, histoire_d, histoire des sciences sociales_d, histoire_t, éducation_t, sciences de l'éducation_t;Datasets/all_labels_train_gensim_sparse_matrix.npz
wenhua.hypotheses.org/1634;études asiatiques_d, humanités pluridisciplinaires_d, histoire_d, histoire culturelle_t, asie_t;Datasets/all_labels_train_gensim_sparse_matrix.npz
archivewk1.hypotheses.org/28076;histoire_d, époque contemporaine_t, 1914-1918_t;Datasets/all_labels_train_gensim_sparse_matrix.npz
tagebuch.hypotheses.org/1255;histoire et archéologie_d, histoire_d, histoire_t, époque contemporaine_t, 1914-1918_t;Datasets/all_labels_train_gensim_sparse_matrix.npz
gab.hypotheses.org/773;histoire et archéologie_d, pluridisciplinarité_d, sciences sociales interdisciplinaires_d, études des sciences_t, sociologie des sciences_t, histoire_t;Datasets/all_labels_train_gensim_sparse_matrix.npz
archivewk1.hypotheses.org/14002;histoire_d, époque contemporaine_t, 1914-1918_t;Datasets/all_labels_train_gensim_sparse_matrix.npz
games.hypotheses.org/2082;arts et humanités_d, humanités pluridisciplinaires_d, psychologie expérimentale_d, sciences cognitives_t, psychisme_t, psychologie_t, représentations_t, histoire de l'art_t, études visuelles_t;Datasets/all_labels_train_gensim_sparse_matrix.npz
archivalia.hypotheses.org/9188;histoire et archéologie_d, sciences sociales interdisciplinaires_d, histoire_t, approches de corpus_t, enquêtes_t, archives_t;Datasets/all_labels_train_gensim_sparse_matrix.npz
intersex.hypotheses.org/354;histoire_d, biomédecine_d, étude des genres_t, histoire des sciences_t, histoire_t, histoire du droit_t, moyen âge_t, xxie siècle_t;Datasets/all_labels_train_gensim_sparse_matrix.npz
nordichistoryblog.hypotheses.org/98;arts et humanités_d, histoire et archéologie_d, histoire_t, édition électronique_t, vie de la recherche_t, approches de corpus_t, enquêtes_t, archives_t, europe_t, pays baltes et scandinaves_t;Datasets/all_labels_train_gensim_sparse_matrix.npz
archivalia.hypotheses.org/12194;histoire et archéologie_d, sciences sociales interdisciplinaires_d, histoire_t, approches de corpus_t, enquêtes_t, archives_t;Datasets/all_labels_train_gensim_sparse_matrix.npz
gra.hypotheses.org/2232;arts et humanités_d, communication_d, sciences de l'information et bibliothéconomie_d, représentations_t, histoire culturelle_t, histoire de l'art_t, études visuelles_t;Datasets/all_labels_train_gensim_sparse_matrix.npz
archivalia.hypotheses.org/61126;histoire et archéologie_d, sciences sociales interdisciplinaires_d, histoire_t, approches de corpus_t, enquêtes_t, archives_t;Datasets/all_labels_train_gensim_sparse_matrix.npz
zakunibonn.hypotheses.org/1558;histoire_d, psychologie_d, histoire_t, psychisme_t, psychologie_t, méthodes de traitement et de représentation_t, monde germanique_t;Datasets/all_labels_train_gensim_sparse_matrix.npz
archivewk1.hypotheses.org/23333;histoire_d, époque contemporaine_t, 1914-1918_t;Datasets/all_labels_train_gensim_sparse_matrix.npz
archivalia.hypotheses.org/6227;histoire et archéologie_d, sciences sociales interdisciplinaires_d, histoire_t, approches de corpus_t, enquêtes_t, archives_t;Datasets/all_labels_train_gensim_sparse_matrix.npz
archivewk1.hypotheses.org/29820;histoire_d, époque contemporaine_t, 1914-1918_t;Datasets/all_labels_train_gensim_sparse_matrix.npz
histbav.hypotheses.org/4535;humanités pluridisciplinaires_d, histoire_d, pluridisciplinarité_d, histoire_t, monde germanique_t;Datasets/all_labels_train_gensim_sparse_matrix.npz
mittelalter.hypotheses.org/1895;humanités pluridisciplinaires_d, religions_d, histoire_d, sociologie_d, histoire_t, histoire sociale_t, histoire intellectuelle_t, moyen âge_t, haut moyen âge_t, bas moyen âge_t;Datasets/all_labels_train_gensim_sparse_matrix.npz
archivalia.hypotheses.org/2642;histoire et archéologie_d, sciences sociales interdisciplinaires_d, histoire_t, approches de corpus_t, enquêtes_t, archives_t;Datasets/all_labels_train_gensim_sparse_matrix.npz
archivamt.hypotheses.org/1963;communication_d, pluridisciplinarité_d, sciences sociales interdisciplinaires_d, information_t, sciences de l'information_t, représentations_t, patrimoine_t;Datasets/all_labels_train_gensim_sparse_matrix.npz
archive20.hypotheses.org/1093;pluridisciplinarité_d, sciences sociales interdisciplinaires_d, histoire_t, information_t, patrimoine_t, monde germanique_t;Datasets/all_labels_train_gensim_sparse_matrix.npz
nofoblog.hypotheses.org/169;arts et humanités_d, sciences sociales interdisciplinaires_d, sciences politiques_d, administration publique et développement_d, relations internationales_t, histoire intellectuelle_t, information_t, histoire culturelle_t, pays baltes et scandinaves_t;Datasets/all_labels_train_gensim_sparse_matrix.npz
lvrafz.hypotheses.org/1556;pluridisciplinarité_d, information_t;Datasets/all_labels_train_gensim_sparse_matrix.npz
archivalia.hypotheses.org/12354;histoire et archéologie_d, sciences sociales interdisciplinaires_d, histoire_t, approches de corpus_t, enquêtes_t, archives_t;Datasets/all_labels_train_gensim_sparse_matrix.npz
archivalia.hypotheses.org/610;histoire et archéologie_d, sciences sociales interdisciplinaires_d, histoire_t, approches de corpus_t, enquêtes_t, archives_t;Datasets/all_labels_train_gensim_sparse_matrix.npz
archivalia.hypotheses.org/3818;histoire et archéologie_d, sciences sociales interdisciplinaires_d, histoire_t, approches de corpus_t, enquêtes_t, archives_t;Datasets/all_labels_train_gensim_sparse_matrix.npz
archivewk1.hypotheses.org/20400;histoire_d, époque contemporaine_t, 1914-1918_t;Datasets/all_labels_train_gensim_sparse_matrix.npz
archivalia.hypotheses.org/14144;histoire et archéologie_d, sciences sociales interdisciplinaires_d, histoire_t, approches de corpus_t, enquêtes_t, archives_t;Datasets/all_labels_train_gensim_sparse_matrix.npz
archivalia.hypotheses.org/57871;histoire et archéologie_d, sciences sociales interdisciplinaires_d, histoire_t, approches de corpus_t, enquêtes_t, archives_t;Datasets/all_labels_train_gensim_sparse_matrix.npz
archives.hypotheses.org/742;histoire_d, communication_d, patrimoine_t, digital humanities_t, moyen âge_t, époque moderne_t, france_t, monde germanique_t;Datasets/all_labels_train_gensim_sparse_matrix.npz
histbav.hypotheses.org/3781;humanités pluridisciplinaires_d, histoire_d, pluridisciplinarité_d, histoire_t, monde germanique_t;Datasets/all_labels_train_gensim_sparse_matrix.npz
astrologiefnz.hypotheses.org/407;arts et humanités_d, humanités pluridisciplinaires_d, histoire et archéologie_d, histoire et philosophie des sciences_d, études des sciences_t, histoire intellectuelle_t, époque moderne_t, xviie siècle_t;Datasets/all_labels_train_gensim_sparse_matrix.npz
philophiso.hypotheses.org/282;philosophie_d, éducation_d, éducation spécialisée_d, pensée_t, philosophie_t, représentations_t, patrimoine_t;Datasets/all_labels_train_gensim_sparse_matrix.npz
gab.hypotheses.org/1444;histoire et archéologie_d, pluridisciplinarité_d, sciences sociales interdisciplinaires_d, études des sciences_t, sociologie des sciences_t, histoire_t;Datasets/all_labels_train_gensim_sparse_matrix.npz
archivalia.hypotheses.org/11335;histoire et archéologie_d, sciences sociales interdisciplinaires_d, histoire_t, approches de corpus_t, enquêtes_t, archives_t;Datasets/all_labels_train_gensim_sparse_matrix.npz
archivalia.hypotheses.org/5010;histoire et archéologie_d, sciences sociales interdisciplinaires_d, histoire_t, approches de corpus_t, enquêtes_t, archives_t;Datasets/all_labels_train_gensim_sparse_matrix.npz
archivalia.hypotheses.org/6466;histoire et archéologie_d, sciences sociales interdisciplinaires_d, histoire_t, approches de corpus_t, enquêtes_t, archives_t;Datasets/all_labels_train_gensim_sparse_matrix.npz
frueheneuzeit.hypotheses.org/1348;histoire et archéologie_d, histoire_t, époque moderne_t, xviie siècle_t, xviiie siècle_t, révolution française_t;Datasets/all_labels_train_gensim_sparse_matrix.npz
archivalia.hypotheses.org/56331;histoire et archéologie_d, sciences sociales interdisciplinaires_d, histoire_t, approches de corpus_t, enquêtes_t, archives_t;Datasets/all_labels_train_gensim_sparse_matrix.npz
archivalia.hypotheses.org/9491;histoire et archéologie_d, sciences sociales interdisciplinaires_d, histoire_t, approches de corpus_t, enquêtes_t, archives_t;Datasets/all_labels_train_gensim_sparse_matrix.npz
adngwdng.hypotheses.org/127;histoire_d, histoire politique_t, historiographie_t, xxe siècle_t, monde germanique_t;Datasets/all_labels_train_gensim_sparse_matrix.npz
gid.hypotheses.org/394;pluridisciplinarité_d, sciences sociales interdisciplinaires_d, études des sciences_t, histoire des sciences_t, pensée_t, histoire intellectuelle_t, histoire culturelle_t, prospectives_t;Datasets/all_labels_train_gensim_sparse_matrix.npz
dkblog.hypotheses.org/1023;histoire_d, histoire_t, époque moderne_t, xviie siècle_t;Datasets/all_labels_train_gensim_sparse_matrix.npz
soziologieblog.hypotheses.org/8826;sciences sociales interdisciplinaires_d, sociologie et anthropologie_d, sociologie du travail_t, sociologie urbaine_t, sociologie de la culture_t, sociologie économique_t;Datasets/all_labels_train_gensim_sparse_matrix.npz
frueheneuzeit.hypotheses.org/2046;histoire et archéologie_d, histoire_t, époque moderne_t, xviie siècle_t, xviiie siècle_t, révolution française_t;Datasets/all_labels_train_gensim_sparse_matrix.npz
archivewk1.hypotheses.org/20365;histoire_d, époque contemporaine_t, 1914-1918_t;Datasets/all_labels_train_gensim_sparse_matrix.npz
geschichtsadmin.hypotheses.org/352;éducation_d, histoire_d, sociologie du travail_t, histoire_t;Datasets/all_labels_train_gensim_sparse_matrix.npz
kinder.hypotheses.org/1324;éducation et sciences de l'éducation_d, études sur la famille_d, âges de la vie_t, sciences de l'éducation_t;Datasets/all_labels_train_gensim_sparse_matrix.npz
histbav.hypotheses.org/4096;humanités pluridisciplinaires_d, histoire_d, pluridisciplinarité_d, histoire_t, monde germanique_t;Datasets/all_labels_train_gensim_sparse_matrix.npz
archivalia.hypotheses.org/10995;histoire et archéologie_d, sciences sociales interdisciplinaires_d, histoire_t, approches de corpus_t, enquêtes_t, archives_t;Datasets/all_labels_train_gensim_sparse_matrix.npz
inklusion.hypotheses.org/834;éducation_d, travail social et politique sociale_d, sociologie du travail_t, âges de la vie_t, information_t, sciences de l'éducation_t;Datasets/all_labels_train_gensim_sparse_matrix.npz
maxweber.hypotheses.org/447;humanités pluridisciplinaires_d, histoire et archéologie_d, histoire et philosophie des sciences_d, sociologie et anthropologie_d, histoire sociale_t, histoire intellectuelle_t, sociologie des religions_t, vie de la recherche_t;Datasets/all_labels_train_gensim_sparse_matrix.npz
medienbildung.hypotheses.org/1489;éducation_d, éducation spécialisée_d, travail social_d, sociologie_t, édition électronique_t, histoire et sociologie des médias_t, éducation_t;Datasets/all_labels_train_gensim_sparse_matrix.npz
artincrisis.hypotheses.org/1186;arts et humanités_d, représentations_t, histoire de l'art_t, époque contemporaine_t, 1939-1945_t, monde germanique_t;Datasets/all_labels_train_gensim_sparse_matrix.npz
gelerndig.hypotheses.org/520;éducation_d, éducation spécialisée_d, histoire_d, histoire_t, éducation_t, édition électronique_t, histoire et sociologie des médias_t;Datasets/all_labels_train_gensim_sparse_matrix.npz
archivalia.hypotheses.org/5551;histoire et archéologie_d, sciences sociales interdisciplinaires_d, histoire_t, approches de corpus_t, enquêtes_t, archives_t;Datasets/all_labels_train_gensim_sparse_matrix.npz
dss.hypotheses.org/766;arts et humanités_d, communication_d, sciences de l'information et bibliothéconomie_d, information_t, édition électronique_t, représentations_t, histoire de l'art_t, patrimoine_t, prospectives_t;Datasets/all_labels_train_gensim_sparse_matrix.npz
archivalia.hypotheses.org/11801;histoire et archéologie_d, sciences sociales interdisciplinaires_d, histoire_t, approches de corpus_t, enquêtes_t, archives_t;Datasets/all_labels_train_gensim_sparse_matrix.npz
inklusion.hypotheses.org/114;éducation_d, travail social et politique sociale_d, sociologie du travail_t, âges de la vie_t, information_t, sciences de l'éducation_t;Datasets/all_labels_train_gensim_sparse_matrix.npz
archivewk1.hypotheses.org/7183;histoire_d, époque contemporaine_t, 1914-1918_t;Datasets/all_labels_train_gensim_sparse_matrix.npz
archivalia.hypotheses.org/1058;histoire et archéologie_d, sciences sociales interdisciplinaires_d, histoire_t, approches de corpus_t, enquêtes_t, archives_t;Datasets/all_labels_train_gensim_sparse_matrix.npz
erinnerung.hypotheses.org/1020;histoire et archéologie_d, histoire_t, xxe siècle_t, prospectives_t, europe_t;Datasets/all_labels_train_gensim_sparse_matrix.npz
archivewk1.hypotheses.org/29841;histoire_d, époque contemporaine_t, 1914-1918_t;Datasets/all_labels_train_gensim_sparse_matrix.npz
19jhdhip.hypotheses.org/1056;histoire_d, époque contemporaine_t, prospectives_t, france_t, monde germanique_t;Datasets/all_labels_train_gensim_sparse_matrix.npz
archivewk1.hypotheses.org/33787;histoire_d, époque contemporaine_t, 1914-1918_t;Datasets/all_labels_train_gensim_sparse_matrix.npz
heraldica.hypotheses.org/2707;histoire_d, histoire_t, historiographie_t, sciences auxiliaires de l'histoire_t, moyen âge_t, haut moyen âge_t;Datasets/all_labels_train_gensim_sparse_matrix.npz
beruf.hypotheses.org/409;histoire et archéologie_d, histoire_d, histoire_t;Datasets/all_labels_train_gensim_sparse_matrix.npz
archivalia.hypotheses.org/10081;histoire et archéologie_d, sciences sociales interdisciplinaires_d, histoire_t, approches de corpus_t, enquêtes_t, archives_t;Datasets/all_labels_train_gensim_sparse_matrix.npz
archivewk1.hypotheses.org/4053;histoire_d, époque contemporaine_t, 1914-1918_t;Datasets/all_labels_train_gensim_sparse_matrix.npz
archivalia.hypotheses.org/14313;histoire et archéologie_d, sciences sociales interdisciplinaires_d, histoire_t, approches de corpus_t, enquêtes_t, archives_t;Datasets/all_labels_train_gensim_sparse_matrix.npz
archivamt.hypotheses.org/2985;communication_d, pluridisciplinarité_d, sciences sociales interdisciplinaires_d, information_t, sciences de l'information_t, représentations_t, patrimoine_t;Datasets/all_labels_train_gensim_sparse_matrix.npz
lvrafz.hypotheses.org/2151;pluridisciplinarité_d, information_t;Datasets/all_labels_train_gensim_sparse_matrix.npz
archivewk1.hypotheses.org/11807;histoire_d, époque contemporaine_t, 1914-1918_t;Datasets/all_labels_train_gensim_sparse_matrix.npz
ordensgeschichte.hypotheses.org/9019;arts et humanités_d, humanités pluridisciplinaires_d, histoire et archéologie_d, histoire et philosophie des sciences_d, histoire_t, haut moyen âge_t, bas moyen âge_t, xviie siècle_t, xviiie siècle_t;Datasets/all_labels_train_gensim_sparse_matrix.npz
games.hypotheses.org/1146;arts et humanités_d, humanités pluridisciplinaires_d, psychologie expérimentale_d, sciences cognitives_t, psychisme_t, psychologie_t, représentations_t, histoire de l'art_t, études visuelles_t;Datasets/all_labels_train_gensim_sparse_matrix.npz
histbav.hypotheses.org/5008;humanités pluridisciplinaires_d, histoire_d, pluridisciplinarité_d, histoire_t, monde germanique_t;Datasets/all_labels_train_gensim_sparse_matrix.npz
games.hypotheses.org/1550;arts et humanités_d, humanités pluridisciplinaires_d, psychologie expérimentale_d, sciences cognitives_t, psychisme_t, psychologie_t, représentations_t, histoire de l'art_t, études visuelles_t;Datasets/all_labels_train_gensim_sparse_matrix.npz
reichwein.hypotheses.org/1366;histoire et archéologie_d, histoire des sciences_t, 1945-1989_t;Datasets/all_labels_train_gensim_sparse_matrix.npz
archivewk1.hypotheses.org/30643;histoire_d, époque contemporaine_t, 1914-1918_t;Datasets/all_labels_train_gensim_sparse_matrix.npz
archivalia.hypotheses.org/13756;histoire et archéologie_d, sciences sociales interdisciplinaires_d, histoire_t, approches de corpus_t, enquêtes_t, archives_t;Datasets/all_labels_train_gensim_sparse_matrix.npz
archivalia.hypotheses.org/8229;histoire et archéologie_d, sciences sociales interdisciplinaires_d, histoire_t, approches de corpus_t, enquêtes_t, archives_t;Datasets/all_labels_train_gensim_sparse_matrix.npz
archivalia.hypotheses.org/5783;histoire et archéologie_d, sciences sociales interdisciplinaires_d, histoire_t, approches de corpus_t, enquêtes_t, archives_t;Datasets/all_labels_train_gensim_sparse_matrix.npz
vgdrp.hypotheses.org/204;éducation_d, histoire des sciences sociales_d, histoire_t, histoire économique_t, histoire industrielle_t, histoire urbaine_t, histoire sociale_t;Datasets/all_labels_train_gensim_sparse_matrix.npz
feldpost.hypotheses.org/792;histoire_d, histoire_t, guerres_t, conflits_t, violence_t, histoire culturelle_t, 1914-1918_t, monde germanique_t;Datasets/all_labels_train_gensim_sparse_matrix.npz
wwc.hypotheses.org/222;humanités pluridisciplinaires_d, pluridisciplinarité_d, études régionales_d, relations internationales_t, information_t, représentations_t;Datasets/all_labels_train_gensim_sparse_matrix.npz
feldpost.hypotheses.org/468;histoire_d, histoire_t, guerres_t, conflits_t, violence_t, histoire culturelle_t, 1914-1918_t, monde germanique_t;Datasets/all_labels_train_gensim_sparse_matrix.npz
archivalia.hypotheses.org/11928;histoire et archéologie_d, sciences sociales interdisciplinaires_d, histoire_t, approches de corpus_t, enquêtes_t, archives_t;Datasets/all_labels_train_gensim_sparse_matrix.npz
archives.hypotheses.org/421;histoire_d, communication_d, patrimoine_t, digital humanities_t, moyen âge_t, époque moderne_t, france_t, monde germanique_t;Datasets/all_labels_train_gensim_sparse_matrix.npz
jeunegen.hypotheses.org/213;histoire_d, pluridisciplinarité_d, histoire_t, vie de la recherche_t, moyen âge_t, haut moyen âge_t, bas moyen âge_t;Datasets/all_labels_train_gensim_sparse_matrix.npz
archivewk1.hypotheses.org/28573;histoire_d, époque contemporaine_t, 1914-1918_t;Datasets/all_labels_train_gensim_sparse_matrix.npz
uegg.hypotheses.org/197;histoire_d, histoire_t, histoire politique_t, époque contemporaine_t, xxe siècle_t, prospectives_t;Datasets/all_labels_train_gensim_sparse_matrix.npz
jeunegen.hypotheses.org/1783;histoire_d, pluridisciplinarité_d, histoire_t, vie de la recherche_t, moyen âge_t, haut moyen âge_t, bas moyen âge_t;Datasets/all_labels_train_gensim_sparse_matrix.npz
fortifica.hypotheses.org/1186;histoire et archéologie_d, histoire_d, histoire urbaine_t, xvie siècle_t, xviie siècle_t, xviiie siècle_t;Datasets/all_labels_train_gensim_sparse_matrix.npz
ordensgeschichte.hypotheses.org/7788;arts et humanités_d, humanités pluridisciplinaires_d, histoire et archéologie_d, histoire et philosophie des sciences_d, histoire_t, haut moyen âge_t, bas moyen âge_t, xviie siècle_t, xviiie siècle_t;Datasets/all_labels_train_gensim_sparse_matrix.npz
frueheneuzeit.hypotheses.org/2006;histoire et archéologie_d, histoire_t, époque moderne_t, xviie siècle_t, xviiie siècle_t, révolution française_t;Datasets/all_labels_train_gensim_sparse_matrix.npz
archivalia.hypotheses.org/12972;histoire et archéologie_d, sciences sociales interdisciplinaires_d, histoire_t, approches de corpus_t, enquêtes_t, archives_t;Datasets/all_labels_train_gensim_sparse_matrix.npz
archivalia.hypotheses.org/10682;histoire et archéologie_d, sciences sociales interdisciplinaires_d, histoire_t, approches de corpus_t, enquêtes_t, archives_t;Datasets/all_labels_train_gensim_sparse_matrix.npz
archivalia.hypotheses.org/11142;histoire et archéologie_d, sciences sociales interdisciplinaires_d, histoire_t, approches de corpus_t, enquêtes_t, archives_t;Datasets/all_labels_train_gensim_sparse_matrix.npz
archivewk1.hypotheses.org/21153;histoire_d, époque contemporaine_t, 1914-1918_t;Datasets/all_labels_train_gensim_sparse_matrix.npz
dkblog.hypotheses.org/525;histoire_d, histoire_t, époque moderne_t, xviie siècle_t;Datasets/all_labels_train_gensim_sparse_matrix.npz
feldpost.hypotheses.org/441;histoire_d, histoire_t, guerres_t, conflits_t, violence_t, histoire culturelle_t, 1914-1918_t, monde germanique_t;Datasets/all_labels_train_gensim_sparse_matrix.npz
bereschitrabba.hypotheses.org/677;arts et humanités_d, religions_d, langue et linguistique_d, religions_t, histoire des religions_t;Datasets/all_labels_train_gensim_sparse_matrix.npz
archivalia.hypotheses.org/13764;histoire et archéologie_d, sciences sociales interdisciplinaires_d, histoire_t, approches de corpus_t, enquêtes_t, archives_t;Datasets/all_labels_train_gensim_sparse_matrix.npz
tagebuch.hypotheses.org/1054;histoire et archéologie_d, histoire_d, histoire_t, époque contemporaine_t, 1914-1918_t;Datasets/all_labels_train_gensim_sparse_matrix.npz
dgl.hypotheses.org/598;éducation spécialisée_d, histoire_d, histoire_t, histoire et sociologie des médias_t, éducation_t;Datasets/all_labels_train_gensim_sparse_matrix.npz
archivewk1.hypotheses.org/12278;histoire_d, époque contemporaine_t, 1914-1918_t;Datasets/all_labels_train_gensim_sparse_matrix.npz
netzwerk.hypotheses.org/2009;histoire et archéologie_d, histoire urbaine_t, histoire sociale_t, histoire intellectuelle_t, époque contemporaine_t;Datasets/all_labels_train_gensim_sparse_matrix.npz
gab.hypotheses.org/1689;histoire et archéologie_d, pluridisciplinarité_d, sciences sociales interdisciplinaires_d, études des sciences_t, sociologie des sciences_t, histoire_t;Datasets/all_labels_train_gensim_sparse_matrix.npz
archivalia.hypotheses.org/60906;histoire et archéologie_d, sciences sociales interdisciplinaires_d, histoire_t, approches de corpus_t, enquêtes_t, archives_t;Datasets/all_labels_train_gensim_sparse_matrix.npz
bioeg.hypotheses.org/1773;histoire et archéologie_d, histoire_d, histoire_t, sciences auxiliaires de l'histoire_t, europe centrale et orientale_t, monde germanique_t;Datasets/all_labels_train_gensim_sparse_matrix.npz
archivewk1.hypotheses.org/11313;histoire_d, époque contemporaine_t, 1914-1918_t;Datasets/all_labels_train_gensim_sparse_matrix.npz
feldpost.hypotheses.org/398;histoire_d, histoire_t, guerres_t, conflits_t, violence_t, histoire culturelle_t, 1914-1918_t, monde germanique_t;Datasets/all_labels_train_gensim_sparse_matrix.npz
dfmfa.hypotheses.org/1943;humanités pluridisciplinaires_d, sciences sociales interdisciplinaires_d, histoire_t, moyen âge_t, haut moyen âge_t, bas moyen âge_t;Datasets/all_labels_train_gensim_sparse_matrix.npz
schotten.hypotheses.org/321;religions_d, histoire et archéologie_d, sciences de l'information et de la communication_d, bibliothéconomie_d, histoire_t, histoire des religions_t, approches de corpus_t, enquêtes_t, archives_t, monde germanique_t;Datasets/all_labels_train_gensim_sparse_matrix.npz
jeunegen.hypotheses.org/151;histoire_d, pluridisciplinarité_d, histoire_t, vie de la recherche_t, moyen âge_t, haut moyen âge_t, bas moyen âge_t;Datasets/all_labels_train_gensim_sparse_matrix.npz
archivalia.hypotheses.org/1403;histoire et archéologie_d, sciences sociales interdisciplinaires_d, histoire_t, approches de corpus_t, enquêtes_t, archives_t;Datasets/all_labels_train_gensim_sparse_matrix.npz
archivalia.hypotheses.org/5950;histoire et archéologie_d, sciences sociales interdisciplinaires_d, histoire_t, approches de corpus_t, enquêtes_t, archives_t;Datasets/all_labels_train_gensim_sparse_matrix.npz
guerre-froide.hypotheses.org/992;histoire_d, relations internationales_t, histoire culturelle_t, 1945-1989_t;Datasets/all_labels_train_gensim_sparse_matrix.npz
mittelalter.hypotheses.org/861;humanités pluridisciplinaires_d, religions_d, histoire_d, sociologie_d, histoire_t, histoire sociale_t, histoire intellectuelle_t, moyen âge_t, haut moyen âge_t, bas moyen âge_t;Datasets/all_labels_train_gensim_sparse_matrix.npz
tagebuch.hypotheses.org/355;histoire et archéologie_d, histoire_d, histoire_t, époque contemporaine_t, 1914-1918_t;Datasets/all_labels_train_gensim_sparse_matrix.npz
archivewk1.hypotheses.org/6155;histoire_d, époque contemporaine_t, 1914-1918_t;Datasets/all_labels_train_gensim_sparse_matrix.npz
archivewk1.hypotheses.org/27586;histoire_d, époque contemporaine_t, 1914-1918_t;Datasets/all_labels_train_gensim_sparse_matrix.npz
archivalia.hypotheses.org/55289;histoire et archéologie_d, sciences sociales interdisciplinaires_d, histoire_t, approches de corpus_t, enquêtes_t, archives_t;Datasets/all_labels_train_gensim_sparse_matrix.npz
gra.hypotheses.org/1623;arts et humanités_d, communication_d, sciences de l'information et bibliothéconomie_d, représentations_t, histoire culturelle_t, histoire de l'art_t, études visuelles_t;Datasets/all_labels_train_gensim_sparse_matrix.npz
coop.hypotheses.org/241;histoire et archéologie_d, sciences sociales interdisciplinaires_d, histoire urbaine_t, information_t;Datasets/all_labels_train_gensim_sparse_matrix.npz
dighist.hypotheses.org/1147;histoire_d, sciences sociales interdisciplinaires_d, études sur la famille_d, sociologie_d, histoire urbaine_t, histoire sociale_t, europe centrale et orientale_t;Datasets/all_labels_train_gensim_sparse_matrix.npz
intersex.hypotheses.org/2852;histoire_d, biomédecine_d, étude des genres_t, histoire des sciences_t, histoire_t, histoire du droit_t, moyen âge_t, xxie siècle_t;Datasets/all_labels_train_gensim_sparse_matrix.npz
archivalia.hypotheses.org/13020;histoire et archéologie_d, sciences sociales interdisciplinaires_d, histoire_t, approches de corpus_t, enquêtes_t, archives_t;Datasets/all_labels_train_gensim_sparse_matrix.npz
wenhua.hypotheses.org/182;études asiatiques_d, humanités pluridisciplinaires_d, histoire_d, histoire culturelle_t, asie_t;Datasets/all_labels_train_gensim_sparse_matrix.npz
archives.hypotheses.org/1107;histoire_d, communication_d, patrimoine_t, digital humanities_t, moyen âge_t, époque moderne_t, france_t, monde germanique_t;Datasets/all_labels_train_gensim_sparse_matrix.npz
mgtud.hypotheses.org/156;humanités pluridisciplinaires_d, éducation_d, histoire et archéologie_d, histoire_d, histoire_t, histoire urbaine_t, édition électronique_t;Datasets/all_labels_train_gensim_sparse_matrix.npz
archivalia.hypotheses.org/10600;histoire et archéologie_d, sciences sociales interdisciplinaires_d, histoire_t, approches de corpus_t, enquêtes_t, archives_t;Datasets/all_labels_train_gensim_sparse_matrix.npz
archivalia.hypotheses.org/52180;histoire et archéologie_d, sciences sociales interdisciplinaires_d, histoire_t, approches de corpus_t, enquêtes_t, archives_t;Datasets/all_labels_train_gensim_sparse_matrix.npz
hsc.hypotheses.org/267;arts et humanités_d, humanités pluridisciplinaires_d, histoire et archéologie_d, histoire_t, historiographie_t;Datasets/all_labels_train_gensim_sparse_matrix.npz
archivalia.hypotheses.org/4033;histoire et archéologie_d, sciences sociales interdisciplinaires_d, histoire_t, approches de corpus_t, enquêtes_t, archives_t;Datasets/all_labels_train_gensim_sparse_matrix.npz
histbav.hypotheses.org/2709;humanités pluridisciplinaires_d, histoire_d, pluridisciplinarité_d, histoire_t, monde germanique_t;Datasets/all_labels_train_gensim_sparse_matrix.npz
archivewk1.hypotheses.org/8022;histoire_d, époque contemporaine_t, 1914-1918_t;Datasets/all_labels_train_gensim_sparse_matrix.npz
fnzinfo.hypotheses.org/262;arts et humanités_d, musique_d, histoire et archéologie_d, histoire_t, xvie siècle_t, xviie siècle_t, xviiie siècle_t, révolution française_t;Datasets/all_labels_train_gensim_sparse_matrix.npz
histbav.hypotheses.org/952;humanités pluridisciplinaires_d, histoire_d, pluridisciplinarité_d, histoire_t, monde germanique_t;Datasets/all_labels_train_gensim_sparse_matrix.npz
artincrisis.hypotheses.org/408;arts et humanités_d, représentations_t, histoire de l'art_t, époque contemporaine_t, 1939-1945_t, monde germanique_t;Datasets/all_labels_train_gensim_sparse_matrix.npz
archivalia.hypotheses.org/7353;histoire et archéologie_d, sciences sociales interdisciplinaires_d, histoire_t, approches de corpus_t, enquêtes_t, archives_t;Datasets/all_labels_train_gensim_sparse_matrix.npz
anthropologicalmaterialism.hypotheses.org/1458;sociologie_t, philosophie_t;Datasets/all_labels_train_gensim_sparse_matrix.npz
archivalia.hypotheses.org/8930;histoire et archéologie_d, sciences sociales interdisciplinaires_d, histoire_t, approches de corpus_t, enquêtes_t, archives_t;Datasets/all_labels_train_gensim_sparse_matrix.npz
archivalia.hypotheses.org/12056;histoire et archéologie_d, sciences sociales interdisciplinaires_d, histoire_t, approches de corpus_t, enquêtes_t, archives_t;Datasets/all_labels_train_gensim_sparse_matrix.npz
archivalia.hypotheses.org/57590;histoire et archéologie_d, sciences sociales interdisciplinaires_d, histoire_t, approches de corpus_t, enquêtes_t, archives_t;Datasets/all_labels_train_gensim_sparse_matrix.npz
archivalia.hypotheses.org/12452;histoire et archéologie_d, sciences sociales interdisciplinaires_d, histoire_t, approches de corpus_t, enquêtes_t, archives_t;Datasets/all_labels_train_gensim_sparse_matrix.npz
mgtud.hypotheses.org/38;humanités pluridisciplinaires_d, éducation_d, histoire et archéologie_d, histoire_d, histoire_t, histoire urbaine_t, édition électronique_t;Datasets/all_labels_train_gensim_sparse_matrix.npz
archive20.hypotheses.org/358;pluridisciplinarité_d, sciences sociales interdisciplinaires_d, histoire_t, information_t, patrimoine_t, monde germanique_t;Datasets/all_labels_train_gensim_sparse_matrix.npz
musicaroma.hypotheses.org/795;musique_d, histoire_d, histoire_t, histoire culturelle_t, monde germanique_t;Datasets/all_labels_train_gensim_sparse_matrix.npz
archivalia.hypotheses.org/12021;histoire et archéologie_d, sciences sociales interdisciplinaires_d, histoire_t, approches de corpus_t, enquêtes_t, archives_t;Datasets/all_labels_train_gensim_sparse_matrix.npz
archivalia.hypotheses.org/13837;histoire et archéologie_d, sciences sociales interdisciplinaires_d, histoire_t, approches de corpus_t, enquêtes_t, archives_t;Datasets/all_labels_train_gensim_sparse_matrix.npz
archivalia.hypotheses.org/7430;histoire et archéologie_d, sciences sociales interdisciplinaires_d, histoire_t, approches de corpus_t, enquêtes_t, archives_t;Datasets/all_labels_train_gensim_sparse_matrix.npz
archivalia.hypotheses.org/52317;histoire et archéologie_d, sciences sociales interdisciplinaires_d, histoire_t, approches de corpus_t, enquêtes_t, archives_t;Datasets/all_labels_train_gensim_sparse_matrix.npz
medienbildung.hypotheses.org/925;éducation_d, éducation spécialisée_d, travail social_d, sociologie_t, édition électronique_t, histoire et sociologie des médias_t, éducation_t;Datasets/all_labels_train_gensim_sparse_matrix.npz
inklusion.hypotheses.org/283;éducation_d, travail social et politique sociale_d, sociologie du travail_t, âges de la vie_t, information_t, sciences de l'éducation_t;Datasets/all_labels_train_gensim_sparse_matrix.npz
archivewk1.hypotheses.org/17185;histoire_d, époque contemporaine_t, 1914-1918_t;Datasets/all_labels_train_gensim_sparse_matrix.npz
archive20.hypotheses.org/2503;pluridisciplinarité_d, sciences sociales interdisciplinaires_d, histoire_t, information_t, patrimoine_t, monde germanique_t;Datasets/all_labels_train_gensim_sparse_matrix.npz
gra.hypotheses.org/2117;arts et humanités_d, communication_d, sciences de l'information et bibliothéconomie_d, représentations_t, histoire culturelle_t, histoire de l'art_t, études visuelles_t;Datasets/all_labels_train_gensim_sparse_matrix.npz
archivalia.hypotheses.org/8105;histoire et archéologie_d, sciences sociales interdisciplinaires_d, histoire_t, approches de corpus_t, enquêtes_t, archives_t;Datasets/all_labels_train_gensim_sparse_matrix.npz
achtundvierzig.hypotheses.org/37;sciences politiques_d, histoire_d, époque contemporaine_t, prospectives_t, histoire politique_t, monde germanique_t;Datasets/all_labels_train_gensim_sparse_matrix.npz
archivalia.hypotheses.org/11133;histoire et archéologie_d, sciences sociales interdisciplinaires_d, histoire_t, approches de corpus_t, enquêtes_t, archives_t;Datasets/all_labels_train_gensim_sparse_matrix.npz
soziologieblog.hypotheses.org/8071;sciences sociales interdisciplinaires_d, sociologie et anthropologie_d, sociologie du travail_t, sociologie urbaine_t, sociologie de la culture_t, sociologie économique_t;Datasets/all_labels_train_gensim_sparse_matrix.npz
sdvigpress.hypotheses.org/392;langue et linguistique_d, philosophie_d, humanités pluridisciplinaires_d, épistémologie et méthodes_t, digital humanities_t, europe centrale et orientale_t, édition électronique_t, linguistique_t;Datasets/all_labels_train_gensim_sparse_matrix.npz
archivtag.hypotheses.org/128;pluridisciplinarité_d, sciences sociales interdisciplinaires_d, histoire_t, information_t, monde germanique_t;Datasets/all_labels_train_gensim_sparse_matrix.npz
archivalia.hypotheses.org/5229;histoire et archéologie_d, sciences sociales interdisciplinaires_d, histoire_t, approches de corpus_t, enquêtes_t, archives_t;Datasets/all_labels_train_gensim_sparse_matrix.npz
archivalia.hypotheses.org/4895;histoire et archéologie_d, sciences sociales interdisciplinaires_d, histoire_t, approches de corpus_t, enquêtes_t, archives_t;Datasets/all_labels_train_gensim_sparse_matrix.npz
sdvigpress.hypotheses.org/454;langue et linguistique_d, philosophie_d, humanités pluridisciplinaires_d, épistémologie et méthodes_t, digital humanities_t, europe centrale et orientale_t, édition électronique_t, linguistique_t;Datasets/all_labels_train_gensim_sparse_matrix.npz
dokunstlmu.hypotheses.org/621;arts et humanités_d, histoire intellectuelle_t;Datasets/all_labels_train_gensim_sparse_matrix.npz
soziologieblog.hypotheses.org/5964;sciences sociales interdisciplinaires_d, sociologie et anthropologie_d, sociologie du travail_t, sociologie urbaine_t, sociologie de la culture_t, sociologie économique_t;Datasets/all_labels_train_gensim_sparse_matrix.npz
1914lvr.hypotheses.org/1621;sciences politiques_d, histoire_t, époque contemporaine_t, 1914-1918_t;Datasets/all_labels_train_gensim_sparse_matrix.npz
grk1919.hypotheses.org/143;histoire et archéologie_d, histoire et philosophie des sciences_d, histoire_t;Datasets/all_labels_train_gensim_sparse_matrix.npz
hsc.hypotheses.org/79;arts et humanités_d, humanités pluridisciplinaires_d, histoire et archéologie_d, histoire_t, historiographie_t;Datasets/all_labels_train_gensim_sparse_matrix.npz
gab.hypotheses.org/3125;histoire et archéologie_d, pluridisciplinarité_d, sciences sociales interdisciplinaires_d, études des sciences_t, sociologie des sciences_t, histoire_t;Datasets/all_labels_train_gensim_sparse_matrix.npz
wenhua.hypotheses.org/1091;études asiatiques_d, humanités pluridisciplinaires_d, histoire_d, histoire culturelle_t, asie_t;Datasets/all_labels_train_gensim_sparse_matrix.npz
winzen.hypotheses.org/464;histoire_d, histoire_t, études visuelles_t, 1918-1939_t, 1939-1945_t, monde germanique_t;Datasets/all_labels_train_gensim_sparse_matrix.npz
archivalia.hypotheses.org/14523;histoire et archéologie_d, sciences sociales interdisciplinaires_d, histoire_t, approches de corpus_t, enquêtes_t, archives_t;Datasets/all_labels_train_gensim_sparse_matrix.npz
archivalia.hypotheses.org/5415;histoire et archéologie_d, sciences sociales interdisciplinaires_d, histoire_t, approches de corpus_t, enquêtes_t, archives_t;Datasets/all_labels_train_gensim_sparse_matrix.npz
2wkvisuell.hypotheses.org/115;arts et humanités_d, histoire et archéologie_d, histoire sociale_t, guerres_t, conflits_t, violence_t, histoire et sociologie des médias_t, études visuelles_t, époque contemporaine_t;Datasets/all_labels_train_gensim_sparse_matrix.npz
archivamt.hypotheses.org/3384;communication_d, pluridisciplinarité_d, sciences sociales interdisciplinaires_d, information_t, sciences de l'information_t, représentations_t, patrimoine_t;Datasets/all_labels_train_gensim_sparse_matrix.npz
archivewk1.hypotheses.org/17129;histoire_d, époque contemporaine_t, 1914-1918_t;Datasets/all_labels_train_gensim_sparse_matrix.npz
archivewk1.hypotheses.org/6161;histoire_d, époque contemporaine_t, 1914-1918_t;Datasets/all_labels_train_gensim_sparse_matrix.npz
soziologieblog.hypotheses.org/2966;sciences sociales interdisciplinaires_d, sociologie et anthropologie_d, sociologie du travail_t, sociologie urbaine_t, sociologie de la culture_t, sociologie économique_t;Datasets/all_labels_train_gensim_sparse_matrix.npz
nordichistoryblog.hypotheses.org/2572;arts et humanités_d, histoire et archéologie_d, histoire_t, édition électronique_t, vie de la recherche_t, approches de corpus_t, enquêtes_t, archives_t, europe_t, pays baltes et scandinaves_t;Datasets/all_labels_train_gensim_sparse_matrix.npz
bioeg.hypotheses.org/1678;histoire et archéologie_d, histoire_d, histoire_t, sciences auxiliaires de l'histoire_t, europe centrale et orientale_t, monde germanique_t;Datasets/all_labels_train_gensim_sparse_matrix.npz
mindthegaps.hypotheses.org/1546;études asiatiques_d, histoire_d, histoire_t, histoire culturelle_t, asie_t, chine_t;Datasets/all_labels_train_gensim_sparse_matrix.npz
archivewk1.hypotheses.org/6383;histoire_d, époque contemporaine_t, 1914-1918_t;Datasets/all_labels_train_gensim_sparse_matrix.npz
games.hypotheses.org/294;arts et humanités_d, humanités pluridisciplinaires_d, psychologie expérimentale_d, sciences cognitives_t, psychisme_t, psychologie_t, représentations_t, histoire de l'art_t, études visuelles_t;Datasets/all_labels_train_gensim_sparse_matrix.npz
historischdenken.hypotheses.org/3536;histoire et archéologie_d, histoire_t;Datasets/all_labels_train_gensim_sparse_matrix.npz
archivalia.hypotheses.org/62457;histoire et archéologie_d, sciences sociales interdisciplinaires_d, histoire_t, approches de corpus_t, enquêtes_t, archives_t;Datasets/all_labels_train_gensim_sparse_matrix.npz
archivalia.hypotheses.org/1202;histoire et archéologie_d, sciences sociales interdisciplinaires_d, histoire_t, approches de corpus_t, enquêtes_t, archives_t;Datasets/all_labels_train_gensim_sparse_matrix.npz
catholiccultures.hypotheses.org/1966;histoire et archéologie_d, histoire des sciences sociales_d, sciences sociales interdisciplinaires_d, sociologie et anthropologie_d, histoire_t, histoire sociale_t, histoire des religions_t, époque moderne_t;Datasets/all_labels_train_gensim_sparse_matrix.npz
archivalia.hypotheses.org/5371;histoire et archéologie_d, sciences sociales interdisciplinaires_d, histoire_t, approches de corpus_t, enquêtes_t, archives_t;Datasets/all_labels_train_gensim_sparse_matrix.npz
archivalia.hypotheses.org/641;histoire et archéologie_d, sciences sociales interdisciplinaires_d, histoire_t, approches de corpus_t, enquêtes_t, archives_t;Datasets/all_labels_train_gensim_sparse_matrix.npz
mgtud.hypotheses.org/350;humanités pluridisciplinaires_d, éducation_d, histoire et archéologie_d, histoire_d, histoire_t, histoire urbaine_t, édition électronique_t;Datasets/all_labels_train_gensim_sparse_matrix.npz
archive20.hypotheses.org/919;pluridisciplinarité_d, sciences sociales interdisciplinaires_d, histoire_t, information_t, patrimoine_t, monde germanique_t;Datasets/all_labels_train_gensim_sparse_matrix.npz
dhmuc.hypotheses.org/61;humanités pluridisciplinaires_d, communication_d, pluridisciplinarité_d, sciences sociales interdisciplinaires_d, études des sciences_t, édition électronique_t, digital humanities_t;Datasets/all_labels_train_gensim_sparse_matrix.npz
archivewk1.hypotheses.org/17260;histoire_d, époque contemporaine_t, 1914-1918_t;Datasets/all_labels_train_gensim_sparse_matrix.npz
geschichtsadmin.hypotheses.org/192;éducation_d, histoire_d, sociologie du travail_t, histoire_t;Datasets/all_labels_train_gensim_sparse_matrix.npz
archivewk1.hypotheses.org/11094;histoire_d, époque contemporaine_t, 1914-1918_t;Datasets/all_labels_train_gensim_sparse_matrix.npz
archivalia.hypotheses.org/10839;histoire et archéologie_d, sciences sociales interdisciplinaires_d, histoire_t, approches de corpus_t, enquêtes_t, archives_t;Datasets/all_labels_train_gensim_sparse_matrix.npz
archivalia.hypotheses.org/52934;histoire et archéologie_d, sciences sociales interdisciplinaires_d, histoire_t, approches de corpus_t, enquêtes_t, archives_t;Datasets/all_labels_train_gensim_sparse_matrix.npz
archivalia.hypotheses.org/1453;histoire et archéologie_d, sciences sociales interdisciplinaires_d, histoire_t, approches de corpus_t, enquêtes_t, archives_t;Datasets/all_labels_train_gensim_sparse_matrix.npz
archivalia.hypotheses.org/5685;histoire et archéologie_d, sciences sociales interdisciplinaires_d, histoire_t, approches de corpus_t, enquêtes_t, archives_t;Datasets/all_labels_train_gensim_sparse_matrix.npz
archivalia.hypotheses.org/7954;histoire et archéologie_d, sciences sociales interdisciplinaires_d, histoire_t, approches de corpus_t, enquêtes_t, archives_t;Datasets/all_labels_train_gensim_sparse_matrix.npz
archivalia.hypotheses.org/53760;histoire et archéologie_d, sciences sociales interdisciplinaires_d, histoire_t, approches de corpus_t, enquêtes_t, archives_t;Datasets/all_labels_train_gensim_sparse_matrix.npz
archivamt.hypotheses.org/1601;communication_d, pluridisciplinarité_d, sciences sociales interdisciplinaires_d, information_t, sciences de l'information_t, représentations_t, patrimoine_t;Datasets/all_labels_train_gensim_sparse_matrix.npz
archivalia.hypotheses.org/1889;histoire et archéologie_d, sciences sociales interdisciplinaires_d, histoire_t, approches de corpus_t, enquêtes_t, archives_t;Datasets/all_labels_train_gensim_sparse_matrix.npz
dss.hypotheses.org/1599;arts et humanités_d, communication_d, sciences de l'information et bibliothéconomie_d, information_t, édition électronique_t, représentations_t, histoire de l'art_t, patrimoine_t, prospectives_t;Datasets/all_labels_train_gensim_sparse_matrix.npz
archivalia.hypotheses.org/4185;histoire et archéologie_d, sciences sociales interdisciplinaires_d, histoire_t, approches de corpus_t, enquêtes_t, archives_t;Datasets/all_labels_train_gensim_sparse_matrix.npz
archivalia.hypotheses.org/5644;histoire et archéologie_d, sciences sociales interdisciplinaires_d, histoire_t, approches de corpus_t, enquêtes_t, archives_t;Datasets/all_labels_train_gensim_sparse_matrix.npz
pophistory.hypotheses.org/1597;humanités pluridisciplinaires_d, histoire et archéologie_d, sociologie de la culture_t, histoire sociale_t, histoire culturelle_t, époque contemporaine_t;Datasets/all_labels_train_gensim_sparse_matrix.npz
mittelalter.hypotheses.org/7222;humanités pluridisciplinaires_d, religions_d, histoire_d, sociologie_d, histoire_t, histoire sociale_t, histoire intellectuelle_t, moyen âge_t, haut moyen âge_t, bas moyen âge_t;Datasets/all_labels_train_gensim_sparse_matrix.npz
archivalia.hypotheses.org/12777;histoire et archéologie_d, sciences sociales interdisciplinaires_d, histoire_t, approches de corpus_t, enquêtes_t, archives_t;Datasets/all_labels_train_gensim_sparse_matrix.npz
liparchiv.hypotheses.org/786;histoire et archéologie_d, sciences politiques_d, administration publique et développement_d, histoire urbaine_t, patrimoine_t, sciences auxiliaires de l'histoire_t, approches de corpus_t, enquêtes_t, archives_t, europe_t;Datasets/all_labels_train_gensim_sparse_matrix.npz
archivalia.hypotheses.org/5143;histoire et archéologie_d, sciences sociales interdisciplinaires_d, histoire_t, approches de corpus_t, enquêtes_t, archives_t;Datasets/all_labels_train_gensim_sparse_matrix.npz
archivamt.hypotheses.org/74;communication_d, pluridisciplinarité_d, sciences sociales interdisciplinaires_d, information_t, sciences de l'information_t, représentations_t, patrimoine_t;Datasets/all_labels_train_gensim_sparse_matrix.npz
19jhdhip.hypotheses.org/22;histoire_d, époque contemporaine_t, prospectives_t, france_t, monde germanique_t;Datasets/all_labels_train_gensim_sparse_matrix.npz
archivalia.hypotheses.org/390;histoire et archéologie_d, sciences sociales interdisciplinaires_d, histoire_t, approches de corpus_t, enquêtes_t, archives_t;Datasets/all_labels_train_gensim_sparse_matrix.npz
archivewk1.hypotheses.org/25906;histoire_d, époque contemporaine_t, 1914-1918_t;Datasets/all_labels_train_gensim_sparse_matrix.npz
rkb.hypotheses.org/576;arts et humanités_d, communication_d, sciences de l'information et bibliothéconomie_d, sociologie des sciences_t, édition électronique_t, histoire et sociologie des médias_t;Datasets/all_labels_train_gensim_sparse_matrix.npz
archivalia.hypotheses.org/3148;histoire et archéologie_d, sciences sociales interdisciplinaires_d, histoire_t, approches de corpus_t, enquêtes_t, archives_t;Datasets/all_labels_train_gensim_sparse_matrix.npz
musicaroma.hypotheses.org/380;musique_d, histoire_d, histoire_t, histoire culturelle_t, monde germanique_t;Datasets/all_labels_train_gensim_sparse_matrix.npz
archive20.hypotheses.org/2745;pluridisciplinarité_d, sciences sociales interdisciplinaires_d, histoire_t, information_t, patrimoine_t, monde germanique_t;Datasets/all_labels_train_gensim_sparse_matrix.npz
redaktionsblog.hypotheses.org/1955;arts et humanités_d, humanités pluridisciplinaires_d, épistémologie et méthodes_t, digital humanities_t;Datasets/all_labels_train_gensim_sparse_matrix.npz
musicaroma.hypotheses.org/849;musique_d, histoire_d, histoire_t, histoire culturelle_t, monde germanique_t;Datasets/all_labels_train_gensim_sparse_matrix.npz
archivewk1.hypotheses.org/22919;histoire_d, époque contemporaine_t, 1914-1918_t;Datasets/all_labels_train_gensim_sparse_matrix.npz
archivalia.hypotheses.org/7853;histoire et archéologie_d, sciences sociales interdisciplinaires_d, histoire_t, approches de corpus_t, enquêtes_t, archives_t;Datasets/all_labels_train_gensim_sparse_matrix.npz
archivalia.hypotheses.org/5114;histoire et archéologie_d, sciences sociales interdisciplinaires_d, histoire_t, approches de corpus_t, enquêtes_t, archives_t;Datasets/all_labels_train_gensim_sparse_matrix.npz
dkblog.hypotheses.org/874;histoire_d, histoire_t, époque moderne_t, xviie siècle_t;Datasets/all_labels_train_gensim_sparse_matrix.npz
intersex.hypotheses.org/1194;histoire_d, biomédecine_d, étude des genres_t, histoire des sciences_t, histoire_t, histoire du droit_t, moyen âge_t, xxie siècle_t;Datasets/all_labels_train_gensim_sparse_matrix.npz
medienbildung.hypotheses.org/2854;éducation_d, éducation spécialisée_d, travail social_d, sociologie_t, édition électronique_t, histoire et sociologie des médias_t, éducation_t;Datasets/all_labels_train_gensim_sparse_matrix.npz
kinder.hypotheses.org/40;éducation et sciences de l'éducation_d, études sur la famille_d, âges de la vie_t, sciences de l'éducation_t;Datasets/all_labels_train_gensim_sparse_matrix.npz
archivalia.hypotheses.org/8130;histoire et archéologie_d, sciences sociales interdisciplinaires_d, histoire_t, approches de corpus_t, enquêtes_t, archives_t;Datasets/all_labels_train_gensim_sparse_matrix.npz
wenhua.hypotheses.org/1111;études asiatiques_d, humanités pluridisciplinaires_d, histoire_d, histoire culturelle_t, asie_t;Datasets/all_labels_train_gensim_sparse_matrix.npz
speyermemo.hypotheses.org/2471;histoire_d, pluridisciplinarité_d, sciences sociales interdisciplinaires_d, sociologie de la culture_t, histoire_t, 1939-1945_t, europe_t;Datasets/all_labels_train_gensim_sparse_matrix.npz
historischdenken.hypotheses.org/377;histoire et archéologie_d, histoire_t;Datasets/all_labels_train_gensim_sparse_matrix.npz
dkblog.hypotheses.org/647;histoire_d, histoire_t, époque moderne_t, xviie siècle_t;Datasets/all_labels_train_gensim_sparse_matrix.npz
soziologieblog.hypotheses.org/9341;sciences sociales interdisciplinaires_d, sociologie et anthropologie_d, sociologie du travail_t, sociologie urbaine_t, sociologie de la culture_t, sociologie économique_t;Datasets/all_labels_train_gensim_sparse_matrix.npz
histbav.hypotheses.org/2950;humanités pluridisciplinaires_d, histoire_d, pluridisciplinarité_d, histoire_t, monde germanique_t;Datasets/all_labels_train_gensim_sparse_matrix.npz
ordensgeschichte.hypotheses.org/8047;arts et humanités_d, humanités pluridisciplinaires_d, histoire et archéologie_d, histoire et philosophie des sciences_d, histoire_t, haut moyen âge_t, bas moyen âge_t, xviie siècle_t, xviiie siècle_t;Datasets/all_labels_train_gensim_sparse_matrix.npz
redaktionsblog.hypotheses.org/3230;arts et humanités_d, humanités pluridisciplinaires_d, épistémologie et méthodes_t, digital humanities_t;Datasets/all_labels_train_gensim_sparse_matrix.npz
histbav.hypotheses.org/4048;humanités pluridisciplinaires_d, histoire_d, pluridisciplinarité_d, histoire_t, monde germanique_t;Datasets/all_labels_train_gensim_sparse_matrix.npz
archivalia.hypotheses.org/4729;histoire et archéologie_d, sciences sociales interdisciplinaires_d, histoire_t, approches de corpus_t, enquêtes_t, archives_t;Datasets/all_labels_train_gensim_sparse_matrix.npz
medienbildung.hypotheses.org/2887;éducation_d, éducation spécialisée_d, travail social_d, sociologie_t, édition électronique_t, histoire et sociologie des médias_t, éducation_t;Datasets/all_labels_train_gensim_sparse_matrix.npz
archivewk1.hypotheses.org/7924;histoire_d, époque contemporaine_t, 1914-1918_t;Datasets/all_labels_train_gensim_sparse_matrix.npz
kinder.hypotheses.org/235;éducation et sciences de l'éducation_d, études sur la famille_d, âges de la vie_t, sciences de l'éducation_t;Datasets/all_labels_train_gensim_sparse_matrix.npz
francofil.hypotheses.org/1998;pluridisciplinarité_d, sciences sociales interdisciplinaires_d, histoire_t, épistémologie et méthodes_t, approches de corpus_t, enquêtes_t, archives_t, france_t;Datasets/all_labels_train_gensim_sparse_matrix.npz
schotten.hypotheses.org/166;religions_d, histoire et archéologie_d, sciences de l'information et de la communication_d, bibliothéconomie_d, histoire_t, histoire des religions_t, approches de corpus_t, enquêtes_t, archives_t, monde germanique_t;Datasets/all_labels_train_gensim_sparse_matrix.npz
jeunegen.hypotheses.org/1539;histoire_d, pluridisciplinarité_d, histoire_t, vie de la recherche_t, moyen âge_t, haut moyen âge_t, bas moyen âge_t;Datasets/all_labels_train_gensim_sparse_matrix.npz
francofil.hypotheses.org/1736;pluridisciplinarité_d, sciences sociales interdisciplinaires_d, histoire_t, épistémologie et méthodes_t, approches de corpus_t, enquêtes_t, archives_t, france_t;Datasets/all_labels_train_gensim_sparse_matrix.npz
trafo.hypotheses.org/955;pluridisciplinarité_d, sciences sociales interdisciplinaires_d, études régionales_d, sociologie_t, sociologie des religions_t, information_t, histoire culturelle_t;Datasets/all_labels_train_gensim_sparse_matrix.npz
soziologieblog.hypotheses.org/8638;sciences sociales interdisciplinaires_d, sociologie et anthropologie_d, sociologie du travail_t, sociologie urbaine_t, sociologie de la culture_t, sociologie économique_t;Datasets/all_labels_train_gensim_sparse_matrix.npz
archivewk1.hypotheses.org/13197;histoire_d, époque contemporaine_t, 1914-1918_t;Datasets/all_labels_train_gensim_sparse_matrix.npz
archivalia.hypotheses.org/9704;histoire et archéologie_d, sciences sociales interdisciplinaires_d, histoire_t, approches de corpus_t, enquêtes_t, archives_t;Datasets/all_labels_train_gensim_sparse_matrix.npz
kinder.hypotheses.org/1077;éducation et sciences de l'éducation_d, études sur la famille_d, âges de la vie_t, sciences de l'éducation_t;Datasets/all_labels_train_gensim_sparse_matrix.npz
archivalia.hypotheses.org/10344;histoire et archéologie_d, sciences sociales interdisciplinaires_d, histoire_t, approches de corpus_t, enquêtes_t, archives_t;Datasets/all_labels_train_gensim_sparse_matrix.npz
archivalia.hypotheses.org/756;histoire et archéologie_d, sciences sociales interdisciplinaires_d, histoire_t, approches de corpus_t, enquêtes_t, archives_t;Datasets/all_labels_train_gensim_sparse_matrix.npz
erinnerung.hypotheses.org/110;histoire et archéologie_d, histoire_t, xxe siècle_t, prospectives_t, europe_t;Datasets/all_labels_train_gensim_sparse_matrix.npz
archivewk1.hypotheses.org/6025;histoire_d, époque contemporaine_t, 1914-1918_t;Datasets/all_labels_train_gensim_sparse_matrix.npz
reichwein.hypotheses.org/1935;histoire et archéologie_d, histoire des sciences_t, 1945-1989_t;Datasets/all_labels_train_gensim_sparse_matrix.npz
feldpost.hypotheses.org/855;histoire_d, histoire_t, guerres_t, conflits_t, violence_t, histoire culturelle_t, 1914-1918_t, monde germanique_t;Datasets/all_labels_train_gensim_sparse_matrix.npz
intersex.hypotheses.org/218;histoire_d, biomédecine_d, étude des genres_t, histoire des sciences_t, histoire_t, histoire du droit_t, moyen âge_t, xxie siècle_t;Datasets/all_labels_train_gensim_sparse_matrix.npz
archives.hypotheses.org/145;histoire_d, communication_d, patrimoine_t, digital humanities_t, moyen âge_t, époque moderne_t, france_t, monde germanique_t;Datasets/all_labels_train_gensim_sparse_matrix.npz
mgtud.hypotheses.org/359;humanités pluridisciplinaires_d, éducation_d, histoire et archéologie_d, histoire_d, histoire_t, histoire urbaine_t, édition électronique_t;Datasets/all_labels_train_gensim_sparse_matrix.npz
minuseinsebene.hypotheses.org/237;archéologie_d, histoire urbaine_t, histoire des religions_t, moyen âge_t, haut moyen âge_t, monde germanique_t;Datasets/all_labels_train_gensim_sparse_matrix.npz
kinder.hypotheses.org/56;éducation et sciences de l'éducation_d, études sur la famille_d, âges de la vie_t, sciences de l'éducation_t;Datasets/all_labels_train_gensim_sparse_matrix.npz
archivalia.hypotheses.org/7318;histoire et archéologie_d, sciences sociales interdisciplinaires_d, histoire_t, approches de corpus_t, enquêtes_t, archives_t;Datasets/all_labels_train_gensim_sparse_matrix.npz
pophistory.hypotheses.org/389;humanités pluridisciplinaires_d, histoire et archéologie_d, sociologie de la culture_t, histoire sociale_t, histoire culturelle_t, époque contemporaine_t;Datasets/all_labels_train_gensim_sparse_matrix.npz
archivewk1.hypotheses.org/4731;histoire_d, époque contemporaine_t, 1914-1918_t;Datasets/all_labels_train_gensim_sparse_matrix.npz
francofil.hypotheses.org/4193;pluridisciplinarité_d, sciences sociales interdisciplinaires_d, histoire_t, épistémologie et méthodes_t, approches de corpus_t, enquêtes_t, archives_t, france_t;Datasets/all_labels_train_gensim_sparse_matrix.npz
archivewk1.hypotheses.org/10709;histoire_d, époque contemporaine_t, 1914-1918_t;Datasets/all_labels_train_gensim_sparse_matrix.npz
archivewk1.hypotheses.org/12030;histoire_d, époque contemporaine_t, 1914-1918_t;Datasets/all_labels_train_gensim_sparse_matrix.npz
archivamt.hypotheses.org/139;communication_d, pluridisciplinarité_d, sciences sociales interdisciplinaires_d, information_t, sciences de l'information_t, représentations_t, patrimoine_t;Datasets/all_labels_train_gensim_sparse_matrix.npz
archivalia.hypotheses.org/9938;histoire et archéologie_d, sciences sociales interdisciplinaires_d, histoire_t, approches de corpus_t, enquêtes_t, archives_t;Datasets/all_labels_train_gensim_sparse_matrix.npz
archivalia.hypotheses.org/480;histoire et archéologie_d, sciences sociales interdisciplinaires_d, histoire_t, approches de corpus_t, enquêtes_t, archives_t;Datasets/all_labels_train_gensim_sparse_matrix.npz
archivalia.hypotheses.org/58922;histoire et archéologie_d, sciences sociales interdisciplinaires_d, histoire_t, approches de corpus_t, enquêtes_t, archives_t;Datasets/all_labels_train_gensim_sparse_matrix.npz
archivalia.hypotheses.org/4888;histoire et archéologie_d, sciences sociales interdisciplinaires_d, histoire_t, approches de corpus_t, enquêtes_t, archives_t;Datasets/all_labels_train_gensim_sparse_matrix.npz
amuc.hypotheses.org/577;humanités pluridisciplinaires_d, histoire_d, histoire_t, représentations_t, patrimoine_t;Datasets/all_labels_train_gensim_sparse_matrix.npz
archivewk1.hypotheses.org/5631;histoire_d, époque contemporaine_t, 1914-1918_t;Datasets/all_labels_train_gensim_sparse_matrix.npz
histbav.hypotheses.org/2653;humanités pluridisciplinaires_d, histoire_d, pluridisciplinarité_d, histoire_t, monde germanique_t;Datasets/all_labels_train_gensim_sparse_matrix.npz
archivalia.hypotheses.org/11244;histoire et archéologie_d, sciences sociales interdisciplinaires_d, histoire_t, approches de corpus_t, enquêtes_t, archives_t;Datasets/all_labels_train_gensim_sparse_matrix.npz
archivalia.hypotheses.org/3781;histoire et archéologie_d, sciences sociales interdisciplinaires_d, histoire_t, approches de corpus_t, enquêtes_t, archives_t;Datasets/all_labels_train_gensim_sparse_matrix.npz
mittelalter.hypotheses.org/7706;humanités pluridisciplinaires_d, religions_d, histoire_d, sociologie_d, histoire_t, histoire sociale_t, histoire intellectuelle_t, moyen âge_t, haut moyen âge_t, bas moyen âge_t;Datasets/all_labels_train_gensim_sparse_matrix.npz
archivalia.hypotheses.org/3638;histoire et archéologie_d, sciences sociales interdisciplinaires_d, histoire_t, approches de corpus_t, enquêtes_t, archives_t;Datasets/all_labels_train_gensim_sparse_matrix.npz
tagebuch.hypotheses.org/128;histoire et archéologie_d, histoire_d, histoire_t, époque contemporaine_t, 1914-1918_t;Datasets/all_labels_train_gensim_sparse_matrix.npz
soziologieblog.hypotheses.org/5683;sciences sociales interdisciplinaires_d, sociologie et anthropologie_d, sociologie du travail_t, sociologie urbaine_t, sociologie de la culture_t, sociologie économique_t;Datasets/all_labels_train_gensim_sparse_matrix.npz
archivewk1.hypotheses.org/10765;histoire_d, époque contemporaine_t, 1914-1918_t;Datasets/all_labels_train_gensim_sparse_matrix.npz
archivamt.hypotheses.org/4611;communication_d, pluridisciplinarité_d, sciences sociales interdisciplinaires_d, information_t, sciences de l'information_t, représentations_t, patrimoine_t;Datasets/all_labels_train_gensim_sparse_matrix.npz
archivalia.hypotheses.org/13670;histoire et archéologie_d, sciences sociales interdisciplinaires_d, histoire_t, approches de corpus_t, enquêtes_t, archives_t;Datasets/all_labels_train_gensim_sparse_matrix.npz
archivamt.hypotheses.org/561;communication_d, pluridisciplinarité_d, sciences sociales interdisciplinaires_d, information_t, sciences de l'information_t, représentations_t, patrimoine_t;Datasets/all_labels_train_gensim_sparse_matrix.npz
mindthegaps.hypotheses.org/1789;études asiatiques_d, histoire_d, histoire_t, histoire culturelle_t, asie_t, chine_t;Datasets/all_labels_train_gensim_sparse_matrix.npz
ordensgeschichte.hypotheses.org/6898;arts et humanités_d, humanités pluridisciplinaires_d, histoire et archéologie_d, histoire et philosophie des sciences_d, histoire_t, haut moyen âge_t, bas moyen âge_t, xviie siècle_t, xviiie siècle_t;Datasets/all_labels_train_gensim_sparse_matrix.npz
ordensgeschichte.hypotheses.org/7034;arts et humanités_d, humanités pluridisciplinaires_d, histoire et archéologie_d, histoire et philosophie des sciences_d, histoire_t, haut moyen âge_t, bas moyen âge_t, xviie siècle_t, xviiie siècle_t;Datasets/all_labels_train_gensim_sparse_matrix.npz
bloghaus.hypotheses.org/473;pluridisciplinarité_d, sciences sociales interdisciplinaires_d, information_t, digital humanities_t;Datasets/all_labels_train_gensim_sparse_matrix.npz
archivalia.hypotheses.org/10441;histoire et archéologie_d, sciences sociales interdisciplinaires_d, histoire_t, approches de corpus_t, enquêtes_t, archives_t;Datasets/all_labels_train_gensim_sparse_matrix.npz
schotten.hypotheses.org/229;religions_d, histoire et archéologie_d, sciences de l'information et de la communication_d, bibliothéconomie_d, histoire_t, histoire des religions_t, approches de corpus_t, enquêtes_t, archives_t, monde germanique_t;Datasets/all_labels_train_gensim_sparse_matrix.npz
archivalia.hypotheses.org/14228;histoire et archéologie_d, sciences sociales interdisciplinaires_d, histoire_t, approches de corpus_t, enquêtes_t, archives_t;Datasets/all_labels_train_gensim_sparse_matrix.npz
archivalia.hypotheses.org/3695;histoire et archéologie_d, sciences sociales interdisciplinaires_d, histoire_t, approches de corpus_t, enquêtes_t, archives_t;Datasets/all_labels_train_gensim_sparse_matrix.npz
archivalia.hypotheses.org/12347;histoire et archéologie_d, sciences sociales interdisciplinaires_d, histoire_t, approches de corpus_t, enquêtes_t, archives_t;Datasets/all_labels_train_gensim_sparse_matrix.npz
ordensgeschichte.hypotheses.org/4948;arts et humanités_d, humanités pluridisciplinaires_d, histoire et archéologie_d, histoire et philosophie des sciences_d, histoire_t, haut moyen âge_t, bas moyen âge_t, xviie siècle_t, xviiie siècle_t;Datasets/all_labels_train_gensim_sparse_matrix.npz
dokunstlmu.hypotheses.org/163;arts et humanités_d, histoire intellectuelle_t;Datasets/all_labels_train_gensim_sparse_matrix.npz
speyermemo.hypotheses.org/1323;histoire_d, pluridisciplinarité_d, sciences sociales interdisciplinaires_d, sociologie de la culture_t, histoire_t, 1939-1945_t, europe_t;Datasets/all_labels_train_gensim_sparse_matrix.npz
archivalia.hypotheses.org/4419;histoire et archéologie_d, sciences sociales interdisciplinaires_d, histoire_t, approches de corpus_t, enquêtes_t, archives_t;Datasets/all_labels_train_gensim_sparse_matrix.npz
archivalia.hypotheses.org/5953;histoire et archéologie_d, sciences sociales interdisciplinaires_d, histoire_t, approches de corpus_t, enquêtes_t, archives_t;Datasets/all_labels_train_gensim_sparse_matrix.npz
bereschitrabba.hypotheses.org/303;arts et humanités_d, religions_d, langue et linguistique_d, religions_t, histoire des religions_t;Datasets/all_labels_train_gensim_sparse_matrix.npz
archivalia.hypotheses.org/801;histoire et archéologie_d, sciences sociales interdisciplinaires_d, histoire_t, approches de corpus_t, enquêtes_t, archives_t;Datasets/all_labels_train_gensim_sparse_matrix.npz
archivewk1.hypotheses.org/19902;histoire_d, époque contemporaine_t, 1914-1918_t;Datasets/all_labels_train_gensim_sparse_matrix.npz
lvrafz.hypotheses.org/1827;pluridisciplinarité_d, information_t;Datasets/all_labels_train_gensim_sparse_matrix.npz
histbav.hypotheses.org/1852;humanités pluridisciplinaires_d, histoire_d, pluridisciplinarité_d, histoire_t, monde germanique_t;Datasets/all_labels_train_gensim_sparse_matrix.npz
musicaroma.hypotheses.org/422;musique_d, histoire_d, histoire_t, histoire culturelle_t, monde germanique_t;Datasets/all_labels_train_gensim_sparse_matrix.npz
mittelalter.hypotheses.org/2631;humanités pluridisciplinaires_d, religions_d, histoire_d, sociologie_d, histoire_t, histoire sociale_t, histoire intellectuelle_t, moyen âge_t, haut moyen âge_t, bas moyen âge_t;Datasets/all_labels_train_gensim_sparse_matrix.npz
archivalia.hypotheses.org/12621;histoire et archéologie_d, sciences sociales interdisciplinaires_d, histoire_t, approches de corpus_t, enquêtes_t, archives_t;Datasets/all_labels_train_gensim_sparse_matrix.npz
gewalt.hypotheses.org/273;sciences politiques_d, sociologie_d, sociologie_t, sociologie urbaine_t, anthropologie politique_t, histoire urbaine_t, guerres_t, conflits_t, violence_t;Datasets/all_labels_train_gensim_sparse_matrix.npz
archivalia.hypotheses.org/62354;histoire et archéologie_d, sciences sociales interdisciplinaires_d, histoire_t, approches de corpus_t, enquêtes_t, archives_t;Datasets/all_labels_train_gensim_sparse_matrix.npz
bioeg.hypotheses.org/1761;histoire et archéologie_d, histoire_d, histoire_t, sciences auxiliaires de l'histoire_t, europe centrale et orientale_t, monde germanique_t;Datasets/all_labels_train_gensim_sparse_matrix.npz
amuc.hypotheses.org/1546;humanités pluridisciplinaires_d, histoire_d, histoire_t, représentations_t, patrimoine_t;Datasets/all_labels_train_gensim_sparse_matrix.npz
dkblog.hypotheses.org/843;histoire_d, histoire_t, époque moderne_t, xviie siècle_t;Datasets/all_labels_train_gensim_sparse_matrix.npz
archivewk1.hypotheses.org/10081;histoire_d, époque contemporaine_t, 1914-1918_t;Datasets/all_labels_train_gensim_sparse_matrix.npz
liparchiv.hypotheses.org/573;histoire et archéologie_d, sciences politiques_d, administration publique et développement_d, histoire urbaine_t, patrimoine_t, sciences auxiliaires de l'histoire_t, approches de corpus_t, enquêtes_t, archives_t, europe_t;Datasets/all_labels_train_gensim_sparse_matrix.npz
archivalia.hypotheses.org/13876;histoire et archéologie_d, sciences sociales interdisciplinaires_d, histoire_t, approches de corpus_t, enquêtes_t, archives_t;Datasets/all_labels_train_gensim_sparse_matrix.npz
dguw.hypotheses.org/409;histoire et archéologie_d, histoire_t, historiographie_t, digital humanities_t;Datasets/all_labels_train_gensim_sparse_matrix.npz
archivewk1.hypotheses.org/18659;histoire_d, époque contemporaine_t, 1914-1918_t;Datasets/all_labels_train_gensim_sparse_matrix.npz
sdvigpress.hypotheses.org/527;langue et linguistique_d, philosophie_d, humanités pluridisciplinaires_d, épistémologie et méthodes_t, digital humanities_t, europe centrale et orientale_t, édition électronique_t, linguistique_t;Datasets/all_labels_train_gensim_sparse_matrix.npz
inklusion.hypotheses.org/1272;éducation_d, travail social et politique sociale_d, sociologie du travail_t, âges de la vie_t, information_t, sciences de l'éducation_t;Datasets/all_labels_train_gensim_sparse_matrix.npz
archivewk1.hypotheses.org/2244;histoire_d, époque contemporaine_t, 1914-1918_t;Datasets/all_labels_train_gensim_sparse_matrix.npz
archivalia.hypotheses.org/2178;histoire et archéologie_d, sciences sociales interdisciplinaires_d, histoire_t, approches de corpus_t, enquêtes_t, archives_t;Datasets/all_labels_train_gensim_sparse_matrix.npz
musicaroma.hypotheses.org/443;musique_d, histoire_d, histoire_t, histoire culturelle_t, monde germanique_t;Datasets/all_labels_train_gensim_sparse_matrix.npz
redaktionsblog.hypotheses.org/1217;arts et humanités_d, humanités pluridisciplinaires_d, épistémologie et méthodes_t, digital humanities_t;Datasets/all_labels_train_gensim_sparse_matrix.npz
texperimentales.hypotheses.org/1863;linguistique appliquée_d, langue et linguistique_d, langage_t, linguistique_t, information_t, sciences de l'information_t, digital humanities_t;Datasets/all_labels_train_gensim_sparse_matrix.npz
games.hypotheses.org/1370;arts et humanités_d, humanités pluridisciplinaires_d, psychologie expérimentale_d, sciences cognitives_t, psychisme_t, psychologie_t, représentations_t, histoire de l'art_t, études visuelles_t;Datasets/all_labels_train_gensim_sparse_matrix.npz
gab.hypotheses.org/779;histoire et archéologie_d, pluridisciplinarité_d, sciences sociales interdisciplinaires_d, études des sciences_t, sociologie des sciences_t, histoire_t;Datasets/all_labels_train_gensim_sparse_matrix.npz
greflinger.hypotheses.org/323;littérature_d, littératures_t, xviie siècle_t;Datasets/all_labels_train_gensim_sparse_matrix.npz
archivalia.hypotheses.org/7206;histoire et archéologie_d, sciences sociales interdisciplinaires_d, histoire_t, approches de corpus_t, enquêtes_t, archives_t;Datasets/all_labels_train_gensim_sparse_matrix.npz
soziologieblog.hypotheses.org/1887;sciences sociales interdisciplinaires_d, sociologie et anthropologie_d, sociologie du travail_t, sociologie urbaine_t, sociologie de la culture_t, sociologie économique_t;Datasets/all_labels_train_gensim_sparse_matrix.npz
archivalia.hypotheses.org/6217;histoire et archéologie_d, sciences sociales interdisciplinaires_d, histoire_t, approches de corpus_t, enquêtes_t, archives_t;Datasets/all_labels_train_gensim_sparse_matrix.npz
archivalia.hypotheses.org/10276;histoire et archéologie_d, sciences sociales interdisciplinaires_d, histoire_t, approches de corpus_t, enquêtes_t, archives_t;Datasets/all_labels_train_gensim_sparse_matrix.npz
ostbib.hypotheses.org/383;humanités pluridisciplinaires_d, histoire et archéologie_d, sciences de l'information et de la communication_d, bibliothéconomie_d, sciences sociales interdisciplinaires_d, sciences de l'information_t, édition électronique_t;Datasets/all_labels_train_gensim_sparse_matrix.npz
archivalia.hypotheses.org/9087;histoire et archéologie_d, sciences sociales interdisciplinaires_d, histoire_t, approches de corpus_t, enquêtes_t, archives_t;Datasets/all_labels_train_gensim_sparse_matrix.npz
aktenkunde.hypotheses.org/409;histoire_d, histoire_t, sciences auxiliaires de l'histoire_t;Datasets/all_labels_train_gensim_sparse_matrix.npz
archivewk1.hypotheses.org/29670;histoire_d, époque contemporaine_t, 1914-1918_t;Datasets/all_labels_train_gensim_sparse_matrix.npz
archivalia.hypotheses.org/645;histoire et archéologie_d, sciences sociales interdisciplinaires_d, histoire_t, approches de corpus_t, enquêtes_t, archives_t;Datasets/all_labels_train_gensim_sparse_matrix.npz
archivalia.hypotheses.org/62217;histoire et archéologie_d, sciences sociales interdisciplinaires_d, histoire_t, approches de corpus_t, enquêtes_t, archives_t;Datasets/all_labels_train_gensim_sparse_matrix.npz
archivewk1.hypotheses.org/26159;histoire_d, époque contemporaine_t, 1914-1918_t;Datasets/all_labels_train_gensim_sparse_matrix.npz
archivalia.hypotheses.org/11412;histoire et archéologie_d, sciences sociales interdisciplinaires_d, histoire_t, approches de corpus_t, enquêtes_t, archives_t;Datasets/all_labels_train_gensim_sparse_matrix.npz
archivalia.hypotheses.org/10223;histoire et archéologie_d, sciences sociales interdisciplinaires_d, histoire_t, approches de corpus_t, enquêtes_t, archives_t;Datasets/all_labels_train_gensim_sparse_matrix.npz
gab.hypotheses.org/2188;histoire et archéologie_d, pluridisciplinarité_d, sciences sociales interdisciplinaires_d, études des sciences_t, sociologie des sciences_t, histoire_t;Datasets/all_labels_train_gensim_sparse_matrix.npz
archivalia.hypotheses.org/3077;histoire et archéologie_d, sciences sociales interdisciplinaires_d, histoire_t, approches de corpus_t, enquêtes_t, archives_t;Datasets/all_labels_train_gensim_sparse_matrix.npz
winzen.hypotheses.org/47;histoire_d, histoire_t, études visuelles_t, 1918-1939_t, 1939-1945_t, monde germanique_t;Datasets/all_labels_train_gensim_sparse_matrix.npz
liparchiv.hypotheses.org/1067;histoire et archéologie_d, sciences politiques_d, administration publique et développement_d, histoire urbaine_t, patrimoine_t, sciences auxiliaires de l'histoire_t, approches de corpus_t, enquêtes_t, archives_t, europe_t;Datasets/all_labels_train_gensim_sparse_matrix.npz
grandeguerre.hypotheses.org/1521;histoire et archéologie_d, histoire_t, 1914-1918_t, prospectives_t, france_t, monde germanique_t;Datasets/all_labels_train_gensim_sparse_matrix.npz
unibloggt.hypotheses.org/845;histoire et archéologie_d, pluridisciplinarité_d, histoire_t, information_t;Datasets/all_labels_train_gensim_sparse_matrix.npz
archivalia.hypotheses.org/5966;histoire et archéologie_d, sciences sociales interdisciplinaires_d, histoire_t, approches de corpus_t, enquêtes_t, archives_t;Datasets/all_labels_train_gensim_sparse_matrix.npz
archivewk1.hypotheses.org/11890;histoire_d, époque contemporaine_t, 1914-1918_t;Datasets/all_labels_train_gensim_sparse_matrix.npz
lvrafz.hypotheses.org/1064;pluridisciplinarité_d, information_t;Datasets/all_labels_train_gensim_sparse_matrix.npz
archivalia.hypotheses.org/5493;histoire et archéologie_d, sciences sociales interdisciplinaires_d, histoire_t, approches de corpus_t, enquêtes_t, archives_t;Datasets/all_labels_train_gensim_sparse_matrix.npz
archivalia.hypotheses.org/9585;histoire et archéologie_d, sciences sociales interdisciplinaires_d, histoire_t, approches de corpus_t, enquêtes_t, archives_t;Datasets/all_labels_train_gensim_sparse_matrix.npz
archivalia.hypotheses.org/53822;histoire et archéologie_d, sciences sociales interdisciplinaires_d, histoire_t, approches de corpus_t, enquêtes_t, archives_t;Datasets/all_labels_train_gensim_sparse_matrix.npz
reichwein.hypotheses.org/1207;histoire et archéologie_d, histoire des sciences_t, 1945-1989_t;Datasets/all_labels_train_gensim_sparse_matrix.npz
gab.hypotheses.org/1360;histoire et archéologie_d, pluridisciplinarité_d, sciences sociales interdisciplinaires_d, études des sciences_t, sociologie des sciences_t, histoire_t;Datasets/all_labels_train_gensim_sparse_matrix.npz
archivewk1.hypotheses.org/8993;histoire_d, époque contemporaine_t, 1914-1918_t;Datasets/all_labels_train_gensim_sparse_matrix.npz
archive20.hypotheses.org/932;pluridisciplinarité_d, sciences sociales interdisciplinaires_d, histoire_t, information_t, patrimoine_t, monde germanique_t;Datasets/all_labels_train_gensim_sparse_matrix.npz
archivalia.hypotheses.org/61114;histoire et archéologie_d, sciences sociales interdisciplinaires_d, histoire_t, approches de corpus_t, enquêtes_t, archives_t;Datasets/all_labels_train_gensim_sparse_matrix.npz
fnzinfo.hypotheses.org/203;arts et humanités_d, musique_d, histoire et archéologie_d, histoire_t, xvie siècle_t, xviie siècle_t, xviiie siècle_t, révolution française_t;Datasets/all_labels_train_gensim_sparse_matrix.npz
archivalia.hypotheses.org/7784;histoire et archéologie_d, sciences sociales interdisciplinaires_d, histoire_t, approches de corpus_t, enquêtes_t, archives_t;Datasets/all_labels_train_gensim_sparse_matrix.npz
rhad.hypotheses.org/411;histoire_d, histoire des sciences sociales_d, histoire_t, époque moderne_t, révolution française_t, xviie siècle_t, xviiie siècle_t, prospectives_t;Datasets/all_labels_train_gensim_sparse_matrix.npz
histbav.hypotheses.org/2355;humanités pluridisciplinaires_d, histoire_d, pluridisciplinarité_d, histoire_t, monde germanique_t;Datasets/all_labels_train_gensim_sparse_matrix.npz
archivewk1.hypotheses.org/2567;histoire_d, époque contemporaine_t, 1914-1918_t;Datasets/all_labels_train_gensim_sparse_matrix.npz
archivewk1.hypotheses.org/11133;histoire_d, époque contemporaine_t, 1914-1918_t;Datasets/all_labels_train_gensim_sparse_matrix.npz
mgtud.hypotheses.org/32;humanités pluridisciplinaires_d, éducation_d, histoire et archéologie_d, histoire_d, histoire_t, histoire urbaine_t, édition électronique_t;Datasets/all_labels_train_gensim_sparse_matrix.npz
ordensgeschichte.hypotheses.org/7972;arts et humanités_d, humanités pluridisciplinaires_d, histoire et archéologie_d, histoire et philosophie des sciences_d, histoire_t, haut moyen âge_t, bas moyen âge_t, xviie siècle_t, xviiie siècle_t;Datasets/all_labels_train_gensim_sparse_matrix.npz
archivalia.hypotheses.org/12133;histoire et archéologie_d, sciences sociales interdisciplinaires_d, histoire_t, approches de corpus_t, enquêtes_t, archives_t;Datasets/all_labels_train_gensim_sparse_matrix.npz
soziologieblog.hypotheses.org/8951;sciences sociales interdisciplinaires_d, sociologie et anthropologie_d, sociologie du travail_t, sociologie urbaine_t, sociologie de la culture_t, sociologie économique_t;Datasets/all_labels_train_gensim_sparse_matrix.npz
jeunegen.hypotheses.org/1602;histoire_d, pluridisciplinarité_d, histoire_t, vie de la recherche_t, moyen âge_t, haut moyen âge_t, bas moyen âge_t;Datasets/all_labels_train_gensim_sparse_matrix.npz
archivalia.hypotheses.org/9443;histoire et archéologie_d, sciences sociales interdisciplinaires_d, histoire_t, approches de corpus_t, enquêtes_t, archives_t;Datasets/all_labels_train_gensim_sparse_matrix.npz
texperimentales.hypotheses.org/79;linguistique appliquée_d, langue et linguistique_d, langage_t, linguistique_t, information_t, sciences de l'information_t, digital humanities_t;Datasets/all_labels_train_gensim_sparse_matrix.npz
archivalia.hypotheses.org/8187;histoire et archéologie_d, sciences sociales interdisciplinaires_d, histoire_t, approches de corpus_t, enquêtes_t, archives_t;Datasets/all_labels_train_gensim_sparse_matrix.npz
amuc.hypotheses.org/156;humanités pluridisciplinaires_d, histoire_d, histoire_t, représentations_t, patrimoine_t;Datasets/all_labels_train_gensim_sparse_matrix.npz
nordichistoryblog.hypotheses.org/532;arts et humanités_d, histoire et archéologie_d, histoire_t, édition électronique_t, vie de la recherche_t, approches de corpus_t, enquêtes_t, archives_t, europe_t, pays baltes et scandinaves_t;Datasets/all_labels_train_gensim_sparse_matrix.npz
archivalia.hypotheses.org/7348;histoire et archéologie_d, sciences sociales interdisciplinaires_d, histoire_t, approches de corpus_t, enquêtes_t, archives_t;Datasets/all_labels_train_gensim_sparse_matrix.npz
soziologieblog.hypotheses.org/8625;sciences sociales interdisciplinaires_d, sociologie et anthropologie_d, sociologie du travail_t, sociologie urbaine_t, sociologie de la culture_t, sociologie économique_t;Datasets/all_labels_train_gensim_sparse_matrix.npz
dkblog.hypotheses.org/619;histoire_d, histoire_t, époque moderne_t, xviie siècle_t;Datasets/all_labels_train_gensim_sparse_matrix.npz
schotten.hypotheses.org/1158;religions_d, histoire et archéologie_d, sciences de l'information et de la communication_d, bibliothéconomie_d, histoire_t, histoire des religions_t, approches de corpus_t, enquêtes_t, archives_t, monde germanique_t;Datasets/all_labels_train_gensim_sparse_matrix.npz
archivalia.hypotheses.org/57570;histoire et archéologie_d, sciences sociales interdisciplinaires_d, histoire_t, approches de corpus_t, enquêtes_t, archives_t;Datasets/all_labels_train_gensim_sparse_matrix.npz
schlehen.hypotheses.org/779;éducation_d, langage_t, éducation_t, sciences de l'éducation_t, linguistique_t;Datasets/all_labels_train_gensim_sparse_matrix.npz
archivewk1.hypotheses.org/14735;histoire_d, époque contemporaine_t, 1914-1918_t;Datasets/all_labels_train_gensim_sparse_matrix.npz
reichwein.hypotheses.org/1093;histoire et archéologie_d, histoire des sciences_t, 1945-1989_t;Datasets/all_labels_train_gensim_sparse_matrix.npz
archivewk1.hypotheses.org/28064;histoire_d, époque contemporaine_t, 1914-1918_t;Datasets/all_labels_train_gensim_sparse_matrix.npz
medialogic.hypotheses.org/346;arts et humanités_d, sciences de l'information et de la communication_d, bibliothéconomie_d, sociologie_t;Datasets/all_labels_train_gensim_sparse_matrix.npz
dhmuc.hypotheses.org/552;humanités pluridisciplinaires_d, communication_d, pluridisciplinarité_d, sciences sociales interdisciplinaires_d, études des sciences_t, édition électronique_t, digital humanities_t;Datasets/all_labels_train_gensim_sparse_matrix.npz
archivalia.hypotheses.org/5927;histoire et archéologie_d, sciences sociales interdisciplinaires_d, histoire_t, approches de corpus_t, enquêtes_t, archives_t;Datasets/all_labels_train_gensim_sparse_matrix.npz
wwc.hypotheses.org/83;humanités pluridisciplinaires_d, pluridisciplinarité_d, études régionales_d, relations internationales_t, information_t, représentations_t;Datasets/all_labels_train_gensim_sparse_matrix.npz
zwopktnull.hypotheses.org/32;éducation_d, histoire_t, représentations_t;Datasets/all_labels_train_gensim_sparse_matrix.npz
amuc.hypotheses.org/1809;humanités pluridisciplinaires_d, histoire_d, histoire_t, représentations_t, patrimoine_t;Datasets/all_labels_train_gensim_sparse_matrix.npz
archivalia.hypotheses.org/7444;histoire et archéologie_d, sciences sociales interdisciplinaires_d, histoire_t, approches de corpus_t, enquêtes_t, archives_t;Datasets/all_labels_train_gensim_sparse_matrix.npz
archivamt.hypotheses.org/1146;communication_d, pluridisciplinarité_d, sciences sociales interdisciplinaires_d, information_t, sciences de l'information_t, représentations_t, patrimoine_t;Datasets/all_labels_train_gensim_sparse_matrix.npz
maxweber.hypotheses.org/227;humanités pluridisciplinaires_d, histoire et archéologie_d, histoire et philosophie des sciences_d, sociologie et anthropologie_d, histoire sociale_t, histoire intellectuelle_t, sociologie des religions_t, vie de la recherche_t;Datasets/all_labels_train_gensim_sparse_matrix.npz
redaktionsblog.hypotheses.org/1220;arts et humanités_d, humanités pluridisciplinaires_d, épistémologie et méthodes_t, digital humanities_t;Datasets/all_labels_train_gensim_sparse_matrix.npz
mittelalter.hypotheses.org/7584;humanités pluridisciplinaires_d, religions_d, histoire_d, sociologie_d, histoire_t, histoire sociale_t, histoire intellectuelle_t, moyen âge_t, haut moyen âge_t, bas moyen âge_t;Datasets/all_labels_train_gensim_sparse_matrix.npz
mindthegaps.hypotheses.org/1520;études asiatiques_d, histoire_d, histoire_t, histoire culturelle_t, asie_t, chine_t;Datasets/all_labels_train_gensim_sparse_matrix.npz
archivalia.hypotheses.org/12028;histoire et archéologie_d, sciences sociales interdisciplinaires_d, histoire_t, approches de corpus_t, enquêtes_t, archives_t;Datasets/all_labels_train_gensim_sparse_matrix.npz
archivalia.hypotheses.org/5870;histoire et archéologie_d, sciences sociales interdisciplinaires_d, histoire_t, approches de corpus_t, enquêtes_t, archives_t;Datasets/all_labels_train_gensim_sparse_matrix.npz
archivewk1.hypotheses.org/20200;histoire_d, époque contemporaine_t, 1914-1918_t;Datasets/all_labels_train_gensim_sparse_matrix.npz
bereschitrabba.hypotheses.org/1441;arts et humanités_d, religions_d, langue et linguistique_d, religions_t, histoire des religions_t;Datasets/all_labels_train_gensim_sparse_matrix.npz
dguw.hypotheses.org/108;histoire et archéologie_d, histoire_t, historiographie_t, digital humanities_t;Datasets/all_labels_train_gensim_sparse_matrix.npz
erinnern.hypotheses.org/173;éducation et sciences de l'éducation_d, histoire_d, histoire_t, éducation_t, 1918-1939_t, 1939-1945_t, 1945-1989_t;Datasets/all_labels_train_gensim_sparse_matrix.npz
archivewk1.hypotheses.org/5505;histoire_d, époque contemporaine_t, 1914-1918_t;Datasets/all_labels_train_gensim_sparse_matrix.npz
archivalia.hypotheses.org/4703;histoire et archéologie_d, sciences sociales interdisciplinaires_d, histoire_t, approches de corpus_t, enquêtes_t, archives_t;Datasets/all_labels_train_gensim_sparse_matrix.npz
histbav.hypotheses.org/1011;humanités pluridisciplinaires_d, histoire_d, pluridisciplinarité_d, histoire_t, monde germanique_t;Datasets/all_labels_train_gensim_sparse_matrix.npz
archivalia.hypotheses.org/11741;histoire et archéologie_d, sciences sociales interdisciplinaires_d, histoire_t, approches de corpus_t, enquêtes_t, archives_t;Datasets/all_labels_train_gensim_sparse_matrix.npz
archivalia.hypotheses.org/503;histoire et archéologie_d, sciences sociales interdisciplinaires_d, histoire_t, approches de corpus_t, enquêtes_t, archives_t;Datasets/all_labels_train_gensim_sparse_matrix.npz
soziologieblog.hypotheses.org/2548;sciences sociales interdisciplinaires_d, sociologie et anthropologie_d, sociologie du travail_t, sociologie urbaine_t, sociologie de la culture_t, sociologie économique_t;Datasets/all_labels_train_gensim_sparse_matrix.npz
archivalia.hypotheses.org/62229;histoire et archéologie_d, sciences sociales interdisciplinaires_d, histoire_t, approches de corpus_t, enquêtes_t, archives_t;Datasets/all_labels_train_gensim_sparse_matrix.npz
antisem19c.hypotheses.org/216;histoire et archéologie_d, histoire sociale_t, prospectives_t;Datasets/all_labels_train_gensim_sparse_matrix.npz
archivalia.hypotheses.org/11106;histoire et archéologie_d, sciences sociales interdisciplinaires_d, histoire_t, approches de corpus_t, enquêtes_t, archives_t;Datasets/all_labels_train_gensim_sparse_matrix.npz
archivalia.hypotheses.org/7769;histoire et archéologie_d, sciences sociales interdisciplinaires_d, histoire_t, approches de corpus_t, enquêtes_t, archives_t;Datasets/all_labels_train_gensim_sparse_matrix.npz
archivalia.hypotheses.org/9859;histoire et archéologie_d, sciences sociales interdisciplinaires_d, histoire_t, approches de corpus_t, enquêtes_t, archives_t;Datasets/all_labels_train_gensim_sparse_matrix.npz
digigw.hypotheses.org/556;humanités pluridisciplinaires_d, histoire_t, édition électronique_t, sciences auxiliaires de l'histoire_t, digital humanities_t;Datasets/all_labels_train_gensim_sparse_matrix.npz
dighist.hypotheses.org/47;histoire_d, sciences sociales interdisciplinaires_d, études sur la famille_d, sociologie_d, histoire urbaine_t, histoire sociale_t, europe centrale et orientale_t;Datasets/all_labels_train_gensim_sparse_matrix.npz
jeunegen.hypotheses.org/1753;histoire_d, pluridisciplinarité_d, histoire_t, vie de la recherche_t, moyen âge_t, haut moyen âge_t, bas moyen âge_t;Datasets/all_labels_train_gensim_sparse_matrix.npz
archivalia.hypotheses.org/8170;histoire et archéologie_d, sciences sociales interdisciplinaires_d, histoire_t, approches de corpus_t, enquêtes_t, archives_t;Datasets/all_labels_train_gensim_sparse_matrix.npz
fortifica.hypotheses.org/68;histoire et archéologie_d, histoire_d, histoire urbaine_t, xvie siècle_t, xviie siècle_t, xviiie siècle_t;Datasets/all_labels_train_gensim_sparse_matrix.npz
grk1678.hypotheses.org/557;arts et humanités_d, humanités pluridisciplinaires_d, histoire et philosophie des sciences_d, pluridisciplinarité_d, philosophie_t, littératures_t, histoire culturelle_t, histoire de l'art_t;Datasets/all_labels_train_gensim_sparse_matrix.npz
bioeg.hypotheses.org/1107;histoire et archéologie_d, histoire_d, histoire_t, sciences auxiliaires de l'histoire_t, europe centrale et orientale_t, monde germanique_t;Datasets/all_labels_train_gensim_sparse_matrix.npz
studpro.hypotheses.org/1137;histoire_d, histoire_t, époque moderne_t, xviie siècle_t, xviiie siècle_t;Datasets/all_labels_train_gensim_sparse_matrix.npz
kristinoswald.hypotheses.org/1727;études anciennes_d, études des sciences_t, histoire_t, histoire et sociologie des médias_t, histoire culturelle_t, digital humanities_t;Datasets/all_labels_train_gensim_sparse_matrix.npz
leibnizarc.hypotheses.org/668;éducation_d, histoire et archéologie_d, sciences de l'information et bibliothéconomie_d, études des sciences_t, histoire industrielle_t, histoire de l'art_t;Datasets/all_labels_train_gensim_sparse_matrix.npz
jeunegen.hypotheses.org/209;histoire_d, pluridisciplinarité_d, histoire_t, vie de la recherche_t, moyen âge_t, haut moyen âge_t, bas moyen âge_t;Datasets/all_labels_train_gensim_sparse_matrix.npz
francofil.hypotheses.org/4565;pluridisciplinarité_d, sciences sociales interdisciplinaires_d, histoire_t, épistémologie et méthodes_t, approches de corpus_t, enquêtes_t, archives_t, france_t;Datasets/all_labels_train_gensim_sparse_matrix.npz
texperimentales.hypotheses.org/600;linguistique appliquée_d, langue et linguistique_d, langage_t, linguistique_t, information_t, sciences de l'information_t, digital humanities_t;Datasets/all_labels_train_gensim_sparse_matrix.npz
gra.hypotheses.org/387;arts et humanités_d, communication_d, sciences de l'information et bibliothéconomie_d, représentations_t, histoire culturelle_t, histoire de l'art_t, études visuelles_t;Datasets/all_labels_train_gensim_sparse_matrix.npz
frueheneuzeit.hypotheses.org/1386;histoire et archéologie_d, histoire_t, époque moderne_t, xviie siècle_t, xviiie siècle_t, révolution française_t;Datasets/all_labels_train_gensim_sparse_matrix.npz
archivewk1.hypotheses.org/23248;histoire_d, époque contemporaine_t, 1914-1918_t;Datasets/all_labels_train_gensim_sparse_matrix.npz
texperimentales.hypotheses.org/1544;linguistique appliquée_d, langue et linguistique_d, langage_t, linguistique_t, information_t, sciences de l'information_t, digital humanities_t;Datasets/all_labels_train_gensim_sparse_matrix.npz
archivewk1.hypotheses.org/23317;histoire_d, époque contemporaine_t, 1914-1918_t;Datasets/all_labels_train_gensim_sparse_matrix.npz
archivalia.hypotheses.org/10987;histoire et archéologie_d, sciences sociales interdisciplinaires_d, histoire_t, approches de corpus_t, enquêtes_t, archives_t;Datasets/all_labels_train_gensim_sparse_matrix.npz
reichwein.hypotheses.org/1690;histoire et archéologie_d, histoire des sciences_t, 1945-1989_t;Datasets/all_labels_train_gensim_sparse_matrix.npz
archivalia.hypotheses.org/54882;histoire et archéologie_d, sciences sociales interdisciplinaires_d, histoire_t, approches de corpus_t, enquêtes_t, archives_t;Datasets/all_labels_train_gensim_sparse_matrix.npz
games.hypotheses.org/387;arts et humanités_d, humanités pluridisciplinaires_d, psychologie expérimentale_d, sciences cognitives_t, psychisme_t, psychologie_t, représentations_t, histoire de l'art_t, études visuelles_t;Datasets/all_labels_train_gensim_sparse_matrix.npz
texperimentales.hypotheses.org/506;linguistique appliquée_d, langue et linguistique_d, langage_t, linguistique_t, information_t, sciences de l'information_t, digital humanities_t;Datasets/all_labels_train_gensim_sparse_matrix.npz
archivalia.hypotheses.org/11603;histoire et archéologie_d, sciences sociales interdisciplinaires_d, histoire_t, approches de corpus_t, enquêtes_t, archives_t;Datasets/all_labels_train_gensim_sparse_matrix.npz
nordichistoryblog.hypotheses.org/2182;arts et humanités_d, histoire et archéologie_d, histoire_t, édition électronique_t, vie de la recherche_t, approches de corpus_t, enquêtes_t, archives_t, europe_t, pays baltes et scandinaves_t;Datasets/all_labels_train_gensim_sparse_matrix.npz
histbav.hypotheses.org/2753;humanités pluridisciplinaires_d, histoire_d, pluridisciplinarité_d, histoire_t, monde germanique_t;Datasets/all_labels_train_gensim_sparse_matrix.npz
archivalia.hypotheses.org/9753;histoire et archéologie_d, sciences sociales interdisciplinaires_d, histoire_t, approches de corpus_t, enquêtes_t, archives_t;Datasets/all_labels_train_gensim_sparse_matrix.npz
archivalia.hypotheses.org/5020;histoire et archéologie_d, sciences sociales interdisciplinaires_d, histoire_t, approches de corpus_t, enquêtes_t, archives_t;Datasets/all_labels_train_gensim_sparse_matrix.npz
mindthegaps.hypotheses.org/1230;études asiatiques_d, histoire_d, histoire_t, histoire culturelle_t, asie_t, chine_t;Datasets/all_labels_train_gensim_sparse_matrix.npz
archivalia.hypotheses.org/7278;histoire et archéologie_d, sciences sociales interdisciplinaires_d, histoire_t, approches de corpus_t, enquêtes_t, archives_t;Datasets/all_labels_train_gensim_sparse_matrix.npz
archivewk1.hypotheses.org/3465;histoire_d, époque contemporaine_t, 1914-1918_t;Datasets/all_labels_train_gensim_sparse_matrix.npz
archivalia.hypotheses.org/10417;histoire et archéologie_d, sciences sociales interdisciplinaires_d, histoire_t, approches de corpus_t, enquêtes_t, archives_t;Datasets/all_labels_train_gensim_sparse_matrix.npz
ordensgeschichte.hypotheses.org/8160;arts et humanités_d, humanités pluridisciplinaires_d, histoire et archéologie_d, histoire et philosophie des sciences_d, histoire_t, haut moyen âge_t, bas moyen âge_t, xviie siècle_t, xviiie siècle_t;Datasets/all_labels_train_gensim_sparse_matrix.npz
archivewk1.hypotheses.org/6893;histoire_d, époque contemporaine_t, 1914-1918_t;Datasets/all_labels_train_gensim_sparse_matrix.npz
histbav.hypotheses.org/2266;humanités pluridisciplinaires_d, histoire_d, pluridisciplinarité_d, histoire_t, monde germanique_t;Datasets/all_labels_train_gensim_sparse_matrix.npz
dfmfa.hypotheses.org/1915;humanités pluridisciplinaires_d, sciences sociales interdisciplinaires_d, histoire_t, moyen âge_t, haut moyen âge_t, bas moyen âge_t;Datasets/all_labels_train_gensim_sparse_matrix.npz
resilienz.hypotheses.org/177;pluridisciplinarité_d, sciences sociales interdisciplinaires_d, études des sciences_t, épistémologie et méthodes_t, vie de la recherche_t, prospectives_t;Datasets/all_labels_train_gensim_sparse_matrix.npz
archivalia.hypotheses.org/12009;histoire et archéologie_d, sciences sociales interdisciplinaires_d, histoire_t, approches de corpus_t, enquêtes_t, archives_t;Datasets/all_labels_train_gensim_sparse_matrix.npz
archivalia.hypotheses.org/14333;histoire et archéologie_d, sciences sociales interdisciplinaires_d, histoire_t, approches de corpus_t, enquêtes_t, archives_t;Datasets/all_labels_train_gensim_sparse_matrix.npz
fnzinfo.hypotheses.org/614;arts et humanités_d, musique_d, histoire et archéologie_d, histoire_t, xvie siècle_t, xviie siècle_t, xviiie siècle_t, révolution française_t;Datasets/all_labels_train_gensim_sparse_matrix.npz
gab.hypotheses.org/356;histoire et archéologie_d, pluridisciplinarité_d, sciences sociales interdisciplinaires_d, études des sciences_t, sociologie des sciences_t, histoire_t;Datasets/all_labels_train_gensim_sparse_matrix.npz
archivewk1.hypotheses.org/28533;histoire_d, époque contemporaine_t, 1914-1918_t;Datasets/all_labels_train_gensim_sparse_matrix.npz
sammeln.hypotheses.org/545;sciences sociales interdisciplinaires_d, histoire des sciences_t, patrimoine_t, sciences auxiliaires de l'histoire_t, approches de corpus_t, enquêtes_t, archives_t;Datasets/all_labels_train_gensim_sparse_matrix.npz
archivalia.hypotheses.org/3878;histoire et archéologie_d, sciences sociales interdisciplinaires_d, histoire_t, approches de corpus_t, enquêtes_t, archives_t;Datasets/all_labels_train_gensim_sparse_matrix.npz
archivalia.hypotheses.org/8215;histoire et archéologie_d, sciences sociales interdisciplinaires_d, histoire_t, approches de corpus_t, enquêtes_t, archives_t;Datasets/all_labels_train_gensim_sparse_matrix.npz
archivalia.hypotheses.org/12889;histoire et archéologie_d, sciences sociales interdisciplinaires_d, histoire_t, approches de corpus_t, enquêtes_t, archives_t;Datasets/all_labels_train_gensim_sparse_matrix.npz
archivalia.hypotheses.org/10507;histoire et archéologie_d, sciences sociales interdisciplinaires_d, histoire_t, approches de corpus_t, enquêtes_t, archives_t;Datasets/all_labels_train_gensim_sparse_matrix.npz
resilienz.hypotheses.org/574;pluridisciplinarité_d, sciences sociales interdisciplinaires_d, études des sciences_t, épistémologie et méthodes_t, vie de la recherche_t, prospectives_t;Datasets/all_labels_train_gensim_sparse_matrix.npz
archivalia.hypotheses.org/1037;histoire et archéologie_d, sciences sociales interdisciplinaires_d, histoire_t, approches de corpus_t, enquêtes_t, archives_t;Datasets/all_labels_train_gensim_sparse_matrix.npz
archivewk1.hypotheses.org/17653;histoire_d, époque contemporaine_t, 1914-1918_t;Datasets/all_labels_train_gensim_sparse_matrix.npz
archivewk1.hypotheses.org/7895;histoire_d, époque contemporaine_t, 1914-1918_t;Datasets/all_labels_train_gensim_sparse_matrix.npz
archive20.hypotheses.org/693;pluridisciplinarité_d, sciences sociales interdisciplinaires_d, histoire_t, information_t, patrimoine_t, monde germanique_t;Datasets/all_labels_train_gensim_sparse_matrix.npz
archivewk1.hypotheses.org/24267;histoire_d, époque contemporaine_t, 1914-1918_t;Datasets/all_labels_train_gensim_sparse_matrix.npz
archivalia.hypotheses.org/8480;histoire et archéologie_d, sciences sociales interdisciplinaires_d, histoire_t, approches de corpus_t, enquêtes_t, archives_t;Datasets/all_labels_train_gensim_sparse_matrix.npz
tagebuch.hypotheses.org/1134;histoire et archéologie_d, histoire_d, histoire_t, époque contemporaine_t, 1914-1918_t;Datasets/all_labels_train_gensim_sparse_matrix.npz
archivalia.hypotheses.org/6410;histoire et archéologie_d, sciences sociales interdisciplinaires_d, histoire_t, approches de corpus_t, enquêtes_t, archives_t;Datasets/all_labels_train_gensim_sparse_matrix.npz
archivewk1.hypotheses.org/23132;histoire_d, époque contemporaine_t, 1914-1918_t;Datasets/all_labels_train_gensim_sparse_matrix.npz
tagebuch.hypotheses.org/1108;histoire et archéologie_d, histoire_d, histoire_t, époque contemporaine_t, 1914-1918_t;Datasets/all_labels_train_gensim_sparse_matrix.npz
archivewk1.hypotheses.org/6804;histoire_d, époque contemporaine_t, 1914-1918_t;Datasets/all_labels_train_gensim_sparse_matrix.npz
edit.hypotheses.org/170;sciences de l'information et bibliothéconomie_d, édition électronique_t, vie de la recherche_t, méthodes de traitement et de représentation_t, digital humanities_t;Datasets/all_labels_train_gensim_sparse_matrix.npz
histbav.hypotheses.org/1957;humanités pluridisciplinaires_d, histoire_d, pluridisciplinarité_d, histoire_t, monde germanique_t;Datasets/all_labels_train_gensim_sparse_matrix.npz
archivewk1.hypotheses.org/5613;histoire_d, époque contemporaine_t, 1914-1918_t;Datasets/all_labels_train_gensim_sparse_matrix.npz
feldpost.hypotheses.org/635;histoire_d, histoire_t, guerres_t, conflits_t, violence_t, histoire culturelle_t, 1914-1918_t, monde germanique_t;Datasets/all_labels_train_gensim_sparse_matrix.npz
dkblog.hypotheses.org/108;histoire_d, histoire_t, époque moderne_t, xviie siècle_t;Datasets/all_labels_train_gensim_sparse_matrix.npz
archivalia.hypotheses.org/5842;histoire et archéologie_d, sciences sociales interdisciplinaires_d, histoire_t, approches de corpus_t, enquêtes_t, archives_t;Datasets/all_labels_train_gensim_sparse_matrix.npz
dss.hypotheses.org/505;arts et humanités_d, communication_d, sciences de l'information et bibliothéconomie_d, information_t, édition électronique_t, représentations_t, histoire de l'art_t, patrimoine_t, prospectives_t;Datasets/all_labels_train_gensim_sparse_matrix.npz
archivewk1.hypotheses.org/13520;histoire_d, époque contemporaine_t, 1914-1918_t;Datasets/all_labels_train_gensim_sparse_matrix.npz
francofil.hypotheses.org/3204;pluridisciplinarité_d, sciences sociales interdisciplinaires_d, histoire_t, épistémologie et méthodes_t, approches de corpus_t, enquêtes_t, archives_t, france_t;Datasets/all_labels_train_gensim_sparse_matrix.npz
archivewk1.hypotheses.org/12410;histoire_d, époque contemporaine_t, 1914-1918_t;Datasets/all_labels_train_gensim_sparse_matrix.npz
archivalia.hypotheses.org/2209;histoire et archéologie_d, sciences sociales interdisciplinaires_d, histoire_t, approches de corpus_t, enquêtes_t, archives_t;Datasets/all_labels_train_gensim_sparse_matrix.npz
archivalia.hypotheses.org/8353;histoire et archéologie_d, sciences sociales interdisciplinaires_d, histoire_t, approches de corpus_t, enquêtes_t, archives_t;Datasets/all_labels_train_gensim_sparse_matrix.npz
gewalt.hypotheses.org/747;sciences politiques_d, sociologie_d, sociologie_t, sociologie urbaine_t, anthropologie politique_t, histoire urbaine_t, guerres_t, conflits_t, violence_t;Datasets/all_labels_train_gensim_sparse_matrix.npz
dwgd.hypotheses.org/404;éducation_d, histoire_d, histoire des sciences sociales_d, histoire_t, éducation_t, sciences de l'éducation_t;Datasets/all_labels_train_gensim_sparse_matrix.npz
catholiccultures.hypotheses.org/1773;histoire et archéologie_d, histoire des sciences sociales_d, sciences sociales interdisciplinaires_d, sociologie et anthropologie_d, histoire_t, histoire sociale_t, histoire des religions_t, époque moderne_t;Datasets/all_labels_train_gensim_sparse_matrix.npz
archivalia.hypotheses.org/1517;histoire et archéologie_d, sciences sociales interdisciplinaires_d, histoire_t, approches de corpus_t, enquêtes_t, archives_t;Datasets/all_labels_train_gensim_sparse_matrix.npz
grandeguerre.hypotheses.org/1629;histoire et archéologie_d, histoire_t, 1914-1918_t, prospectives_t, france_t, monde germanique_t;Datasets/all_labels_train_gensim_sparse_matrix.npz
archivalia.hypotheses.org/2279;histoire et archéologie_d, sciences sociales interdisciplinaires_d, histoire_t, approches de corpus_t, enquêtes_t, archives_t;Datasets/all_labels_train_gensim_sparse_matrix.npz
19jhdhip.hypotheses.org/2349;histoire_d, époque contemporaine_t, prospectives_t, france_t, monde germanique_t;Datasets/all_labels_train_gensim_sparse_matrix.npz
19jhdhip.hypotheses.org/468;histoire_d, époque contemporaine_t, prospectives_t, france_t, monde germanique_t;Datasets/all_labels_train_gensim_sparse_matrix.npz
grandeguerre.hypotheses.org/1529;histoire et archéologie_d, histoire_t, 1914-1918_t, prospectives_t, france_t, monde germanique_t;Datasets/all_labels_train_gensim_sparse_matrix.npz
intersex.hypotheses.org/2410;histoire_d, biomédecine_d, étude des genres_t, histoire des sciences_t, histoire_t, histoire du droit_t, moyen âge_t, xxie siècle_t;Datasets/all_labels_train_gensim_sparse_matrix.npz
tagebuch.hypotheses.org/1438;histoire et archéologie_d, histoire_d, histoire_t, époque contemporaine_t, 1914-1918_t;Datasets/all_labels_train_gensim_sparse_matrix.npz
gid.hypotheses.org/881;pluridisciplinarité_d, sciences sociales interdisciplinaires_d, études des sciences_t, histoire des sciences_t, pensée_t, histoire intellectuelle_t, histoire culturelle_t, prospectives_t;Datasets/all_labels_train_gensim_sparse_matrix.npz
redaktionsblog.hypotheses.org/1209;arts et humanités_d, humanités pluridisciplinaires_d, épistémologie et méthodes_t, digital humanities_t;Datasets/all_labels_train_gensim_sparse_matrix.npz
archivewk1.hypotheses.org/889;histoire_d, époque contemporaine_t, 1914-1918_t;Datasets/all_labels_train_gensim_sparse_matrix.npz
archivalia.hypotheses.org/2618;histoire et archéologie_d, sciences sociales interdisciplinaires_d, histoire_t, approches de corpus_t, enquêtes_t, archives_t;Datasets/all_labels_train_gensim_sparse_matrix.npz
beruf.hypotheses.org/134;histoire et archéologie_d, histoire_d, histoire_t;Datasets/all_labels_train_gensim_sparse_matrix.npz
archivalia.hypotheses.org/8850;histoire et archéologie_d, sciences sociales interdisciplinaires_d, histoire_t, approches de corpus_t, enquêtes_t, archives_t;Datasets/all_labels_train_gensim_sparse_matrix.npz
archivalia.hypotheses.org/9882;histoire et archéologie_d, sciences sociales interdisciplinaires_d, histoire_t, approches de corpus_t, enquêtes_t, archives_t;Datasets/all_labels_train_gensim_sparse_matrix.npz
archivewk1.hypotheses.org/22973;histoire_d, époque contemporaine_t, 1914-1918_t;Datasets/all_labels_train_gensim_sparse_matrix.npz
tagebuch.hypotheses.org/1042;histoire et archéologie_d, histoire_d, histoire_t, époque contemporaine_t, 1914-1918_t;Datasets/all_labels_train_gensim_sparse_matrix.npz
ostbib.hypotheses.org/983;humanités pluridisciplinaires_d, histoire et archéologie_d, sciences de l'information et de la communication_d, bibliothéconomie_d, sciences sociales interdisciplinaires_d, sciences de l'information_t, édition électronique_t;Datasets/all_labels_train_gensim_sparse_matrix.npz
archivamt.hypotheses.org/3816;communication_d, pluridisciplinarité_d, sciences sociales interdisciplinaires_d, information_t, sciences de l'information_t, représentations_t, patrimoine_t;Datasets/all_labels_train_gensim_sparse_matrix.npz
archivewk1.hypotheses.org/10180;histoire_d, époque contemporaine_t, 1914-1918_t;Datasets/all_labels_train_gensim_sparse_matrix.npz
1914lvr.hypotheses.org/498;sciences politiques_d, histoire_t, époque contemporaine_t, 1914-1918_t;Datasets/all_labels_train_gensim_sparse_matrix.npz
archivalia.hypotheses.org/578;histoire et archéologie_d, sciences sociales interdisciplinaires_d, histoire_t, approches de corpus_t, enquêtes_t, archives_t;Datasets/all_labels_train_gensim_sparse_matrix.npz
archivalia.hypotheses.org/53553;histoire et archéologie_d, sciences sociales interdisciplinaires_d, histoire_t, approches de corpus_t, enquêtes_t, archives_t;Datasets/all_labels_train_gensim_sparse_matrix.npz
soziologieblog.hypotheses.org/2275;sciences sociales interdisciplinaires_d, sociologie et anthropologie_d, sociologie du travail_t, sociologie urbaine_t, sociologie de la culture_t, sociologie économique_t;Datasets/all_labels_train_gensim_sparse_matrix.npz
geschichtsadmin.hypotheses.org/181;éducation_d, histoire_d, sociologie du travail_t, histoire_t;Datasets/all_labels_train_gensim_sparse_matrix.npz
nordichistoryblog.hypotheses.org/515;arts et humanités_d, histoire et archéologie_d, histoire_t, édition électronique_t, vie de la recherche_t, approches de corpus_t, enquêtes_t, archives_t, europe_t, pays baltes et scandinaves_t;Datasets/all_labels_train_gensim_sparse_matrix.npz
archivtag.hypotheses.org/413;pluridisciplinarité_d, sciences sociales interdisciplinaires_d, histoire_t, information_t, monde germanique_t;Datasets/all_labels_train_gensim_sparse_matrix.npz
dislab.hypotheses.org/1272;sciences sociales interdisciplinaires_d, langue et linguistique_d, sociologie des sciences_t, linguistique_t;Datasets/all_labels_train_gensim_sparse_matrix.npz
soziologieblog.hypotheses.org/8364;sciences sociales interdisciplinaires_d, sociologie et anthropologie_d, sociologie du travail_t, sociologie urbaine_t, sociologie de la culture_t, sociologie économique_t;Datasets/all_labels_train_gensim_sparse_matrix.npz
archivalia.hypotheses.org/12376;histoire et archéologie_d, sciences sociales interdisciplinaires_d, histoire_t, approches de corpus_t, enquêtes_t, archives_t;Datasets/all_labels_train_gensim_sparse_matrix.npz
histbav.hypotheses.org/1091;humanités pluridisciplinaires_d, histoire_d, pluridisciplinarité_d, histoire_t, monde germanique_t;Datasets/all_labels_train_gensim_sparse_matrix.npz
speyermemo.hypotheses.org/2774;histoire_d, pluridisciplinarité_d, sciences sociales interdisciplinaires_d, sociologie de la culture_t, histoire_t, 1939-1945_t, europe_t;Datasets/all_labels_train_gensim_sparse_matrix.npz
ordensgeschichte.hypotheses.org/644;arts et humanités_d, humanités pluridisciplinaires_d, histoire et archéologie_d, histoire et philosophie des sciences_d, histoire_t, haut moyen âge_t, bas moyen âge_t, xviie siècle_t, xviiie siècle_t;Datasets/all_labels_train_gensim_sparse_matrix.npz
archivalia.hypotheses.org/60349;histoire et archéologie_d, sciences sociales interdisciplinaires_d, histoire_t, approches de corpus_t, enquêtes_t, archives_t;Datasets/all_labels_train_gensim_sparse_matrix.npz
archivalia.hypotheses.org/9205;histoire et archéologie_d, sciences sociales interdisciplinaires_d, histoire_t, approches de corpus_t, enquêtes_t, archives_t;Datasets/all_labels_train_gensim_sparse_matrix.npz
histbav.hypotheses.org/539;humanités pluridisciplinaires_d, histoire_d, pluridisciplinarité_d, histoire_t, monde germanique_t;Datasets/all_labels_train_gensim_sparse_matrix.npz
archivewk1.hypotheses.org/13098;histoire_d, époque contemporaine_t, 1914-1918_t;Datasets/all_labels_train_gensim_sparse_matrix.npz
archivalia.hypotheses.org/14450;histoire et archéologie_d, sciences sociales interdisciplinaires_d, histoire_t, approches de corpus_t, enquêtes_t, archives_t;Datasets/all_labels_train_gensim_sparse_matrix.npz
archivalia.hypotheses.org/7796;histoire et archéologie_d, sciences sociales interdisciplinaires_d, histoire_t, approches de corpus_t, enquêtes_t, archives_t;Datasets/all_labels_train_gensim_sparse_matrix.npz
mittelalter.hypotheses.org/2736;humanités pluridisciplinaires_d, religions_d, histoire_d, sociologie_d, histoire_t, histoire sociale_t, histoire intellectuelle_t, moyen âge_t, haut moyen âge_t, bas moyen âge_t;Datasets/all_labels_train_gensim_sparse_matrix.npz
erinnern.hypotheses.org/200;éducation et sciences de l'éducation_d, histoire_d, histoire_t, éducation_t, 1918-1939_t, 1939-1945_t, 1945-1989_t;Datasets/all_labels_train_gensim_sparse_matrix.npz
archivewk1.hypotheses.org/19138;histoire_d, époque contemporaine_t, 1914-1918_t;Datasets/all_labels_train_gensim_sparse_matrix.npz
ockenheim.hypotheses.org/208;histoire et archéologie_d, archéologie_d, histoire_t, histoire urbaine_t, édition électronique_t, monde germanique_t;Datasets/all_labels_train_gensim_sparse_matrix.npz
archivalia.hypotheses.org/14100;histoire et archéologie_d, sciences sociales interdisciplinaires_d, histoire_t, approches de corpus_t, enquêtes_t, archives_t;Datasets/all_labels_train_gensim_sparse_matrix.npz
archivewk1.hypotheses.org/3788;histoire_d, époque contemporaine_t, 1914-1918_t;Datasets/all_labels_train_gensim_sparse_matrix.npz
zakunibonn.hypotheses.org/893;histoire_d, psychologie_d, histoire_t, psychisme_t, psychologie_t, méthodes de traitement et de représentation_t, monde germanique_t;Datasets/all_labels_train_gensim_sparse_matrix.npz
archivewk1.hypotheses.org/23164;histoire_d, époque contemporaine_t, 1914-1918_t;Datasets/all_labels_train_gensim_sparse_matrix.npz
jameel.hypotheses.org/105;pluridisciplinarité_d, études régionales_d, archéologie_d, arts_d, humanités pluridisciplinaires_d, représentations_t, asie_t, digital humanities_t, histoire de l'art_t;Datasets/all_labels_train_gensim_sparse_matrix.npz
gid.hypotheses.org/1051;pluridisciplinarité_d, sciences sociales interdisciplinaires_d, études des sciences_t, histoire des sciences_t, pensée_t, histoire intellectuelle_t, histoire culturelle_t, prospectives_t;Datasets/all_labels_train_gensim_sparse_matrix.npz
histbav.hypotheses.org/3865;humanités pluridisciplinaires_d, histoire_d, pluridisciplinarité_d, histoire_t, monde germanique_t;Datasets/all_labels_train_gensim_sparse_matrix.npz
texperimentales.hypotheses.org/406;linguistique appliquée_d, langue et linguistique_d, langage_t, linguistique_t, information_t, sciences de l'information_t, digital humanities_t;Datasets/all_labels_train_gensim_sparse_matrix.npz
archivewk1.hypotheses.org/21875;histoire_d, époque contemporaine_t, 1914-1918_t;Datasets/all_labels_train_gensim_sparse_matrix.npz
archivamt.hypotheses.org/879;communication_d, pluridisciplinarité_d, sciences sociales interdisciplinaires_d, information_t, sciences de l'information_t, représentations_t, patrimoine_t;Datasets/all_labels_train_gensim_sparse_matrix.npz
inklusion.hypotheses.org/728;éducation_d, travail social et politique sociale_d, sociologie du travail_t, âges de la vie_t, information_t, sciences de l'éducation_t;Datasets/all_labels_train_gensim_sparse_matrix.npz
tagebuch.hypotheses.org/1088;histoire et archéologie_d, histoire_d, histoire_t, époque contemporaine_t, 1914-1918_t;Datasets/all_labels_train_gensim_sparse_matrix.npz
fortifica.hypotheses.org/129;histoire et archéologie_d, histoire_d, histoire urbaine_t, xvie siècle_t, xviie siècle_t, xviiie siècle_t;Datasets/all_labels_train_gensim_sparse_matrix.npz
bioeg.hypotheses.org/1397;histoire et archéologie_d, histoire_d, histoire_t, sciences auxiliaires de l'histoire_t, europe centrale et orientale_t, monde germanique_t;Datasets/all_labels_train_gensim_sparse_matrix.npz
archivalia.hypotheses.org/11421;histoire et archéologie_d, sciences sociales interdisciplinaires_d, histoire_t, approches de corpus_t, enquêtes_t, archives_t;Datasets/all_labels_train_gensim_sparse_matrix.npz
archivalia.hypotheses.org/2288;histoire et archéologie_d, sciences sociales interdisciplinaires_d, histoire_t, approches de corpus_t, enquêtes_t, archives_t;Datasets/all_labels_train_gensim_sparse_matrix.npz
heraldica.hypotheses.org/2709;histoire_d, histoire_t, historiographie_t, sciences auxiliaires de l'histoire_t, moyen âge_t, haut moyen âge_t;Datasets/all_labels_train_gensim_sparse_matrix.npz
frueheneuzeit.hypotheses.org/1540;histoire et archéologie_d, histoire_t, époque moderne_t, xviie siècle_t, xviiie siècle_t, révolution française_t;Datasets/all_labels_train_gensim_sparse_matrix.npz
2wkvisuell.hypotheses.org/277;arts et humanités_d, histoire et archéologie_d, histoire sociale_t, guerres_t, conflits_t, violence_t, histoire et sociologie des médias_t, études visuelles_t, époque contemporaine_t;Datasets/all_labels_train_gensim_sparse_matrix.npz
archivalia.hypotheses.org/13142;histoire et archéologie_d, sciences sociales interdisciplinaires_d, histoire_t, approches de corpus_t, enquêtes_t, archives_t;Datasets/all_labels_train_gensim_sparse_matrix.npz
archivewk1.hypotheses.org/34640;histoire_d, époque contemporaine_t, 1914-1918_t;Datasets/all_labels_train_gensim_sparse_matrix.npz
archivalia.hypotheses.org/500;histoire et archéologie_d, sciences sociales interdisciplinaires_d, histoire_t, approches de corpus_t, enquêtes_t, archives_t;Datasets/all_labels_train_gensim_sparse_matrix.npz
archivalia.hypotheses.org/12555;histoire et archéologie_d, sciences sociales interdisciplinaires_d, histoire_t, approches de corpus_t, enquêtes_t, archives_t;Datasets/all_labels_train_gensim_sparse_matrix.npz
philophiso.hypotheses.org/483;philosophie_d, éducation_d, éducation spécialisée_d, pensée_t, philosophie_t, représentations_t, patrimoine_t;Datasets/all_labels_train_gensim_sparse_matrix.npz
archivewk1.hypotheses.org/18988;histoire_d, époque contemporaine_t, 1914-1918_t;Datasets/all_labels_train_gensim_sparse_matrix.npz
grammata.hypotheses.org/1233;études anciennes_d, religions_d, littérature_d, religions_t, littératures_t;Datasets/all_labels_train_gensim_sparse_matrix.npz
archivamt.hypotheses.org/1497;communication_d, pluridisciplinarité_d, sciences sociales interdisciplinaires_d, information_t, sciences de l'information_t, représentations_t, patrimoine_t;Datasets/all_labels_train_gensim_sparse_matrix.npz
archivalia.hypotheses.org/13091;histoire et archéologie_d, sciences sociales interdisciplinaires_d, histoire_t, approches de corpus_t, enquêtes_t, archives_t;Datasets/all_labels_train_gensim_sparse_matrix.npz
schotten.hypotheses.org/1180;religions_d, histoire et archéologie_d, sciences de l'information et de la communication_d, bibliothéconomie_d, histoire_t, histoire des religions_t, approches de corpus_t, enquêtes_t, archives_t, monde germanique_t;Datasets/all_labels_train_gensim_sparse_matrix.npz
kinder.hypotheses.org/502;éducation et sciences de l'éducation_d, études sur la famille_d, âges de la vie_t, sciences de l'éducation_t;Datasets/all_labels_train_gensim_sparse_matrix.npz
archivalia.hypotheses.org/5715;histoire et archéologie_d, sciences sociales interdisciplinaires_d, histoire_t, approches de corpus_t, enquêtes_t, archives_t;Datasets/all_labels_train_gensim_sparse_matrix.npz
archivewk1.hypotheses.org/23153;histoire_d, époque contemporaine_t, 1914-1918_t;Datasets/all_labels_train_gensim_sparse_matrix.npz
archivewk1.hypotheses.org/19399;histoire_d, époque contemporaine_t, 1914-1918_t;Datasets/all_labels_train_gensim_sparse_matrix.npz
netzwerk.hypotheses.org/1158;histoire et archéologie_d, histoire urbaine_t, histoire sociale_t, histoire intellectuelle_t, époque contemporaine_t;Datasets/all_labels_train_gensim_sparse_matrix.npz
archivewk1.hypotheses.org/21220;histoire_d, époque contemporaine_t, 1914-1918_t;Datasets/all_labels_train_gensim_sparse_matrix.npz
archivalia.hypotheses.org/60646;histoire et archéologie_d, sciences sociales interdisciplinaires_d, histoire_t, approches de corpus_t, enquêtes_t, archives_t;Datasets/all_labels_train_gensim_sparse_matrix.npz
archivewk1.hypotheses.org/16927;histoire_d, époque contemporaine_t, 1914-1918_t;Datasets/all_labels_train_gensim_sparse_matrix.npz
artincrisis.hypotheses.org/1695;arts et humanités_d, représentations_t, histoire de l'art_t, époque contemporaine_t, 1939-1945_t, monde germanique_t;Datasets/all_labels_train_gensim_sparse_matrix.npz
archivewk1.hypotheses.org/20774;histoire_d, époque contemporaine_t, 1914-1918_t;Datasets/all_labels_train_gensim_sparse_matrix.npz
irhis.hypotheses.org/2374;arts et humanités_d, histoire et archéologie_d, histoire économique_t, histoire sociale_t, études visuelles_t;Datasets/all_labels_train_gensim_sparse_matrix.npz
archivalia.hypotheses.org/3845;histoire et archéologie_d, sciences sociales interdisciplinaires_d, histoire_t, approches de corpus_t, enquêtes_t, archives_t;Datasets/all_labels_train_gensim_sparse_matrix.npz
archivalia.hypotheses.org/11083;histoire et archéologie_d, sciences sociales interdisciplinaires_d, histoire_t, approches de corpus_t, enquêtes_t, archives_t;Datasets/all_labels_train_gensim_sparse_matrix.npz
wenhua.hypotheses.org/380;études asiatiques_d, humanités pluridisciplinaires_d, histoire_d, histoire culturelle_t, asie_t;Datasets/all_labels_train_gensim_sparse_matrix.npz
intersex.hypotheses.org/363;histoire_d, biomédecine_d, étude des genres_t, histoire des sciences_t, histoire_t, histoire du droit_t, moyen âge_t, xxie siècle_t;Datasets/all_labels_train_gensim_sparse_matrix.npz
archivalia.hypotheses.org/1247;histoire et archéologie_d, sciences sociales interdisciplinaires_d, histoire_t, approches de corpus_t, enquêtes_t, archives_t;Datasets/all_labels_train_gensim_sparse_matrix.npz
dkblog.hypotheses.org/560;histoire_d, histoire_t, époque moderne_t, xviie siècle_t;Datasets/all_labels_train_gensim_sparse_matrix.npz
1914lvr.hypotheses.org/154;sciences politiques_d, histoire_t, époque contemporaine_t, 1914-1918_t;Datasets/all_labels_train_gensim_sparse_matrix.npz
archive20.hypotheses.org/1985;pluridisciplinarité_d, sciences sociales interdisciplinaires_d, histoire_t, information_t, patrimoine_t, monde germanique_t;Datasets/all_labels_train_gensim_sparse_matrix.npz
intersex.hypotheses.org/199;histoire_d, biomédecine_d, étude des genres_t, histoire des sciences_t, histoire_t, histoire du droit_t, moyen âge_t, xxie siècle_t;Datasets/all_labels_train_gensim_sparse_matrix.npz
archivalia.hypotheses.org/11555;histoire et archéologie_d, sciences sociales interdisciplinaires_d, histoire_t, approches de corpus_t, enquêtes_t, archives_t;Datasets/all_labels_train_gensim_sparse_matrix.npz
kriegsfoto.hypotheses.org/532;arts_d, histoire_d, communication_d, guerres_t, conflits_t, violence_t, études visuelles_t, époque contemporaine_t, europe centrale et orientale_t;Datasets/all_labels_train_gensim_sparse_matrix.npz
archivewk1.hypotheses.org/30131;histoire_d, époque contemporaine_t, 1914-1918_t;Datasets/all_labels_train_gensim_sparse_matrix.npz
histbav.hypotheses.org/1486;humanités pluridisciplinaires_d, histoire_d, pluridisciplinarité_d, histoire_t, monde germanique_t;Datasets/all_labels_train_gensim_sparse_matrix.npz
archivalia.hypotheses.org/8960;histoire et archéologie_d, sciences sociales interdisciplinaires_d, histoire_t, approches de corpus_t, enquêtes_t, archives_t;Datasets/all_labels_train_gensim_sparse_matrix.npz
dhtg.hypotheses.org/223;histoire et archéologie_d, sciences de l'information et de la communication_d, bibliothéconomie_d, histoire_t, sciences de l'information_t, 1939-1945_t, 1945-1989_t;Datasets/all_labels_train_gensim_sparse_matrix.npz
oberrhein.hypotheses.org/294;religions_d, archéologie_d, histoire_d, histoire_t, moyen âge_t, france_t, monde germanique_t;Datasets/all_labels_train_gensim_sparse_matrix.npz
nordichistoryblog.hypotheses.org/3297;arts et humanités_d, histoire et archéologie_d, histoire_t, édition électronique_t, vie de la recherche_t, approches de corpus_t, enquêtes_t, archives_t, europe_t, pays baltes et scandinaves_t;Datasets/all_labels_train_gensim_sparse_matrix.npz
archivalia.hypotheses.org/597;histoire et archéologie_d, sciences sociales interdisciplinaires_d, histoire_t, approches de corpus_t, enquêtes_t, archives_t;Datasets/all_labels_train_gensim_sparse_matrix.npz
redaktionsblog.hypotheses.org/1644;arts et humanités_d, humanités pluridisciplinaires_d, épistémologie et méthodes_t, digital humanities_t;Datasets/all_labels_train_gensim_sparse_matrix.npz
archivewk1.hypotheses.org/20891;histoire_d, époque contemporaine_t, 1914-1918_t;Datasets/all_labels_train_gensim_sparse_matrix.npz
dhmuc.hypotheses.org/1;humanités pluridisciplinaires_d, communication_d, pluridisciplinarité_d, sciences sociales interdisciplinaires_d, études des sciences_t, édition électronique_t, digital humanities_t;Datasets/all_labels_train_gensim_sparse_matrix.npz
mittelalter.hypotheses.org/9593;humanités pluridisciplinaires_d, religions_d, histoire_d, sociologie_d, histoire_t, histoire sociale_t, histoire intellectuelle_t, moyen âge_t, haut moyen âge_t, bas moyen âge_t;Datasets/all_labels_train_gensim_sparse_matrix.npz
archivewk1.hypotheses.org/4061;histoire_d, époque contemporaine_t, 1914-1918_t;Datasets/all_labels_train_gensim_sparse_matrix.npz
jeunegen.hypotheses.org/1637;histoire_d, pluridisciplinarité_d, histoire_t, vie de la recherche_t, moyen âge_t, haut moyen âge_t, bas moyen âge_t;Datasets/all_labels_train_gensim_sparse_matrix.npz
archivalia.hypotheses.org/4928;histoire et archéologie_d, sciences sociales interdisciplinaires_d, histoire_t, approches de corpus_t, enquêtes_t, archives_t;Datasets/all_labels_train_gensim_sparse_matrix.npz
gra.hypotheses.org/1161;arts et humanités_d, communication_d, sciences de l'information et bibliothéconomie_d, représentations_t, histoire culturelle_t, histoire de l'art_t, études visuelles_t;Datasets/all_labels_train_gensim_sparse_matrix.npz
texperimentales.hypotheses.org/939;linguistique appliquée_d, langue et linguistique_d, langage_t, linguistique_t, information_t, sciences de l'information_t, digital humanities_t;Datasets/all_labels_train_gensim_sparse_matrix.npz
archivewk1.hypotheses.org/1715;histoire_d, époque contemporaine_t, 1914-1918_t;Datasets/all_labels_train_gensim_sparse_matrix.npz
archivalia.hypotheses.org/59343;histoire et archéologie_d, sciences sociales interdisciplinaires_d, histoire_t, approches de corpus_t, enquêtes_t, archives_t;Datasets/all_labels_train_gensim_sparse_matrix.npz
archivalia.hypotheses.org/4402;histoire et archéologie_d, sciences sociales interdisciplinaires_d, histoire_t, approches de corpus_t, enquêtes_t, archives_t;Datasets/all_labels_train_gensim_sparse_matrix.npz
histbav.hypotheses.org/4494;humanités pluridisciplinaires_d, histoire_d, pluridisciplinarité_d, histoire_t, monde germanique_t;Datasets/all_labels_train_gensim_sparse_matrix.npz
archivamt.hypotheses.org/3270;communication_d, pluridisciplinarité_d, sciences sociales interdisciplinaires_d, information_t, sciences de l'information_t, représentations_t, patrimoine_t;Datasets/all_labels_train_gensim_sparse_matrix.npz
soziologieblog.hypotheses.org/9781;sciences sociales interdisciplinaires_d, sociologie et anthropologie_d, sociologie du travail_t, sociologie urbaine_t, sociologie de la culture_t, sociologie économique_t;Datasets/all_labels_train_gensim_sparse_matrix.npz
archivewk1.hypotheses.org/8240;histoire_d, époque contemporaine_t, 1914-1918_t;Datasets/all_labels_train_gensim_sparse_matrix.npz
archivalia.hypotheses.org/8717;histoire et archéologie_d, sciences sociales interdisciplinaires_d, histoire_t, approches de corpus_t, enquêtes_t, archives_t;Datasets/all_labels_train_gensim_sparse_matrix.npz
digitalintellectuals.hypotheses.org/1001;études anciennes_d, histoire et philosophie des sciences_d, pluridisciplinarité_d, littérature_d, histoire intellectuelle_t, approches de corpus_t, enquêtes_t, archives_t, époque moderne_t, prospectives_t, monde germanique_t;Datasets/all_labels_train_gensim_sparse_matrix.npz
dhmuc.hypotheses.org/303;humanités pluridisciplinaires_d, communication_d, pluridisciplinarité_d, sciences sociales interdisciplinaires_d, études des sciences_t, édition électronique_t, digital humanities_t;Datasets/all_labels_train_gensim_sparse_matrix.npz
archivalia.hypotheses.org/7593;histoire et archéologie_d, sciences sociales interdisciplinaires_d, histoire_t, approches de corpus_t, enquêtes_t, archives_t;Datasets/all_labels_train_gensim_sparse_matrix.npz
speyermemo.hypotheses.org/2832;histoire_d, pluridisciplinarité_d, sciences sociales interdisciplinaires_d, sociologie de la culture_t, histoire_t, 1939-1945_t, europe_t;Datasets/all_labels_train_gensim_sparse_matrix.npz
archivalia.hypotheses.org/8152;histoire et archéologie_d, sciences sociales interdisciplinaires_d, histoire_t, approches de corpus_t, enquêtes_t, archives_t;Datasets/all_labels_train_gensim_sparse_matrix.npz
ordensgeschichte.hypotheses.org/5407;arts et humanités_d, humanités pluridisciplinaires_d, histoire et archéologie_d, histoire et philosophie des sciences_d, histoire_t, haut moyen âge_t, bas moyen âge_t, xviie siècle_t, xviiie siècle_t;Datasets/all_labels_train_gensim_sparse_matrix.npz
digitalintellectuals.hypotheses.org/2305;études anciennes_d, histoire et philosophie des sciences_d, pluridisciplinarité_d, littérature_d, histoire intellectuelle_t, approches de corpus_t, enquêtes_t, archives_t, époque moderne_t, prospectives_t, monde germanique_t;Datasets/all_labels_train_gensim_sparse_matrix.npz
archive20.hypotheses.org/2904;pluridisciplinarité_d, sciences sociales interdisciplinaires_d, histoire_t, information_t, patrimoine_t, monde germanique_t;Datasets/all_labels_train_gensim_sparse_matrix.npz
archivalia.hypotheses.org/6775;histoire et archéologie_d, sciences sociales interdisciplinaires_d, histoire_t, approches de corpus_t, enquêtes_t, archives_t;Datasets/all_labels_train_gensim_sparse_matrix.npz
archivalia.hypotheses.org/13818;histoire et archéologie_d, sciences sociales interdisciplinaires_d, histoire_t, approches de corpus_t, enquêtes_t, archives_t;Datasets/all_labels_train_gensim_sparse_matrix.npz
archivewk1.hypotheses.org/9789;histoire_d, époque contemporaine_t, 1914-1918_t;Datasets/all_labels_train_gensim_sparse_matrix.npz
gelerndig.hypotheses.org/239;éducation_d, éducation spécialisée_d, histoire_d, histoire_t, éducation_t, édition électronique_t, histoire et sociologie des médias_t;Datasets/all_labels_train_gensim_sparse_matrix.npz
redaktionsblog.hypotheses.org/752;arts et humanités_d, humanités pluridisciplinaires_d, épistémologie et méthodes_t, digital humanities_t;Datasets/all_labels_train_gensim_sparse_matrix.npz
archivewk1.hypotheses.org/2635;histoire_d, époque contemporaine_t, 1914-1918_t;Datasets/all_labels_train_gensim_sparse_matrix.npz
histbav.hypotheses.org/3139;humanités pluridisciplinaires_d, histoire_d, pluridisciplinarité_d, histoire_t, monde germanique_t;Datasets/all_labels_train_gensim_sparse_matrix.npz
erinnerung.hypotheses.org/745;histoire et archéologie_d, histoire_t, xxe siècle_t, prospectives_t, europe_t;Datasets/all_labels_train_gensim_sparse_matrix.npz
schotten.hypotheses.org/1219;religions_d, histoire et archéologie_d, sciences de l'information et de la communication_d, bibliothéconomie_d, histoire_t, histoire des religions_t, approches de corpus_t, enquêtes_t, archives_t, monde germanique_t;Datasets/all_labels_train_gensim_sparse_matrix.npz
kristinoswald.hypotheses.org/1624;études anciennes_d, études des sciences_t, histoire_t, histoire et sociologie des médias_t, histoire culturelle_t, digital humanities_t;Datasets/all_labels_train_gensim_sparse_matrix.npz
archivalia.hypotheses.org/7267;histoire et archéologie_d, sciences sociales interdisciplinaires_d, histoire_t, approches de corpus_t, enquêtes_t, archives_t;Datasets/all_labels_train_gensim_sparse_matrix.npz
archivamt.hypotheses.org/299;communication_d, pluridisciplinarité_d, sciences sociales interdisciplinaires_d, information_t, sciences de l'information_t, représentations_t, patrimoine_t;Datasets/all_labels_train_gensim_sparse_matrix.npz
archivewk1.hypotheses.org/15687;histoire_d, époque contemporaine_t, 1914-1918_t;Datasets/all_labels_train_gensim_sparse_matrix.npz
archivewk1.hypotheses.org/27686;histoire_d, époque contemporaine_t, 1914-1918_t;Datasets/all_labels_train_gensim_sparse_matrix.npz
grammata.hypotheses.org/961;études anciennes_d, religions_d, littérature_d, religions_t, littératures_t;Datasets/all_labels_train_gensim_sparse_matrix.npz
archivewk1.hypotheses.org/24526;histoire_d, époque contemporaine_t, 1914-1918_t;Datasets/all_labels_train_gensim_sparse_matrix.npz
archivekod.hypotheses.org/115;religions_d, histoire et archéologie_d, sciences de l'information et de la communication_d, bibliothéconomie_d, communication_d, histoire_t, histoire des religions_t, patrimoine_t;Datasets/all_labels_train_gensim_sparse_matrix.npz
archivalia.hypotheses.org/58213;histoire et archéologie_d, sciences sociales interdisciplinaires_d, histoire_t, approches de corpus_t, enquêtes_t, archives_t;Datasets/all_labels_train_gensim_sparse_matrix.npz
gab.hypotheses.org/1167;histoire et archéologie_d, pluridisciplinarité_d, sciences sociales interdisciplinaires_d, études des sciences_t, sociologie des sciences_t, histoire_t;Datasets/all_labels_train_gensim_sparse_matrix.npz
archivalia.hypotheses.org/7342;histoire et archéologie_d, sciences sociales interdisciplinaires_d, histoire_t, approches de corpus_t, enquêtes_t, archives_t;Datasets/all_labels_train_gensim_sparse_matrix.npz
archivalia.hypotheses.org/12619;histoire et archéologie_d, sciences sociales interdisciplinaires_d, histoire_t, approches de corpus_t, enquêtes_t, archives_t;Datasets/all_labels_train_gensim_sparse_matrix.npz
archivalia.hypotheses.org/13087;histoire et archéologie_d, sciences sociales interdisciplinaires_d, histoire_t, approches de corpus_t, enquêtes_t, archives_t;Datasets/all_labels_train_gensim_sparse_matrix.npz
dkblog.hypotheses.org/255;histoire_d, histoire_t, époque moderne_t, xviie siècle_t;Datasets/all_labels_train_gensim_sparse_matrix.npz
hsc.hypotheses.org/342;arts et humanités_d, humanités pluridisciplinaires_d, histoire et archéologie_d, histoire_t, historiographie_t;Datasets/all_labels_train_gensim_sparse_matrix.npz
archivewk1.hypotheses.org/15047;histoire_d, époque contemporaine_t, 1914-1918_t;Datasets/all_labels_train_gensim_sparse_matrix.npz
dokunstlmu.hypotheses.org/1248;arts et humanités_d, histoire intellectuelle_t;Datasets/all_labels_train_gensim_sparse_matrix.npz
wenhua.hypotheses.org/1387;études asiatiques_d, humanités pluridisciplinaires_d, histoire_d, histoire culturelle_t, asie_t;Datasets/all_labels_train_gensim_sparse_matrix.npz
archivalia.hypotheses.org/57679;histoire et archéologie_d, sciences sociales interdisciplinaires_d, histoire_t, approches de corpus_t, enquêtes_t, archives_t;Datasets/all_labels_train_gensim_sparse_matrix.npz
wenhua.hypotheses.org/32;études asiatiques_d, humanités pluridisciplinaires_d, histoire_d, histoire culturelle_t, asie_t;Datasets/all_labels_train_gensim_sparse_matrix.npz
mittelalter.hypotheses.org/7212;humanités pluridisciplinaires_d, religions_d, histoire_d, sociologie_d, histoire_t, histoire sociale_t, histoire intellectuelle_t, moyen âge_t, haut moyen âge_t, bas moyen âge_t;Datasets/all_labels_train_gensim_sparse_matrix.npz
tagebuch.hypotheses.org/1372;histoire et archéologie_d, histoire_d, histoire_t, époque contemporaine_t, 1914-1918_t;Datasets/all_labels_train_gensim_sparse_matrix.npz
archivalia.hypotheses.org/3433;histoire et archéologie_d, sciences sociales interdisciplinaires_d, histoire_t, approches de corpus_t, enquêtes_t, archives_t;Datasets/all_labels_train_gensim_sparse_matrix.npz
archivewk1.hypotheses.org/22854;histoire_d, époque contemporaine_t, 1914-1918_t;Datasets/all_labels_train_gensim_sparse_matrix.npz
1914lvr.hypotheses.org/598;sciences politiques_d, histoire_t, époque contemporaine_t, 1914-1918_t;Datasets/all_labels_train_gensim_sparse_matrix.npz
nachhaltig.hypotheses.org/557;pluridisciplinarité_d, philosophie_d, sciences sociales interdisciplinaires_d, france_t, monde germanique_t;Datasets/all_labels_train_gensim_sparse_matrix.npz
archivalia.hypotheses.org/9574;histoire et archéologie_d, sciences sociales interdisciplinaires_d, histoire_t, approches de corpus_t, enquêtes_t, archives_t;Datasets/all_labels_train_gensim_sparse_matrix.npz
ordensgeschichte.hypotheses.org/8888;arts et humanités_d, humanités pluridisciplinaires_d, histoire et archéologie_d, histoire et philosophie des sciences_d, histoire_t, haut moyen âge_t, bas moyen âge_t, xviie siècle_t, xviiie siècle_t;Datasets/all_labels_train_gensim_sparse_matrix.npz
archivalia.hypotheses.org/13133;histoire et archéologie_d, sciences sociales interdisciplinaires_d, histoire_t, approches de corpus_t, enquêtes_t, archives_t;Datasets/all_labels_train_gensim_sparse_matrix.npz
archivewk1.hypotheses.org/21554;histoire_d, époque contemporaine_t, 1914-1918_t;Datasets/all_labels_train_gensim_sparse_matrix.npz
1914lvr.hypotheses.org/855;sciences politiques_d, histoire_t, époque contemporaine_t, 1914-1918_t;Datasets/all_labels_train_gensim_sparse_matrix.npz
speyermemo.hypotheses.org/2734;histoire_d, pluridisciplinarité_d, sciences sociales interdisciplinaires_d, sociologie de la culture_t, histoire_t, 1939-1945_t, europe_t;Datasets/all_labels_train_gensim_sparse_matrix.npz
histbav.hypotheses.org/3483;humanités pluridisciplinaires_d, histoire_d, pluridisciplinarité_d, histoire_t, monde germanique_t;Datasets/all_labels_train_gensim_sparse_matrix.npz
archivalia.hypotheses.org/14311;histoire et archéologie_d, sciences sociales interdisciplinaires_d, histoire_t, approches de corpus_t, enquêtes_t, archives_t;Datasets/all_labels_train_gensim_sparse_matrix.npz
archivewk1.hypotheses.org/5418;histoire_d, époque contemporaine_t, 1914-1918_t;Datasets/all_labels_train_gensim_sparse_matrix.npz
archivewk1.hypotheses.org/8830;histoire_d, époque contemporaine_t, 1914-1918_t;Datasets/all_labels_train_gensim_sparse_matrix.npz
archivalia.hypotheses.org/55106;histoire et archéologie_d, sciences sociales interdisciplinaires_d, histoire_t, approches de corpus_t, enquêtes_t, archives_t;Datasets/all_labels_train_gensim_sparse_matrix.npz
archivalia.hypotheses.org/55854;histoire et archéologie_d, sciences sociales interdisciplinaires_d, histoire_t, approches de corpus_t, enquêtes_t, archives_t;Datasets/all_labels_train_gensim_sparse_matrix.npz
aes.hypotheses.org/51;histoire_t, religions_t;Datasets/all_labels_train_gensim_sparse_matrix.npz
games.hypotheses.org/1253;arts et humanités_d, humanités pluridisciplinaires_d, psychologie expérimentale_d, sciences cognitives_t, psychisme_t, psychologie_t, représentations_t, histoire de l'art_t, études visuelles_t;Datasets/all_labels_train_gensim_sparse_matrix.npz
ordensgeschichte.hypotheses.org/5966;arts et humanités_d, humanités pluridisciplinaires_d, histoire et archéologie_d, histoire et philosophie des sciences_d, histoire_t, haut moyen âge_t, bas moyen âge_t, xviie siècle_t, xviiie siècle_t;Datasets/all_labels_train_gensim_sparse_matrix.npz
archivalia.hypotheses.org/5533;histoire et archéologie_d, sciences sociales interdisciplinaires_d, histoire_t, approches de corpus_t, enquêtes_t, archives_t;Datasets/all_labels_train_gensim_sparse_matrix.npz
archivalia.hypotheses.org/13835;histoire et archéologie_d, sciences sociales interdisciplinaires_d, histoire_t, approches de corpus_t, enquêtes_t, archives_t;Datasets/all_labels_train_gensim_sparse_matrix.npz
archivamt.hypotheses.org/673;communication_d, pluridisciplinarité_d, sciences sociales interdisciplinaires_d, information_t, sciences de l'information_t, représentations_t, patrimoine_t;Datasets/all_labels_train_gensim_sparse_matrix.npz
gab.hypotheses.org/282;histoire et archéologie_d, pluridisciplinarité_d, sciences sociales interdisciplinaires_d, études des sciences_t, sociologie des sciences_t, histoire_t;Datasets/all_labels_train_gensim_sparse_matrix.npz
archivalia.hypotheses.org/8718;histoire et archéologie_d, sciences sociales interdisciplinaires_d, histoire_t, approches de corpus_t, enquêtes_t, archives_t;Datasets/all_labels_train_gensim_sparse_matrix.npz
dkblog.hypotheses.org/377;histoire_d, histoire_t, époque moderne_t, xviie siècle_t;Datasets/all_labels_train_gensim_sparse_matrix.npz
dss.hypotheses.org/826;arts et humanités_d, communication_d, sciences de l'information et bibliothéconomie_d, information_t, édition électronique_t, représentations_t, histoire de l'art_t, patrimoine_t, prospectives_t;Datasets/all_labels_train_gensim_sparse_matrix.npz
archivalia.hypotheses.org/1869;histoire et archéologie_d, sciences sociales interdisciplinaires_d, histoire_t, approches de corpus_t, enquêtes_t, archives_t;Datasets/all_labels_train_gensim_sparse_matrix.npz
reichwein.hypotheses.org/272;histoire et archéologie_d, histoire des sciences_t, 1945-1989_t;Datasets/all_labels_train_gensim_sparse_matrix.npz
archivewk1.hypotheses.org/17601;histoire_d, époque contemporaine_t, 1914-1918_t;Datasets/all_labels_train_gensim_sparse_matrix.npz
trafo.hypotheses.org/485;pluridisciplinarité_d, sciences sociales interdisciplinaires_d, études régionales_d, sociologie_t, sociologie des religions_t, information_t, histoire culturelle_t;Datasets/all_labels_train_gensim_sparse_matrix.npz
dislab.hypotheses.org/2605;sciences sociales interdisciplinaires_d, langue et linguistique_d, sociologie des sciences_t, linguistique_t;Datasets/all_labels_train_gensim_sparse_matrix.npz
archivalia.hypotheses.org/13005;histoire et archéologie_d, sciences sociales interdisciplinaires_d, histoire_t, approches de corpus_t, enquêtes_t, archives_t;Datasets/all_labels_train_gensim_sparse_matrix.npz
tagebuch.hypotheses.org/124;histoire et archéologie_d, histoire_d, histoire_t, époque contemporaine_t, 1914-1918_t;Datasets/all_labels_train_gensim_sparse_matrix.npz
gra.hypotheses.org/2040;arts et humanités_d, communication_d, sciences de l'information et bibliothéconomie_d, représentations_t, histoire culturelle_t, histoire de l'art_t, études visuelles_t;Datasets/all_labels_train_gensim_sparse_matrix.npz
archivalia.hypotheses.org/12969;histoire et archéologie_d, sciences sociales interdisciplinaires_d, histoire_t, approches de corpus_t, enquêtes_t, archives_t;Datasets/all_labels_train_gensim_sparse_matrix.npz
archivalia.hypotheses.org/7035;histoire et archéologie_d, sciences sociales interdisciplinaires_d, histoire_t, approches de corpus_t, enquêtes_t, archives_t;Datasets/all_labels_train_gensim_sparse_matrix.npz
archivalia.hypotheses.org/7925;histoire et archéologie_d, sciences sociales interdisciplinaires_d, histoire_t, approches de corpus_t, enquêtes_t, archives_t;Datasets/all_labels_train_gensim_sparse_matrix.npz
soziologieblog.hypotheses.org/6389;sciences sociales interdisciplinaires_d, sociologie et anthropologie_d, sociologie du travail_t, sociologie urbaine_t, sociologie de la culture_t, sociologie économique_t;Datasets/all_labels_train_gensim_sparse_matrix.npz
archivewk1.hypotheses.org/19986;histoire_d, époque contemporaine_t, 1914-1918_t;Datasets/all_labels_train_gensim_sparse_matrix.npz
reichwein.hypotheses.org/1846;histoire et archéologie_d, histoire des sciences_t, 1945-1989_t;Datasets/all_labels_train_gensim_sparse_matrix.npz
oberrhein.hypotheses.org/883;religions_d, archéologie_d, histoire_d, histoire_t, moyen âge_t, france_t, monde germanique_t;Datasets/all_labels_train_gensim_sparse_matrix.npz
kristinoswald.hypotheses.org/1697;études anciennes_d, études des sciences_t, histoire_t, histoire et sociologie des médias_t, histoire culturelle_t, digital humanities_t;Datasets/all_labels_train_gensim_sparse_matrix.npz
archivalia.hypotheses.org/55868;histoire et archéologie_d, sciences sociales interdisciplinaires_d, histoire_t, approches de corpus_t, enquêtes_t, archives_t;Datasets/all_labels_train_gensim_sparse_matrix.npz
archivalia.hypotheses.org/13473;histoire et archéologie_d, sciences sociales interdisciplinaires_d, histoire_t, approches de corpus_t, enquêtes_t, archives_t;Datasets/all_labels_train_gensim_sparse_matrix.npz
archivalia.hypotheses.org/14038;histoire et archéologie_d, sciences sociales interdisciplinaires_d, histoire_t, approches de corpus_t, enquêtes_t, archives_t;Datasets/all_labels_train_gensim_sparse_matrix.npz
archivalia.hypotheses.org/10814;histoire et archéologie_d, sciences sociales interdisciplinaires_d, histoire_t, approches de corpus_t, enquêtes_t, archives_t;Datasets/all_labels_train_gensim_sparse_matrix.npz
dhdhi.hypotheses.org/1018;histoire et archéologie_d, histoire_t, épistémologie et méthodes_t, digital humanities_t;Datasets/all_labels_train_gensim_sparse_matrix.npz
archivalia.hypotheses.org/7538;histoire et archéologie_d, sciences sociales interdisciplinaires_d, histoire_t, approches de corpus_t, enquêtes_t, archives_t;Datasets/all_labels_train_gensim_sparse_matrix.npz
zakunibonn.hypotheses.org/1522;histoire_d, psychologie_d, histoire_t, psychisme_t, psychologie_t, méthodes de traitement et de représentation_t, monde germanique_t;Datasets/all_labels_train_gensim_sparse_matrix.npz
bereschitrabba.hypotheses.org/91;arts et humanités_d, religions_d, langue et linguistique_d, religions_t, histoire des religions_t;Datasets/all_labels_train_gensim_sparse_matrix.npz
archivalia.hypotheses.org/2267;histoire et archéologie_d, sciences sociales interdisciplinaires_d, histoire_t, approches de corpus_t, enquêtes_t, archives_t;Datasets/all_labels_train_gensim_sparse_matrix.npz
archivalia.hypotheses.org/57201;histoire et archéologie_d, sciences sociales interdisciplinaires_d, histoire_t, approches de corpus_t, enquêtes_t, archives_t;Datasets/all_labels_train_gensim_sparse_matrix.npz
archivalia.hypotheses.org/3990;histoire et archéologie_d, sciences sociales interdisciplinaires_d, histoire_t, approches de corpus_t, enquêtes_t, archives_t;Datasets/all_labels_train_gensim_sparse_matrix.npz
archivalia.hypotheses.org/61017;histoire et archéologie_d, sciences sociales interdisciplinaires_d, histoire_t, approches de corpus_t, enquêtes_t, archives_t;Datasets/all_labels_train_gensim_sparse_matrix.npz
archivalia.hypotheses.org/58648;histoire et archéologie_d, sciences sociales interdisciplinaires_d, histoire_t, approches de corpus_t, enquêtes_t, archives_t;Datasets/all_labels_train_gensim_sparse_matrix.npz
soziologieblog.hypotheses.org/5581;sciences sociales interdisciplinaires_d, sociologie et anthropologie_d, sociologie du travail_t, sociologie urbaine_t, sociologie de la culture_t, sociologie économique_t;Datasets/all_labels_train_gensim_sparse_matrix.npz
minuseinsebene.hypotheses.org/980;archéologie_d, histoire urbaine_t, histoire des religions_t, moyen âge_t, haut moyen âge_t, monde germanique_t;Datasets/all_labels_train_gensim_sparse_matrix.npz
mindthegaps.hypotheses.org/1252;études asiatiques_d, histoire_d, histoire_t, histoire culturelle_t, asie_t, chine_t;Datasets/all_labels_train_gensim_sparse_matrix.npz
mgtud.hypotheses.org/322;humanités pluridisciplinaires_d, éducation_d, histoire et archéologie_d, histoire_d, histoire_t, histoire urbaine_t, édition électronique_t;Datasets/all_labels_train_gensim_sparse_matrix.npz
fnzinfo.hypotheses.org/981;arts et humanités_d, musique_d, histoire et archéologie_d, histoire_t, xvie siècle_t, xviie siècle_t, xviiie siècle_t, révolution française_t;Datasets/all_labels_train_gensim_sparse_matrix.npz
archivalia.hypotheses.org/61039;histoire et archéologie_d, sciences sociales interdisciplinaires_d, histoire_t, approches de corpus_t, enquêtes_t, archives_t;Datasets/all_labels_train_gensim_sparse_matrix.npz
gab.hypotheses.org/1995;histoire et archéologie_d, pluridisciplinarité_d, sciences sociales interdisciplinaires_d, études des sciences_t, sociologie des sciences_t, histoire_t;Datasets/all_labels_train_gensim_sparse_matrix.npz
archivewk1.hypotheses.org/11359;histoire_d, époque contemporaine_t, 1914-1918_t;Datasets/all_labels_train_gensim_sparse_matrix.npz
archivalia.hypotheses.org/10502;histoire et archéologie_d, sciences sociales interdisciplinaires_d, histoire_t, approches de corpus_t, enquêtes_t, archives_t;Datasets/all_labels_train_gensim_sparse_matrix.npz
kriegsfoto.hypotheses.org/925;arts_d, histoire_d, communication_d, guerres_t, conflits_t, violence_t, études visuelles_t, époque contemporaine_t, europe centrale et orientale_t;Datasets/all_labels_train_gensim_sparse_matrix.npz
1914lvr.hypotheses.org/1024;sciences politiques_d, histoire_t, époque contemporaine_t, 1914-1918_t;Datasets/all_labels_train_gensim_sparse_matrix.npz
grk1678.hypotheses.org/398;arts et humanités_d, humanités pluridisciplinaires_d, histoire et philosophie des sciences_d, pluridisciplinarité_d, philosophie_t, littératures_t, histoire culturelle_t, histoire de l'art_t;Datasets/all_labels_train_gensim_sparse_matrix.npz
archivekod.hypotheses.org/492;religions_d, histoire et archéologie_d, sciences de l'information et de la communication_d, bibliothéconomie_d, communication_d, histoire_t, histoire des religions_t, patrimoine_t;Datasets/all_labels_train_gensim_sparse_matrix.npz
archivewk1.hypotheses.org/9735;histoire_d, époque contemporaine_t, 1914-1918_t;Datasets/all_labels_train_gensim_sparse_matrix.npz
archivalia.hypotheses.org/9449;histoire et archéologie_d, sciences sociales interdisciplinaires_d, histoire_t, approches de corpus_t, enquêtes_t, archives_t;Datasets/all_labels_train_gensim_sparse_matrix.npz
archivewk1.hypotheses.org/17938;histoire_d, époque contemporaine_t, 1914-1918_t;Datasets/all_labels_train_gensim_sparse_matrix.npz
edit.hypotheses.org/262;sciences de l'information et bibliothéconomie_d, édition électronique_t, vie de la recherche_t, méthodes de traitement et de représentation_t, digital humanities_t;Datasets/all_labels_train_gensim_sparse_matrix.npz
archivalia.hypotheses.org/9641;histoire et archéologie_d, sciences sociales interdisciplinaires_d, histoire_t, approches de corpus_t, enquêtes_t, archives_t;Datasets/all_labels_train_gensim_sparse_matrix.npz
archivalia.hypotheses.org/10779;histoire et archéologie_d, sciences sociales interdisciplinaires_d, histoire_t, approches de corpus_t, enquêtes_t, archives_t;Datasets/all_labels_train_gensim_sparse_matrix.npz
ludite.hypotheses.org/56;arts et humanités_d, histoire et archéologie_d, histoire sociale_t, histoire culturelle_t, haut moyen âge_t, bas moyen âge_t;Datasets/all_labels_train_gensim_sparse_matrix.npz
digigw.hypotheses.org/1310;humanités pluridisciplinaires_d, histoire_t, édition électronique_t, sciences auxiliaires de l'histoire_t, digital humanities_t;Datasets/all_labels_train_gensim_sparse_matrix.npz
archivalia.hypotheses.org/6288;histoire et archéologie_d, sciences sociales interdisciplinaires_d, histoire_t, approches de corpus_t, enquêtes_t, archives_t;Datasets/all_labels_train_gensim_sparse_matrix.npz
histbav.hypotheses.org/2529;humanités pluridisciplinaires_d, histoire_d, pluridisciplinarité_d, histoire_t, monde germanique_t;Datasets/all_labels_train_gensim_sparse_matrix.npz
archivalia.hypotheses.org/4110;histoire et archéologie_d, sciences sociales interdisciplinaires_d, histoire_t, approches de corpus_t, enquêtes_t, archives_t;Datasets/all_labels_train_gensim_sparse_matrix.npz
speyermemo.hypotheses.org/2710;histoire_d, pluridisciplinarité_d, sciences sociales interdisciplinaires_d, sociologie de la culture_t, histoire_t, 1939-1945_t, europe_t;Datasets/all_labels_train_gensim_sparse_matrix.npz
archivalia.hypotheses.org/6999;histoire et archéologie_d, sciences sociales interdisciplinaires_d, histoire_t, approches de corpus_t, enquêtes_t, archives_t;Datasets/all_labels_train_gensim_sparse_matrix.npz
inklusion.hypotheses.org/299;éducation_d, travail social et politique sociale_d, sociologie du travail_t, âges de la vie_t, information_t, sciences de l'éducation_t;Datasets/all_labels_train_gensim_sparse_matrix.npz
archivewk1.hypotheses.org/6821;histoire_d, époque contemporaine_t, 1914-1918_t;Datasets/all_labels_train_gensim_sparse_matrix.npz
mgtud.hypotheses.org/325;humanités pluridisciplinaires_d, éducation_d, histoire et archéologie_d, histoire_d, histoire_t, histoire urbaine_t, édition électronique_t;Datasets/all_labels_train_gensim_sparse_matrix.npz
geschichtsadmin.hypotheses.org/334;éducation_d, histoire_d, sociologie du travail_t, histoire_t;Datasets/all_labels_train_gensim_sparse_matrix.npz
archivalia.hypotheses.org/8087;histoire et archéologie_d, sciences sociales interdisciplinaires_d, histoire_t, approches de corpus_t, enquêtes_t, archives_t;Datasets/all_labels_train_gensim_sparse_matrix.npz
tagebuch.hypotheses.org/93;histoire et archéologie_d, histoire_d, histoire_t, époque contemporaine_t, 1914-1918_t;Datasets/all_labels_train_gensim_sparse_matrix.npz
archivalia.hypotheses.org/9645;histoire et archéologie_d, sciences sociales interdisciplinaires_d, histoire_t, approches de corpus_t, enquêtes_t, archives_t;Datasets/all_labels_train_gensim_sparse_matrix.npz
medienbildung.hypotheses.org/477;éducation_d, éducation spécialisée_d, travail social_d, sociologie_t, édition électronique_t, histoire et sociologie des médias_t, éducation_t;Datasets/all_labels_train_gensim_sparse_matrix.npz
archivalia.hypotheses.org/8091;histoire et archéologie_d, sciences sociales interdisciplinaires_d, histoire_t, approches de corpus_t, enquêtes_t, archives_t;Datasets/all_labels_train_gensim_sparse_matrix.npz
archivalia.hypotheses.org/7447;histoire et archéologie_d, sciences sociales interdisciplinaires_d, histoire_t, approches de corpus_t, enquêtes_t, archives_t;Datasets/all_labels_train_gensim_sparse_matrix.npz
medienbildung.hypotheses.org/3254;éducation_d, éducation spécialisée_d, travail social_d, sociologie_t, édition électronique_t, histoire et sociologie des médias_t, éducation_t;Datasets/all_labels_train_gensim_sparse_matrix.npz
archivalia.hypotheses.org/6620;histoire et archéologie_d, sciences sociales interdisciplinaires_d, histoire_t, approches de corpus_t, enquêtes_t, archives_t;Datasets/all_labels_train_gensim_sparse_matrix.npz
tagebuch.hypotheses.org/1098;histoire et archéologie_d, histoire_d, histoire_t, époque contemporaine_t, 1914-1918_t;Datasets/all_labels_train_gensim_sparse_matrix.npz
archivalia.hypotheses.org/58574;histoire et archéologie_d, sciences sociales interdisciplinaires_d, histoire_t, approches de corpus_t, enquêtes_t, archives_t;Datasets/all_labels_train_gensim_sparse_matrix.npz
archivewk1.hypotheses.org/20680;histoire_d, époque contemporaine_t, 1914-1918_t;Datasets/all_labels_train_gensim_sparse_matrix.npz
etatsocial.hypotheses.org/452;histoire_d, histoire des sciences sociales_d, sociologie_d, économie_d, sociologie du travail_t, âges de la vie_t, xxe siècle_t;Datasets/all_labels_train_gensim_sparse_matrix.npz
filmeditio.hypotheses.org/177;arts_d, humanités pluridisciplinaires_d, édition électronique_t, histoire et sociologie des médias_t, patrimoine_t, études visuelles_t;Datasets/all_labels_train_gensim_sparse_matrix.npz
archivalia.hypotheses.org/12304;histoire et archéologie_d, sciences sociales interdisciplinaires_d, histoire_t, approches de corpus_t, enquêtes_t, archives_t;Datasets/all_labels_train_gensim_sparse_matrix.npz
ecoglobreg.hypotheses.org/596;histoire_d, sciences politiques_d, histoire_t, 1945-1989_t;Datasets/all_labels_train_gensim_sparse_matrix.npz
archivewk1.hypotheses.org/31068;histoire_d, époque contemporaine_t, 1914-1918_t;Datasets/all_labels_train_gensim_sparse_matrix.npz
soziologieblog.hypotheses.org/5270;sciences sociales interdisciplinaires_d, sociologie et anthropologie_d, sociologie du travail_t, sociologie urbaine_t, sociologie de la culture_t, sociologie économique_t;Datasets/all_labels_train_gensim_sparse_matrix.npz
archivalia.hypotheses.org/5425;histoire et archéologie_d, sciences sociales interdisciplinaires_d, histoire_t, approches de corpus_t, enquêtes_t, archives_t;Datasets/all_labels_train_gensim_sparse_matrix.npz
archivalia.hypotheses.org/13073;histoire et archéologie_d, sciences sociales interdisciplinaires_d, histoire_t, approches de corpus_t, enquêtes_t, archives_t;Datasets/all_labels_train_gensim_sparse_matrix.npz
amuc.hypotheses.org/1149;humanités pluridisciplinaires_d, histoire_d, histoire_t, représentations_t, patrimoine_t;Datasets/all_labels_train_gensim_sparse_matrix.npz
medialogic.hypotheses.org/791;arts et humanités_d, sciences de l'information et de la communication_d, bibliothéconomie_d, sociologie_t;Datasets/all_labels_train_gensim_sparse_matrix.npz
archivalia.hypotheses.org/8467;histoire et archéologie_d, sciences sociales interdisciplinaires_d, histoire_t, approches de corpus_t, enquêtes_t, archives_t;Datasets/all_labels_train_gensim_sparse_matrix.npz
medienbildung.hypotheses.org/5892;éducation_d, éducation spécialisée_d, travail social_d, sociologie_t, édition électronique_t, histoire et sociologie des médias_t, éducation_t;Datasets/all_labels_train_gensim_sparse_matrix.npz
games.hypotheses.org/1494;arts et humanités_d, humanités pluridisciplinaires_d, psychologie expérimentale_d, sciences cognitives_t, psychisme_t, psychologie_t, représentations_t, histoire de l'art_t, études visuelles_t;Datasets/all_labels_train_gensim_sparse_matrix.npz
archivalia.hypotheses.org/1621;histoire et archéologie_d, sciences sociales interdisciplinaires_d, histoire_t, approches de corpus_t, enquêtes_t, archives_t;Datasets/all_labels_train_gensim_sparse_matrix.npz
jeunegen.hypotheses.org/1433;histoire_d, pluridisciplinarité_d, histoire_t, vie de la recherche_t, moyen âge_t, haut moyen âge_t, bas moyen âge_t;Datasets/all_labels_train_gensim_sparse_matrix.npz
fnzinfo.hypotheses.org/622;arts et humanités_d, musique_d, histoire et archéologie_d, histoire_t, xvie siècle_t, xviie siècle_t, xviiie siècle_t, révolution française_t;Datasets/all_labels_train_gensim_sparse_matrix.npz
1914lvr.hypotheses.org/1200;sciences politiques_d, histoire_t, époque contemporaine_t, 1914-1918_t;Datasets/all_labels_train_gensim_sparse_matrix.npz
archivewk1.hypotheses.org/6174;histoire_d, époque contemporaine_t, 1914-1918_t;Datasets/all_labels_train_gensim_sparse_matrix.npz
archivalia.hypotheses.org/6046;histoire et archéologie_d, sciences sociales interdisciplinaires_d, histoire_t, approches de corpus_t, enquêtes_t, archives_t;Datasets/all_labels_train_gensim_sparse_matrix.npz
speyermemo.hypotheses.org/2810;histoire_d, pluridisciplinarité_d, sciences sociales interdisciplinaires_d, sociologie de la culture_t, histoire_t, 1939-1945_t, europe_t;Datasets/all_labels_train_gensim_sparse_matrix.npz
minuseinsebene.hypotheses.org/543;archéologie_d, histoire urbaine_t, histoire des religions_t, moyen âge_t, haut moyen âge_t, monde germanique_t;Datasets/all_labels_train_gensim_sparse_matrix.npz
texperimentales.hypotheses.org/1200;linguistique appliquée_d, langue et linguistique_d, langage_t, linguistique_t, information_t, sciences de l'information_t, digital humanities_t;Datasets/all_labels_train_gensim_sparse_matrix.npz
archivalia.hypotheses.org/12334;histoire et archéologie_d, sciences sociales interdisciplinaires_d, histoire_t, approches de corpus_t, enquêtes_t, archives_t;Datasets/all_labels_train_gensim_sparse_matrix.npz
archivalia.hypotheses.org/10913;histoire et archéologie_d, sciences sociales interdisciplinaires_d, histoire_t, approches de corpus_t, enquêtes_t, archives_t;Datasets/all_labels_train_gensim_sparse_matrix.npz
amuc.hypotheses.org/1935;humanités pluridisciplinaires_d, histoire_d, histoire_t, représentations_t, patrimoine_t;Datasets/all_labels_train_gensim_sparse_matrix.npz
archivewk1.hypotheses.org/3809;histoire_d, époque contemporaine_t, 1914-1918_t;Datasets/all_labels_train_gensim_sparse_matrix.npz
archivewk1.hypotheses.org/14896;histoire_d, époque contemporaine_t, 1914-1918_t;Datasets/all_labels_train_gensim_sparse_matrix.npz
archivekod.hypotheses.org/638;religions_d, histoire et archéologie_d, sciences de l'information et de la communication_d, bibliothéconomie_d, communication_d, histoire_t, histoire des religions_t, patrimoine_t;Datasets/all_labels_train_gensim_sparse_matrix.npz
dislab.hypotheses.org/2625;sciences sociales interdisciplinaires_d, langue et linguistique_d, sociologie des sciences_t, linguistique_t;Datasets/all_labels_train_gensim_sparse_matrix.npz
medienbildung.hypotheses.org/6970;éducation_d, éducation spécialisée_d, travail social_d, sociologie_t, édition électronique_t, histoire et sociologie des médias_t, éducation_t;Datasets/all_labels_train_gensim_sparse_matrix.npz
fnzinfo.hypotheses.org/273;arts et humanités_d, musique_d, histoire et archéologie_d, histoire_t, xvie siècle_t, xviie siècle_t, xviiie siècle_t, révolution française_t;Datasets/all_labels_train_gensim_sparse_matrix.npz
archivewk1.hypotheses.org/17950;histoire_d, époque contemporaine_t, 1914-1918_t;Datasets/all_labels_train_gensim_sparse_matrix.npz
archivalia.hypotheses.org/7327;histoire et archéologie_d, sciences sociales interdisciplinaires_d, histoire_t, approches de corpus_t, enquêtes_t, archives_t;Datasets/all_labels_train_gensim_sparse_matrix.npz
archivalia.hypotheses.org/9557;histoire et archéologie_d, sciences sociales interdisciplinaires_d, histoire_t, approches de corpus_t, enquêtes_t, archives_t;Datasets/all_labels_train_gensim_sparse_matrix.npz
mittelalter.hypotheses.org/3940;humanités pluridisciplinaires_d, religions_d, histoire_d, sociologie_d, histoire_t, histoire sociale_t, histoire intellectuelle_t, moyen âge_t, haut moyen âge_t, bas moyen âge_t;Datasets/all_labels_train_gensim_sparse_matrix.npz
fnzinfo.hypotheses.org/398;arts et humanités_d, musique_d, histoire et archéologie_d, histoire_t, xvie siècle_t, xviie siècle_t, xviiie siècle_t, révolution française_t;Datasets/all_labels_train_gensim_sparse_matrix.npz
dss.hypotheses.org/435;arts et humanités_d, communication_d, sciences de l'information et bibliothéconomie_d, information_t, édition électronique_t, représentations_t, histoire de l'art_t, patrimoine_t, prospectives_t;Datasets/all_labels_train_gensim_sparse_matrix.npz
speyermemo.hypotheses.org/2563;histoire_d, pluridisciplinarité_d, sciences sociales interdisciplinaires_d, sociologie de la culture_t, histoire_t, 1939-1945_t, europe_t;Datasets/all_labels_train_gensim_sparse_matrix.npz
ordensgeschichte.hypotheses.org/886;arts et humanités_d, humanités pluridisciplinaires_d, histoire et archéologie_d, histoire et philosophie des sciences_d, histoire_t, haut moyen âge_t, bas moyen âge_t, xviie siècle_t, xviiie siècle_t;Datasets/all_labels_train_gensim_sparse_matrix.npz
archivewk1.hypotheses.org/11206;histoire_d, époque contemporaine_t, 1914-1918_t;Datasets/all_labels_train_gensim_sparse_matrix.npz
archivalia.hypotheses.org/2930;histoire et archéologie_d, sciences sociales interdisciplinaires_d, histoire_t, approches de corpus_t, enquêtes_t, archives_t;Datasets/all_labels_train_gensim_sparse_matrix.npz
archivalia.hypotheses.org/7352;histoire et archéologie_d, sciences sociales interdisciplinaires_d, histoire_t, approches de corpus_t, enquêtes_t, archives_t;Datasets/all_labels_train_gensim_sparse_matrix.npz
archivewk1.hypotheses.org/12225;histoire_d, époque contemporaine_t, 1914-1918_t;Datasets/all_labels_train_gensim_sparse_matrix.npz
soziologieblog.hypotheses.org/4917;sciences sociales interdisciplinaires_d, sociologie et anthropologie_d, sociologie du travail_t, sociologie urbaine_t, sociologie de la culture_t, sociologie économique_t;Datasets/all_labels_train_gensim_sparse_matrix.npz
zakunibonn.hypotheses.org/1573;histoire_d, psychologie_d, histoire_t, psychisme_t, psychologie_t, méthodes de traitement et de représentation_t, monde germanique_t;Datasets/all_labels_train_gensim_sparse_matrix.npz
archivewk1.hypotheses.org/18917;histoire_d, époque contemporaine_t, 1914-1918_t;Datasets/all_labels_train_gensim_sparse_matrix.npz
archivalia.hypotheses.org/9929;histoire et archéologie_d, sciences sociales interdisciplinaires_d, histoire_t, approches de corpus_t, enquêtes_t, archives_t;Datasets/all_labels_train_gensim_sparse_matrix.npz
archivalia.hypotheses.org/6967;histoire et archéologie_d, sciences sociales interdisciplinaires_d, histoire_t, approches de corpus_t, enquêtes_t, archives_t;Datasets/all_labels_train_gensim_sparse_matrix.npz
tagebuch.hypotheses.org/746;histoire et archéologie_d, histoire_d, histoire_t, époque contemporaine_t, 1914-1918_t;Datasets/all_labels_train_gensim_sparse_matrix.npz
gra.hypotheses.org/994;arts et humanités_d, communication_d, sciences de l'information et bibliothéconomie_d, représentations_t, histoire culturelle_t, histoire de l'art_t, études visuelles_t;Datasets/all_labels_train_gensim_sparse_matrix.npz
archivalia.hypotheses.org/14522;histoire et archéologie_d, sciences sociales interdisciplinaires_d, histoire_t, approches de corpus_t, enquêtes_t, archives_t;Datasets/all_labels_train_gensim_sparse_matrix.npz
archivalia.hypotheses.org/1932;histoire et archéologie_d, sciences sociales interdisciplinaires_d, histoire_t, approches de corpus_t, enquêtes_t, archives_t;Datasets/all_labels_train_gensim_sparse_matrix.npz
dkblog.hypotheses.org/1009;histoire_d, histoire_t, époque moderne_t, xviie siècle_t;Datasets/all_labels_train_gensim_sparse_matrix.npz
archivalia.hypotheses.org/51928;histoire et archéologie_d, sciences sociales interdisciplinaires_d, histoire_t, approches de corpus_t, enquêtes_t, archives_t;Datasets/all_labels_train_gensim_sparse_matrix.npz
reichwein.hypotheses.org/1137;histoire et archéologie_d, histoire des sciences_t, 1945-1989_t;Datasets/all_labels_train_gensim_sparse_matrix.npz
archivalia.hypotheses.org/2537;histoire et archéologie_d, sciences sociales interdisciplinaires_d, histoire_t, approches de corpus_t, enquêtes_t, archives_t;Datasets/all_labels_train_gensim_sparse_matrix.npz
archivalia.hypotheses.org/5284;histoire et archéologie_d, sciences sociales interdisciplinaires_d, histoire_t, approches de corpus_t, enquêtes_t, archives_t;Datasets/all_labels_train_gensim_sparse_matrix.npz
archivewk1.hypotheses.org/28945;histoire_d, époque contemporaine_t, 1914-1918_t;Datasets/all_labels_train_gensim_sparse_matrix.npz
archivalia.hypotheses.org/5745;histoire et archéologie_d, sciences sociales interdisciplinaires_d, histoire_t, approches de corpus_t, enquêtes_t, archives_t;Datasets/all_labels_train_gensim_sparse_matrix.npz
archivewk1.hypotheses.org/2629;histoire_d, époque contemporaine_t, 1914-1918_t;Datasets/all_labels_train_gensim_sparse_matrix.npz
archivalia.hypotheses.org/12935;histoire et archéologie_d, sciences sociales interdisciplinaires_d, histoire_t, approches de corpus_t, enquêtes_t, archives_t;Datasets/all_labels_train_gensim_sparse_matrix.npz
inklusion.hypotheses.org/2194;éducation_d, travail social et politique sociale_d, sociologie du travail_t, âges de la vie_t, information_t, sciences de l'éducation_t;Datasets/all_labels_train_gensim_sparse_matrix.npz
gab.hypotheses.org/2532;histoire et archéologie_d, pluridisciplinarité_d, sciences sociales interdisciplinaires_d, études des sciences_t, sociologie des sciences_t, histoire_t;Datasets/all_labels_train_gensim_sparse_matrix.npz
dgl.hypotheses.org/765;éducation spécialisée_d, histoire_d, histoire_t, histoire et sociologie des médias_t, éducation_t;Datasets/all_labels_train_gensim_sparse_matrix.npz
archivewk1.hypotheses.org/22083;histoire_d, époque contemporaine_t, 1914-1918_t;Datasets/all_labels_train_gensim_sparse_matrix.npz
dhmuc.hypotheses.org/1163;humanités pluridisciplinaires_d, communication_d, pluridisciplinarité_d, sciences sociales interdisciplinaires_d, études des sciences_t, édition électronique_t, digital humanities_t;Datasets/all_labels_train_gensim_sparse_matrix.npz
archivamt.hypotheses.org/767;communication_d, pluridisciplinarité_d, sciences sociales interdisciplinaires_d, information_t, sciences de l'information_t, représentations_t, patrimoine_t;Datasets/all_labels_train_gensim_sparse_matrix.npz
grandeguerre.hypotheses.org/1418;histoire et archéologie_d, histoire_t, 1914-1918_t, prospectives_t, france_t, monde germanique_t;Datasets/all_labels_train_gensim_sparse_matrix.npz
zakunibonn.hypotheses.org/218;histoire_d, psychologie_d, histoire_t, psychisme_t, psychologie_t, méthodes de traitement et de représentation_t, monde germanique_t;Datasets/all_labels_train_gensim_sparse_matrix.npz
edit.hypotheses.org/294;sciences de l'information et bibliothéconomie_d, édition électronique_t, vie de la recherche_t, méthodes de traitement et de représentation_t, digital humanities_t;Datasets/all_labels_train_gensim_sparse_matrix.npz
archivalia.hypotheses.org/11000;histoire et archéologie_d, sciences sociales interdisciplinaires_d, histoire_t, approches de corpus_t, enquêtes_t, archives_t;Datasets/all_labels_train_gensim_sparse_matrix.npz
dkblog.hypotheses.org/656;histoire_d, histoire_t, époque moderne_t, xviie siècle_t;Datasets/all_labels_train_gensim_sparse_matrix.npz
archivewk1.hypotheses.org/20143;histoire_d, époque contemporaine_t, 1914-1918_t;Datasets/all_labels_train_gensim_sparse_matrix.npz
frueheneuzeit.hypotheses.org/1192;histoire et archéologie_d, histoire_t, époque moderne_t, xviie siècle_t, xviiie siècle_t, révolution française_t;Datasets/all_labels_train_gensim_sparse_matrix.npz
unibloggt.hypotheses.org/1147;histoire et archéologie_d, pluridisciplinarité_d, histoire_t, information_t;Datasets/all_labels_train_gensim_sparse_matrix.npz
archivewk1.hypotheses.org/7057;histoire_d, époque contemporaine_t, 1914-1918_t;Datasets/all_labels_train_gensim_sparse_matrix.npz
archivalia.hypotheses.org/8528;histoire et archéologie_d, sciences sociales interdisciplinaires_d, histoire_t, approches de corpus_t, enquêtes_t, archives_t;Datasets/all_labels_train_gensim_sparse_matrix.npz
1914lvr.hypotheses.org/552;sciences politiques_d, histoire_t, époque contemporaine_t, 1914-1918_t;Datasets/all_labels_train_gensim_sparse_matrix.npz
musicaroma.hypotheses.org/791;musique_d, histoire_d, histoire_t, histoire culturelle_t, monde germanique_t;Datasets/all_labels_train_gensim_sparse_matrix.npz
archivalia.hypotheses.org/6180;histoire et archéologie_d, sciences sociales interdisciplinaires_d, histoire_t, approches de corpus_t, enquêtes_t, archives_t;Datasets/all_labels_train_gensim_sparse_matrix.npz
archivewk1.hypotheses.org/20101;histoire_d, époque contemporaine_t, 1914-1918_t;Datasets/all_labels_train_gensim_sparse_matrix.npz
dfmfa.hypotheses.org/1514;humanités pluridisciplinaires_d, sciences sociales interdisciplinaires_d, histoire_t, moyen âge_t, haut moyen âge_t, bas moyen âge_t;Datasets/all_labels_train_gensim_sparse_matrix.npz
archivewk1.hypotheses.org/3019;histoire_d, époque contemporaine_t, 1914-1918_t;Datasets/all_labels_train_gensim_sparse_matrix.npz
soziologieblog.hypotheses.org/7857;sciences sociales interdisciplinaires_d, sociologie et anthropologie_d, sociologie du travail_t, sociologie urbaine_t, sociologie de la culture_t, sociologie économique_t;Datasets/all_labels_train_gensim_sparse_matrix.npz
ordensgeschichte.hypotheses.org/5012;arts et humanités_d, humanités pluridisciplinaires_d, histoire et archéologie_d, histoire et philosophie des sciences_d, histoire_t, haut moyen âge_t, bas moyen âge_t, xviie siècle_t, xviiie siècle_t;Datasets/all_labels_train_gensim_sparse_matrix.npz
archivalia.hypotheses.org/10455;histoire et archéologie_d, sciences sociales interdisciplinaires_d, histoire_t, approches de corpus_t, enquêtes_t, archives_t;Datasets/all_labels_train_gensim_sparse_matrix.npz
archivalia.hypotheses.org/9485;histoire et archéologie_d, sciences sociales interdisciplinaires_d, histoire_t, approches de corpus_t, enquêtes_t, archives_t;Datasets/all_labels_train_gensim_sparse_matrix.npz
archiskop.hypotheses.org/86;archéologie_d, bas moyen âge_t;Datasets/all_labels_train_gensim_sparse_matrix.npz
archivalia.hypotheses.org/10109;histoire et archéologie_d, sciences sociales interdisciplinaires_d, histoire_t, approches de corpus_t, enquêtes_t, archives_t;Datasets/all_labels_train_gensim_sparse_matrix.npz
ockenheim.hypotheses.org/137;histoire et archéologie_d, archéologie_d, histoire_t, histoire urbaine_t, édition électronique_t, monde germanique_t;Datasets/all_labels_train_gensim_sparse_matrix.npz
nofoblog.hypotheses.org/199;arts et humanités_d, sciences sociales interdisciplinaires_d, sciences politiques_d, administration publique et développement_d, relations internationales_t, histoire intellectuelle_t, information_t, histoire culturelle_t, pays baltes et scandinaves_t;Datasets/all_labels_train_gensim_sparse_matrix.npz
heraldica.hypotheses.org/4017;histoire_d, histoire_t, historiographie_t, sciences auxiliaires de l'histoire_t, moyen âge_t, haut moyen âge_t;Datasets/all_labels_train_gensim_sparse_matrix.npz
archives.hypotheses.org/989;histoire_d, communication_d, patrimoine_t, digital humanities_t, moyen âge_t, époque moderne_t, france_t, monde germanique_t;Datasets/all_labels_train_gensim_sparse_matrix.npz
catholiccultures.hypotheses.org/1991;histoire et archéologie_d, histoire des sciences sociales_d, sciences sociales interdisciplinaires_d, sociologie et anthropologie_d, histoire_t, histoire sociale_t, histoire des religions_t, époque moderne_t;Datasets/all_labels_train_gensim_sparse_matrix.npz
19jhdhip.hypotheses.org/2678;histoire_d, époque contemporaine_t, prospectives_t, france_t, monde germanique_t;Datasets/all_labels_train_gensim_sparse_matrix.npz
archivalia.hypotheses.org/6207;histoire et archéologie_d, sciences sociales interdisciplinaires_d, histoire_t, approches de corpus_t, enquêtes_t, archives_t;Datasets/all_labels_train_gensim_sparse_matrix.npz
callme.hypotheses.org/86;éducation et sciences de l'éducation_d, linguistique appliquée_d, linguistique_t;Datasets/all_labels_train_gensim_sparse_matrix.npz
jeunegen.hypotheses.org/814;histoire_d, pluridisciplinarité_d, histoire_t, vie de la recherche_t, moyen âge_t, haut moyen âge_t, bas moyen âge_t;Datasets/all_labels_train_gensim_sparse_matrix.npz
jeunegen.hypotheses.org/1524;histoire_d, pluridisciplinarité_d, histoire_t, vie de la recherche_t, moyen âge_t, haut moyen âge_t, bas moyen âge_t;Datasets/all_labels_train_gensim_sparse_matrix.npz
archive20.hypotheses.org/1396;pluridisciplinarité_d, sciences sociales interdisciplinaires_d, histoire_t, information_t, patrimoine_t, monde germanique_t;Datasets/all_labels_train_gensim_sparse_matrix.npz
gab.hypotheses.org/1879;histoire et archéologie_d, pluridisciplinarité_d, sciences sociales interdisciplinaires_d, études des sciences_t, sociologie des sciences_t, histoire_t;Datasets/all_labels_train_gensim_sparse_matrix.npz
archivalia.hypotheses.org/5549;histoire et archéologie_d, sciences sociales interdisciplinaires_d, histoire_t, approches de corpus_t, enquêtes_t, archives_t;Datasets/all_labels_train_gensim_sparse_matrix.npz
dokunstlmu.hypotheses.org/1722;arts et humanités_d, histoire intellectuelle_t;Datasets/all_labels_train_gensim_sparse_matrix.npz
nordichistoryblog.hypotheses.org/3423;arts et humanités_d, histoire et archéologie_d, histoire_t, édition électronique_t, vie de la recherche_t, approches de corpus_t, enquêtes_t, archives_t, europe_t, pays baltes et scandinaves_t;Datasets/all_labels_train_gensim_sparse_matrix.npz
archivalia.hypotheses.org/10746;histoire et archéologie_d, sciences sociales interdisciplinaires_d, histoire_t, approches de corpus_t, enquêtes_t, archives_t;Datasets/all_labels_train_gensim_sparse_matrix.npz
schotten.hypotheses.org/592;religions_d, histoire et archéologie_d, sciences de l'information et de la communication_d, bibliothéconomie_d, histoire_t, histoire des religions_t, approches de corpus_t, enquêtes_t, archives_t, monde germanique_t;Datasets/all_labels_train_gensim_sparse_matrix.npz
archivalia.hypotheses.org/14132;histoire et archéologie_d, sciences sociales interdisciplinaires_d, histoire_t, approches de corpus_t, enquêtes_t, archives_t;Datasets/all_labels_train_gensim_sparse_matrix.npz
bioeg.hypotheses.org/202;histoire et archéologie_d, histoire_d, histoire_t, sciences auxiliaires de l'histoire_t, europe centrale et orientale_t, monde germanique_t;Datasets/all_labels_train_gensim_sparse_matrix.npz
sdvigpress.hypotheses.org/451;langue et linguistique_d, philosophie_d, humanités pluridisciplinaires_d, épistémologie et méthodes_t, digital humanities_t, europe centrale et orientale_t, édition électronique_t, linguistique_t;Datasets/all_labels_train_gensim_sparse_matrix.npz
archivalia.hypotheses.org/9256;histoire et archéologie_d, sciences sociales interdisciplinaires_d, histoire_t, approches de corpus_t, enquêtes_t, archives_t;Datasets/all_labels_train_gensim_sparse_matrix.npz
umstrittenesgedaechtnis.hypotheses.org/50;arts et humanités_d, histoire et archéologie_d, représentations_t, époque contemporaine_t;Datasets/all_labels_train_gensim_sparse_matrix.npz
archivalia.hypotheses.org/9353;histoire et archéologie_d, sciences sociales interdisciplinaires_d, histoire_t, approches de corpus_t, enquêtes_t, archives_t;Datasets/all_labels_train_gensim_sparse_matrix.npz
archivalia.hypotheses.org/58585;histoire et archéologie_d, sciences sociales interdisciplinaires_d, histoire_t, approches de corpus_t, enquêtes_t, archives_t;Datasets/all_labels_train_gensim_sparse_matrix.npz
archivalia.hypotheses.org/12012;histoire et archéologie_d, sciences sociales interdisciplinaires_d, histoire_t, approches de corpus_t, enquêtes_t, archives_t;Datasets/all_labels_train_gensim_sparse_matrix.npz
mindthegaps.hypotheses.org/1679;études asiatiques_d, histoire_d, histoire_t, histoire culturelle_t, asie_t, chine_t;Datasets/all_labels_train_gensim_sparse_matrix.npz
archivewk1.hypotheses.org/29899;histoire_d, époque contemporaine_t, 1914-1918_t;Datasets/all_labels_train_gensim_sparse_matrix.npz
archivewk1.hypotheses.org/4121;histoire_d, époque contemporaine_t, 1914-1918_t;Datasets/all_labels_train_gensim_sparse_matrix.npz
medialogic.hypotheses.org/123;arts et humanités_d, sciences de l'information et de la communication_d, bibliothéconomie_d, sociologie_t;Datasets/all_labels_train_gensim_sparse_matrix.npz
archivalia.hypotheses.org/54244;histoire et archéologie_d, sciences sociales interdisciplinaires_d, histoire_t, approches de corpus_t, enquêtes_t, archives_t;Datasets/all_labels_train_gensim_sparse_matrix.npz
archivewk1.hypotheses.org/1729;histoire_d, époque contemporaine_t, 1914-1918_t;Datasets/all_labels_train_gensim_sparse_matrix.npz
ordensgeschichte.hypotheses.org/8079;arts et humanités_d, humanités pluridisciplinaires_d, histoire et archéologie_d, histoire et philosophie des sciences_d, histoire_t, haut moyen âge_t, bas moyen âge_t, xviie siècle_t, xviiie siècle_t;Datasets/all_labels_train_gensim_sparse_matrix.npz
archivalia.hypotheses.org/2028;histoire et archéologie_d, sciences sociales interdisciplinaires_d, histoire_t, approches de corpus_t, enquêtes_t, archives_t;Datasets/all_labels_train_gensim_sparse_matrix.npz
amuc.hypotheses.org/1144;humanités pluridisciplinaires_d, histoire_d, histoire_t, représentations_t, patrimoine_t;Datasets/all_labels_train_gensim_sparse_matrix.npz
feldpost.hypotheses.org/287;histoire_d, histoire_t, guerres_t, conflits_t, violence_t, histoire culturelle_t, 1914-1918_t, monde germanique_t;Datasets/all_labels_train_gensim_sparse_matrix.npz
texperimentales.hypotheses.org/1208;linguistique appliquée_d, langue et linguistique_d, langage_t, linguistique_t, information_t, sciences de l'information_t, digital humanities_t;Datasets/all_labels_train_gensim_sparse_matrix.npz
archivewk1.hypotheses.org/5623;histoire_d, époque contemporaine_t, 1914-1918_t;Datasets/all_labels_train_gensim_sparse_matrix.npz
unibloggt.hypotheses.org/474;histoire et archéologie_d, pluridisciplinarité_d, histoire_t, information_t;Datasets/all_labels_train_gensim_sparse_matrix.npz
archivalia.hypotheses.org/54493;histoire et archéologie_d, sciences sociales interdisciplinaires_d, histoire_t, approches de corpus_t, enquêtes_t, archives_t;Datasets/all_labels_train_gensim_sparse_matrix.npz
speyermemo.hypotheses.org/2567;histoire_d, pluridisciplinarité_d, sciences sociales interdisciplinaires_d, sociologie de la culture_t, histoire_t, 1939-1945_t, europe_t;Datasets/all_labels_train_gensim_sparse_matrix.npz
nordichistoryblog.hypotheses.org/2787;arts et humanités_d, histoire et archéologie_d, histoire_t, édition électronique_t, vie de la recherche_t, approches de corpus_t, enquêtes_t, archives_t, europe_t, pays baltes et scandinaves_t;Datasets/all_labels_train_gensim_sparse_matrix.npz
archivalia.hypotheses.org/10328;histoire et archéologie_d, sciences sociales interdisciplinaires_d, histoire_t, approches de corpus_t, enquêtes_t, archives_t;Datasets/all_labels_train_gensim_sparse_matrix.npz
archivamt.hypotheses.org/3928;communication_d, pluridisciplinarité_d, sciences sociales interdisciplinaires_d, information_t, sciences de l'information_t, représentations_t, patrimoine_t;Datasets/all_labels_train_gensim_sparse_matrix.npz
soziologieblog.hypotheses.org/975;sciences sociales interdisciplinaires_d, sociologie et anthropologie_d, sociologie du travail_t, sociologie urbaine_t, sociologie de la culture_t, sociologie économique_t;Datasets/all_labels_train_gensim_sparse_matrix.npz
archivewk1.hypotheses.org/11880;histoire_d, époque contemporaine_t, 1914-1918_t;Datasets/all_labels_train_gensim_sparse_matrix.npz
archivalia.hypotheses.org/4262;histoire et archéologie_d, sciences sociales interdisciplinaires_d, histoire_t, approches de corpus_t, enquêtes_t, archives_t;Datasets/all_labels_train_gensim_sparse_matrix.npz
archivalia.hypotheses.org/5552;histoire et archéologie_d, sciences sociales interdisciplinaires_d, histoire_t, approches de corpus_t, enquêtes_t, archives_t;Datasets/all_labels_train_gensim_sparse_matrix.npz
beruf.hypotheses.org/544;histoire et archéologie_d, histoire_d, histoire_t;Datasets/all_labels_train_gensim_sparse_matrix.npz
archivalia.hypotheses.org/6267;histoire et archéologie_d, sciences sociales interdisciplinaires_d, histoire_t, approches de corpus_t, enquêtes_t, archives_t;Datasets/all_labels_train_gensim_sparse_matrix.npz
liparchiv.hypotheses.org/396;histoire et archéologie_d, sciences politiques_d, administration publique et développement_d, histoire urbaine_t, patrimoine_t, sciences auxiliaires de l'histoire_t, approches de corpus_t, enquêtes_t, archives_t, europe_t;Datasets/all_labels_train_gensim_sparse_matrix.npz
archivewk1.hypotheses.org/1318;histoire_d, époque contemporaine_t, 1914-1918_t;Datasets/all_labels_train_gensim_sparse_matrix.npz
rhad.hypotheses.org/375;histoire_d, histoire des sciences sociales_d, histoire_t, époque moderne_t, révolution française_t, xviie siècle_t, xviiie siècle_t, prospectives_t;Datasets/all_labels_train_gensim_sparse_matrix.npz
babyvision.hypotheses.org/244;psychologie_d, études des sciences_t, psychisme_t;Datasets/all_labels_train_gensim_sparse_matrix.npz
archivalia.hypotheses.org/5962;histoire et archéologie_d, sciences sociales interdisciplinaires_d, histoire_t, approches de corpus_t, enquêtes_t, archives_t;Datasets/all_labels_train_gensim_sparse_matrix.npz
archivalia.hypotheses.org/11057;histoire et archéologie_d, sciences sociales interdisciplinaires_d, histoire_t, approches de corpus_t, enquêtes_t, archives_t;Datasets/all_labels_train_gensim_sparse_matrix.npz
jeunegen.hypotheses.org/238;histoire_d, pluridisciplinarité_d, histoire_t, vie de la recherche_t, moyen âge_t, haut moyen âge_t, bas moyen âge_t;Datasets/all_labels_train_gensim_sparse_matrix.npz
medialogic.hypotheses.org/412;arts et humanités_d, sciences de l'information et de la communication_d, bibliothéconomie_d, sociologie_t;Datasets/all_labels_train_gensim_sparse_matrix.npz
archivewk1.hypotheses.org/8424;histoire_d, époque contemporaine_t, 1914-1918_t;Datasets/all_labels_train_gensim_sparse_matrix.npz
histbav.hypotheses.org/3141;humanités pluridisciplinaires_d, histoire_d, pluridisciplinarité_d, histoire_t, monde germanique_t;Datasets/all_labels_train_gensim_sparse_matrix.npz
pophistory.hypotheses.org/449;humanités pluridisciplinaires_d, histoire et archéologie_d, sociologie de la culture_t, histoire sociale_t, histoire culturelle_t, époque contemporaine_t;Datasets/all_labels_train_gensim_sparse_matrix.npz
futurecity.hypotheses.org/200;sciences politiques_d, administration publique et développement_d, sociologie urbaine_t;Datasets/all_labels_train_gensim_sparse_matrix.npz
archivewk1.hypotheses.org/8786;histoire_d, époque contemporaine_t, 1914-1918_t;Datasets/all_labels_train_gensim_sparse_matrix.npz
archivalia.hypotheses.org/56237;histoire et archéologie_d, sciences sociales interdisciplinaires_d, histoire_t, approches de corpus_t, enquêtes_t, archives_t;Datasets/all_labels_train_gensim_sparse_matrix.npz
studpro.hypotheses.org/1116;histoire_d, histoire_t, époque moderne_t, xviie siècle_t, xviiie siècle_t;Datasets/all_labels_train_gensim_sparse_matrix.npz
medienbildung.hypotheses.org/133;éducation_d, éducation spécialisée_d, travail social_d, sociologie_t, édition électronique_t, histoire et sociologie des médias_t, éducation_t;Datasets/all_labels_train_gensim_sparse_matrix.npz
ostbib.hypotheses.org/334;humanités pluridisciplinaires_d, histoire et archéologie_d, sciences de l'information et de la communication_d, bibliothéconomie_d, sciences sociales interdisciplinaires_d, sciences de l'information_t, édition électronique_t;Datasets/all_labels_train_gensim_sparse_matrix.npz
archivewk1.hypotheses.org/28104;histoire_d, époque contemporaine_t, 1914-1918_t;Datasets/all_labels_train_gensim_sparse_matrix.npz
inklusion.hypotheses.org/1454;éducation_d, travail social et politique sociale_d, sociologie du travail_t, âges de la vie_t, information_t, sciences de l'éducation_t;Datasets/all_labels_train_gensim_sparse_matrix.npz
bereschitrabba.hypotheses.org/1124;arts et humanités_d, religions_d, langue et linguistique_d, religions_t, histoire des religions_t;Datasets/all_labels_train_gensim_sparse_matrix.npz
dgl.hypotheses.org/582;éducation spécialisée_d, histoire_d, histoire_t, histoire et sociologie des médias_t, éducation_t;Datasets/all_labels_train_gensim_sparse_matrix.npz
mittelalter.hypotheses.org/3207;humanités pluridisciplinaires_d, religions_d, histoire_d, sociologie_d, histoire_t, histoire sociale_t, histoire intellectuelle_t, moyen âge_t, haut moyen âge_t, bas moyen âge_t;Datasets/all_labels_train_gensim_sparse_matrix.npz
nofoblog.hypotheses.org/253;arts et humanités_d, sciences sociales interdisciplinaires_d, sciences politiques_d, administration publique et développement_d, relations internationales_t, histoire intellectuelle_t, information_t, histoire culturelle_t, pays baltes et scandinaves_t;Datasets/all_labels_train_gensim_sparse_matrix.npz
archivalia.hypotheses.org/576;histoire et archéologie_d, sciences sociales interdisciplinaires_d, histoire_t, approches de corpus_t, enquêtes_t, archives_t;Datasets/all_labels_train_gensim_sparse_matrix.npz
mgtud.hypotheses.org/78;humanités pluridisciplinaires_d, éducation_d, histoire et archéologie_d, histoire_d, histoire_t, histoire urbaine_t, édition électronique_t;Datasets/all_labels_train_gensim_sparse_matrix.npz
jeunegen.hypotheses.org/1199;histoire_d, pluridisciplinarité_d, histoire_t, vie de la recherche_t, moyen âge_t, haut moyen âge_t, bas moyen âge_t;Datasets/all_labels_train_gensim_sparse_matrix.npz
amuc.hypotheses.org/996;humanités pluridisciplinaires_d, histoire_d, histoire_t, représentations_t, patrimoine_t;Datasets/all_labels_train_gensim_sparse_matrix.npz
archives.hypotheses.org/562;histoire_d, communication_d, patrimoine_t, digital humanities_t, moyen âge_t, époque moderne_t, france_t, monde germanique_t;Datasets/all_labels_train_gensim_sparse_matrix.npz
medienbildung.hypotheses.org/8369;éducation_d, éducation spécialisée_d, travail social_d, sociologie_t, édition électronique_t, histoire et sociologie des médias_t, éducation_t;Datasets/all_labels_train_gensim_sparse_matrix.npz
archivalia.hypotheses.org/5813;histoire et archéologie_d, sciences sociales interdisciplinaires_d, histoire_t, approches de corpus_t, enquêtes_t, archives_t;Datasets/all_labels_train_gensim_sparse_matrix.npz
archivalia.hypotheses.org/52722;histoire et archéologie_d, sciences sociales interdisciplinaires_d, histoire_t, approches de corpus_t, enquêtes_t, archives_t;Datasets/all_labels_train_gensim_sparse_matrix.npz
1914lvr.hypotheses.org/1350;sciences politiques_d, histoire_t, époque contemporaine_t, 1914-1918_t;Datasets/all_labels_train_gensim_sparse_matrix.npz
philophiso.hypotheses.org/1113;philosophie_d, éducation_d, éducation spécialisée_d, pensée_t, philosophie_t, représentations_t, patrimoine_t;Datasets/all_labels_train_gensim_sparse_matrix.npz
archivewk1.hypotheses.org/4030;histoire_d, époque contemporaine_t, 1914-1918_t;Datasets/all_labels_train_gensim_sparse_matrix.npz
dss.hypotheses.org/682;arts et humanités_d, communication_d, sciences de l'information et bibliothéconomie_d, information_t, édition électronique_t, représentations_t, histoire de l'art_t, patrimoine_t, prospectives_t;Datasets/all_labels_train_gensim_sparse_matrix.npz
ordensgeschichte.hypotheses.org/4965;arts et humanités_d, humanités pluridisciplinaires_d, histoire et archéologie_d, histoire et philosophie des sciences_d, histoire_t, haut moyen âge_t, bas moyen âge_t, xviie siècle_t, xviiie siècle_t;Datasets/all_labels_train_gensim_sparse_matrix.npz
inklusion.hypotheses.org/156;éducation_d, travail social et politique sociale_d, sociologie du travail_t, âges de la vie_t, information_t, sciences de l'éducation_t;Datasets/all_labels_train_gensim_sparse_matrix.npz
catholiccultures.hypotheses.org/646;histoire et archéologie_d, histoire des sciences sociales_d, sciences sociales interdisciplinaires_d, sociologie et anthropologie_d, histoire_t, histoire sociale_t, histoire des religions_t, époque moderne_t;Datasets/all_labels_train_gensim_sparse_matrix.npz
histbav.hypotheses.org/2446;humanités pluridisciplinaires_d, histoire_d, pluridisciplinarité_d, histoire_t, monde germanique_t;Datasets/all_labels_train_gensim_sparse_matrix.npz
histbav.hypotheses.org/1276;humanités pluridisciplinaires_d, histoire_d, pluridisciplinarité_d, histoire_t, monde germanique_t;Datasets/all_labels_train_gensim_sparse_matrix.npz
bioeg.hypotheses.org/1383;histoire et archéologie_d, histoire_d, histoire_t, sciences auxiliaires de l'histoire_t, europe centrale et orientale_t, monde germanique_t;Datasets/all_labels_train_gensim_sparse_matrix.npz
reichwein.hypotheses.org/1382;histoire et archéologie_d, histoire des sciences_t, 1945-1989_t;Datasets/all_labels_train_gensim_sparse_matrix.npz
archivalia.hypotheses.org/12324;histoire et archéologie_d, sciences sociales interdisciplinaires_d, histoire_t, approches de corpus_t, enquêtes_t, archives_t;Datasets/all_labels_train_gensim_sparse_matrix.npz
archivalia.hypotheses.org/8496;histoire et archéologie_d, sciences sociales interdisciplinaires_d, histoire_t, approches de corpus_t, enquêtes_t, archives_t;Datasets/all_labels_train_gensim_sparse_matrix.npz
redaktionsblog.hypotheses.org/2148;arts et humanités_d, humanités pluridisciplinaires_d, épistémologie et méthodes_t, digital humanities_t;Datasets/all_labels_train_gensim_sparse_matrix.npz
liparchiv.hypotheses.org/297;histoire et archéologie_d, sciences politiques_d, administration publique et développement_d, histoire urbaine_t, patrimoine_t, sciences auxiliaires de l'histoire_t, approches de corpus_t, enquêtes_t, archives_t, europe_t;Datasets/all_labels_train_gensim_sparse_matrix.npz
archivalia.hypotheses.org/5611;histoire et archéologie_d, sciences sociales interdisciplinaires_d, histoire_t, approches de corpus_t, enquêtes_t, archives_t;Datasets/all_labels_train_gensim_sparse_matrix.npz
histbav.hypotheses.org/3186;humanités pluridisciplinaires_d, histoire_d, pluridisciplinarité_d, histoire_t, monde germanique_t;Datasets/all_labels_train_gensim_sparse_matrix.npz
archivalia.hypotheses.org/1569;histoire et archéologie_d, sciences sociales interdisciplinaires_d, histoire_t, approches de corpus_t, enquêtes_t, archives_t;Datasets/all_labels_train_gensim_sparse_matrix.npz
archivewk1.hypotheses.org/14023;histoire_d, époque contemporaine_t, 1914-1918_t;Datasets/all_labels_train_gensim_sparse_matrix.npz
tagebuch.hypotheses.org/1168;histoire et archéologie_d, histoire_d, histoire_t, époque contemporaine_t, 1914-1918_t;Datasets/all_labels_train_gensim_sparse_matrix.npz
frueheneuzeit.hypotheses.org/622;histoire et archéologie_d, histoire_t, époque moderne_t, xviie siècle_t, xviiie siècle_t, révolution française_t;Datasets/all_labels_train_gensim_sparse_matrix.npz
kinder.hypotheses.org/1160;éducation et sciences de l'éducation_d, études sur la famille_d, âges de la vie_t, sciences de l'éducation_t;Datasets/all_labels_train_gensim_sparse_matrix.npz
1914lvr.hypotheses.org/1308;sciences politiques_d, histoire_t, époque contemporaine_t, 1914-1918_t;Datasets/all_labels_train_gensim_sparse_matrix.npz
amuc.hypotheses.org/2067;humanités pluridisciplinaires_d, histoire_d, histoire_t, représentations_t, patrimoine_t;Datasets/all_labels_train_gensim_sparse_matrix.npz
archivalia.hypotheses.org/8667;histoire et archéologie_d, sciences sociales interdisciplinaires_d, histoire_t, approches de corpus_t, enquêtes_t, archives_t;Datasets/all_labels_train_gensim_sparse_matrix.npz
digigw.hypotheses.org/1415;humanités pluridisciplinaires_d, histoire_t, édition électronique_t, sciences auxiliaires de l'histoire_t, digital humanities_t;Datasets/all_labels_train_gensim_sparse_matrix.npz
archivalia.hypotheses.org/60291;histoire et archéologie_d, sciences sociales interdisciplinaires_d, histoire_t, approches de corpus_t, enquêtes_t, archives_t;Datasets/all_labels_train_gensim_sparse_matrix.npz
histbav.hypotheses.org/1779;humanités pluridisciplinaires_d, histoire_d, pluridisciplinarité_d, histoire_t, monde germanique_t;Datasets/all_labels_train_gensim_sparse_matrix.npz
archivalia.hypotheses.org/59554;histoire et archéologie_d, sciences sociales interdisciplinaires_d, histoire_t, approches de corpus_t, enquêtes_t, archives_t;Datasets/all_labels_train_gensim_sparse_matrix.npz
archivalia.hypotheses.org/5347;histoire et archéologie_d, sciences sociales interdisciplinaires_d, histoire_t, approches de corpus_t, enquêtes_t, archives_t;Datasets/all_labels_train_gensim_sparse_matrix.npz
archivalia.hypotheses.org/52908;histoire et archéologie_d, sciences sociales interdisciplinaires_d, histoire_t, approches de corpus_t, enquêtes_t, archives_t;Datasets/all_labels_train_gensim_sparse_matrix.npz
metablock.hypotheses.org/581;sciences sociales interdisciplinaires_d, linguistique appliquée_d, langue et linguistique_d, sociologie des sciences_t, langage_t, linguistique_t, édition électronique_t, histoire et sociologie des médias_t;Datasets/all_labels_train_gensim_sparse_matrix.npz
mgtud.hypotheses.org/384;humanités pluridisciplinaires_d, éducation_d, histoire et archéologie_d, histoire_d, histoire_t, histoire urbaine_t, édition électronique_t;Datasets/all_labels_train_gensim_sparse_matrix.npz
archivewk1.hypotheses.org/17310;histoire_d, époque contemporaine_t, 1914-1918_t;Datasets/all_labels_train_gensim_sparse_matrix.npz
archivalia.hypotheses.org/14081;histoire et archéologie_d, sciences sociales interdisciplinaires_d, histoire_t, approches de corpus_t, enquêtes_t, archives_t;Datasets/all_labels_train_gensim_sparse_matrix.npz
tagebuch.hypotheses.org/1019;histoire et archéologie_d, histoire_d, histoire_t, époque contemporaine_t, 1914-1918_t;Datasets/all_labels_train_gensim_sparse_matrix.npz
archivalia.hypotheses.org/5179;histoire et archéologie_d, sciences sociales interdisciplinaires_d, histoire_t, approches de corpus_t, enquêtes_t, archives_t;Datasets/all_labels_train_gensim_sparse_matrix.npz
beruf.hypotheses.org/439;histoire et archéologie_d, histoire_d, histoire_t;Datasets/all_labels_train_gensim_sparse_matrix.npz
archivalia.hypotheses.org/57171;histoire et archéologie_d, sciences sociales interdisciplinaires_d, histoire_t, approches de corpus_t, enquêtes_t, archives_t;Datasets/all_labels_train_gensim_sparse_matrix.npz
redaktionsblog.hypotheses.org/2145;arts et humanités_d, humanités pluridisciplinaires_d, épistémologie et méthodes_t, digital humanities_t;Datasets/all_labels_train_gensim_sparse_matrix.npz
feldpost.hypotheses.org/850;histoire_d, histoire_t, guerres_t, conflits_t, violence_t, histoire culturelle_t, 1914-1918_t, monde germanique_t;Datasets/all_labels_train_gensim_sparse_matrix.npz
archivalia.hypotheses.org/8081;histoire et archéologie_d, sciences sociales interdisciplinaires_d, histoire_t, approches de corpus_t, enquêtes_t, archives_t;Datasets/all_labels_train_gensim_sparse_matrix.npz
soziologieblog.hypotheses.org/4643;sciences sociales interdisciplinaires_d, sociologie et anthropologie_d, sociologie du travail_t, sociologie urbaine_t, sociologie de la culture_t, sociologie économique_t;Datasets/all_labels_train_gensim_sparse_matrix.npz
archivalia.hypotheses.org/7558;histoire et archéologie_d, sciences sociales interdisciplinaires_d, histoire_t, approches de corpus_t, enquêtes_t, archives_t;Datasets/all_labels_train_gensim_sparse_matrix.npz
archivalia.hypotheses.org/13705;histoire et archéologie_d, sciences sociales interdisciplinaires_d, histoire_t, approches de corpus_t, enquêtes_t, archives_t;Datasets/all_labels_train_gensim_sparse_matrix.npz
histbav.hypotheses.org/2444;humanités pluridisciplinaires_d, histoire_d, pluridisciplinarité_d, histoire_t, monde germanique_t;Datasets/all_labels_train_gensim_sparse_matrix.npz
archivalia.hypotheses.org/9404;histoire et archéologie_d, sciences sociales interdisciplinaires_d, histoire_t, approches de corpus_t, enquêtes_t, archives_t;Datasets/all_labels_train_gensim_sparse_matrix.npz
archivalia.hypotheses.org/6610;histoire et archéologie_d, sciences sociales interdisciplinaires_d, histoire_t, approches de corpus_t, enquêtes_t, archives_t;Datasets/all_labels_train_gensim_sparse_matrix.npz
archivalia.hypotheses.org/53333;histoire et archéologie_d, sciences sociales interdisciplinaires_d, histoire_t, approches de corpus_t, enquêtes_t, archives_t;Datasets/all_labels_train_gensim_sparse_matrix.npz
archivewk1.hypotheses.org/13014;histoire_d, époque contemporaine_t, 1914-1918_t;Datasets/all_labels_train_gensim_sparse_matrix.npz
schotten.hypotheses.org/1091;religions_d, histoire et archéologie_d, sciences de l'information et de la communication_d, bibliothéconomie_d, histoire_t, histoire des religions_t, approches de corpus_t, enquêtes_t, archives_t, monde germanique_t;Datasets/all_labels_train_gensim_sparse_matrix.npz
jameel.hypotheses.org/295;pluridisciplinarité_d, études régionales_d, archéologie_d, arts_d, humanités pluridisciplinaires_d, représentations_t, asie_t, digital humanities_t, histoire de l'art_t;Datasets/all_labels_train_gensim_sparse_matrix.npz
digitalintellectuals.hypotheses.org/310;études anciennes_d, histoire et philosophie des sciences_d, pluridisciplinarité_d, littérature_d, histoire intellectuelle_t, approches de corpus_t, enquêtes_t, archives_t, époque moderne_t, prospectives_t, monde germanique_t;Datasets/all_labels_train_gensim_sparse_matrix.npz
soziologieblog.hypotheses.org/9495;sciences sociales interdisciplinaires_d, sociologie et anthropologie_d, sociologie du travail_t, sociologie urbaine_t, sociologie de la culture_t, sociologie économique_t;Datasets/all_labels_train_gensim_sparse_matrix.npz
19jhdhip.hypotheses.org/2688;histoire_d, époque contemporaine_t, prospectives_t, france_t, monde germanique_t;Datasets/all_labels_train_gensim_sparse_matrix.npz
medienbildung.hypotheses.org/6059;éducation_d, éducation spécialisée_d, travail social_d, sociologie_t, édition électronique_t, histoire et sociologie des médias_t, éducation_t;Datasets/all_labels_train_gensim_sparse_matrix.npz
maxweber.hypotheses.org/245;humanités pluridisciplinaires_d, histoire et archéologie_d, histoire et philosophie des sciences_d, sociologie et anthropologie_d, histoire sociale_t, histoire intellectuelle_t, sociologie des religions_t, vie de la recherche_t;Datasets/all_labels_train_gensim_sparse_matrix.npz
medienbildung.hypotheses.org/6783;éducation_d, éducation spécialisée_d, travail social_d, sociologie_t, édition électronique_t, histoire et sociologie des médias_t, éducation_t;Datasets/all_labels_train_gensim_sparse_matrix.npz
schotten.hypotheses.org/1191;religions_d, histoire et archéologie_d, sciences de l'information et de la communication_d, bibliothéconomie_d, histoire_t, histoire des religions_t, approches de corpus_t, enquêtes_t, archives_t, monde germanique_t;Datasets/all_labels_train_gensim_sparse_matrix.npz
archivekod.hypotheses.org/605;religions_d, histoire et archéologie_d, sciences de l'information et de la communication_d, bibliothéconomie_d, communication_d, histoire_t, histoire des religions_t, patrimoine_t;Datasets/all_labels_train_gensim_sparse_matrix.npz
grandeguerre.hypotheses.org/1242;histoire et archéologie_d, histoire_t, 1914-1918_t, prospectives_t, france_t, monde germanique_t;Datasets/all_labels_train_gensim_sparse_matrix.npz
archivalia.hypotheses.org/55259;histoire et archéologie_d, sciences sociales interdisciplinaires_d, histoire_t, approches de corpus_t, enquêtes_t, archives_t;Datasets/all_labels_train_gensim_sparse_matrix.npz
filmeditio.hypotheses.org/449;arts_d, humanités pluridisciplinaires_d, édition électronique_t, histoire et sociologie des médias_t, patrimoine_t, études visuelles_t;Datasets/all_labels_train_gensim_sparse_matrix.npz
histbav.hypotheses.org/3785;humanités pluridisciplinaires_d, histoire_d, pluridisciplinarité_d, histoire_t, monde germanique_t;Datasets/all_labels_train_gensim_sparse_matrix.npz
schotten.hypotheses.org/512;religions_d, histoire et archéologie_d, sciences de l'information et de la communication_d, bibliothéconomie_d, histoire_t, histoire des religions_t, approches de corpus_t, enquêtes_t, archives_t, monde germanique_t;Datasets/all_labels_train_gensim_sparse_matrix.npz
archivalia.hypotheses.org/5492;histoire et archéologie_d, sciences sociales interdisciplinaires_d, histoire_t, approches de corpus_t, enquêtes_t, archives_t;Datasets/all_labels_train_gensim_sparse_matrix.npz
archivalia.hypotheses.org/62172;histoire et archéologie_d, sciences sociales interdisciplinaires_d, histoire_t, approches de corpus_t, enquêtes_t, archives_t;Datasets/all_labels_train_gensim_sparse_matrix.npz
1914lvr.hypotheses.org/472;sciences politiques_d, histoire_t, époque contemporaine_t, 1914-1918_t;Datasets/all_labels_train_gensim_sparse_matrix.npz
nordichistoryblog.hypotheses.org/338;arts et humanités_d, histoire et archéologie_d, histoire_t, édition électronique_t, vie de la recherche_t, approches de corpus_t, enquêtes_t, archives_t, europe_t, pays baltes et scandinaves_t;Datasets/all_labels_train_gensim_sparse_matrix.npz
archivalia.hypotheses.org/5102;histoire et archéologie_d, sciences sociales interdisciplinaires_d, histoire_t, approches de corpus_t, enquêtes_t, archives_t;Datasets/all_labels_train_gensim_sparse_matrix.npz
reichwein.hypotheses.org/1572;histoire et archéologie_d, histoire des sciences_t, 1945-1989_t;Datasets/all_labels_train_gensim_sparse_matrix.npz
tagebuch.hypotheses.org/136;histoire et archéologie_d, histoire_d, histoire_t, époque contemporaine_t, 1914-1918_t;Datasets/all_labels_train_gensim_sparse_matrix.npz
archivalia.hypotheses.org/8696;histoire et archéologie_d, sciences sociales interdisciplinaires_d, histoire_t, approches de corpus_t, enquêtes_t, archives_t;Datasets/all_labels_train_gensim_sparse_matrix.npz
digigw.hypotheses.org/842;humanités pluridisciplinaires_d, histoire_t, édition électronique_t, sciences auxiliaires de l'histoire_t, digital humanities_t;Datasets/all_labels_train_gensim_sparse_matrix.npz
digigw.hypotheses.org/951;humanités pluridisciplinaires_d, histoire_t, édition électronique_t, sciences auxiliaires de l'histoire_t, digital humanities_t;Datasets/all_labels_train_gensim_sparse_matrix.npz
catholiccultures.hypotheses.org/84;histoire et archéologie_d, histoire des sciences sociales_d, sciences sociales interdisciplinaires_d, sociologie et anthropologie_d, histoire_t, histoire sociale_t, histoire des religions_t, époque moderne_t;Datasets/all_labels_train_gensim_sparse_matrix.npz
trafo.hypotheses.org/5446;pluridisciplinarité_d, sciences sociales interdisciplinaires_d, études régionales_d, sociologie_t, sociologie des religions_t, information_t, histoire culturelle_t;Datasets/all_labels_train_gensim_sparse_matrix.npz
intersex.hypotheses.org/558;histoire_d, biomédecine_d, étude des genres_t, histoire des sciences_t, histoire_t, histoire du droit_t, moyen âge_t, xxie siècle_t;Datasets/all_labels_train_gensim_sparse_matrix.npz
gab.hypotheses.org/437;histoire et archéologie_d, pluridisciplinarité_d, sciences sociales interdisciplinaires_d, études des sciences_t, sociologie des sciences_t, histoire_t;Datasets/all_labels_train_gensim_sparse_matrix.npz
ordensgeschichte.hypotheses.org/9745;arts et humanités_d, humanités pluridisciplinaires_d, histoire et archéologie_d, histoire et philosophie des sciences_d, histoire_t, haut moyen âge_t, bas moyen âge_t, xviie siècle_t, xviiie siècle_t;Datasets/all_labels_train_gensim_sparse_matrix.npz
mittelalter.hypotheses.org/2436;humanités pluridisciplinaires_d, religions_d, histoire_d, sociologie_d, histoire_t, histoire sociale_t, histoire intellectuelle_t, moyen âge_t, haut moyen âge_t, bas moyen âge_t;Datasets/all_labels_train_gensim_sparse_matrix.npz
grandeguerre.hypotheses.org/1433;histoire et archéologie_d, histoire_t, 1914-1918_t, prospectives_t, france_t, monde germanique_t;Datasets/all_labels_train_gensim_sparse_matrix.npz
archivalia.hypotheses.org/11576;histoire et archéologie_d, sciences sociales interdisciplinaires_d, histoire_t, approches de corpus_t, enquêtes_t, archives_t;Datasets/all_labels_train_gensim_sparse_matrix.npz
archivalia.hypotheses.org/54919;histoire et archéologie_d, sciences sociales interdisciplinaires_d, histoire_t, approches de corpus_t, enquêtes_t, archives_t;Datasets/all_labels_train_gensim_sparse_matrix.npz
archivalia.hypotheses.org/11648;histoire et archéologie_d, sciences sociales interdisciplinaires_d, histoire_t, approches de corpus_t, enquêtes_t, archives_t;Datasets/all_labels_train_gensim_sparse_matrix.npz
ordensgeschichte.hypotheses.org/10766;arts et humanités_d, humanités pluridisciplinaires_d, histoire et archéologie_d, histoire et philosophie des sciences_d, histoire_t, haut moyen âge_t, bas moyen âge_t, xviie siècle_t, xviiie siècle_t;Datasets/all_labels_train_gensim_sparse_matrix.npz
archivewk1.hypotheses.org/4340;histoire_d, époque contemporaine_t, 1914-1918_t;Datasets/all_labels_train_gensim_sparse_matrix.npz
archivalia.hypotheses.org/5365;histoire et archéologie_d, sciences sociales interdisciplinaires_d, histoire_t, approches de corpus_t, enquêtes_t, archives_t;Datasets/all_labels_train_gensim_sparse_matrix.npz
digigw.hypotheses.org/546;humanités pluridisciplinaires_d, histoire_t, édition électronique_t, sciences auxiliaires de l'histoire_t, digital humanities_t;Datasets/all_labels_train_gensim_sparse_matrix.npz
ostblog.hypotheses.org/560;histoire_d, économie_d, histoire_t;Datasets/all_labels_train_gensim_sparse_matrix.npz
inklusion.hypotheses.org/2235;éducation_d, travail social et politique sociale_d, sociologie du travail_t, âges de la vie_t, information_t, sciences de l'éducation_t;Datasets/all_labels_train_gensim_sparse_matrix.npz
archives.hypotheses.org/543;histoire_d, communication_d, patrimoine_t, digital humanities_t, moyen âge_t, époque moderne_t, france_t, monde germanique_t;Datasets/all_labels_train_gensim_sparse_matrix.npz
studpro.hypotheses.org/575;histoire_d, histoire_t, époque moderne_t, xviie siècle_t, xviiie siècle_t;Datasets/all_labels_train_gensim_sparse_matrix.npz
archivalia.hypotheses.org/1015;histoire et archéologie_d, sciences sociales interdisciplinaires_d, histoire_t, approches de corpus_t, enquêtes_t, archives_t;Datasets/all_labels_train_gensim_sparse_matrix.npz
archives.hypotheses.org/1156;histoire_d, communication_d, patrimoine_t, digital humanities_t, moyen âge_t, époque moderne_t, france_t, monde germanique_t;Datasets/all_labels_train_gensim_sparse_matrix.npz
archivewk1.hypotheses.org/29550;histoire_d, époque contemporaine_t, 1914-1918_t;Datasets/all_labels_train_gensim_sparse_matrix.npz
soziologieblog.hypotheses.org/8877;sciences sociales interdisciplinaires_d, sociologie et anthropologie_d, sociologie du travail_t, sociologie urbaine_t, sociologie de la culture_t, sociologie économique_t;Datasets/all_labels_train_gensim_sparse_matrix.npz
1914lvr.hypotheses.org/1684;sciences politiques_d, histoire_t, époque contemporaine_t, 1914-1918_t;Datasets/all_labels_train_gensim_sparse_matrix.npz
zakunibonn.hypotheses.org/233;histoire_d, psychologie_d, histoire_t, psychisme_t, psychologie_t, méthodes de traitement et de représentation_t, monde germanique_t;Datasets/all_labels_train_gensim_sparse_matrix.npz
archivalia.hypotheses.org/1505;histoire et archéologie_d, sciences sociales interdisciplinaires_d, histoire_t, approches de corpus_t, enquêtes_t, archives_t;Datasets/all_labels_train_gensim_sparse_matrix.npz
archivalia.hypotheses.org/6163;histoire et archéologie_d, sciences sociales interdisciplinaires_d, histoire_t, approches de corpus_t, enquêtes_t, archives_t;Datasets/all_labels_train_gensim_sparse_matrix.npz
archivalia.hypotheses.org/56024;histoire et archéologie_d, sciences sociales interdisciplinaires_d, histoire_t, approches de corpus_t, enquêtes_t, archives_t;Datasets/all_labels_train_gensim_sparse_matrix.npz
mindthegaps.hypotheses.org/1516;études asiatiques_d, histoire_d, histoire_t, histoire culturelle_t, asie_t, chine_t;Datasets/all_labels_train_gensim_sparse_matrix.npz
archivalia.hypotheses.org/5823;histoire et archéologie_d, sciences sociales interdisciplinaires_d, histoire_t, approches de corpus_t, enquêtes_t, archives_t;Datasets/all_labels_train_gensim_sparse_matrix.npz
archivalia.hypotheses.org/8135;histoire et archéologie_d, sciences sociales interdisciplinaires_d, histoire_t, approches de corpus_t, enquêtes_t, archives_t;Datasets/all_labels_train_gensim_sparse_matrix.npz
fnzinfo.hypotheses.org/682;arts et humanités_d, musique_d, histoire et archéologie_d, histoire_t, xvie siècle_t, xviie siècle_t, xviiie siècle_t, révolution française_t;Datasets/all_labels_train_gensim_sparse_matrix.npz
gab.hypotheses.org/1473;histoire et archéologie_d, pluridisciplinarité_d, sciences sociales interdisciplinaires_d, études des sciences_t, sociologie des sciences_t, histoire_t;Datasets/all_labels_train_gensim_sparse_matrix.npz
archivalia.hypotheses.org/10626;histoire et archéologie_d, sciences sociales interdisciplinaires_d, histoire_t, approches de corpus_t, enquêtes_t, archives_t;Datasets/all_labels_train_gensim_sparse_matrix.npz
archivalia.hypotheses.org/11880;histoire et archéologie_d, sciences sociales interdisciplinaires_d, histoire_t, approches de corpus_t, enquêtes_t, archives_t;Datasets/all_labels_train_gensim_sparse_matrix.npz
francofil.hypotheses.org/3337;pluridisciplinarité_d, sciences sociales interdisciplinaires_d, histoire_t, épistémologie et méthodes_t, approches de corpus_t, enquêtes_t, archives_t, france_t;Datasets/all_labels_train_gensim_sparse_matrix.npz
histbav.hypotheses.org/4455;humanités pluridisciplinaires_d, histoire_d, pluridisciplinarité_d, histoire_t, monde germanique_t;Datasets/all_labels_train_gensim_sparse_matrix.npz
bloghaus.hypotheses.org/1196;pluridisciplinarité_d, sciences sociales interdisciplinaires_d, information_t, digital humanities_t;Datasets/all_labels_train_gensim_sparse_matrix.npz
archivalia.hypotheses.org/55564;histoire et archéologie_d, sciences sociales interdisciplinaires_d, histoire_t, approches de corpus_t, enquêtes_t, archives_t;Datasets/all_labels_train_gensim_sparse_matrix.npz
archivalia.hypotheses.org/54169;histoire et archéologie_d, sciences sociales interdisciplinaires_d, histoire_t, approches de corpus_t, enquêtes_t, archives_t;Datasets/all_labels_train_gensim_sparse_matrix.npz
archivalia.hypotheses.org/2290;histoire et archéologie_d, sciences sociales interdisciplinaires_d, histoire_t, approches de corpus_t, enquêtes_t, archives_t;Datasets/all_labels_train_gensim_sparse_matrix.npz
archivalia.hypotheses.org/5386;histoire et archéologie_d, sciences sociales interdisciplinaires_d, histoire_t, approches de corpus_t, enquêtes_t, archives_t;Datasets/all_labels_train_gensim_sparse_matrix.npz
archivewk1.hypotheses.org/19678;histoire_d, époque contemporaine_t, 1914-1918_t;Datasets/all_labels_train_gensim_sparse_matrix.npz
leibnizarc.hypotheses.org/252;éducation_d, histoire et archéologie_d, sciences de l'information et bibliothéconomie_d, études des sciences_t, histoire industrielle_t, histoire de l'art_t;Datasets/all_labels_train_gensim_sparse_matrix.npz
archivewk1.hypotheses.org/23289;histoire_d, époque contemporaine_t, 1914-1918_t;Datasets/all_labels_train_gensim_sparse_matrix.npz
studpro.hypotheses.org/351;histoire_d, histoire_t, époque moderne_t, xviie siècle_t, xviiie siècle_t;Datasets/all_labels_train_gensim_sparse_matrix.npz
frobeniusforster.hypotheses.org/477;histoire et archéologie_d, histoire_t, époque moderne_t, xviiie siècle_t;Datasets/all_labels_train_gensim_sparse_matrix.npz
archivewk1.hypotheses.org/2605;histoire_d, époque contemporaine_t, 1914-1918_t;Datasets/all_labels_train_gensim_sparse_matrix.npz
hsc.hypotheses.org/218;arts et humanités_d, humanités pluridisciplinaires_d, histoire et archéologie_d, histoire_t, historiographie_t;Datasets/all_labels_train_gensim_sparse_matrix.npz
archivamt.hypotheses.org/3965;communication_d, pluridisciplinarité_d, sciences sociales interdisciplinaires_d, information_t, sciences de l'information_t, représentations_t, patrimoine_t;Datasets/all_labels_train_gensim_sparse_matrix.npz
heraldica.hypotheses.org/3842;histoire_d, histoire_t, historiographie_t, sciences auxiliaires de l'histoire_t, moyen âge_t, haut moyen âge_t;Datasets/all_labels_train_gensim_sparse_matrix.npz
archivalia.hypotheses.org/3598;histoire et archéologie_d, sciences sociales interdisciplinaires_d, histoire_t, approches de corpus_t, enquêtes_t, archives_t;Datasets/all_labels_train_gensim_sparse_matrix.npz
archivalia.hypotheses.org/3227;histoire et archéologie_d, sciences sociales interdisciplinaires_d, histoire_t, approches de corpus_t, enquêtes_t, archives_t;Datasets/all_labels_train_gensim_sparse_matrix.npz
archivamt.hypotheses.org/409;communication_d, pluridisciplinarité_d, sciences sociales interdisciplinaires_d, information_t, sciences de l'information_t, représentations_t, patrimoine_t;Datasets/all_labels_train_gensim_sparse_matrix.npz
merzdadaco.hypotheses.org/315;humanités pluridisciplinaires_d, littérature_d, littératures_t, représentations_t, histoire culturelle_t, histoire de l'art_t;Datasets/all_labels_train_gensim_sparse_matrix.npz
archivalia.hypotheses.org/8257;histoire et archéologie_d, sciences sociales interdisciplinaires_d, histoire_t, approches de corpus_t, enquêtes_t, archives_t;Datasets/all_labels_train_gensim_sparse_matrix.npz
archivalia.hypotheses.org/62690;histoire et archéologie_d, sciences sociales interdisciplinaires_d, histoire_t, approches de corpus_t, enquêtes_t, archives_t;Datasets/all_labels_train_gensim_sparse_matrix.npz
archivalia.hypotheses.org/12148;histoire et archéologie_d, sciences sociales interdisciplinaires_d, histoire_t, approches de corpus_t, enquêtes_t, archives_t;Datasets/all_labels_train_gensim_sparse_matrix.npz
soziologieblog.hypotheses.org/2908;sciences sociales interdisciplinaires_d, sociologie et anthropologie_d, sociologie du travail_t, sociologie urbaine_t, sociologie de la culture_t, sociologie économique_t;Datasets/all_labels_train_gensim_sparse_matrix.npz
intersex.hypotheses.org/1927;histoire_d, biomédecine_d, étude des genres_t, histoire des sciences_t, histoire_t, histoire du droit_t, moyen âge_t, xxie siècle_t;Datasets/all_labels_train_gensim_sparse_matrix.npz
archivamt.hypotheses.org/2833;communication_d, pluridisciplinarité_d, sciences sociales interdisciplinaires_d, information_t, sciences de l'information_t, représentations_t, patrimoine_t;Datasets/all_labels_train_gensim_sparse_matrix.npz
tagebuch.hypotheses.org/610;histoire et archéologie_d, histoire_d, histoire_t, époque contemporaine_t, 1914-1918_t;Datasets/all_labels_train_gensim_sparse_matrix.npz
uegg.hypotheses.org/213;histoire_d, histoire_t, histoire politique_t, époque contemporaine_t, xxe siècle_t, prospectives_t;Datasets/all_labels_train_gensim_sparse_matrix.npz
fortifica.hypotheses.org/41;histoire et archéologie_d, histoire_d, histoire urbaine_t, xvie siècle_t, xviie siècle_t, xviiie siècle_t;Datasets/all_labels_train_gensim_sparse_matrix.npz
archivalia.hypotheses.org/12502;histoire et archéologie_d, sciences sociales interdisciplinaires_d, histoire_t, approches de corpus_t, enquêtes_t, archives_t;Datasets/all_labels_train_gensim_sparse_matrix.npz
sammeln.hypotheses.org/712;sciences sociales interdisciplinaires_d, histoire des sciences_t, patrimoine_t, sciences auxiliaires de l'histoire_t, approches de corpus_t, enquêtes_t, archives_t;Datasets/all_labels_train_gensim_sparse_matrix.npz
speyermemo.hypotheses.org/2009;histoire_d, pluridisciplinarité_d, sciences sociales interdisciplinaires_d, sociologie de la culture_t, histoire_t, 1939-1945_t, europe_t;Datasets/all_labels_train_gensim_sparse_matrix.npz
philophiso.hypotheses.org/83;philosophie_d, éducation_d, éducation spécialisée_d, pensée_t, philosophie_t, représentations_t, patrimoine_t;Datasets/all_labels_train_gensim_sparse_matrix.npz
archivalia.hypotheses.org/5800;histoire et archéologie_d, sciences sociales interdisciplinaires_d, histoire_t, approches de corpus_t, enquêtes_t, archives_t;Datasets/all_labels_train_gensim_sparse_matrix.npz
archivewk1.hypotheses.org/22987;histoire_d, époque contemporaine_t, 1914-1918_t;Datasets/all_labels_train_gensim_sparse_matrix.npz
archivalia.hypotheses.org/58235;histoire et archéologie_d, sciences sociales interdisciplinaires_d, histoire_t, approches de corpus_t, enquêtes_t, archives_t;Datasets/all_labels_train_gensim_sparse_matrix.npz
redaktionsblog.hypotheses.org/1802;arts et humanités_d, humanités pluridisciplinaires_d, épistémologie et méthodes_t, digital humanities_t;Datasets/all_labels_train_gensim_sparse_matrix.npz
mgtud.hypotheses.org/334;humanités pluridisciplinaires_d, éducation_d, histoire et archéologie_d, histoire_d, histoire_t, histoire urbaine_t, édition électronique_t;Datasets/all_labels_train_gensim_sparse_matrix.npz
netzwerk.hypotheses.org/2242;histoire et archéologie_d, histoire urbaine_t, histoire sociale_t, histoire intellectuelle_t, époque contemporaine_t;Datasets/all_labels_train_gensim_sparse_matrix.npz
archivalia.hypotheses.org/13304;histoire et archéologie_d, sciences sociales interdisciplinaires_d, histoire_t, approches de corpus_t, enquêtes_t, archives_t;Datasets/all_labels_train_gensim_sparse_matrix.npz
guerre-froide.hypotheses.org/2070;histoire_d, relations internationales_t, histoire culturelle_t, 1945-1989_t;Datasets/all_labels_train_gensim_sparse_matrix.npz
archivekod.hypotheses.org/640;religions_d, histoire et archéologie_d, sciences de l'information et de la communication_d, bibliothéconomie_d, communication_d, histoire_t, histoire des religions_t, patrimoine_t;Datasets/all_labels_train_gensim_sparse_matrix.npz
archivalia.hypotheses.org/5579;histoire et archéologie_d, sciences sociales interdisciplinaires_d, histoire_t, approches de corpus_t, enquêtes_t, archives_t;Datasets/all_labels_train_gensim_sparse_matrix.npz
archivalia.hypotheses.org/5656;histoire et archéologie_d, sciences sociales interdisciplinaires_d, histoire_t, approches de corpus_t, enquêtes_t, archives_t;Datasets/all_labels_train_gensim_sparse_matrix.npz
archivewk1.hypotheses.org/12202;histoire_d, époque contemporaine_t, 1914-1918_t;Datasets/all_labels_train_gensim_sparse_matrix.npz
vgdrp.hypotheses.org/386;éducation_d, histoire des sciences sociales_d, histoire_t, histoire économique_t, histoire industrielle_t, histoire urbaine_t, histoire sociale_t;Datasets/all_labels_train_gensim_sparse_matrix.npz
gewalt.hypotheses.org/335;sciences politiques_d, sociologie_d, sociologie_t, sociologie urbaine_t, anthropologie politique_t, histoire urbaine_t, guerres_t, conflits_t, violence_t;Datasets/all_labels_train_gensim_sparse_matrix.npz
archivewk1.hypotheses.org/15476;histoire_d, époque contemporaine_t, 1914-1918_t;Datasets/all_labels_train_gensim_sparse_matrix.npz
medienbildung.hypotheses.org/3754;éducation_d, éducation spécialisée_d, travail social_d, sociologie_t, édition électronique_t, histoire et sociologie des médias_t, éducation_t;Datasets/all_labels_train_gensim_sparse_matrix.npz
archivalia.hypotheses.org/52342;histoire et archéologie_d, sciences sociales interdisciplinaires_d, histoire_t, approches de corpus_t, enquêtes_t, archives_t;Datasets/all_labels_train_gensim_sparse_matrix.npz
avantmusic.hypotheses.org/90;musique_d, europe_t, monde germanique_t, histoire culturelle_t, histoire de l'art_t;Datasets/all_labels_train_gensim_sparse_matrix.npz
archivewk1.hypotheses.org/5881;histoire_d, époque contemporaine_t, 1914-1918_t;Datasets/all_labels_train_gensim_sparse_matrix.npz
archivalia.hypotheses.org/6244;histoire et archéologie_d, sciences sociales interdisciplinaires_d, histoire_t, approches de corpus_t, enquêtes_t, archives_t;Datasets/all_labels_train_gensim_sparse_matrix.npz
liparchiv.hypotheses.org/47;histoire et archéologie_d, sciences politiques_d, administration publique et développement_d, histoire urbaine_t, patrimoine_t, sciences auxiliaires de l'histoire_t, approches de corpus_t, enquêtes_t, archives_t, europe_t;Datasets/all_labels_train_gensim_sparse_matrix.npz
archivalia.hypotheses.org/54342;histoire et archéologie_d, sciences sociales interdisciplinaires_d, histoire_t, approches de corpus_t, enquêtes_t, archives_t;Datasets/all_labels_train_gensim_sparse_matrix.npz
archivlinz.hypotheses.org/216;histoire et archéologie_d, histoire_d, histoire urbaine_t, 1914-1918_t, monde germanique_t;Datasets/all_labels_train_gensim_sparse_matrix.npz
archivalia.hypotheses.org/6964;histoire et archéologie_d, sciences sociales interdisciplinaires_d, histoire_t, approches de corpus_t, enquêtes_t, archives_t;Datasets/all_labels_train_gensim_sparse_matrix.npz
archivalia.hypotheses.org/6258;histoire et archéologie_d, sciences sociales interdisciplinaires_d, histoire_t, approches de corpus_t, enquêtes_t, archives_t;Datasets/all_labels_train_gensim_sparse_matrix.npz
archive20.hypotheses.org/592;pluridisciplinarité_d, sciences sociales interdisciplinaires_d, histoire_t, information_t, patrimoine_t, monde germanique_t;Datasets/all_labels_train_gensim_sparse_matrix.npz
reichwein.hypotheses.org/588;histoire et archéologie_d, histoire des sciences_t, 1945-1989_t;Datasets/all_labels_train_gensim_sparse_matrix.npz
mindthegaps.hypotheses.org/2220;études asiatiques_d, histoire_d, histoire_t, histoire culturelle_t, asie_t, chine_t;Datasets/all_labels_train_gensim_sparse_matrix.npz
archivalia.hypotheses.org/11495;histoire et archéologie_d, sciences sociales interdisciplinaires_d, histoire_t, approches de corpus_t, enquêtes_t, archives_t;Datasets/all_labels_train_gensim_sparse_matrix.npz
intersex.hypotheses.org/278;histoire_d, biomédecine_d, étude des genres_t, histoire des sciences_t, histoire_t, histoire du droit_t, moyen âge_t, xxie siècle_t;Datasets/all_labels_train_gensim_sparse_matrix.npz
gid.hypotheses.org/1251;pluridisciplinarité_d, sciences sociales interdisciplinaires_d, études des sciences_t, histoire des sciences_t, pensée_t, histoire intellectuelle_t, histoire culturelle_t, prospectives_t;Datasets/all_labels_train_gensim_sparse_matrix.npz
archivewk1.hypotheses.org/13630;histoire_d, époque contemporaine_t, 1914-1918_t;Datasets/all_labels_train_gensim_sparse_matrix.npz
archivalia.hypotheses.org/9714;histoire et archéologie_d, sciences sociales interdisciplinaires_d, histoire_t, approches de corpus_t, enquêtes_t, archives_t;Datasets/all_labels_train_gensim_sparse_matrix.npz
dtforum.hypotheses.org/537;arts et humanités_d, histoire_t, représentations_t, histoire de l'art_t;Datasets/all_labels_train_gensim_sparse_matrix.npz
gid.hypotheses.org/146;pluridisciplinarité_d, sciences sociales interdisciplinaires_d, études des sciences_t, histoire des sciences_t, pensée_t, histoire intellectuelle_t, histoire culturelle_t, prospectives_t;Datasets/all_labels_train_gensim_sparse_matrix.npz
dighist.hypotheses.org/878;histoire_d, sciences sociales interdisciplinaires_d, études sur la famille_d, sociologie_d, histoire urbaine_t, histoire sociale_t, europe centrale et orientale_t;Datasets/all_labels_train_gensim_sparse_matrix.npz
nordichistoryblog.hypotheses.org/2653;arts et humanités_d, histoire et archéologie_d, histoire_t, édition électronique_t, vie de la recherche_t, approches de corpus_t, enquêtes_t, archives_t, europe_t, pays baltes et scandinaves_t;Datasets/all_labels_train_gensim_sparse_matrix.npz
archivalia.hypotheses.org/2082;histoire et archéologie_d, sciences sociales interdisciplinaires_d, histoire_t, approches de corpus_t, enquêtes_t, archives_t;Datasets/all_labels_train_gensim_sparse_matrix.npz
callme.hypotheses.org/15;éducation et sciences de l'éducation_d, linguistique appliquée_d, linguistique_t;Datasets/all_labels_train_gensim_sparse_matrix.npz
soziologieblog.hypotheses.org/9059;sciences sociales interdisciplinaires_d, sociologie et anthropologie_d, sociologie du travail_t, sociologie urbaine_t, sociologie de la culture_t, sociologie économique_t;Datasets/all_labels_train_gensim_sparse_matrix.npz
tagebuch.hypotheses.org/364;histoire et archéologie_d, histoire_d, histoire_t, époque contemporaine_t, 1914-1918_t;Datasets/all_labels_train_gensim_sparse_matrix.npz
musermeku.hypotheses.org/5104;humanités pluridisciplinaires_d, pluridisciplinarité_d, sciences sociales interdisciplinaires_d, sociologie_t, sociologie de la culture_t, histoire_t, histoire politique_t;Datasets/all_labels_train_gensim_sparse_matrix.npz
dislab.hypotheses.org/1699;sciences sociales interdisciplinaires_d, langue et linguistique_d, sociologie des sciences_t, linguistique_t;Datasets/all_labels_train_gensim_sparse_matrix.npz
archivalia.hypotheses.org/62643;histoire et archéologie_d, sciences sociales interdisciplinaires_d, histoire_t, approches de corpus_t, enquêtes_t, archives_t;Datasets/all_labels_train_gensim_sparse_matrix.npz
archivewk1.hypotheses.org/947;histoire_d, époque contemporaine_t, 1914-1918_t;Datasets/all_labels_train_gensim_sparse_matrix.npz
speyermemo.hypotheses.org/2824;histoire_d, pluridisciplinarité_d, sciences sociales interdisciplinaires_d, sociologie de la culture_t, histoire_t, 1939-1945_t, europe_t;Datasets/all_labels_train_gensim_sparse_matrix.npz
speyermemo.hypotheses.org/2746;histoire_d, pluridisciplinarité_d, sciences sociales interdisciplinaires_d, sociologie de la culture_t, histoire_t, 1939-1945_t, europe_t;Datasets/all_labels_train_gensim_sparse_matrix.npz
archivalia.hypotheses.org/58221;histoire et archéologie_d, sciences sociales interdisciplinaires_d, histoire_t, approches de corpus_t, enquêtes_t, archives_t;Datasets/all_labels_train_gensim_sparse_matrix.npz
gid.hypotheses.org/1356;pluridisciplinarité_d, sciences sociales interdisciplinaires_d, études des sciences_t, histoire des sciences_t, pensée_t, histoire intellectuelle_t, histoire culturelle_t, prospectives_t;Datasets/all_labels_train_gensim_sparse_matrix.npz
archivalia.hypotheses.org/7845;histoire et archéologie_d, sciences sociales interdisciplinaires_d, histoire_t, approches de corpus_t, enquêtes_t, archives_t;Datasets/all_labels_train_gensim_sparse_matrix.npz
lvrafz.hypotheses.org/296;pluridisciplinarité_d, information_t;Datasets/all_labels_train_gensim_sparse_matrix.npz
digigw.hypotheses.org/1563;humanités pluridisciplinaires_d, histoire_t, édition électronique_t, sciences auxiliaires de l'histoire_t, digital humanities_t;Datasets/all_labels_train_gensim_sparse_matrix.npz
sdvigpress.hypotheses.org/500;langue et linguistique_d, philosophie_d, humanités pluridisciplinaires_d, épistémologie et méthodes_t, digital humanities_t, europe centrale et orientale_t, édition électronique_t, linguistique_t;Datasets/all_labels_train_gensim_sparse_matrix.npz
schotten.hypotheses.org/122;religions_d, histoire et archéologie_d, sciences de l'information et de la communication_d, bibliothéconomie_d, histoire_t, histoire des religions_t, approches de corpus_t, enquêtes_t, archives_t, monde germanique_t;Datasets/all_labels_train_gensim_sparse_matrix.npz
wppluslw.hypotheses.org/334;littérature_d, littératures_t, édition électronique_t, épistémologie et méthodes_t, approches de corpus_t, enquêtes_t, archives_t, monde germanique_t;Datasets/all_labels_train_gensim_sparse_matrix.npz
archivalia.hypotheses.org/9248;histoire et archéologie_d, sciences sociales interdisciplinaires_d, histoire_t, approches de corpus_t, enquêtes_t, archives_t;Datasets/all_labels_train_gensim_sparse_matrix.npz
histbav.hypotheses.org/3075;humanités pluridisciplinaires_d, histoire_d, pluridisciplinarité_d, histoire_t, monde germanique_t;Datasets/all_labels_train_gensim_sparse_matrix.npz
wwc.hypotheses.org/1609;humanités pluridisciplinaires_d, pluridisciplinarité_d, études régionales_d, relations internationales_t, information_t, représentations_t;Datasets/all_labels_train_gensim_sparse_matrix.npz
aes.hypotheses.org/207;histoire_t, religions_t;Datasets/all_labels_train_gensim_sparse_matrix.npz
soziologieblog.hypotheses.org/1148;sciences sociales interdisciplinaires_d, sociologie et anthropologie_d, sociologie du travail_t, sociologie urbaine_t, sociologie de la culture_t, sociologie économique_t;Datasets/all_labels_train_gensim_sparse_matrix.npz
ordensgeschichte.hypotheses.org/5895;arts et humanités_d, humanités pluridisciplinaires_d, histoire et archéologie_d, histoire et philosophie des sciences_d, histoire_t, haut moyen âge_t, bas moyen âge_t, xviie siècle_t, xviiie siècle_t;Datasets/all_labels_train_gensim_sparse_matrix.npz
archivalia.hypotheses.org/10559;histoire et archéologie_d, sciences sociales interdisciplinaires_d, histoire_t, approches de corpus_t, enquêtes_t, archives_t;Datasets/all_labels_train_gensim_sparse_matrix.npz
digigw.hypotheses.org/1507;humanités pluridisciplinaires_d, histoire_t, édition électronique_t, sciences auxiliaires de l'histoire_t, digital humanities_t;Datasets/all_labels_train_gensim_sparse_matrix.npz
archivalia.hypotheses.org/10785;histoire et archéologie_d, sciences sociales interdisciplinaires_d, histoire_t, approches de corpus_t, enquêtes_t, archives_t;Datasets/all_labels_train_gensim_sparse_matrix.npz
geschichtsadmin.hypotheses.org/166;éducation_d, histoire_d, sociologie du travail_t, histoire_t;Datasets/all_labels_train_gensim_sparse_matrix.npz
nummer.hypotheses.org/118;histoire_d, sciences de l'information et de la communication_d, bibliothéconomie_d, histoire_t, histoire intellectuelle_t, histoire et sociologie des médias_t, histoire culturelle_t;Datasets/all_labels_train_gensim_sparse_matrix.npz
aktenkunde.hypotheses.org/570;histoire_d, histoire_t, sciences auxiliaires de l'histoire_t;Datasets/all_labels_train_gensim_sparse_matrix.npz
archivewk1.hypotheses.org/1891;histoire_d, époque contemporaine_t, 1914-1918_t;Datasets/all_labels_train_gensim_sparse_matrix.npz
archivalia.hypotheses.org/10879;histoire et archéologie_d, sciences sociales interdisciplinaires_d, histoire_t, approches de corpus_t, enquêtes_t, archives_t;Datasets/all_labels_train_gensim_sparse_matrix.npz
archive20.hypotheses.org/1430;pluridisciplinarité_d, sciences sociales interdisciplinaires_d, histoire_t, information_t, patrimoine_t, monde germanique_t;Datasets/all_labels_train_gensim_sparse_matrix.npz
quadrivium.hypotheses.org/17;pluridisciplinarité_d, histoire des sciences_t, histoire_t, histoire et sociologie des médias_t, historiographie_t, moyen âge_t, haut moyen âge_t;Datasets/all_labels_train_gensim_sparse_matrix.npz
mittelalter.hypotheses.org/2589;humanités pluridisciplinaires_d, religions_d, histoire_d, sociologie_d, histoire_t, histoire sociale_t, histoire intellectuelle_t, moyen âge_t, haut moyen âge_t, bas moyen âge_t;Datasets/all_labels_train_gensim_sparse_matrix.npz
trafo.hypotheses.org/4055;pluridisciplinarité_d, sciences sociales interdisciplinaires_d, études régionales_d, sociologie_t, sociologie des religions_t, information_t, histoire culturelle_t;Datasets/all_labels_train_gensim_sparse_matrix.npz
nordichistoryblog.hypotheses.org/2042;arts et humanités_d, histoire et archéologie_d, histoire_t, édition électronique_t, vie de la recherche_t, approches de corpus_t, enquêtes_t, archives_t, europe_t, pays baltes et scandinaves_t;Datasets/all_labels_train_gensim_sparse_matrix.npz
histbav.hypotheses.org/1514;humanités pluridisciplinaires_d, histoire_d, pluridisciplinarité_d, histoire_t, monde germanique_t;Datasets/all_labels_train_gensim_sparse_matrix.npz
archivewk1.hypotheses.org/10669;histoire_d, époque contemporaine_t, 1914-1918_t;Datasets/all_labels_train_gensim_sparse_matrix.npz
archivewk1.hypotheses.org/18084;histoire_d, époque contemporaine_t, 1914-1918_t;Datasets/all_labels_train_gensim_sparse_matrix.npz
histbav.hypotheses.org/4333;humanités pluridisciplinaires_d, histoire_d, pluridisciplinarité_d, histoire_t, monde germanique_t;Datasets/all_labels_train_gensim_sparse_matrix.npz
archivamt.hypotheses.org/4033;communication_d, pluridisciplinarité_d, sciences sociales interdisciplinaires_d, information_t, sciences de l'information_t, représentations_t, patrimoine_t;Datasets/all_labels_train_gensim_sparse_matrix.npz
archivalia.hypotheses.org/61794;histoire et archéologie_d, sciences sociales interdisciplinaires_d, histoire_t, approches de corpus_t, enquêtes_t, archives_t;Datasets/all_labels_train_gensim_sparse_matrix.npz
archivalia.hypotheses.org/3026;histoire et archéologie_d, sciences sociales interdisciplinaires_d, histoire_t, approches de corpus_t, enquêtes_t, archives_t;Datasets/all_labels_train_gensim_sparse_matrix.npz
archivewk1.hypotheses.org/8353;histoire_d, époque contemporaine_t, 1914-1918_t;Datasets/all_labels_train_gensim_sparse_matrix.npz
archivewk1.hypotheses.org/19334;histoire_d, époque contemporaine_t, 1914-1918_t;Datasets/all_labels_train_gensim_sparse_matrix.npz
archivalia.hypotheses.org/13974;histoire et archéologie_d, sciences sociales interdisciplinaires_d, histoire_t, approches de corpus_t, enquêtes_t, archives_t;Datasets/all_labels_train_gensim_sparse_matrix.npz
soziologieblog.hypotheses.org/1805;sciences sociales interdisciplinaires_d, sociologie et anthropologie_d, sociologie du travail_t, sociologie urbaine_t, sociologie de la culture_t, sociologie économique_t;Datasets/all_labels_train_gensim_sparse_matrix.npz
sdvigpress.hypotheses.org/677;langue et linguistique_d, philosophie_d, humanités pluridisciplinaires_d, épistémologie et méthodes_t, digital humanities_t, europe centrale et orientale_t, édition électronique_t, linguistique_t;Datasets/all_labels_train_gensim_sparse_matrix.npz
reichwein.hypotheses.org/1375;histoire et archéologie_d, histoire des sciences_t, 1945-1989_t;Datasets/all_labels_train_gensim_sparse_matrix.npz
archivewk1.hypotheses.org/19703;histoire_d, époque contemporaine_t, 1914-1918_t;Datasets/all_labels_train_gensim_sparse_matrix.npz
archivalia.hypotheses.org/1178;histoire et archéologie_d, sciences sociales interdisciplinaires_d, histoire_t, approches de corpus_t, enquêtes_t, archives_t;Datasets/all_labels_train_gensim_sparse_matrix.npz
archivalia.hypotheses.org/12407;histoire et archéologie_d, sciences sociales interdisciplinaires_d, histoire_t, approches de corpus_t, enquêtes_t, archives_t;Datasets/all_labels_train_gensim_sparse_matrix.npz
redaktionsblog.hypotheses.org/2530;arts et humanités_d, humanités pluridisciplinaires_d, épistémologie et méthodes_t, digital humanities_t;Datasets/all_labels_train_gensim_sparse_matrix.npz
archivalia.hypotheses.org/12208;histoire et archéologie_d, sciences sociales interdisciplinaires_d, histoire_t, approches de corpus_t, enquêtes_t, archives_t;Datasets/all_labels_train_gensim_sparse_matrix.npz
kristinoswald.hypotheses.org/1632;études anciennes_d, études des sciences_t, histoire_t, histoire et sociologie des médias_t, histoire culturelle_t, digital humanities_t;Datasets/all_labels_train_gensim_sparse_matrix.npz
archivewk1.hypotheses.org/10747;histoire_d, époque contemporaine_t, 1914-1918_t;Datasets/all_labels_train_gensim_sparse_matrix.npz
soziologieblog.hypotheses.org/6118;sciences sociales interdisciplinaires_d, sociologie et anthropologie_d, sociologie du travail_t, sociologie urbaine_t, sociologie de la culture_t, sociologie économique_t;Datasets/all_labels_train_gensim_sparse_matrix.npz
studpro.hypotheses.org/1146;histoire_d, histoire_t, époque moderne_t, xviie siècle_t, xviiie siècle_t;Datasets/all_labels_train_gensim_sparse_matrix.npz
mittelalter.hypotheses.org/5735;humanités pluridisciplinaires_d, religions_d, histoire_d, sociologie_d, histoire_t, histoire sociale_t, histoire intellectuelle_t, moyen âge_t, haut moyen âge_t, bas moyen âge_t;Datasets/all_labels_train_gensim_sparse_matrix.npz
liparchiv.hypotheses.org/860;histoire et archéologie_d, sciences politiques_d, administration publique et développement_d, histoire urbaine_t, patrimoine_t, sciences auxiliaires de l'histoire_t, approches de corpus_t, enquêtes_t, archives_t, europe_t;Datasets/all_labels_train_gensim_sparse_matrix.npz
archivalia.hypotheses.org/14166;histoire et archéologie_d, sciences sociales interdisciplinaires_d, histoire_t, approches de corpus_t, enquêtes_t, archives_t;Datasets/all_labels_train_gensim_sparse_matrix.npz
archivalia.hypotheses.org/10941;histoire et archéologie_d, sciences sociales interdisciplinaires_d, histoire_t, approches de corpus_t, enquêtes_t, archives_t;Datasets/all_labels_train_gensim_sparse_matrix.npz
dislab.hypotheses.org/1459;sciences sociales interdisciplinaires_d, langue et linguistique_d, sociologie des sciences_t, linguistique_t;Datasets/all_labels_train_gensim_sparse_matrix.npz
archivalia.hypotheses.org/55745;histoire et archéologie_d, sciences sociales interdisciplinaires_d, histoire_t, approches de corpus_t, enquêtes_t, archives_t;Datasets/all_labels_train_gensim_sparse_matrix.npz
texperimentales.hypotheses.org/91;linguistique appliquée_d, langue et linguistique_d, langage_t, linguistique_t, information_t, sciences de l'information_t, digital humanities_t;Datasets/all_labels_train_gensim_sparse_matrix.npz
archivewk1.hypotheses.org/22844;histoire_d, époque contemporaine_t, 1914-1918_t;Datasets/all_labels_train_gensim_sparse_matrix.npz
soziologieblog.hypotheses.org/2263;sciences sociales interdisciplinaires_d, sociologie et anthropologie_d, sociologie du travail_t, sociologie urbaine_t, sociologie de la culture_t, sociologie économique_t;Datasets/all_labels_train_gensim_sparse_matrix.npz
archivalia.hypotheses.org/11401;histoire et archéologie_d, sciences sociales interdisciplinaires_d, histoire_t, approches de corpus_t, enquêtes_t, archives_t;Datasets/all_labels_train_gensim_sparse_matrix.npz
dss.hypotheses.org/560;arts et humanités_d, communication_d, sciences de l'information et bibliothéconomie_d, information_t, édition électronique_t, représentations_t, histoire de l'art_t, patrimoine_t, prospectives_t;Datasets/all_labels_train_gensim_sparse_matrix.npz
gid.hypotheses.org/508;pluridisciplinarité_d, sciences sociales interdisciplinaires_d, études des sciences_t, histoire des sciences_t, pensée_t, histoire intellectuelle_t, histoire culturelle_t, prospectives_t;Datasets/all_labels_train_gensim_sparse_matrix.npz
archivalia.hypotheses.org/8392;histoire et archéologie_d, sciences sociales interdisciplinaires_d, histoire_t, approches de corpus_t, enquêtes_t, archives_t;Datasets/all_labels_train_gensim_sparse_matrix.npz
archivalia.hypotheses.org/58708;histoire et archéologie_d, sciences sociales interdisciplinaires_d, histoire_t, approches de corpus_t, enquêtes_t, archives_t;Datasets/all_labels_train_gensim_sparse_matrix.npz
dfmfa.hypotheses.org/2382;humanités pluridisciplinaires_d, sciences sociales interdisciplinaires_d, histoire_t, moyen âge_t, haut moyen âge_t, bas moyen âge_t;Datasets/all_labels_train_gensim_sparse_matrix.npz
artincrisis.hypotheses.org/890;arts et humanités_d, représentations_t, histoire de l'art_t, époque contemporaine_t, 1939-1945_t, monde germanique_t;Datasets/all_labels_train_gensim_sparse_matrix.npz
merzdadaco.hypotheses.org/644;humanités pluridisciplinaires_d, littérature_d, littératures_t, représentations_t, histoire culturelle_t, histoire de l'art_t;Datasets/all_labels_train_gensim_sparse_matrix.npz
archivewk1.hypotheses.org/12974;histoire_d, époque contemporaine_t, 1914-1918_t;Datasets/all_labels_train_gensim_sparse_matrix.npz
archivalia.hypotheses.org/2315;histoire et archéologie_d, sciences sociales interdisciplinaires_d, histoire_t, approches de corpus_t, enquêtes_t, archives_t;Datasets/all_labels_train_gensim_sparse_matrix.npz
frueheneuzeit.hypotheses.org/597;histoire et archéologie_d, histoire_t, époque moderne_t, xviie siècle_t, xviiie siècle_t, révolution française_t;Datasets/all_labels_train_gensim_sparse_matrix.npz
aktenkunde.hypotheses.org/630;histoire_d, histoire_t, sciences auxiliaires de l'histoire_t;Datasets/all_labels_train_gensim_sparse_matrix.npz
archivalia.hypotheses.org/5505;histoire et archéologie_d, sciences sociales interdisciplinaires_d, histoire_t, approches de corpus_t, enquêtes_t, archives_t;Datasets/all_labels_train_gensim_sparse_matrix.npz
archivalia.hypotheses.org/8375;histoire et archéologie_d, sciences sociales interdisciplinaires_d, histoire_t, approches de corpus_t, enquêtes_t, archives_t;Datasets/all_labels_train_gensim_sparse_matrix.npz
archdigi.hypotheses.org/789;archéologie_d, monde germanique_t;Datasets/all_labels_train_gensim_sparse_matrix.npz
mittelalter.hypotheses.org/6342;humanités pluridisciplinaires_d, religions_d, histoire_d, sociologie_d, histoire_t, histoire sociale_t, histoire intellectuelle_t, moyen âge_t, haut moyen âge_t, bas moyen âge_t;Datasets/all_labels_train_gensim_sparse_matrix.npz
archivewk1.hypotheses.org/32248;histoire_d, époque contemporaine_t, 1914-1918_t;Datasets/all_labels_train_gensim_sparse_matrix.npz
archivalia.hypotheses.org/9057;histoire et archéologie_d, sciences sociales interdisciplinaires_d, histoire_t, approches de corpus_t, enquêtes_t, archives_t;Datasets/all_labels_train_gensim_sparse_matrix.npz
histbav.hypotheses.org/3680;humanités pluridisciplinaires_d, histoire_d, pluridisciplinarité_d, histoire_t, monde germanique_t;Datasets/all_labels_train_gensim_sparse_matrix.npz
archivalia.hypotheses.org/8002;histoire et archéologie_d, sciences sociales interdisciplinaires_d, histoire_t, approches de corpus_t, enquêtes_t, archives_t;Datasets/all_labels_train_gensim_sparse_matrix.npz
artincrisis.hypotheses.org/1446;arts et humanités_d, représentations_t, histoire de l'art_t, époque contemporaine_t, 1939-1945_t, monde germanique_t;Datasets/all_labels_train_gensim_sparse_matrix.npz
histbav.hypotheses.org/1508;humanités pluridisciplinaires_d, histoire_d, pluridisciplinarité_d, histoire_t, monde germanique_t;Datasets/all_labels_train_gensim_sparse_matrix.npz
archivalia.hypotheses.org/5687;histoire et archéologie_d, sciences sociales interdisciplinaires_d, histoire_t, approches de corpus_t, enquêtes_t, archives_t;Datasets/all_labels_train_gensim_sparse_matrix.npz
archivalia.hypotheses.org/7097;histoire et archéologie_d, sciences sociales interdisciplinaires_d, histoire_t, approches de corpus_t, enquêtes_t, archives_t;Datasets/all_labels_train_gensim_sparse_matrix.npz
philophiso.hypotheses.org/1142;philosophie_d, éducation_d, éducation spécialisée_d, pensée_t, philosophie_t, représentations_t, patrimoine_t;Datasets/all_labels_train_gensim_sparse_matrix.npz
histbav.hypotheses.org/4304;humanités pluridisciplinaires_d, histoire_d, pluridisciplinarité_d, histoire_t, monde germanique_t;Datasets/all_labels_train_gensim_sparse_matrix.npz
archivewk1.hypotheses.org/17019;histoire_d, époque contemporaine_t, 1914-1918_t;Datasets/all_labels_train_gensim_sparse_matrix.npz
archivalia.hypotheses.org/6733;histoire et archéologie_d, sciences sociales interdisciplinaires_d, histoire_t, approches de corpus_t, enquêtes_t, archives_t;Datasets/all_labels_train_gensim_sparse_matrix.npz
archive20.hypotheses.org/3342;pluridisciplinarité_d, sciences sociales interdisciplinaires_d, histoire_t, information_t, patrimoine_t, monde germanique_t;Datasets/all_labels_train_gensim_sparse_matrix.npz
trafo.hypotheses.org/2634;pluridisciplinarité_d, sciences sociales interdisciplinaires_d, études régionales_d, sociologie_t, sociologie des religions_t, information_t, histoire culturelle_t;Datasets/all_labels_train_gensim_sparse_matrix.npz
dss.hypotheses.org/455;arts et humanités_d, communication_d, sciences de l'information et bibliothéconomie_d, information_t, édition électronique_t, représentations_t, histoire de l'art_t, patrimoine_t, prospectives_t;Datasets/all_labels_train_gensim_sparse_matrix.npz
greflinger.hypotheses.org/173;littérature_d, littératures_t, xviie siècle_t;Datasets/all_labels_train_gensim_sparse_matrix.npz
1914lvr.hypotheses.org/222;sciences politiques_d, histoire_t, époque contemporaine_t, 1914-1918_t;Datasets/all_labels_train_gensim_sparse_matrix.npz
archive20.hypotheses.org/3878;pluridisciplinarité_d, sciences sociales interdisciplinaires_d, histoire_t, information_t, patrimoine_t, monde germanique_t;Datasets/all_labels_train_gensim_sparse_matrix.npz
oberrhein.hypotheses.org/1656;religions_d, archéologie_d, histoire_d, histoire_t, moyen âge_t, france_t, monde germanique_t;Datasets/all_labels_train_gensim_sparse_matrix.npz
intersex.hypotheses.org/690;histoire_d, biomédecine_d, étude des genres_t, histoire des sciences_t, histoire_t, histoire du droit_t, moyen âge_t, xxie siècle_t;Datasets/all_labels_train_gensim_sparse_matrix.npz
archivalia.hypotheses.org/14633;histoire et archéologie_d, sciences sociales interdisciplinaires_d, histoire_t, approches de corpus_t, enquêtes_t, archives_t;Datasets/all_labels_train_gensim_sparse_matrix.npz
archivewk1.hypotheses.org/20506;histoire_d, époque contemporaine_t, 1914-1918_t;Datasets/all_labels_train_gensim_sparse_matrix.npz
dhdhi.hypotheses.org/1531;histoire et archéologie_d, histoire_t, épistémologie et méthodes_t, digital humanities_t;Datasets/all_labels_train_gensim_sparse_matrix.npz
archivalia.hypotheses.org/2753;histoire et archéologie_d, sciences sociales interdisciplinaires_d, histoire_t, approches de corpus_t, enquêtes_t, archives_t;Datasets/all_labels_train_gensim_sparse_matrix.npz
archivalia.hypotheses.org/12812;histoire et archéologie_d, sciences sociales interdisciplinaires_d, histoire_t, approches de corpus_t, enquêtes_t, archives_t;Datasets/all_labels_train_gensim_sparse_matrix.npz
grk1678.hypotheses.org/232;arts et humanités_d, humanités pluridisciplinaires_d, histoire et philosophie des sciences_d, pluridisciplinarité_d, philosophie_t, littératures_t, histoire culturelle_t, histoire de l'art_t;Datasets/all_labels_train_gensim_sparse_matrix.npz
dgl.hypotheses.org/753;éducation spécialisée_d, histoire_d, histoire_t, histoire et sociologie des médias_t, éducation_t;Datasets/all_labels_train_gensim_sparse_matrix.npz
archivalia.hypotheses.org/10631;histoire et archéologie_d, sciences sociales interdisciplinaires_d, histoire_t, approches de corpus_t, enquêtes_t, archives_t;Datasets/all_labels_train_gensim_sparse_matrix.npz
djgd.hypotheses.org/1013;histoire_d, histoire_t, digital humanities_t, xxe siècle_t, prospectives_t;Datasets/all_labels_train_gensim_sparse_matrix.npz
archivewk1.hypotheses.org/19365;histoire_d, époque contemporaine_t, 1914-1918_t;Datasets/all_labels_train_gensim_sparse_matrix.npz
trafo.hypotheses.org/2689;pluridisciplinarité_d, sciences sociales interdisciplinaires_d, études régionales_d, sociologie_t, sociologie des religions_t, information_t, histoire culturelle_t;Datasets/all_labels_train_gensim_sparse_matrix.npz
archive20.hypotheses.org/286;pluridisciplinarité_d, sciences sociales interdisciplinaires_d, histoire_t, information_t, patrimoine_t, monde germanique_t;Datasets/all_labels_train_gensim_sparse_matrix.npz
archivalia.hypotheses.org/9555;histoire et archéologie_d, sciences sociales interdisciplinaires_d, histoire_t, approches de corpus_t, enquêtes_t, archives_t;Datasets/all_labels_train_gensim_sparse_matrix.npz
intersex.hypotheses.org/2416;histoire_d, biomédecine_d, étude des genres_t, histoire des sciences_t, histoire_t, histoire du droit_t, moyen âge_t, xxie siècle_t;Datasets/all_labels_train_gensim_sparse_matrix.npz
tagebuch.hypotheses.org/634;histoire et archéologie_d, histoire_d, histoire_t, époque contemporaine_t, 1914-1918_t;Datasets/all_labels_train_gensim_sparse_matrix.npz
archives.hypotheses.org/660;histoire_d, communication_d, patrimoine_t, digital humanities_t, moyen âge_t, époque moderne_t, france_t, monde germanique_t;Datasets/all_labels_train_gensim_sparse_matrix.npz
vgdrp.hypotheses.org/84;éducation_d, histoire des sciences sociales_d, histoire_t, histoire économique_t, histoire industrielle_t, histoire urbaine_t, histoire sociale_t;Datasets/all_labels_train_gensim_sparse_matrix.npz
historischdenken.hypotheses.org/2440;histoire et archéologie_d, histoire_t;Datasets/all_labels_train_gensim_sparse_matrix.npz
archivalia.hypotheses.org/2133;histoire et archéologie_d, sciences sociales interdisciplinaires_d, histoire_t, approches de corpus_t, enquêtes_t, archives_t;Datasets/all_labels_train_gensim_sparse_matrix.npz
archivalia.hypotheses.org/7682;histoire et archéologie_d, sciences sociales interdisciplinaires_d, histoire_t, approches de corpus_t, enquêtes_t, archives_t;Datasets/all_labels_train_gensim_sparse_matrix.npz
zeitraeume.hypotheses.org/189;histoire_d, histoire industrielle_t, histoire sociale_t, édition électronique_t, digital humanities_t, époque contemporaine_t;Datasets/all_labels_train_gensim_sparse_matrix.npz
archivalia.hypotheses.org/61147;histoire et archéologie_d, sciences sociales interdisciplinaires_d, histoire_t, approches de corpus_t, enquêtes_t, archives_t;Datasets/all_labels_train_gensim_sparse_matrix.npz
intersex.hypotheses.org/4731;histoire_d, biomédecine_d, étude des genres_t, histoire des sciences_t, histoire_t, histoire du droit_t, moyen âge_t, xxie siècle_t;Datasets/all_labels_train_gensim_sparse_matrix.npz
archivewk1.hypotheses.org/34724;histoire_d, époque contemporaine_t, 1914-1918_t;Datasets/all_labels_train_gensim_sparse_matrix.npz
archivewk1.hypotheses.org/32218;histoire_d, époque contemporaine_t, 1914-1918_t;Datasets/all_labels_train_gensim_sparse_matrix.npz
grandeguerre.hypotheses.org/602;histoire et archéologie_d, histoire_t, 1914-1918_t, prospectives_t, france_t, monde germanique_t;Datasets/all_labels_train_gensim_sparse_matrix.npz
archivewk1.hypotheses.org/5303;histoire_d, époque contemporaine_t, 1914-1918_t;Datasets/all_labels_train_gensim_sparse_matrix.npz
archivalia.hypotheses.org/13074;histoire et archéologie_d, sciences sociales interdisciplinaires_d, histoire_t, approches de corpus_t, enquêtes_t, archives_t;Datasets/all_labels_train_gensim_sparse_matrix.npz
lvrafz.hypotheses.org/1499;pluridisciplinarité_d, information_t;Datasets/all_labels_train_gensim_sparse_matrix.npz
intersex.hypotheses.org/701;histoire_d, biomédecine_d, étude des genres_t, histoire des sciences_t, histoire_t, histoire du droit_t, moyen âge_t, xxie siècle_t;Datasets/all_labels_train_gensim_sparse_matrix.npz
archivalia.hypotheses.org/8981;histoire et archéologie_d, sciences sociales interdisciplinaires_d, histoire_t, approches de corpus_t, enquêtes_t, archives_t;Datasets/all_labels_train_gensim_sparse_matrix.npz
antisem19c.hypotheses.org/639;histoire et archéologie_d, histoire sociale_t, prospectives_t;Datasets/all_labels_train_gensim_sparse_matrix.npz
fortifica.hypotheses.org/1520;histoire et archéologie_d, histoire_d, histoire urbaine_t, xvie siècle_t, xviie siècle_t, xviiie siècle_t;Datasets/all_labels_train_gensim_sparse_matrix.npz
archivalia.hypotheses.org/6637;histoire et archéologie_d, sciences sociales interdisciplinaires_d, histoire_t, approches de corpus_t, enquêtes_t, archives_t;Datasets/all_labels_train_gensim_sparse_matrix.npz
archivewk1.hypotheses.org/6367;histoire_d, époque contemporaine_t, 1914-1918_t;Datasets/all_labels_train_gensim_sparse_matrix.npz
dighist.hypotheses.org/1136;histoire_d, sciences sociales interdisciplinaires_d, études sur la famille_d, sociologie_d, histoire urbaine_t, histoire sociale_t, europe centrale et orientale_t;Datasets/all_labels_train_gensim_sparse_matrix.npz
archivamt.hypotheses.org/1941;communication_d, pluridisciplinarité_d, sciences sociales interdisciplinaires_d, information_t, sciences de l'information_t, représentations_t, patrimoine_t;Datasets/all_labels_train_gensim_sparse_matrix.npz
archivewk1.hypotheses.org/15480;histoire_d, époque contemporaine_t, 1914-1918_t;Datasets/all_labels_train_gensim_sparse_matrix.npz
1914lvr.hypotheses.org/399;sciences politiques_d, histoire_t, époque contemporaine_t, 1914-1918_t;Datasets/all_labels_train_gensim_sparse_matrix.npz
resilienz.hypotheses.org/762;pluridisciplinarité_d, sciences sociales interdisciplinaires_d, études des sciences_t, épistémologie et méthodes_t, vie de la recherche_t, prospectives_t;Datasets/all_labels_train_gensim_sparse_matrix.npz
erinnerung.hypotheses.org/292;histoire et archéologie_d, histoire_t, xxe siècle_t, prospectives_t, europe_t;Datasets/all_labels_train_gensim_sparse_matrix.npz
archivewk1.hypotheses.org/7599;histoire_d, époque contemporaine_t, 1914-1918_t;Datasets/all_labels_train_gensim_sparse_matrix.npz
archivalia.hypotheses.org/10499;histoire et archéologie_d, sciences sociales interdisciplinaires_d, histoire_t, approches de corpus_t, enquêtes_t, archives_t;Datasets/all_labels_train_gensim_sparse_matrix.npz
archivewk1.hypotheses.org/35329;histoire_d, époque contemporaine_t, 1914-1918_t;Datasets/all_labels_train_gensim_sparse_matrix.npz
lvrafz.hypotheses.org/1519;pluridisciplinarité_d, information_t;Datasets/all_labels_train_gensim_sparse_matrix.npz
archivalia.hypotheses.org/9416;histoire et archéologie_d, sciences sociales interdisciplinaires_d, histoire_t, approches de corpus_t, enquêtes_t, archives_t;Datasets/all_labels_train_gensim_sparse_matrix.npz
archivalia.hypotheses.org/3299;histoire et archéologie_d, sciences sociales interdisciplinaires_d, histoire_t, approches de corpus_t, enquêtes_t, archives_t;Datasets/all_labels_train_gensim_sparse_matrix.npz
gab.hypotheses.org/3011;histoire et archéologie_d, pluridisciplinarité_d, sciences sociales interdisciplinaires_d, études des sciences_t, sociologie des sciences_t, histoire_t;Datasets/all_labels_train_gensim_sparse_matrix.npz
ordensgeschichte.hypotheses.org/1712;arts et humanités_d, humanités pluridisciplinaires_d, histoire et archéologie_d, histoire et philosophie des sciences_d, histoire_t, haut moyen âge_t, bas moyen âge_t, xviie siècle_t, xviiie siècle_t;Datasets/all_labels_train_gensim_sparse_matrix.npz
archivalia.hypotheses.org/59989;histoire et archéologie_d, sciences sociales interdisciplinaires_d, histoire_t, approches de corpus_t, enquêtes_t, archives_t;Datasets/all_labels_train_gensim_sparse_matrix.npz
archives.hypotheses.org/292;histoire_d, communication_d, patrimoine_t, digital humanities_t, moyen âge_t, époque moderne_t, france_t, monde germanique_t;Datasets/all_labels_train_gensim_sparse_matrix.npz
bloghaus.hypotheses.org/14;pluridisciplinarité_d, sciences sociales interdisciplinaires_d, information_t, digital humanities_t;Datasets/all_labels_train_gensim_sparse_matrix.npz
archivewk1.hypotheses.org/14528;histoire_d, époque contemporaine_t, 1914-1918_t;Datasets/all_labels_train_gensim_sparse_matrix.npz
archivewk1.hypotheses.org/16723;histoire_d, époque contemporaine_t, 1914-1918_t;Datasets/all_labels_train_gensim_sparse_matrix.npz
soziologieblog.hypotheses.org/9507;sciences sociales interdisciplinaires_d, sociologie et anthropologie_d, sociologie du travail_t, sociologie urbaine_t, sociologie de la culture_t, sociologie économique_t;Datasets/all_labels_train_gensim_sparse_matrix.npz
archivewk1.hypotheses.org/26150;histoire_d, époque contemporaine_t, 1914-1918_t;Datasets/all_labels_train_gensim_sparse_matrix.npz
grham.hypotheses.org/2742;arts_d, humanités pluridisciplinaires_d, histoire_d, histoire_t, histoire culturelle_t, histoire de l'art_t, xviie siècle_t, xviiie siècle_t;Datasets/all_labels_train_gensim_sparse_matrix.npz
archivalia.hypotheses.org/10598;histoire et archéologie_d, sciences sociales interdisciplinaires_d, histoire_t, approches de corpus_t, enquêtes_t, archives_t;Datasets/all_labels_train_gensim_sparse_matrix.npz
gab.hypotheses.org/1105;histoire et archéologie_d, pluridisciplinarité_d, sciences sociales interdisciplinaires_d, études des sciences_t, sociologie des sciences_t, histoire_t;Datasets/all_labels_train_gensim_sparse_matrix.npz
metablock.hypotheses.org/357;sciences sociales interdisciplinaires_d, linguistique appliquée_d, langue et linguistique_d, sociologie des sciences_t, langage_t, linguistique_t, édition électronique_t, histoire et sociologie des médias_t;Datasets/all_labels_train_gensim_sparse_matrix.npz
speyermemo.hypotheses.org/2666;histoire_d, pluridisciplinarité_d, sciences sociales interdisciplinaires_d, sociologie de la culture_t, histoire_t, 1939-1945_t, europe_t;Datasets/all_labels_train_gensim_sparse_matrix.npz
histgymbib.hypotheses.org/1411;arts et humanités_d, humanités pluridisciplinaires_d, sciences de l'information et de la communication_d, bibliothéconomie_d, sciences sociales interdisciplinaires_d, éducation_t, xvie siècle_t, xviie siècle_t, xviiie siècle_t, prospectives_t;Datasets/all_labels_train_gensim_sparse_matrix.npz
artincrisis.hypotheses.org/1506;arts et humanités_d, représentations_t, histoire de l'art_t, époque contemporaine_t, 1939-1945_t, monde germanique_t;Datasets/all_labels_train_gensim_sparse_matrix.npz
grk1678.hypotheses.org/821;arts et humanités_d, humanités pluridisciplinaires_d, histoire et philosophie des sciences_d, pluridisciplinarité_d, philosophie_t, littératures_t, histoire culturelle_t, histoire de l'art_t;Datasets/all_labels_train_gensim_sparse_matrix.npz
archive20.hypotheses.org/2201;pluridisciplinarité_d, sciences sociales interdisciplinaires_d, histoire_t, information_t, patrimoine_t, monde germanique_t;Datasets/all_labels_train_gensim_sparse_matrix.npz
quadrivium.hypotheses.org/99;pluridisciplinarité_d, histoire des sciences_t, histoire_t, histoire et sociologie des médias_t, historiographie_t, moyen âge_t, haut moyen âge_t;Datasets/all_labels_train_gensim_sparse_matrix.npz
feldpost.hypotheses.org/238;histoire_d, histoire_t, guerres_t, conflits_t, violence_t, histoire culturelle_t, 1914-1918_t, monde germanique_t;Datasets/all_labels_train_gensim_sparse_matrix.npz
inklusion.hypotheses.org/403;éducation_d, travail social et politique sociale_d, sociologie du travail_t, âges de la vie_t, information_t, sciences de l'éducation_t;Datasets/all_labels_train_gensim_sparse_matrix.npz
archivewk1.hypotheses.org/6373;histoire_d, époque contemporaine_t, 1914-1918_t;Datasets/all_labels_train_gensim_sparse_matrix.npz
tagebuch.hypotheses.org/905;histoire et archéologie_d, histoire_d, histoire_t, époque contemporaine_t, 1914-1918_t;Datasets/all_labels_train_gensim_sparse_matrix.npz
maxweber.hypotheses.org/339;humanités pluridisciplinaires_d, histoire et archéologie_d, histoire et philosophie des sciences_d, sociologie et anthropologie_d, histoire sociale_t, histoire intellectuelle_t, sociologie des religions_t, vie de la recherche_t;Datasets/all_labels_train_gensim_sparse_matrix.npz
archive20.hypotheses.org/606;pluridisciplinarité_d, sciences sociales interdisciplinaires_d, histoire_t, information_t, patrimoine_t, monde germanique_t;Datasets/all_labels_train_gensim_sparse_matrix.npz
fortifica.hypotheses.org/1131;histoire et archéologie_d, histoire_d, histoire urbaine_t, xvie siècle_t, xviie siècle_t, xviiie siècle_t;Datasets/all_labels_train_gensim_sparse_matrix.npz
sdvigpress.hypotheses.org/431;langue et linguistique_d, philosophie_d, humanités pluridisciplinaires_d, épistémologie et méthodes_t, digital humanities_t, europe centrale et orientale_t, édition électronique_t, linguistique_t;Datasets/all_labels_train_gensim_sparse_matrix.npz
texperimentales.hypotheses.org/1751;linguistique appliquée_d, langue et linguistique_d, langage_t, linguistique_t, information_t, sciences de l'information_t, digital humanities_t;Datasets/all_labels_train_gensim_sparse_matrix.npz
archivalia.hypotheses.org/8359;histoire et archéologie_d, sciences sociales interdisciplinaires_d, histoire_t, approches de corpus_t, enquêtes_t, archives_t;Datasets/all_labels_train_gensim_sparse_matrix.npz
archivalia.hypotheses.org/4795;histoire et archéologie_d, sciences sociales interdisciplinaires_d, histoire_t, approches de corpus_t, enquêtes_t, archives_t;Datasets/all_labels_train_gensim_sparse_matrix.npz
archivalia.hypotheses.org/58219;histoire et archéologie_d, sciences sociales interdisciplinaires_d, histoire_t, approches de corpus_t, enquêtes_t, archives_t;Datasets/all_labels_train_gensim_sparse_matrix.npz
soziologieblog.hypotheses.org/1729;sciences sociales interdisciplinaires_d, sociologie et anthropologie_d, sociologie du travail_t, sociologie urbaine_t, sociologie de la culture_t, sociologie économique_t;Datasets/all_labels_train_gensim_sparse_matrix.npz
archivalia.hypotheses.org/5591;histoire et archéologie_d, sciences sociales interdisciplinaires_d, histoire_t, approches de corpus_t, enquêtes_t, archives_t;Datasets/all_labels_train_gensim_sparse_matrix.npz
archivewk1.hypotheses.org/10657;histoire_d, époque contemporaine_t, 1914-1918_t;Datasets/all_labels_train_gensim_sparse_matrix.npz
wenhua.hypotheses.org/1652;études asiatiques_d, humanités pluridisciplinaires_d, histoire_d, histoire culturelle_t, asie_t;Datasets/all_labels_train_gensim_sparse_matrix.npz
archivewk1.hypotheses.org/24745;histoire_d, époque contemporaine_t, 1914-1918_t;Datasets/all_labels_train_gensim_sparse_matrix.npz
archivewk1.hypotheses.org/18797;histoire_d, époque contemporaine_t, 1914-1918_t;Datasets/all_labels_train_gensim_sparse_matrix.npz
archivalia.hypotheses.org/7330;histoire et archéologie_d, sciences sociales interdisciplinaires_d, histoire_t, approches de corpus_t, enquêtes_t, archives_t;Datasets/all_labels_train_gensim_sparse_matrix.npz
zakunibonn.hypotheses.org/1528;histoire_d, psychologie_d, histoire_t, psychisme_t, psychologie_t, méthodes de traitement et de représentation_t, monde germanique_t;Datasets/all_labels_train_gensim_sparse_matrix.npz
geschichtsadmin.hypotheses.org/447;éducation_d, histoire_d, sociologie du travail_t, histoire_t;Datasets/all_labels_train_gensim_sparse_matrix.npz
archivalia.hypotheses.org/4747;histoire et archéologie_d, sciences sociales interdisciplinaires_d, histoire_t, approches de corpus_t, enquêtes_t, archives_t;Datasets/all_labels_train_gensim_sparse_matrix.npz
archivewk1.hypotheses.org/8083;histoire_d, époque contemporaine_t, 1914-1918_t;Datasets/all_labels_train_gensim_sparse_matrix.npz
archivamt.hypotheses.org/3372;communication_d, pluridisciplinarité_d, sciences sociales interdisciplinaires_d, information_t, sciences de l'information_t, représentations_t, patrimoine_t;Datasets/all_labels_train_gensim_sparse_matrix.npz
archivalia.hypotheses.org/2425;histoire et archéologie_d, sciences sociales interdisciplinaires_d, histoire_t, approches de corpus_t, enquêtes_t, archives_t;Datasets/all_labels_train_gensim_sparse_matrix.npz
soziologieblog.hypotheses.org/3260;sciences sociales interdisciplinaires_d, sociologie et anthropologie_d, sociologie du travail_t, sociologie urbaine_t, sociologie de la culture_t, sociologie économique_t;Datasets/all_labels_train_gensim_sparse_matrix.npz
archivalia.hypotheses.org/55314;histoire et archéologie_d, sciences sociales interdisciplinaires_d, histoire_t, approches de corpus_t, enquêtes_t, archives_t;Datasets/all_labels_train_gensim_sparse_matrix.npz
archivalia.hypotheses.org/11843;histoire et archéologie_d, sciences sociales interdisciplinaires_d, histoire_t, approches de corpus_t, enquêtes_t, archives_t;Datasets/all_labels_train_gensim_sparse_matrix.npz
tagebuch.hypotheses.org/686;histoire et archéologie_d, histoire_d, histoire_t, époque contemporaine_t, 1914-1918_t;Datasets/all_labels_train_gensim_sparse_matrix.npz
archivewk1.hypotheses.org/17132;histoire_d, époque contemporaine_t, 1914-1918_t;Datasets/all_labels_train_gensim_sparse_matrix.npz
dhdhi.hypotheses.org/591;histoire et archéologie_d, histoire_t, épistémologie et méthodes_t, digital humanities_t;Datasets/all_labels_train_gensim_sparse_matrix.npz
sdvigpress.hypotheses.org/135;langue et linguistique_d, philosophie_d, humanités pluridisciplinaires_d, épistémologie et méthodes_t, digital humanities_t, europe centrale et orientale_t, édition électronique_t, linguistique_t;Datasets/all_labels_train_gensim_sparse_matrix.npz
bereschitrabba.hypotheses.org/183;arts et humanités_d, religions_d, langue et linguistique_d, religions_t, histoire des religions_t;Datasets/all_labels_train_gensim_sparse_matrix.npz
grammata.hypotheses.org/2582;études anciennes_d, religions_d, littérature_d, religions_t, littératures_t;Datasets/all_labels_train_gensim_sparse_matrix.npz
archivalia.hypotheses.org/52365;histoire et archéologie_d, sciences sociales interdisciplinaires_d, histoire_t, approches de corpus_t, enquêtes_t, archives_t;Datasets/all_labels_train_gensim_sparse_matrix.npz
kulturgut.hypotheses.org/278;humanités pluridisciplinaires_d, études des sciences_t, histoire_t, approches de corpus_t, enquêtes_t, archives_t;Datasets/all_labels_train_gensim_sparse_matrix.npz
archivalia.hypotheses.org/13230;histoire et archéologie_d, sciences sociales interdisciplinaires_d, histoire_t, approches de corpus_t, enquêtes_t, archives_t;Datasets/all_labels_train_gensim_sparse_matrix.npz
vgdrp.hypotheses.org/371;éducation_d, histoire des sciences sociales_d, histoire_t, histoire économique_t, histoire industrielle_t, histoire urbaine_t, histoire sociale_t;Datasets/all_labels_train_gensim_sparse_matrix.npz
archivewk1.hypotheses.org/31888;histoire_d, époque contemporaine_t, 1914-1918_t;Datasets/all_labels_train_gensim_sparse_matrix.npz
pophistory.hypotheses.org/2066;humanités pluridisciplinaires_d, histoire et archéologie_d, sociologie de la culture_t, histoire sociale_t, histoire culturelle_t, époque contemporaine_t;Datasets/all_labels_train_gensim_sparse_matrix.npz
archivalia.hypotheses.org/8995;histoire et archéologie_d, sciences sociales interdisciplinaires_d, histoire_t, approches de corpus_t, enquêtes_t, archives_t;Datasets/all_labels_train_gensim_sparse_matrix.npz
archivewk1.hypotheses.org/34988;histoire_d, époque contemporaine_t, 1914-1918_t;Datasets/all_labels_train_gensim_sparse_matrix.npz
archivalia.hypotheses.org/13480;histoire et archéologie_d, sciences sociales interdisciplinaires_d, histoire_t, approches de corpus_t, enquêtes_t, archives_t;Datasets/all_labels_train_gensim_sparse_matrix.npz
achtundvierzig.hypotheses.org/656;sciences politiques_d, histoire_d, époque contemporaine_t, prospectives_t, histoire politique_t, monde germanique_t;Datasets/all_labels_train_gensim_sparse_matrix.npz
archivalia.hypotheses.org/14552;histoire et archéologie_d, sciences sociales interdisciplinaires_d, histoire_t, approches de corpus_t, enquêtes_t, archives_t;Datasets/all_labels_train_gensim_sparse_matrix.npz
archivewk1.hypotheses.org/22979;histoire_d, époque contemporaine_t, 1914-1918_t;Datasets/all_labels_train_gensim_sparse_matrix.npz
histbav.hypotheses.org/4311;humanités pluridisciplinaires_d, histoire_d, pluridisciplinarité_d, histoire_t, monde germanique_t;Datasets/all_labels_train_gensim_sparse_matrix.npz
bereschitrabba.hypotheses.org/37;arts et humanités_d, religions_d, langue et linguistique_d, religions_t, histoire des religions_t;Datasets/all_labels_train_gensim_sparse_matrix.npz
gab.hypotheses.org/2499;histoire et archéologie_d, pluridisciplinarité_d, sciences sociales interdisciplinaires_d, études des sciences_t, sociologie des sciences_t, histoire_t;Datasets/all_labels_train_gensim_sparse_matrix.npz
archivalia.hypotheses.org/12401;histoire et archéologie_d, sciences sociales interdisciplinaires_d, histoire_t, approches de corpus_t, enquêtes_t, archives_t;Datasets/all_labels_train_gensim_sparse_matrix.npz
archivalia.hypotheses.org/10584;histoire et archéologie_d, sciences sociales interdisciplinaires_d, histoire_t, approches de corpus_t, enquêtes_t, archives_t;Datasets/all_labels_train_gensim_sparse_matrix.npz
tagebuch.hypotheses.org/652;histoire et archéologie_d, histoire_d, histoire_t, époque contemporaine_t, 1914-1918_t;Datasets/all_labels_train_gensim_sparse_matrix.npz
histbav.hypotheses.org/4956;humanités pluridisciplinaires_d, histoire_d, pluridisciplinarité_d, histoire_t, monde germanique_t;Datasets/all_labels_train_gensim_sparse_matrix.npz
adngwdng.hypotheses.org/51;histoire_d, histoire politique_t, historiographie_t, xxe siècle_t, monde germanique_t;Datasets/all_labels_train_gensim_sparse_matrix.npz
archivalia.hypotheses.org/6151;histoire et archéologie_d, sciences sociales interdisciplinaires_d, histoire_t, approches de corpus_t, enquêtes_t, archives_t;Datasets/all_labels_train_gensim_sparse_matrix.npz
gab.hypotheses.org/747;histoire et archéologie_d, pluridisciplinarité_d, sciences sociales interdisciplinaires_d, études des sciences_t, sociologie des sciences_t, histoire_t;Datasets/all_labels_train_gensim_sparse_matrix.npz
dss.hypotheses.org/1467;arts et humanités_d, communication_d, sciences de l'information et bibliothéconomie_d, information_t, édition électronique_t, représentations_t, histoire de l'art_t, patrimoine_t, prospectives_t;Datasets/all_labels_train_gensim_sparse_matrix.npz
winzen.hypotheses.org/558;histoire_d, histoire_t, études visuelles_t, 1918-1939_t, 1939-1945_t, monde germanique_t;Datasets/all_labels_train_gensim_sparse_matrix.npz
archivalia.hypotheses.org/59324;histoire et archéologie_d, sciences sociales interdisciplinaires_d, histoire_t, approches de corpus_t, enquêtes_t, archives_t;Datasets/all_labels_train_gensim_sparse_matrix.npz
archivewk1.hypotheses.org/17757;histoire_d, époque contemporaine_t, 1914-1918_t;Datasets/all_labels_train_gensim_sparse_matrix.npz
redaktionsblog.hypotheses.org/2565;arts et humanités_d, humanités pluridisciplinaires_d, épistémologie et méthodes_t, digital humanities_t;Datasets/all_labels_train_gensim_sparse_matrix.npz
archivalia.hypotheses.org/52626;histoire et archéologie_d, sciences sociales interdisciplinaires_d, histoire_t, approches de corpus_t, enquêtes_t, archives_t;Datasets/all_labels_train_gensim_sparse_matrix.npz
francofil.hypotheses.org/2666;pluridisciplinarité_d, sciences sociales interdisciplinaires_d, histoire_t, épistémologie et méthodes_t, approches de corpus_t, enquêtes_t, archives_t, france_t;Datasets/all_labels_train_gensim_sparse_matrix.npz
archivalia.hypotheses.org/5194;histoire et archéologie_d, sciences sociales interdisciplinaires_d, histoire_t, approches de corpus_t, enquêtes_t, archives_t;Datasets/all_labels_train_gensim_sparse_matrix.npz
historischdenken.hypotheses.org/3632;histoire et archéologie_d, histoire_t;Datasets/all_labels_train_gensim_sparse_matrix.npz
archivalia.hypotheses.org/13227;histoire et archéologie_d, sciences sociales interdisciplinaires_d, histoire_t, approches de corpus_t, enquêtes_t, archives_t;Datasets/all_labels_train_gensim_sparse_matrix.npz
archivalia.hypotheses.org/3225;histoire et archéologie_d, sciences sociales interdisciplinaires_d, histoire_t, approches de corpus_t, enquêtes_t, archives_t;Datasets/all_labels_train_gensim_sparse_matrix.npz
archivalia.hypotheses.org/6596;histoire et archéologie_d, sciences sociales interdisciplinaires_d, histoire_t, approches de corpus_t, enquêtes_t, archives_t;Datasets/all_labels_train_gensim_sparse_matrix.npz
archivalia.hypotheses.org/4911;histoire et archéologie_d, sciences sociales interdisciplinaires_d, histoire_t, approches de corpus_t, enquêtes_t, archives_t;Datasets/all_labels_train_gensim_sparse_matrix.npz
mittelalter.hypotheses.org/3594;humanités pluridisciplinaires_d, religions_d, histoire_d, sociologie_d, histoire_t, histoire sociale_t, histoire intellectuelle_t, moyen âge_t, haut moyen âge_t, bas moyen âge_t;Datasets/all_labels_train_gensim_sparse_matrix.npz
dkblog.hypotheses.org/564;histoire_d, histoire_t, époque moderne_t, xviie siècle_t;Datasets/all_labels_train_gensim_sparse_matrix.npz
fnzinfo.hypotheses.org/388;arts et humanités_d, musique_d, histoire et archéologie_d, histoire_t, xvie siècle_t, xviie siècle_t, xviiie siècle_t, révolution française_t;Datasets/all_labels_train_gensim_sparse_matrix.npz
histbav.hypotheses.org/3183;humanités pluridisciplinaires_d, histoire_d, pluridisciplinarité_d, histoire_t, monde germanique_t;Datasets/all_labels_train_gensim_sparse_matrix.npz
archivalia.hypotheses.org/10687;histoire et archéologie_d, sciences sociales interdisciplinaires_d, histoire_t, approches de corpus_t, enquêtes_t, archives_t;Datasets/all_labels_train_gensim_sparse_matrix.npz
medienbildung.hypotheses.org/7425;éducation_d, éducation spécialisée_d, travail social_d, sociologie_t, édition électronique_t, histoire et sociologie des médias_t, éducation_t;Datasets/all_labels_train_gensim_sparse_matrix.npz
ecoglobreg.hypotheses.org/534;histoire_d, sciences politiques_d, histoire_t, 1945-1989_t;Datasets/all_labels_train_gensim_sparse_matrix.npz
ordensgeschichte.hypotheses.org/3734;arts et humanités_d, humanités pluridisciplinaires_d, histoire et archéologie_d, histoire et philosophie des sciences_d, histoire_t, haut moyen âge_t, bas moyen âge_t, xviie siècle_t, xviiie siècle_t;Datasets/all_labels_train_gensim_sparse_matrix.npz
histbav.hypotheses.org/2220;humanités pluridisciplinaires_d, histoire_d, pluridisciplinarité_d, histoire_t, monde germanique_t;Datasets/all_labels_train_gensim_sparse_matrix.npz
archivalia.hypotheses.org/3846;histoire et archéologie_d, sciences sociales interdisciplinaires_d, histoire_t, approches de corpus_t, enquêtes_t, archives_t;Datasets/all_labels_train_gensim_sparse_matrix.npz
wwc.hypotheses.org/969;humanités pluridisciplinaires_d, pluridisciplinarité_d, études régionales_d, relations internationales_t, information_t, représentations_t;Datasets/all_labels_train_gensim_sparse_matrix.npz
archivalia.hypotheses.org/2122;histoire et archéologie_d, sciences sociales interdisciplinaires_d, histoire_t, approches de corpus_t, enquêtes_t, archives_t;Datasets/all_labels_train_gensim_sparse_matrix.npz
histbav.hypotheses.org/4539;humanités pluridisciplinaires_d, histoire_d, pluridisciplinarité_d, histoire_t, monde germanique_t;Datasets/all_labels_train_gensim_sparse_matrix.npz
archivalia.hypotheses.org/14629;histoire et archéologie_d, sciences sociales interdisciplinaires_d, histoire_t, approches de corpus_t, enquêtes_t, archives_t;Datasets/all_labels_train_gensim_sparse_matrix.npz
archivalia.hypotheses.org/13871;histoire et archéologie_d, sciences sociales interdisciplinaires_d, histoire_t, approches de corpus_t, enquêtes_t, archives_t;Datasets/all_labels_train_gensim_sparse_matrix.npz
archive20.hypotheses.org/205;pluridisciplinarité_d, sciences sociales interdisciplinaires_d, histoire_t, information_t, patrimoine_t, monde germanique_t;Datasets/all_labels_train_gensim_sparse_matrix.npz
archivalia.hypotheses.org/11613;histoire et archéologie_d, sciences sociales interdisciplinaires_d, histoire_t, approches de corpus_t, enquêtes_t, archives_t;Datasets/all_labels_train_gensim_sparse_matrix.npz
aktenkunde.hypotheses.org/156;histoire_d, histoire_t, sciences auxiliaires de l'histoire_t;Datasets/all_labels_train_gensim_sparse_matrix.npz
histbav.hypotheses.org/3269;humanités pluridisciplinaires_d, histoire_d, pluridisciplinarité_d, histoire_t, monde germanique_t;Datasets/all_labels_train_gensim_sparse_matrix.npz
histbav.hypotheses.org/3058;humanités pluridisciplinaires_d, histoire_d, pluridisciplinarité_d, histoire_t, monde germanique_t;Datasets/all_labels_train_gensim_sparse_matrix.npz
archivewk1.hypotheses.org/4988;histoire_d, époque contemporaine_t, 1914-1918_t;Datasets/all_labels_train_gensim_sparse_matrix.npz
archivewk1.hypotheses.org/20836;histoire_d, époque contemporaine_t, 1914-1918_t;Datasets/all_labels_train_gensim_sparse_matrix.npz
quadrivium.hypotheses.org/76;pluridisciplinarité_d, histoire des sciences_t, histoire_t, histoire et sociologie des médias_t, historiographie_t, moyen âge_t, haut moyen âge_t;Datasets/all_labels_train_gensim_sparse_matrix.npz
archivalia.hypotheses.org/9162;histoire et archéologie_d, sciences sociales interdisciplinaires_d, histoire_t, approches de corpus_t, enquêtes_t, archives_t;Datasets/all_labels_train_gensim_sparse_matrix.npz
filmeditio.hypotheses.org/64;arts_d, humanités pluridisciplinaires_d, édition électronique_t, histoire et sociologie des médias_t, patrimoine_t, études visuelles_t;Datasets/all_labels_train_gensim_sparse_matrix.npz
fnzinfo.hypotheses.org/12;arts et humanités_d, musique_d, histoire et archéologie_d, histoire_t, xvie siècle_t, xviie siècle_t, xviiie siècle_t, révolution française_t;Datasets/all_labels_train_gensim_sparse_matrix.npz
archivalia.hypotheses.org/7505;histoire et archéologie_d, sciences sociales interdisciplinaires_d, histoire_t, approches de corpus_t, enquêtes_t, archives_t;Datasets/all_labels_train_gensim_sparse_matrix.npz
archivalia.hypotheses.org/2565;histoire et archéologie_d, sciences sociales interdisciplinaires_d, histoire_t, approches de corpus_t, enquêtes_t, archives_t;Datasets/all_labels_train_gensim_sparse_matrix.npz
scriptorium.hypotheses.org/401;humanités pluridisciplinaires_d, pluridisciplinarité_d, digital humanities_t, moyen âge_t;Datasets/all_labels_train_gensim_sparse_matrix.npz
archives.hypotheses.org/619;histoire_d, communication_d, patrimoine_t, digital humanities_t, moyen âge_t, époque moderne_t, france_t, monde germanique_t;Datasets/all_labels_train_gensim_sparse_matrix.npz
ordensgeschichte.hypotheses.org/4043;arts et humanités_d, humanités pluridisciplinaires_d, histoire et archéologie_d, histoire et philosophie des sciences_d, histoire_t, haut moyen âge_t, bas moyen âge_t, xviie siècle_t, xviiie siècle_t;Datasets/all_labels_train_gensim_sparse_matrix.npz
archivalia.hypotheses.org/11449;histoire et archéologie_d, sciences sociales interdisciplinaires_d, histoire_t, approches de corpus_t, enquêtes_t, archives_t;Datasets/all_labels_train_gensim_sparse_matrix.npz
archivalia.hypotheses.org/8210;histoire et archéologie_d, sciences sociales interdisciplinaires_d, histoire_t, approches de corpus_t, enquêtes_t, archives_t;Datasets/all_labels_train_gensim_sparse_matrix.npz
archivamt.hypotheses.org/1229;communication_d, pluridisciplinarité_d, sciences sociales interdisciplinaires_d, information_t, sciences de l'information_t, représentations_t, patrimoine_t;Datasets/all_labels_train_gensim_sparse_matrix.npz
liparchiv.hypotheses.org/30;histoire et archéologie_d, sciences politiques_d, administration publique et développement_d, histoire urbaine_t, patrimoine_t, sciences auxiliaires de l'histoire_t, approches de corpus_t, enquêtes_t, archives_t, europe_t;Datasets/all_labels_train_gensim_sparse_matrix.npz
ostblog.hypotheses.org/221;histoire_d, économie_d, histoire_t;Datasets/all_labels_train_gensim_sparse_matrix.npz
speyermemo.hypotheses.org/1920;histoire_d, pluridisciplinarité_d, sciences sociales interdisciplinaires_d, sociologie de la culture_t, histoire_t, 1939-1945_t, europe_t;Datasets/all_labels_train_gensim_sparse_matrix.npz
texperimentales.hypotheses.org/1791;linguistique appliquée_d, langue et linguistique_d, langage_t, linguistique_t, information_t, sciences de l'information_t, digital humanities_t;Datasets/all_labels_train_gensim_sparse_matrix.npz
archivtag.hypotheses.org/386;pluridisciplinarité_d, sciences sociales interdisciplinaires_d, histoire_t, information_t, monde germanique_t;Datasets/all_labels_train_gensim_sparse_matrix.npz
resilienz.hypotheses.org/701;pluridisciplinarité_d, sciences sociales interdisciplinaires_d, études des sciences_t, épistémologie et méthodes_t, vie de la recherche_t, prospectives_t;Datasets/all_labels_train_gensim_sparse_matrix.npz
archivalia.hypotheses.org/14366;histoire et archéologie_d, sciences sociales interdisciplinaires_d, histoire_t, approches de corpus_t, enquêtes_t, archives_t;Datasets/all_labels_train_gensim_sparse_matrix.npz
ordensgeschichte.hypotheses.org/928;arts et humanités_d, humanités pluridisciplinaires_d, histoire et archéologie_d, histoire et philosophie des sciences_d, histoire_t, haut moyen âge_t, bas moyen âge_t, xviie siècle_t, xviiie siècle_t;Datasets/all_labels_train_gensim_sparse_matrix.npz
archivalia.hypotheses.org/57252;histoire et archéologie_d, sciences sociales interdisciplinaires_d, histoire_t, approches de corpus_t, enquêtes_t, archives_t;Datasets/all_labels_train_gensim_sparse_matrix.npz
medialogic.hypotheses.org/819;arts et humanités_d, sciences de l'information et de la communication_d, bibliothéconomie_d, sociologie_t;Datasets/all_labels_train_gensim_sparse_matrix.npz
archivalia.hypotheses.org/5604;histoire et archéologie_d, sciences sociales interdisciplinaires_d, histoire_t, approches de corpus_t, enquêtes_t, archives_t;Datasets/all_labels_train_gensim_sparse_matrix.npz
oberrhein.hypotheses.org/1606;religions_d, archéologie_d, histoire_d, histoire_t, moyen âge_t, france_t, monde germanique_t;Datasets/all_labels_train_gensim_sparse_matrix.npz
schotten.hypotheses.org/555;religions_d, histoire et archéologie_d, sciences de l'information et de la communication_d, bibliothéconomie_d, histoire_t, histoire des religions_t, approches de corpus_t, enquêtes_t, archives_t, monde germanique_t;Datasets/all_labels_train_gensim_sparse_matrix.npz
archivamt.hypotheses.org/1399;communication_d, pluridisciplinarité_d, sciences sociales interdisciplinaires_d, information_t, sciences de l'information_t, représentations_t, patrimoine_t;Datasets/all_labels_train_gensim_sparse_matrix.npz
archivewk1.hypotheses.org/324;histoire_d, époque contemporaine_t, 1914-1918_t;Datasets/all_labels_train_gensim_sparse_matrix.npz
archivewk1.hypotheses.org/347;histoire_d, époque contemporaine_t, 1914-1918_t;Datasets/all_labels_train_gensim_sparse_matrix.npz
catholiccultures.hypotheses.org/2304;histoire et archéologie_d, histoire des sciences sociales_d, sciences sociales interdisciplinaires_d, sociologie et anthropologie_d, histoire_t, histoire sociale_t, histoire des religions_t, époque moderne_t;Datasets/all_labels_train_gensim_sparse_matrix.npz
19jhdhip.hypotheses.org/464;histoire_d, époque contemporaine_t, prospectives_t, france_t, monde germanique_t;Datasets/all_labels_train_gensim_sparse_matrix.npz
bereschitrabba.hypotheses.org/565;arts et humanités_d, religions_d, langue et linguistique_d, religions_t, histoire des religions_t;Datasets/all_labels_train_gensim_sparse_matrix.npz
archivewk1.hypotheses.org/28895;histoire_d, époque contemporaine_t, 1914-1918_t;Datasets/all_labels_train_gensim_sparse_matrix.npz
archivalia.hypotheses.org/62982;histoire et archéologie_d, sciences sociales interdisciplinaires_d, histoire_t, approches de corpus_t, enquêtes_t, archives_t;Datasets/all_labels_train_gensim_sparse_matrix.npz
soziologieblog.hypotheses.org/9972;sciences sociales interdisciplinaires_d, sociologie et anthropologie_d, sociologie du travail_t, sociologie urbaine_t, sociologie de la culture_t, sociologie économique_t;Datasets/all_labels_train_gensim_sparse_matrix.npz
archivewk1.hypotheses.org/1629;histoire_d, époque contemporaine_t, 1914-1918_t;Datasets/all_labels_train_gensim_sparse_matrix.npz
archivewk1.hypotheses.org/2849;histoire_d, époque contemporaine_t, 1914-1918_t;Datasets/all_labels_train_gensim_sparse_matrix.npz
wwc.hypotheses.org/564;humanités pluridisciplinaires_d, pluridisciplinarité_d, études régionales_d, relations internationales_t, information_t, représentations_t;Datasets/all_labels_train_gensim_sparse_matrix.npz
archivewk1.hypotheses.org/7250;histoire_d, époque contemporaine_t, 1914-1918_t;Datasets/all_labels_train_gensim_sparse_matrix.npz
bioeg.hypotheses.org/169;histoire et archéologie_d, histoire_d, histoire_t, sciences auxiliaires de l'histoire_t, europe centrale et orientale_t, monde germanique_t;Datasets/all_labels_train_gensim_sparse_matrix.npz
archivalia.hypotheses.org/58903;histoire et archéologie_d, sciences sociales interdisciplinaires_d, histoire_t, approches de corpus_t, enquêtes_t, archives_t;Datasets/all_labels_train_gensim_sparse_matrix.npz
archivalia.hypotheses.org/55786;histoire et archéologie_d, sciences sociales interdisciplinaires_d, histoire_t, approches de corpus_t, enquêtes_t, archives_t;Datasets/all_labels_train_gensim_sparse_matrix.npz
archivalia.hypotheses.org/12865;histoire et archéologie_d, sciences sociales interdisciplinaires_d, histoire_t, approches de corpus_t, enquêtes_t, archives_t;Datasets/all_labels_train_gensim_sparse_matrix.npz
archivalia.hypotheses.org/10082;histoire et archéologie_d, sciences sociales interdisciplinaires_d, histoire_t, approches de corpus_t, enquêtes_t, archives_t;Datasets/all_labels_train_gensim_sparse_matrix.npz
1914lvr.hypotheses.org/439;sciences politiques_d, histoire_t, époque contemporaine_t, 1914-1918_t;Datasets/all_labels_train_gensim_sparse_matrix.npz
intersex.hypotheses.org/1272;histoire_d, biomédecine_d, étude des genres_t, histoire des sciences_t, histoire_t, histoire du droit_t, moyen âge_t, xxie siècle_t;Datasets/all_labels_train_gensim_sparse_matrix.npz
medienbildung.hypotheses.org/5299;éducation_d, éducation spécialisée_d, travail social_d, sociologie_t, édition électronique_t, histoire et sociologie des médias_t, éducation_t;Datasets/all_labels_train_gensim_sparse_matrix.npz
archivalia.hypotheses.org/8587;histoire et archéologie_d, sciences sociales interdisciplinaires_d, histoire_t, approches de corpus_t, enquêtes_t, archives_t;Datasets/all_labels_train_gensim_sparse_matrix.npz
pophistory.hypotheses.org/709;humanités pluridisciplinaires_d, histoire et archéologie_d, sociologie de la culture_t, histoire sociale_t, histoire culturelle_t, époque contemporaine_t;Datasets/all_labels_train_gensim_sparse_matrix.npz
dss.hypotheses.org/973;arts et humanités_d, communication_d, sciences de l'information et bibliothéconomie_d, information_t, édition électronique_t, représentations_t, histoire de l'art_t, patrimoine_t, prospectives_t;Datasets/all_labels_train_gensim_sparse_matrix.npz
feldpost.hypotheses.org/559;histoire_d, histoire_t, guerres_t, conflits_t, violence_t, histoire culturelle_t, 1914-1918_t, monde germanique_t;Datasets/all_labels_train_gensim_sparse_matrix.npz
musermeku.hypotheses.org/992;humanités pluridisciplinaires_d, pluridisciplinarité_d, sciences sociales interdisciplinaires_d, sociologie_t, sociologie de la culture_t, histoire_t, histoire politique_t;Datasets/all_labels_train_gensim_sparse_matrix.npz
archivewk1.hypotheses.org/838;histoire_d, époque contemporaine_t, 1914-1918_t;Datasets/all_labels_train_gensim_sparse_matrix.npz
archivamt.hypotheses.org/132;communication_d, pluridisciplinarité_d, sciences sociales interdisciplinaires_d, information_t, sciences de l'information_t, représentations_t, patrimoine_t;Datasets/all_labels_train_gensim_sparse_matrix.npz
lvrafz.hypotheses.org/1444;pluridisciplinarité_d, information_t;Datasets/all_labels_train_gensim_sparse_matrix.npz
archivalia.hypotheses.org/11894;histoire et archéologie_d, sciences sociales interdisciplinaires_d, histoire_t, approches de corpus_t, enquêtes_t, archives_t;Datasets/all_labels_train_gensim_sparse_matrix.npz
archivalia.hypotheses.org/2165;histoire et archéologie_d, sciences sociales interdisciplinaires_d, histoire_t, approches de corpus_t, enquêtes_t, archives_t;Datasets/all_labels_train_gensim_sparse_matrix.npz
archivalia.hypotheses.org/2594;histoire et archéologie_d, sciences sociales interdisciplinaires_d, histoire_t, approches de corpus_t, enquêtes_t, archives_t;Datasets/all_labels_train_gensim_sparse_matrix.npz
histbav.hypotheses.org/4309;humanités pluridisciplinaires_d, histoire_d, pluridisciplinarité_d, histoire_t, monde germanique_t;Datasets/all_labels_train_gensim_sparse_matrix.npz
gab.hypotheses.org/1971;histoire et archéologie_d, pluridisciplinarité_d, sciences sociales interdisciplinaires_d, études des sciences_t, sociologie des sciences_t, histoire_t;Datasets/all_labels_train_gensim_sparse_matrix.npz
archivewk1.hypotheses.org/14161;histoire_d, époque contemporaine_t, 1914-1918_t;Datasets/all_labels_train_gensim_sparse_matrix.npz
gab.hypotheses.org/1930;histoire et archéologie_d, pluridisciplinarité_d, sciences sociales interdisciplinaires_d, études des sciences_t, sociologie des sciences_t, histoire_t;Datasets/all_labels_train_gensim_sparse_matrix.npz
archivewk1.hypotheses.org/21030;histoire_d, époque contemporaine_t, 1914-1918_t;Datasets/all_labels_train_gensim_sparse_matrix.npz
mgtud.hypotheses.org/70;humanités pluridisciplinaires_d, éducation_d, histoire et archéologie_d, histoire_d, histoire_t, histoire urbaine_t, édition électronique_t;Datasets/all_labels_train_gensim_sparse_matrix.npz
mindthegaps.hypotheses.org/983;études asiatiques_d, histoire_d, histoire_t, histoire culturelle_t, asie_t, chine_t;Datasets/all_labels_train_gensim_sparse_matrix.npz
ordensgeschichte.hypotheses.org/6379;arts et humanités_d, humanités pluridisciplinaires_d, histoire et archéologie_d, histoire et philosophie des sciences_d, histoire_t, haut moyen âge_t, bas moyen âge_t, xviie siècle_t, xviiie siècle_t;Datasets/all_labels_train_gensim_sparse_matrix.npz
grandeguerre.hypotheses.org/462;histoire et archéologie_d, histoire_t, 1914-1918_t, prospectives_t, france_t, monde germanique_t;Datasets/all_labels_train_gensim_sparse_matrix.npz
archivalia.hypotheses.org/6523;histoire et archéologie_d, sciences sociales interdisciplinaires_d, histoire_t, approches de corpus_t, enquêtes_t, archives_t;Datasets/all_labels_train_gensim_sparse_matrix.npz
archive20.hypotheses.org/2435;pluridisciplinarité_d, sciences sociales interdisciplinaires_d, histoire_t, information_t, patrimoine_t, monde germanique_t;Datasets/all_labels_train_gensim_sparse_matrix.npz
archivalia.hypotheses.org/55167;histoire et archéologie_d, sciences sociales interdisciplinaires_d, histoire_t, approches de corpus_t, enquêtes_t, archives_t;Datasets/all_labels_train_gensim_sparse_matrix.npz
mobilvideo.hypotheses.org/1349;humanités pluridisciplinaires_d, éducation_d, sciences sociales interdisciplinaires_d, histoire et sociologie des médias_t, études visuelles_t, éducation_t, sciences de l'éducation_t;Datasets/all_labels_train_gensim_sparse_matrix.npz
1914lvr.hypotheses.org/1555;sciences politiques_d, histoire_t, époque contemporaine_t, 1914-1918_t;Datasets/all_labels_train_gensim_sparse_matrix.npz
archivalia.hypotheses.org/5617;histoire et archéologie_d, sciences sociales interdisciplinaires_d, histoire_t, approches de corpus_t, enquêtes_t, archives_t;Datasets/all_labels_train_gensim_sparse_matrix.npz
1914lvr.hypotheses.org/1237;sciences politiques_d, histoire_t, époque contemporaine_t, 1914-1918_t;Datasets/all_labels_train_gensim_sparse_matrix.npz
archivalia.hypotheses.org/14506;histoire et archéologie_d, sciences sociales interdisciplinaires_d, histoire_t, approches de corpus_t, enquêtes_t, archives_t;Datasets/all_labels_train_gensim_sparse_matrix.npz
maxweber.hypotheses.org/888;humanités pluridisciplinaires_d, histoire et archéologie_d, histoire et philosophie des sciences_d, sociologie et anthropologie_d, histoire sociale_t, histoire intellectuelle_t, sociologie des religions_t, vie de la recherche_t;Datasets/all_labels_train_gensim_sparse_matrix.npz
archivalia.hypotheses.org/4327;histoire et archéologie_d, sciences sociales interdisciplinaires_d, histoire_t, approches de corpus_t, enquêtes_t, archives_t;Datasets/all_labels_train_gensim_sparse_matrix.npz
dfmfa.hypotheses.org/1264;humanités pluridisciplinaires_d, sciences sociales interdisciplinaires_d, histoire_t, moyen âge_t, haut moyen âge_t, bas moyen âge_t;Datasets/all_labels_train_gensim_sparse_matrix.npz
archivalia.hypotheses.org/11346;histoire et archéologie_d, sciences sociales interdisciplinaires_d, histoire_t, approches de corpus_t, enquêtes_t, archives_t;Datasets/all_labels_train_gensim_sparse_matrix.npz
archivalia.hypotheses.org/13053;histoire et archéologie_d, sciences sociales interdisciplinaires_d, histoire_t, approches de corpus_t, enquêtes_t, archives_t;Datasets/all_labels_train_gensim_sparse_matrix.npz
inklusion.hypotheses.org/1074;éducation_d, travail social et politique sociale_d, sociologie du travail_t, âges de la vie_t, information_t, sciences de l'éducation_t;Datasets/all_labels_train_gensim_sparse_matrix.npz
oberrhein.hypotheses.org/1190;religions_d, archéologie_d, histoire_d, histoire_t, moyen âge_t, france_t, monde germanique_t;Datasets/all_labels_train_gensim_sparse_matrix.npz
archivalia.hypotheses.org/10372;histoire et archéologie_d, sciences sociales interdisciplinaires_d, histoire_t, approches de corpus_t, enquêtes_t, archives_t;Datasets/all_labels_train_gensim_sparse_matrix.npz
archivewk1.hypotheses.org/7028;histoire_d, époque contemporaine_t, 1914-1918_t;Datasets/all_labels_train_gensim_sparse_matrix.npz
mittelalter.hypotheses.org/2868;humanités pluridisciplinaires_d, religions_d, histoire_d, sociologie_d, histoire_t, histoire sociale_t, histoire intellectuelle_t, moyen âge_t, haut moyen âge_t, bas moyen âge_t;Datasets/all_labels_train_gensim_sparse_matrix.npz
archivalia.hypotheses.org/8733;histoire et archéologie_d, sciences sociales interdisciplinaires_d, histoire_t, approches de corpus_t, enquêtes_t, archives_t;Datasets/all_labels_train_gensim_sparse_matrix.npz
aktenkunde.hypotheses.org/204;histoire_d, histoire_t, sciences auxiliaires de l'histoire_t;Datasets/all_labels_train_gensim_sparse_matrix.npz
gewalt.hypotheses.org/294;sciences politiques_d, sociologie_d, sociologie_t, sociologie urbaine_t, anthropologie politique_t, histoire urbaine_t, guerres_t, conflits_t, violence_t;Datasets/all_labels_train_gensim_sparse_matrix.npz
mindthegaps.hypotheses.org/757;études asiatiques_d, histoire_d, histoire_t, histoire culturelle_t, asie_t, chine_t;Datasets/all_labels_train_gensim_sparse_matrix.npz
histbav.hypotheses.org/2766;humanités pluridisciplinaires_d, histoire_d, pluridisciplinarité_d, histoire_t, monde germanique_t;Datasets/all_labels_train_gensim_sparse_matrix.npz
histbav.hypotheses.org/4727;humanités pluridisciplinaires_d, histoire_d, pluridisciplinarité_d, histoire_t, monde germanique_t;Datasets/all_labels_train_gensim_sparse_matrix.npz
histbav.hypotheses.org/3570;humanités pluridisciplinaires_d, histoire_d, pluridisciplinarité_d, histoire_t, monde germanique_t;Datasets/all_labels_train_gensim_sparse_matrix.npz
jeunegen.hypotheses.org/220;histoire_d, pluridisciplinarité_d, histoire_t, vie de la recherche_t, moyen âge_t, haut moyen âge_t, bas moyen âge_t;Datasets/all_labels_train_gensim_sparse_matrix.npz
resilienz.hypotheses.org/1181;pluridisciplinarité_d, sciences sociales interdisciplinaires_d, études des sciences_t, épistémologie et méthodes_t, vie de la recherche_t, prospectives_t;Datasets/all_labels_train_gensim_sparse_matrix.npz
archivalia.hypotheses.org/3602;histoire et archéologie_d, sciences sociales interdisciplinaires_d, histoire_t, approches de corpus_t, enquêtes_t, archives_t;Datasets/all_labels_train_gensim_sparse_matrix.npz
fnzinfo.hypotheses.org/145;arts et humanités_d, musique_d, histoire et archéologie_d, histoire_t, xvie siècle_t, xviie siècle_t, xviiie siècle_t, révolution française_t;Datasets/all_labels_train_gensim_sparse_matrix.npz
leibnizarc.hypotheses.org/246;éducation_d, histoire et archéologie_d, sciences de l'information et bibliothéconomie_d, études des sciences_t, histoire industrielle_t, histoire de l'art_t;Datasets/all_labels_train_gensim_sparse_matrix.npz
archivalia.hypotheses.org/6613;histoire et archéologie_d, sciences sociales interdisciplinaires_d, histoire_t, approches de corpus_t, enquêtes_t, archives_t;Datasets/all_labels_train_gensim_sparse_matrix.npz
archivewk1.hypotheses.org/27722;histoire_d, époque contemporaine_t, 1914-1918_t;Datasets/all_labels_train_gensim_sparse_matrix.npz
gra.hypotheses.org/2000;arts et humanités_d, communication_d, sciences de l'information et bibliothéconomie_d, représentations_t, histoire culturelle_t, histoire de l'art_t, études visuelles_t;Datasets/all_labels_train_gensim_sparse_matrix.npz
archivewk1.hypotheses.org/5285;histoire_d, époque contemporaine_t, 1914-1918_t;Datasets/all_labels_train_gensim_sparse_matrix.npz
archivewk1.hypotheses.org/4770;histoire_d, époque contemporaine_t, 1914-1918_t;Datasets/all_labels_train_gensim_sparse_matrix.npz
studpro.hypotheses.org/220;histoire_d, histoire_t, époque moderne_t, xviie siècle_t, xviiie siècle_t;Datasets/all_labels_train_gensim_sparse_matrix.npz
gab.hypotheses.org/1889;histoire et archéologie_d, pluridisciplinarité_d, sciences sociales interdisciplinaires_d, études des sciences_t, sociologie des sciences_t, histoire_t;Datasets/all_labels_train_gensim_sparse_matrix.npz
archivlinz.hypotheses.org/346;histoire et archéologie_d, histoire_d, histoire urbaine_t, 1914-1918_t, monde germanique_t;Datasets/all_labels_train_gensim_sparse_matrix.npz
bioeg.hypotheses.org/1371;histoire et archéologie_d, histoire_d, histoire_t, sciences auxiliaires de l'histoire_t, europe centrale et orientale_t, monde germanique_t;Datasets/all_labels_train_gensim_sparse_matrix.npz
archivalia.hypotheses.org/13156;histoire et archéologie_d, sciences sociales interdisciplinaires_d, histoire_t, approches de corpus_t, enquêtes_t, archives_t;Datasets/all_labels_train_gensim_sparse_matrix.npz
gab.hypotheses.org/1159;histoire et archéologie_d, pluridisciplinarité_d, sciences sociales interdisciplinaires_d, études des sciences_t, sociologie des sciences_t, histoire_t;Datasets/all_labels_train_gensim_sparse_matrix.npz
archivalia.hypotheses.org/2219;histoire et archéologie_d, sciences sociales interdisciplinaires_d, histoire_t, approches de corpus_t, enquêtes_t, archives_t;Datasets/all_labels_train_gensim_sparse_matrix.npz
dighist.hypotheses.org/94;histoire_d, sciences sociales interdisciplinaires_d, études sur la famille_d, sociologie_d, histoire urbaine_t, histoire sociale_t, europe centrale et orientale_t;Datasets/all_labels_train_gensim_sparse_matrix.npz
hoyerswerda.hypotheses.org/146;arts et humanités_d, histoire_d, histoire urbaine_t, monde germanique_t;Datasets/all_labels_train_gensim_sparse_matrix.npz
archive20.hypotheses.org/883;pluridisciplinarité_d, sciences sociales interdisciplinaires_d, histoire_t, information_t, patrimoine_t, monde germanique_t;Datasets/all_labels_train_gensim_sparse_matrix.npz
archivewk1.hypotheses.org/25622;histoire_d, époque contemporaine_t, 1914-1918_t;Datasets/all_labels_train_gensim_sparse_matrix.npz
archivewk1.hypotheses.org/19583;histoire_d, époque contemporaine_t, 1914-1918_t;Datasets/all_labels_train_gensim_sparse_matrix.npz
mittelalter.hypotheses.org/196;humanités pluridisciplinaires_d, religions_d, histoire_d, sociologie_d, histoire_t, histoire sociale_t, histoire intellectuelle_t, moyen âge_t, haut moyen âge_t, bas moyen âge_t;Datasets/all_labels_train_gensim_sparse_matrix.npz
archivalia.hypotheses.org/8966;histoire et archéologie_d, sciences sociales interdisciplinaires_d, histoire_t, approches de corpus_t, enquêtes_t, archives_t;Datasets/all_labels_train_gensim_sparse_matrix.npz
archivalia.hypotheses.org/11303;histoire et archéologie_d, sciences sociales interdisciplinaires_d, histoire_t, approches de corpus_t, enquêtes_t, archives_t;Datasets/all_labels_train_gensim_sparse_matrix.npz
etatsocial.hypotheses.org/795;histoire_d, histoire des sciences sociales_d, sociologie_d, économie_d, sociologie du travail_t, âges de la vie_t, xxe siècle_t;Datasets/all_labels_train_gensim_sparse_matrix.npz
archivewk1.hypotheses.org/10693;histoire_d, époque contemporaine_t, 1914-1918_t;Datasets/all_labels_train_gensim_sparse_matrix.npz
grandeguerre.hypotheses.org/1654;histoire et archéologie_d, histoire_t, 1914-1918_t, prospectives_t, france_t, monde germanique_t;Datasets/all_labels_train_gensim_sparse_matrix.npz
archivalia.hypotheses.org/9694;histoire et archéologie_d, sciences sociales interdisciplinaires_d, histoire_t, approches de corpus_t, enquêtes_t, archives_t;Datasets/all_labels_train_gensim_sparse_matrix.npz
archivalia.hypotheses.org/14043;histoire et archéologie_d, sciences sociales interdisciplinaires_d, histoire_t, approches de corpus_t, enquêtes_t, archives_t;Datasets/all_labels_train_gensim_sparse_matrix.npz
archives.hypotheses.org/610;histoire_d, communication_d, patrimoine_t, digital humanities_t, moyen âge_t, époque moderne_t, france_t, monde germanique_t;Datasets/all_labels_train_gensim_sparse_matrix.npz
archivewk1.hypotheses.org/9632;histoire_d, époque contemporaine_t, 1914-1918_t;Datasets/all_labels_train_gensim_sparse_matrix.npz
erinnern.hypotheses.org/253;éducation et sciences de l'éducation_d, histoire_d, histoire_t, éducation_t, 1918-1939_t, 1939-1945_t, 1945-1989_t;Datasets/all_labels_train_gensim_sparse_matrix.npz
metablock.hypotheses.org/740;sciences sociales interdisciplinaires_d, linguistique appliquée_d, langue et linguistique_d, sociologie des sciences_t, langage_t, linguistique_t, édition électronique_t, histoire et sociologie des médias_t;Datasets/all_labels_train_gensim_sparse_matrix.npz
intersex.hypotheses.org/343;histoire_d, biomédecine_d, étude des genres_t, histoire des sciences_t, histoire_t, histoire du droit_t, moyen âge_t, xxie siècle_t;Datasets/all_labels_train_gensim_sparse_matrix.npz
archivamt.hypotheses.org/734;communication_d, pluridisciplinarité_d, sciences sociales interdisciplinaires_d, information_t, sciences de l'information_t, représentations_t, patrimoine_t;Datasets/all_labels_train_gensim_sparse_matrix.npz
histbav.hypotheses.org/1034;humanités pluridisciplinaires_d, histoire_d, pluridisciplinarité_d, histoire_t, monde germanique_t;Datasets/all_labels_train_gensim_sparse_matrix.npz
soziologieblog.hypotheses.org/9288;sciences sociales interdisciplinaires_d, sociologie et anthropologie_d, sociologie du travail_t, sociologie urbaine_t, sociologie de la culture_t, sociologie économique_t;Datasets/all_labels_train_gensim_sparse_matrix.npz
redaktionsblog.hypotheses.org/3064;arts et humanités_d, humanités pluridisciplinaires_d, épistémologie et méthodes_t, digital humanities_t;Datasets/all_labels_train_gensim_sparse_matrix.npz
tagebuch.hypotheses.org/862;histoire et archéologie_d, histoire_d, histoire_t, époque contemporaine_t, 1914-1918_t;Datasets/all_labels_train_gensim_sparse_matrix.npz
etatsocial.hypotheses.org/83;histoire_d, histoire des sciences sociales_d, sociologie_d, économie_d, sociologie du travail_t, âges de la vie_t, xxe siècle_t;Datasets/all_labels_train_gensim_sparse_matrix.npz
historischdenken.hypotheses.org/1049;histoire et archéologie_d, histoire_t;Datasets/all_labels_train_gensim_sparse_matrix.npz
tagebuch.hypotheses.org/1048;histoire et archéologie_d, histoire_d, histoire_t, époque contemporaine_t, 1914-1918_t;Datasets/all_labels_train_gensim_sparse_matrix.npz
archivalia.hypotheses.org/12943;histoire et archéologie_d, sciences sociales interdisciplinaires_d, histoire_t, approches de corpus_t, enquêtes_t, archives_t;Datasets/all_labels_train_gensim_sparse_matrix.npz
ordensgeschichte.hypotheses.org/8085;arts et humanités_d, humanités pluridisciplinaires_d, histoire et archéologie_d, histoire et philosophie des sciences_d, histoire_t, haut moyen âge_t, bas moyen âge_t, xviie siècle_t, xviiie siècle_t;Datasets/all_labels_train_gensim_sparse_matrix.npz
medialogic.hypotheses.org/847;arts et humanités_d, sciences de l'information et de la communication_d, bibliothéconomie_d, sociologie_t;Datasets/all_labels_train_gensim_sparse_matrix.npz
hsc.hypotheses.org/207;arts et humanités_d, humanités pluridisciplinaires_d, histoire et archéologie_d, histoire_t, historiographie_t;Datasets/all_labels_train_gensim_sparse_matrix.npz
archivalia.hypotheses.org/3448;histoire et archéologie_d, sciences sociales interdisciplinaires_d, histoire_t, approches de corpus_t, enquêtes_t, archives_t;Datasets/all_labels_train_gensim_sparse_matrix.npz
archivalia.hypotheses.org/1366;histoire et archéologie_d, sciences sociales interdisciplinaires_d, histoire_t, approches de corpus_t, enquêtes_t, archives_t;Datasets/all_labels_train_gensim_sparse_matrix.npz
archivalia.hypotheses.org/9773;histoire et archéologie_d, sciences sociales interdisciplinaires_d, histoire_t, approches de corpus_t, enquêtes_t, archives_t;Datasets/all_labels_train_gensim_sparse_matrix.npz
frobeniusforster.hypotheses.org/196;histoire et archéologie_d, histoire_t, époque moderne_t, xviiie siècle_t;Datasets/all_labels_train_gensim_sparse_matrix.npz
reichwein.hypotheses.org/632;histoire et archéologie_d, histoire des sciences_t, 1945-1989_t;Datasets/all_labels_train_gensim_sparse_matrix.npz
bioeg.hypotheses.org/1946;histoire et archéologie_d, histoire_d, histoire_t, sciences auxiliaires de l'histoire_t, europe centrale et orientale_t, monde germanique_t;Datasets/all_labels_train_gensim_sparse_matrix.npz
archivalia.hypotheses.org/57794;histoire et archéologie_d, sciences sociales interdisciplinaires_d, histoire_t, approches de corpus_t, enquêtes_t, archives_t;Datasets/all_labels_train_gensim_sparse_matrix.npz
archivewk1.hypotheses.org/16714;histoire_d, époque contemporaine_t, 1914-1918_t;Datasets/all_labels_train_gensim_sparse_matrix.npz
gab.hypotheses.org/2346;histoire et archéologie_d, pluridisciplinarité_d, sciences sociales interdisciplinaires_d, études des sciences_t, sociologie des sciences_t, histoire_t;Datasets/all_labels_train_gensim_sparse_matrix.npz
archivewk1.hypotheses.org/8944;histoire_d, époque contemporaine_t, 1914-1918_t;Datasets/all_labels_train_gensim_sparse_matrix.npz
lvrafz.hypotheses.org/2141;pluridisciplinarité_d, information_t;Datasets/all_labels_train_gensim_sparse_matrix.npz
digigw.hypotheses.org/1344;humanités pluridisciplinaires_d, histoire_t, édition électronique_t, sciences auxiliaires de l'histoire_t, digital humanities_t;Datasets/all_labels_train_gensim_sparse_matrix.npz
archivewk1.hypotheses.org/19043;histoire_d, époque contemporaine_t, 1914-1918_t;Datasets/all_labels_train_gensim_sparse_matrix.npz
bereschitrabba.hypotheses.org/73;arts et humanités_d, religions_d, langue et linguistique_d, religions_t, histoire des religions_t;Datasets/all_labels_train_gensim_sparse_matrix.npz
frueheneuzeit.hypotheses.org/1569;histoire et archéologie_d, histoire_t, époque moderne_t, xviie siècle_t, xviiie siècle_t, révolution française_t;Datasets/all_labels_train_gensim_sparse_matrix.npz
francofil.hypotheses.org/2548;pluridisciplinarité_d, sciences sociales interdisciplinaires_d, histoire_t, épistémologie et méthodes_t, approches de corpus_t, enquêtes_t, archives_t, france_t;Datasets/all_labels_train_gensim_sparse_matrix.npz
archivalia.hypotheses.org/11696;histoire et archéologie_d, sciences sociales interdisciplinaires_d, histoire_t, approches de corpus_t, enquêtes_t, archives_t;Datasets/all_labels_train_gensim_sparse_matrix.npz
resilienz.hypotheses.org/738;pluridisciplinarité_d, sciences sociales interdisciplinaires_d, études des sciences_t, épistémologie et méthodes_t, vie de la recherche_t, prospectives_t;Datasets/all_labels_train_gensim_sparse_matrix.npz
archivewk1.hypotheses.org/1693;histoire_d, époque contemporaine_t, 1914-1918_t;Datasets/all_labels_train_gensim_sparse_matrix.npz
archivalia.hypotheses.org/7138;histoire et archéologie_d, sciences sociales interdisciplinaires_d, histoire_t, approches de corpus_t, enquêtes_t, archives_t;Datasets/all_labels_train_gensim_sparse_matrix.npz
archivalia.hypotheses.org/61778;histoire et archéologie_d, sciences sociales interdisciplinaires_d, histoire_t, approches de corpus_t, enquêtes_t, archives_t;Datasets/all_labels_train_gensim_sparse_matrix.npz
archivewk1.hypotheses.org/26609;histoire_d, époque contemporaine_t, 1914-1918_t;Datasets/all_labels_train_gensim_sparse_matrix.npz
soziologieblog.hypotheses.org/9409;sciences sociales interdisciplinaires_d, sociologie et anthropologie_d, sociologie du travail_t, sociologie urbaine_t, sociologie de la culture_t, sociologie économique_t;Datasets/all_labels_train_gensim_sparse_matrix.npz
archivalia.hypotheses.org/9186;histoire et archéologie_d, sciences sociales interdisciplinaires_d, histoire_t, approches de corpus_t, enquêtes_t, archives_t;Datasets/all_labels_train_gensim_sparse_matrix.npz
archivekod.hypotheses.org/200;religions_d, histoire et archéologie_d, sciences de l'information et de la communication_d, bibliothéconomie_d, communication_d, histoire_t, histoire des religions_t, patrimoine_t;Datasets/all_labels_train_gensim_sparse_matrix.npz
intersex.hypotheses.org/953;histoire_d, biomédecine_d, étude des genres_t, histoire des sciences_t, histoire_t, histoire du droit_t, moyen âge_t, xxie siècle_t;Datasets/all_labels_train_gensim_sparse_matrix.npz
archivalia.hypotheses.org/9511;histoire et archéologie_d, sciences sociales interdisciplinaires_d, histoire_t, approches de corpus_t, enquêtes_t, archives_t;Datasets/all_labels_train_gensim_sparse_matrix.npz
bioeg.hypotheses.org/1014;histoire et archéologie_d, histoire_d, histoire_t, sciences auxiliaires de l'histoire_t, europe centrale et orientale_t, monde germanique_t;Datasets/all_labels_train_gensim_sparse_matrix.npz
archivalia.hypotheses.org/13299;histoire et archéologie_d, sciences sociales interdisciplinaires_d, histoire_t, approches de corpus_t, enquêtes_t, archives_t;Datasets/all_labels_train_gensim_sparse_matrix.npz
archivalia.hypotheses.org/13086;histoire et archéologie_d, sciences sociales interdisciplinaires_d, histoire_t, approches de corpus_t, enquêtes_t, archives_t;Datasets/all_labels_train_gensim_sparse_matrix.npz
archivewk1.hypotheses.org/2912;histoire_d, époque contemporaine_t, 1914-1918_t;Datasets/all_labels_train_gensim_sparse_matrix.npz
zwopktnull.hypotheses.org/152;éducation_d, histoire_t, représentations_t;Datasets/all_labels_train_gensim_sparse_matrix.npz
historischdenken.hypotheses.org/1470;histoire et archéologie_d, histoire_t;Datasets/all_labels_train_gensim_sparse_matrix.npz
archivalia.hypotheses.org/9902;histoire et archéologie_d, sciences sociales interdisciplinaires_d, histoire_t, approches de corpus_t, enquêtes_t, archives_t;Datasets/all_labels_train_gensim_sparse_matrix.npz
mittelalter.hypotheses.org/3492;humanités pluridisciplinaires_d, religions_d, histoire_d, sociologie_d, histoire_t, histoire sociale_t, histoire intellectuelle_t, moyen âge_t, haut moyen âge_t, bas moyen âge_t;Datasets/all_labels_train_gensim_sparse_matrix.npz
minuseinsebene.hypotheses.org/849;archéologie_d, histoire urbaine_t, histoire des religions_t, moyen âge_t, haut moyen âge_t, monde germanique_t;Datasets/all_labels_train_gensim_sparse_matrix.npz
archivalia.hypotheses.org/11113;histoire et archéologie_d, sciences sociales interdisciplinaires_d, histoire_t, approches de corpus_t, enquêtes_t, archives_t;Datasets/all_labels_train_gensim_sparse_matrix.npz
archivewk1.hypotheses.org/21428;histoire_d, époque contemporaine_t, 1914-1918_t;Datasets/all_labels_train_gensim_sparse_matrix.npz
intersex.hypotheses.org/204;histoire_d, biomédecine_d, étude des genres_t, histoire des sciences_t, histoire_t, histoire du droit_t, moyen âge_t, xxie siècle_t;Datasets/all_labels_train_gensim_sparse_matrix.npz
ordensgeschichte.hypotheses.org/10321;arts et humanités_d, humanités pluridisciplinaires_d, histoire et archéologie_d, histoire et philosophie des sciences_d, histoire_t, haut moyen âge_t, bas moyen âge_t, xviie siècle_t, xviiie siècle_t;Datasets/all_labels_train_gensim_sparse_matrix.npz
jameel.hypotheses.org/808;pluridisciplinarité_d, études régionales_d, archéologie_d, arts_d, humanités pluridisciplinaires_d, représentations_t, asie_t, digital humanities_t, histoire de l'art_t;Datasets/all_labels_train_gensim_sparse_matrix.npz
jeunegen.hypotheses.org/196;histoire_d, pluridisciplinarité_d, histoire_t, vie de la recherche_t, moyen âge_t, haut moyen âge_t, bas moyen âge_t;Datasets/all_labels_train_gensim_sparse_matrix.npz
archivalia.hypotheses.org/12294;histoire et archéologie_d, sciences sociales interdisciplinaires_d, histoire_t, approches de corpus_t, enquêtes_t, archives_t;Datasets/all_labels_train_gensim_sparse_matrix.npz
archivewk1.hypotheses.org/24449;histoire_d, époque contemporaine_t, 1914-1918_t;Datasets/all_labels_train_gensim_sparse_matrix.npz
archivalia.hypotheses.org/59953;histoire et archéologie_d, sciences sociales interdisciplinaires_d, histoire_t, approches de corpus_t, enquêtes_t, archives_t;Datasets/all_labels_train_gensim_sparse_matrix.npz
archivalia.hypotheses.org/10001;histoire et archéologie_d, sciences sociales interdisciplinaires_d, histoire_t, approches de corpus_t, enquêtes_t, archives_t;Datasets/all_labels_train_gensim_sparse_matrix.npz
archivalia.hypotheses.org/10291;histoire et archéologie_d, sciences sociales interdisciplinaires_d, histoire_t, approches de corpus_t, enquêtes_t, archives_t;Datasets/all_labels_train_gensim_sparse_matrix.npz
medienbildung.hypotheses.org/3740;éducation_d, éducation spécialisée_d, travail social_d, sociologie_t, édition électronique_t, histoire et sociologie des médias_t, éducation_t;Datasets/all_labels_train_gensim_sparse_matrix.npz
ordensgeschichte.hypotheses.org/6014;arts et humanités_d, humanités pluridisciplinaires_d, histoire et archéologie_d, histoire et philosophie des sciences_d, histoire_t, haut moyen âge_t, bas moyen âge_t, xviie siècle_t, xviiie siècle_t;Datasets/all_labels_train_gensim_sparse_matrix.npz
archivamt.hypotheses.org/2710;communication_d, pluridisciplinarité_d, sciences sociales interdisciplinaires_d, information_t, sciences de l'information_t, représentations_t, patrimoine_t;Datasets/all_labels_train_gensim_sparse_matrix.npz
francofil.hypotheses.org/742;pluridisciplinarité_d, sciences sociales interdisciplinaires_d, histoire_t, épistémologie et méthodes_t, approches de corpus_t, enquêtes_t, archives_t, france_t;Datasets/all_labels_train_gensim_sparse_matrix.npz
archivalia.hypotheses.org/14295;histoire et archéologie_d, sciences sociales interdisciplinaires_d, histoire_t, approches de corpus_t, enquêtes_t, archives_t;Datasets/all_labels_train_gensim_sparse_matrix.npz
winzen.hypotheses.org/298;histoire_d, histoire_t, études visuelles_t, 1918-1939_t, 1939-1945_t, monde germanique_t;Datasets/all_labels_train_gensim_sparse_matrix.npz
intersex.hypotheses.org/409;histoire_d, biomédecine_d, étude des genres_t, histoire des sciences_t, histoire_t, histoire du droit_t, moyen âge_t, xxie siècle_t;Datasets/all_labels_train_gensim_sparse_matrix.npz
tagebuch.hypotheses.org/688;histoire et archéologie_d, histoire_d, histoire_t, époque contemporaine_t, 1914-1918_t;Datasets/all_labels_train_gensim_sparse_matrix.npz
archivewk1.hypotheses.org/5776;histoire_d, époque contemporaine_t, 1914-1918_t;Datasets/all_labels_train_gensim_sparse_matrix.npz
archivalia.hypotheses.org/1407;histoire et archéologie_d, sciences sociales interdisciplinaires_d, histoire_t, approches de corpus_t, enquêtes_t, archives_t;Datasets/all_labels_train_gensim_sparse_matrix.npz
zakunibonn.hypotheses.org/76;histoire_d, psychologie_d, histoire_t, psychisme_t, psychologie_t, méthodes de traitement et de représentation_t, monde germanique_t;Datasets/all_labels_train_gensim_sparse_matrix.npz
dkblog.hypotheses.org/896;histoire_d, histoire_t, époque moderne_t, xviie siècle_t;Datasets/all_labels_train_gensim_sparse_matrix.npz
mgtud.hypotheses.org/218;humanités pluridisciplinaires_d, éducation_d, histoire et archéologie_d, histoire_d, histoire_t, histoire urbaine_t, édition électronique_t;Datasets/all_labels_train_gensim_sparse_matrix.npz
ordensgeschichte.hypotheses.org/6856;arts et humanités_d, humanités pluridisciplinaires_d, histoire et archéologie_d, histoire et philosophie des sciences_d, histoire_t, haut moyen âge_t, bas moyen âge_t, xviie siècle_t, xviiie siècle_t;Datasets/all_labels_train_gensim_sparse_matrix.npz
archivewk1.hypotheses.org/20751;histoire_d, époque contemporaine_t, 1914-1918_t;Datasets/all_labels_train_gensim_sparse_matrix.npz
minuseinsebene.hypotheses.org/320;archéologie_d, histoire urbaine_t, histoire des religions_t, moyen âge_t, haut moyen âge_t, monde germanique_t;Datasets/all_labels_train_gensim_sparse_matrix.npz
tagebuch.hypotheses.org/1437;histoire et archéologie_d, histoire_d, histoire_t, époque contemporaine_t, 1914-1918_t;Datasets/all_labels_train_gensim_sparse_matrix.npz
archivalia.hypotheses.org/7985;histoire et archéologie_d, sciences sociales interdisciplinaires_d, histoire_t, approches de corpus_t, enquêtes_t, archives_t;Datasets/all_labels_train_gensim_sparse_matrix.npz
archivalia.hypotheses.org/8374;histoire et archéologie_d, sciences sociales interdisciplinaires_d, histoire_t, approches de corpus_t, enquêtes_t, archives_t;Datasets/all_labels_train_gensim_sparse_matrix.npz
archivalia.hypotheses.org/11161;histoire et archéologie_d, sciences sociales interdisciplinaires_d, histoire_t, approches de corpus_t, enquêtes_t, archives_t;Datasets/all_labels_train_gensim_sparse_matrix.npz
mobilvideo.hypotheses.org/46;humanités pluridisciplinaires_d, éducation_d, sciences sociales interdisciplinaires_d, histoire et sociologie des médias_t, études visuelles_t, éducation_t, sciences de l'éducation_t;Datasets/all_labels_train_gensim_sparse_matrix.npz
grammata.hypotheses.org/872;études anciennes_d, religions_d, littérature_d, religions_t, littératures_t;Datasets/all_labels_train_gensim_sparse_matrix.npz
amuc.hypotheses.org/656;humanités pluridisciplinaires_d, histoire_d, histoire_t, représentations_t, patrimoine_t;Datasets/all_labels_train_gensim_sparse_matrix.npz
archivewk1.hypotheses.org/10647;histoire_d, époque contemporaine_t, 1914-1918_t;Datasets/all_labels_train_gensim_sparse_matrix.npz
kristinoswald.hypotheses.org/1951;études anciennes_d, études des sciences_t, histoire_t, histoire et sociologie des médias_t, histoire culturelle_t, digital humanities_t;Datasets/all_labels_train_gensim_sparse_matrix.npz
gid.hypotheses.org/1381;pluridisciplinarité_d, sciences sociales interdisciplinaires_d, études des sciences_t, histoire des sciences_t, pensée_t, histoire intellectuelle_t, histoire culturelle_t, prospectives_t;Datasets/all_labels_train_gensim_sparse_matrix.npz
archivalia.hypotheses.org/7591;histoire et archéologie_d, sciences sociales interdisciplinaires_d, histoire_t, approches de corpus_t, enquêtes_t, archives_t;Datasets/all_labels_train_gensim_sparse_matrix.npz
gab.hypotheses.org/2234;histoire et archéologie_d, pluridisciplinarité_d, sciences sociales interdisciplinaires_d, études des sciences_t, sociologie des sciences_t, histoire_t;Datasets/all_labels_train_gensim_sparse_matrix.npz
archivalia.hypotheses.org/14422;histoire et archéologie_d, sciences sociales interdisciplinaires_d, histoire_t, approches de corpus_t, enquêtes_t, archives_t;Datasets/all_labels_train_gensim_sparse_matrix.npz
archivalia.hypotheses.org/8159;histoire et archéologie_d, sciences sociales interdisciplinaires_d, histoire_t, approches de corpus_t, enquêtes_t, archives_t;Datasets/all_labels_train_gensim_sparse_matrix.npz
archivewk1.hypotheses.org/9766;histoire_d, époque contemporaine_t, 1914-1918_t;Datasets/all_labels_train_gensim_sparse_matrix.npz
gab.hypotheses.org/363;histoire et archéologie_d, pluridisciplinarité_d, sciences sociales interdisciplinaires_d, études des sciences_t, sociologie des sciences_t, histoire_t;Datasets/all_labels_train_gensim_sparse_matrix.npz
intersex.hypotheses.org/2071;histoire_d, biomédecine_d, étude des genres_t, histoire des sciences_t, histoire_t, histoire du droit_t, moyen âge_t, xxie siècle_t;Datasets/all_labels_train_gensim_sparse_matrix.npz
digigw.hypotheses.org/657;humanités pluridisciplinaires_d, histoire_t, édition électronique_t, sciences auxiliaires de l'histoire_t, digital humanities_t;Datasets/all_labels_train_gensim_sparse_matrix.npz
dislab.hypotheses.org/1643;sciences sociales interdisciplinaires_d, langue et linguistique_d, sociologie des sciences_t, linguistique_t;Datasets/all_labels_train_gensim_sparse_matrix.npz
dguw.hypotheses.org/311;histoire et archéologie_d, histoire_t, historiographie_t, digital humanities_t;Datasets/all_labels_train_gensim_sparse_matrix.npz
archivalia.hypotheses.org/2773;histoire et archéologie_d, sciences sociales interdisciplinaires_d, histoire_t, approches de corpus_t, enquêtes_t, archives_t;Datasets/all_labels_train_gensim_sparse_matrix.npz
archivalia.hypotheses.org/12799;histoire et archéologie_d, sciences sociales interdisciplinaires_d, histoire_t, approches de corpus_t, enquêtes_t, archives_t;Datasets/all_labels_train_gensim_sparse_matrix.npz
archivalia.hypotheses.org/5302;histoire et archéologie_d, sciences sociales interdisciplinaires_d, histoire_t, approches de corpus_t, enquêtes_t, archives_t;Datasets/all_labels_train_gensim_sparse_matrix.npz
archivalia.hypotheses.org/4577;histoire et archéologie_d, sciences sociales interdisciplinaires_d, histoire_t, approches de corpus_t, enquêtes_t, archives_t;Datasets/all_labels_train_gensim_sparse_matrix.npz
gab.hypotheses.org/1772;histoire et archéologie_d, pluridisciplinarité_d, sciences sociales interdisciplinaires_d, études des sciences_t, sociologie des sciences_t, histoire_t;Datasets/all_labels_train_gensim_sparse_matrix.npz
gab.hypotheses.org/1032;histoire et archéologie_d, pluridisciplinarité_d, sciences sociales interdisciplinaires_d, études des sciences_t, sociologie des sciences_t, histoire_t;Datasets/all_labels_train_gensim_sparse_matrix.npz
archivalia.hypotheses.org/10281;histoire et archéologie_d, sciences sociales interdisciplinaires_d, histoire_t, approches de corpus_t, enquêtes_t, archives_t;Datasets/all_labels_train_gensim_sparse_matrix.npz
archivalia.hypotheses.org/7339;histoire et archéologie_d, sciences sociales interdisciplinaires_d, histoire_t, approches de corpus_t, enquêtes_t, archives_t;Datasets/all_labels_train_gensim_sparse_matrix.npz
archive20.hypotheses.org/1910;pluridisciplinarité_d, sciences sociales interdisciplinaires_d, histoire_t, information_t, patrimoine_t, monde germanique_t;Datasets/all_labels_train_gensim_sparse_matrix.npz
archivalia.hypotheses.org/4336;histoire et archéologie_d, sciences sociales interdisciplinaires_d, histoire_t, approches de corpus_t, enquêtes_t, archives_t;Datasets/all_labels_train_gensim_sparse_matrix.npz
lvrafz.hypotheses.org/1542;pluridisciplinarité_d, information_t;Datasets/all_labels_train_gensim_sparse_matrix.npz
archivalia.hypotheses.org/10341;histoire et archéologie_d, sciences sociales interdisciplinaires_d, histoire_t, approches de corpus_t, enquêtes_t, archives_t;Datasets/all_labels_train_gensim_sparse_matrix.npz
sdvigpress.hypotheses.org/494;langue et linguistique_d, philosophie_d, humanités pluridisciplinaires_d, épistémologie et méthodes_t, digital humanities_t, europe centrale et orientale_t, édition électronique_t, linguistique_t;Datasets/all_labels_train_gensim_sparse_matrix.npz
reichwein.hypotheses.org/1513;histoire et archéologie_d, histoire des sciences_t, 1945-1989_t;Datasets/all_labels_train_gensim_sparse_matrix.npz
archive20.hypotheses.org/155;pluridisciplinarité_d, sciences sociales interdisciplinaires_d, histoire_t, information_t, patrimoine_t, monde germanique_t;Datasets/all_labels_train_gensim_sparse_matrix.npz
hsc.hypotheses.org/272;arts et humanités_d, humanités pluridisciplinaires_d, histoire et archéologie_d, histoire_t, historiographie_t;Datasets/all_labels_train_gensim_sparse_matrix.npz
dhdhi.hypotheses.org/199;histoire et archéologie_d, histoire_t, épistémologie et méthodes_t, digital humanities_t;Datasets/all_labels_train_gensim_sparse_matrix.npz
archive20.hypotheses.org/3348;pluridisciplinarité_d, sciences sociales interdisciplinaires_d, histoire_t, information_t, patrimoine_t, monde germanique_t;Datasets/all_labels_train_gensim_sparse_matrix.npz
dkblog.hypotheses.org/354;histoire_d, histoire_t, époque moderne_t, xviie siècle_t;Datasets/all_labels_train_gensim_sparse_matrix.npz
soziologieblog.hypotheses.org/827;sciences sociales interdisciplinaires_d, sociologie et anthropologie_d, sociologie du travail_t, sociologie urbaine_t, sociologie de la culture_t, sociologie économique_t;Datasets/all_labels_train_gensim_sparse_matrix.npz
archivalia.hypotheses.org/9171;histoire et archéologie_d, sciences sociales interdisciplinaires_d, histoire_t, approches de corpus_t, enquêtes_t, archives_t;Datasets/all_labels_train_gensim_sparse_matrix.npz
histbav.hypotheses.org/3135;humanités pluridisciplinaires_d, histoire_d, pluridisciplinarité_d, histoire_t, monde germanique_t;Datasets/all_labels_train_gensim_sparse_matrix.npz
archivalia.hypotheses.org/10817;histoire et archéologie_d, sciences sociales interdisciplinaires_d, histoire_t, approches de corpus_t, enquêtes_t, archives_t;Datasets/all_labels_train_gensim_sparse_matrix.npz
archivewk1.hypotheses.org/18664;histoire_d, époque contemporaine_t, 1914-1918_t;Datasets/all_labels_train_gensim_sparse_matrix.npz
archivalia.hypotheses.org/295;histoire et archéologie_d, sciences sociales interdisciplinaires_d, histoire_t, approches de corpus_t, enquêtes_t, archives_t;Datasets/all_labels_train_gensim_sparse_matrix.npz
hofkultur.hypotheses.org/533;arts et humanités_d, histoire_d, histoire sociale_t, histoire culturelle_t, histoire de l'art_t;Datasets/all_labels_train_gensim_sparse_matrix.npz
reichwein.hypotheses.org/1940;histoire et archéologie_d, histoire des sciences_t, 1945-1989_t;Datasets/all_labels_train_gensim_sparse_matrix.npz
fortifica.hypotheses.org/582;histoire et archéologie_d, histoire_d, histoire urbaine_t, xvie siècle_t, xviie siècle_t, xviiie siècle_t;Datasets/all_labels_train_gensim_sparse_matrix.npz
histgymbib.hypotheses.org/1525;arts et humanités_d, humanités pluridisciplinaires_d, sciences de l'information et de la communication_d, bibliothéconomie_d, sciences sociales interdisciplinaires_d, éducation_t, xvie siècle_t, xviie siècle_t, xviiie siècle_t, prospectives_t;Datasets/all_labels_train_gensim_sparse_matrix.npz
archivewk1.hypotheses.org/22740;histoire_d, époque contemporaine_t, 1914-1918_t;Datasets/all_labels_train_gensim_sparse_matrix.npz
ecoglobreg.hypotheses.org/494;histoire_d, sciences politiques_d, histoire_t, 1945-1989_t;Datasets/all_labels_train_gensim_sparse_matrix.npz
intersex.hypotheses.org/2379;histoire_d, biomédecine_d, étude des genres_t, histoire des sciences_t, histoire_t, histoire du droit_t, moyen âge_t, xxie siècle_t;Datasets/all_labels_train_gensim_sparse_matrix.npz
archivalia.hypotheses.org/56290;histoire et archéologie_d, sciences sociales interdisciplinaires_d, histoire_t, approches de corpus_t, enquêtes_t, archives_t;Datasets/all_labels_train_gensim_sparse_matrix.npz
archivewk1.hypotheses.org/4493;histoire_d, époque contemporaine_t, 1914-1918_t;Datasets/all_labels_train_gensim_sparse_matrix.npz
archivalia.hypotheses.org/55308;histoire et archéologie_d, sciences sociales interdisciplinaires_d, histoire_t, approches de corpus_t, enquêtes_t, archives_t;Datasets/all_labels_train_gensim_sparse_matrix.npz
archivewk1.hypotheses.org/10801;histoire_d, époque contemporaine_t, 1914-1918_t;Datasets/all_labels_train_gensim_sparse_matrix.npz
archivalia.hypotheses.org/55505;histoire et archéologie_d, sciences sociales interdisciplinaires_d, histoire_t, approches de corpus_t, enquêtes_t, archives_t;Datasets/all_labels_train_gensim_sparse_matrix.npz
artincrisis.hypotheses.org/1733;arts et humanités_d, représentations_t, histoire de l'art_t, époque contemporaine_t, 1939-1945_t, monde germanique_t;Datasets/all_labels_train_gensim_sparse_matrix.npz
dhmuc.hypotheses.org/158;humanités pluridisciplinaires_d, communication_d, pluridisciplinarité_d, sciences sociales interdisciplinaires_d, études des sciences_t, édition électronique_t, digital humanities_t;Datasets/all_labels_train_gensim_sparse_matrix.npz
archivalia.hypotheses.org/10451;histoire et archéologie_d, sciences sociales interdisciplinaires_d, histoire_t, approches de corpus_t, enquêtes_t, archives_t;Datasets/all_labels_train_gensim_sparse_matrix.npz
archivalia.hypotheses.org/3562;histoire et archéologie_d, sciences sociales interdisciplinaires_d, histoire_t, approches de corpus_t, enquêtes_t, archives_t;Datasets/all_labels_train_gensim_sparse_matrix.npz
dfmfa.hypotheses.org/2062;humanités pluridisciplinaires_d, sciences sociales interdisciplinaires_d, histoire_t, moyen âge_t, haut moyen âge_t, bas moyen âge_t;Datasets/all_labels_train_gensim_sparse_matrix.npz
lvrafz.hypotheses.org/1919;pluridisciplinarité_d, information_t;Datasets/all_labels_train_gensim_sparse_matrix.npz
erinnerung.hypotheses.org/55;histoire et archéologie_d, histoire_t, xxe siècle_t, prospectives_t, europe_t;Datasets/all_labels_train_gensim_sparse_matrix.npz
bereschitrabba.hypotheses.org/722;arts et humanités_d, religions_d, langue et linguistique_d, religions_t, histoire des religions_t;Datasets/all_labels_train_gensim_sparse_matrix.npz
resilienz.hypotheses.org/239;pluridisciplinarité_d, sciences sociales interdisciplinaires_d, études des sciences_t, épistémologie et méthodes_t, vie de la recherche_t, prospectives_t;Datasets/all_labels_train_gensim_sparse_matrix.npz
callme.hypotheses.org/30;éducation et sciences de l'éducation_d, linguistique appliquée_d, linguistique_t;Datasets/all_labels_train_gensim_sparse_matrix.npz
francofil.hypotheses.org/1130;pluridisciplinarité_d, sciences sociales interdisciplinaires_d, histoire_t, épistémologie et méthodes_t, approches de corpus_t, enquêtes_t, archives_t, france_t;Datasets/all_labels_train_gensim_sparse_matrix.npz
archivalia.hypotheses.org/4941;histoire et archéologie_d, sciences sociales interdisciplinaires_d, histoire_t, approches de corpus_t, enquêtes_t, archives_t;Datasets/all_labels_train_gensim_sparse_matrix.npz
soziologieblog.hypotheses.org/4290;sciences sociales interdisciplinaires_d, sociologie et anthropologie_d, sociologie du travail_t, sociologie urbaine_t, sociologie de la culture_t, sociologie économique_t;Datasets/all_labels_train_gensim_sparse_matrix.npz
archivewk1.hypotheses.org/16823;histoire_d, époque contemporaine_t, 1914-1918_t;Datasets/all_labels_train_gensim_sparse_matrix.npz
medienbildung.hypotheses.org/6650;éducation_d, éducation spécialisée_d, travail social_d, sociologie_t, édition électronique_t, histoire et sociologie des médias_t, éducation_t;Datasets/all_labels_train_gensim_sparse_matrix.npz
archivewk1.hypotheses.org/6791;histoire_d, époque contemporaine_t, 1914-1918_t;Datasets/all_labels_train_gensim_sparse_matrix.npz
19jhdhip.hypotheses.org/1590;histoire_d, époque contemporaine_t, prospectives_t, france_t, monde germanique_t;Datasets/all_labels_train_gensim_sparse_matrix.npz
sdvigpress.hypotheses.org/361;langue et linguistique_d, philosophie_d, humanités pluridisciplinaires_d, épistémologie et méthodes_t, digital humanities_t, europe centrale et orientale_t, édition électronique_t, linguistique_t;Datasets/all_labels_train_gensim_sparse_matrix.npz
archivewk1.hypotheses.org/974;histoire_d, époque contemporaine_t, 1914-1918_t;Datasets/all_labels_train_gensim_sparse_matrix.npz
heraldica.hypotheses.org/2543;histoire_d, histoire_t, historiographie_t, sciences auxiliaires de l'histoire_t, moyen âge_t, haut moyen âge_t;Datasets/all_labels_train_gensim_sparse_matrix.npz
archivalia.hypotheses.org/9945;histoire et archéologie_d, sciences sociales interdisciplinaires_d, histoire_t, approches de corpus_t, enquêtes_t, archives_t;Datasets/all_labels_train_gensim_sparse_matrix.npz
heraldica.hypotheses.org/509;histoire_d, histoire_t, historiographie_t, sciences auxiliaires de l'histoire_t, moyen âge_t, haut moyen âge_t;Datasets/all_labels_train_gensim_sparse_matrix.npz
musermeku.hypotheses.org/313;humanités pluridisciplinaires_d, pluridisciplinarité_d, sciences sociales interdisciplinaires_d, sociologie_t, sociologie de la culture_t, histoire_t, histoire politique_t;Datasets/all_labels_train_gensim_sparse_matrix.npz
archivewk1.hypotheses.org/26181;histoire_d, époque contemporaine_t, 1914-1918_t;Datasets/all_labels_train_gensim_sparse_matrix.npz
dss.hypotheses.org/617;arts et humanités_d, communication_d, sciences de l'information et bibliothéconomie_d, information_t, édition électronique_t, représentations_t, histoire de l'art_t, patrimoine_t, prospectives_t;Datasets/all_labels_train_gensim_sparse_matrix.npz
archivewk1.hypotheses.org/29722;histoire_d, époque contemporaine_t, 1914-1918_t;Datasets/all_labels_train_gensim_sparse_matrix.npz
nordichistoryblog.hypotheses.org/3179;arts et humanités_d, histoire et archéologie_d, histoire_t, édition électronique_t, vie de la recherche_t, approches de corpus_t, enquêtes_t, archives_t, europe_t, pays baltes et scandinaves_t;Datasets/all_labels_train_gensim_sparse_matrix.npz
intersex.hypotheses.org/1334;histoire_d, biomédecine_d, étude des genres_t, histoire des sciences_t, histoire_t, histoire du droit_t, moyen âge_t, xxie siècle_t;Datasets/all_labels_train_gensim_sparse_matrix.npz
lvrafz.hypotheses.org/618;pluridisciplinarité_d, information_t;Datasets/all_labels_train_gensim_sparse_matrix.npz
gid.hypotheses.org/1065;pluridisciplinarité_d, sciences sociales interdisciplinaires_d, études des sciences_t, histoire des sciences_t, pensée_t, histoire intellectuelle_t, histoire culturelle_t, prospectives_t;Datasets/all_labels_train_gensim_sparse_matrix.npz
archivewk1.hypotheses.org/18508;histoire_d, époque contemporaine_t, 1914-1918_t;Datasets/all_labels_train_gensim_sparse_matrix.npz
archives.hypotheses.org/960;histoire_d, communication_d, patrimoine_t, digital humanities_t, moyen âge_t, époque moderne_t, france_t, monde germanique_t;Datasets/all_labels_train_gensim_sparse_matrix.npz
bioeg.hypotheses.org/76;histoire et archéologie_d, histoire_d, histoire_t, sciences auxiliaires de l'histoire_t, europe centrale et orientale_t, monde germanique_t;Datasets/all_labels_train_gensim_sparse_matrix.npz
ordensgeschichte.hypotheses.org/2482;arts et humanités_d, humanités pluridisciplinaires_d, histoire et archéologie_d, histoire et philosophie des sciences_d, histoire_t, haut moyen âge_t, bas moyen âge_t, xviie siècle_t, xviiie siècle_t;Datasets/all_labels_train_gensim_sparse_matrix.npz
musicaroma.hypotheses.org/810;musique_d, histoire_d, histoire_t, histoire culturelle_t, monde germanique_t;Datasets/all_labels_train_gensim_sparse_matrix.npz
archivalia.hypotheses.org/4814;histoire et archéologie_d, sciences sociales interdisciplinaires_d, histoire_t, approches de corpus_t, enquêtes_t, archives_t;Datasets/all_labels_train_gensim_sparse_matrix.npz
ordensgeschichte.hypotheses.org/6760;arts et humanités_d, humanités pluridisciplinaires_d, histoire et archéologie_d, histoire et philosophie des sciences_d, histoire_t, haut moyen âge_t, bas moyen âge_t, xviie siècle_t, xviiie siècle_t;Datasets/all_labels_train_gensim_sparse_matrix.npz
mindthegaps.hypotheses.org/742;études asiatiques_d, histoire_d, histoire_t, histoire culturelle_t, asie_t, chine_t;Datasets/all_labels_train_gensim_sparse_matrix.npz
gid.hypotheses.org/675;pluridisciplinarité_d, sciences sociales interdisciplinaires_d, études des sciences_t, histoire des sciences_t, pensée_t, histoire intellectuelle_t, histoire culturelle_t, prospectives_t;Datasets/all_labels_train_gensim_sparse_matrix.npz
uegg.hypotheses.org/297;histoire_d, histoire_t, histoire politique_t, époque contemporaine_t, xxe siècle_t, prospectives_t;Datasets/all_labels_train_gensim_sparse_matrix.npz
archivalia.hypotheses.org/9684;histoire et archéologie_d, sciences sociales interdisciplinaires_d, histoire_t, approches de corpus_t, enquêtes_t, archives_t;Datasets/all_labels_train_gensim_sparse_matrix.npz
archivalia.hypotheses.org/57176;histoire et archéologie_d, sciences sociales interdisciplinaires_d, histoire_t, approches de corpus_t, enquêtes_t, archives_t;Datasets/all_labels_train_gensim_sparse_matrix.npz
ostbib.hypotheses.org/957;humanités pluridisciplinaires_d, histoire et archéologie_d, sciences de l'information et de la communication_d, bibliothéconomie_d, sciences sociales interdisciplinaires_d, sciences de l'information_t, édition électronique_t;Datasets/all_labels_train_gensim_sparse_matrix.npz
archivewk1.hypotheses.org/30600;histoire_d, époque contemporaine_t, 1914-1918_t;Datasets/all_labels_train_gensim_sparse_matrix.npz
archivalia.hypotheses.org/6923;histoire et archéologie_d, sciences sociales interdisciplinaires_d, histoire_t, approches de corpus_t, enquêtes_t, archives_t;Datasets/all_labels_train_gensim_sparse_matrix.npz
kristinoswald.hypotheses.org/18;études anciennes_d, études des sciences_t, histoire_t, histoire et sociologie des médias_t, histoire culturelle_t, digital humanities_t;Datasets/all_labels_train_gensim_sparse_matrix.npz
inklusion.hypotheses.org/2257;éducation_d, travail social et politique sociale_d, sociologie du travail_t, âges de la vie_t, information_t, sciences de l'éducation_t;Datasets/all_labels_train_gensim_sparse_matrix.npz
archivalia.hypotheses.org/7150;histoire et archéologie_d, sciences sociales interdisciplinaires_d, histoire_t, approches de corpus_t, enquêtes_t, archives_t;Datasets/all_labels_train_gensim_sparse_matrix.npz
archive20.hypotheses.org/336;pluridisciplinarité_d, sciences sociales interdisciplinaires_d, histoire_t, information_t, patrimoine_t, monde germanique_t;Datasets/all_labels_train_gensim_sparse_matrix.npz
archivewk1.hypotheses.org/12491;histoire_d, époque contemporaine_t, 1914-1918_t;Datasets/all_labels_train_gensim_sparse_matrix.npz
babyvision.hypotheses.org/133;psychologie_d, études des sciences_t, psychisme_t;Datasets/all_labels_train_gensim_sparse_matrix.npz
archivalia.hypotheses.org/14196;histoire et archéologie_d, sciences sociales interdisciplinaires_d, histoire_t, approches de corpus_t, enquêtes_t, archives_t;Datasets/all_labels_train_gensim_sparse_matrix.npz
1914lvr.hypotheses.org/89;sciences politiques_d, histoire_t, époque contemporaine_t, 1914-1918_t;Datasets/all_labels_train_gensim_sparse_matrix.npz
gid.hypotheses.org/1268;pluridisciplinarité_d, sciences sociales interdisciplinaires_d, études des sciences_t, histoire des sciences_t, pensée_t, histoire intellectuelle_t, histoire culturelle_t, prospectives_t;Datasets/all_labels_train_gensim_sparse_matrix.npz
digigw.hypotheses.org/678;humanités pluridisciplinaires_d, histoire_t, édition électronique_t, sciences auxiliaires de l'histoire_t, digital humanities_t;Datasets/all_labels_train_gensim_sparse_matrix.npz
medienbildung.hypotheses.org/8143;éducation_d, éducation spécialisée_d, travail social_d, sociologie_t, édition électronique_t, histoire et sociologie des médias_t, éducation_t;Datasets/all_labels_train_gensim_sparse_matrix.npz
archivalia.hypotheses.org/6743;histoire et archéologie_d, sciences sociales interdisciplinaires_d, histoire_t, approches de corpus_t, enquêtes_t, archives_t;Datasets/all_labels_train_gensim_sparse_matrix.npz
archivewk1.hypotheses.org/20383;histoire_d, époque contemporaine_t, 1914-1918_t;Datasets/all_labels_train_gensim_sparse_matrix.npz
archivalia.hypotheses.org/10022;histoire et archéologie_d, sciences sociales interdisciplinaires_d, histoire_t, approches de corpus_t, enquêtes_t, archives_t;Datasets/all_labels_train_gensim_sparse_matrix.npz
soziologieblog.hypotheses.org/9352;sciences sociales interdisciplinaires_d, sociologie et anthropologie_d, sociologie du travail_t, sociologie urbaine_t, sociologie de la culture_t, sociologie économique_t;Datasets/all_labels_train_gensim_sparse_matrix.npz
frueheneuzeit.hypotheses.org/1599;histoire et archéologie_d, histoire_t, époque moderne_t, xviie siècle_t, xviiie siècle_t, révolution française_t;Datasets/all_labels_train_gensim_sparse_matrix.npz
archivewk1.hypotheses.org/35219;histoire_d, époque contemporaine_t, 1914-1918_t;Datasets/all_labels_train_gensim_sparse_matrix.npz
vgdrp.hypotheses.org/348;éducation_d, histoire des sciences sociales_d, histoire_t, histoire économique_t, histoire industrielle_t, histoire urbaine_t, histoire sociale_t;Datasets/all_labels_train_gensim_sparse_matrix.npz
nomoi.hypotheses.org/761;arts et humanités_d, anthropologie politique_t, histoire du droit_t, histoire intellectuelle_t, histoire de l'art_t;Datasets/all_labels_train_gensim_sparse_matrix.npz
bereschitrabba.hypotheses.org/612;arts et humanités_d, religions_d, langue et linguistique_d, religions_t, histoire des religions_t;Datasets/all_labels_train_gensim_sparse_matrix.npz
archivamt.hypotheses.org/1700;communication_d, pluridisciplinarité_d, sciences sociales interdisciplinaires_d, information_t, sciences de l'information_t, représentations_t, patrimoine_t;Datasets/all_labels_train_gensim_sparse_matrix.npz
archivewk1.hypotheses.org/785;histoire_d, époque contemporaine_t, 1914-1918_t;Datasets/all_labels_train_gensim_sparse_matrix.npz
ordensgeschichte.hypotheses.org/1100;arts et humanités_d, humanités pluridisciplinaires_d, histoire et archéologie_d, histoire et philosophie des sciences_d, histoire_t, haut moyen âge_t, bas moyen âge_t, xviie siècle_t, xviiie siècle_t;Datasets/all_labels_train_gensim_sparse_matrix.npz
bereschitrabba.hypotheses.org/901;arts et humanités_d, religions_d, langue et linguistique_d, religions_t, histoire des religions_t;Datasets/all_labels_train_gensim_sparse_matrix.npz
archivalia.hypotheses.org/943;histoire et archéologie_d, sciences sociales interdisciplinaires_d, histoire_t, approches de corpus_t, enquêtes_t, archives_t;Datasets/all_labels_train_gensim_sparse_matrix.npz
archivalia.hypotheses.org/9580;histoire et archéologie_d, sciences sociales interdisciplinaires_d, histoire_t, approches de corpus_t, enquêtes_t, archives_t;Datasets/all_labels_train_gensim_sparse_matrix.npz
archivalia.hypotheses.org/12176;histoire et archéologie_d, sciences sociales interdisciplinaires_d, histoire_t, approches de corpus_t, enquêtes_t, archives_t;Datasets/all_labels_train_gensim_sparse_matrix.npz
archivewk1.hypotheses.org/22951;histoire_d, époque contemporaine_t, 1914-1918_t;Datasets/all_labels_train_gensim_sparse_matrix.npz
archivalia.hypotheses.org/12810;histoire et archéologie_d, sciences sociales interdisciplinaires_d, histoire_t, approches de corpus_t, enquêtes_t, archives_t;Datasets/all_labels_train_gensim_sparse_matrix.npz
archive20.hypotheses.org/351;pluridisciplinarité_d, sciences sociales interdisciplinaires_d, histoire_t, information_t, patrimoine_t, monde germanique_t;Datasets/all_labels_train_gensim_sparse_matrix.npz
rkb.hypotheses.org/209;arts et humanités_d, communication_d, sciences de l'information et bibliothéconomie_d, sociologie des sciences_t, édition électronique_t, histoire et sociologie des médias_t;Datasets/all_labels_train_gensim_sparse_matrix.npz
archivalia.hypotheses.org/5350;histoire et archéologie_d, sciences sociales interdisciplinaires_d, histoire_t, approches de corpus_t, enquêtes_t, archives_t;Datasets/all_labels_train_gensim_sparse_matrix.npz
scriptorium.hypotheses.org/494;humanités pluridisciplinaires_d, pluridisciplinarité_d, digital humanities_t, moyen âge_t;Datasets/all_labels_train_gensim_sparse_matrix.npz
archivalia.hypotheses.org/6996;histoire et archéologie_d, sciences sociales interdisciplinaires_d, histoire_t, approches de corpus_t, enquêtes_t, archives_t;Datasets/all_labels_train_gensim_sparse_matrix.npz
archivalia.hypotheses.org/8928;histoire et archéologie_d, sciences sociales interdisciplinaires_d, histoire_t, approches de corpus_t, enquêtes_t, archives_t;Datasets/all_labels_train_gensim_sparse_matrix.npz
gab.hypotheses.org/2642;histoire et archéologie_d, pluridisciplinarité_d, sciences sociales interdisciplinaires_d, études des sciences_t, sociologie des sciences_t, histoire_t;Datasets/all_labels_train_gensim_sparse_matrix.npz
ecoglobreg.hypotheses.org/623;histoire_d, sciences politiques_d, histoire_t, 1945-1989_t;Datasets/all_labels_train_gensim_sparse_matrix.npz
texperimentales.hypotheses.org/1760;linguistique appliquée_d, langue et linguistique_d, langage_t, linguistique_t, information_t, sciences de l'information_t, digital humanities_t;Datasets/all_labels_train_gensim_sparse_matrix.npz
archivewk1.hypotheses.org/8029;histoire_d, époque contemporaine_t, 1914-1918_t;Datasets/all_labels_train_gensim_sparse_matrix.npz
gab.hypotheses.org/1236;histoire et archéologie_d, pluridisciplinarité_d, sciences sociales interdisciplinaires_d, études des sciences_t, sociologie des sciences_t, histoire_t;Datasets/all_labels_train_gensim_sparse_matrix.npz
archivalia.hypotheses.org/559;histoire et archéologie_d, sciences sociales interdisciplinaires_d, histoire_t, approches de corpus_t, enquêtes_t, archives_t;Datasets/all_labels_train_gensim_sparse_matrix.npz
wwc.hypotheses.org/1744;humanités pluridisciplinaires_d, pluridisciplinarité_d, études régionales_d, relations internationales_t, information_t, représentations_t;Datasets/all_labels_train_gensim_sparse_matrix.npz
beruf.hypotheses.org/215;histoire et archéologie_d, histoire_d, histoire_t;Datasets/all_labels_train_gensim_sparse_matrix.npz
archivamt.hypotheses.org/4265;communication_d, pluridisciplinarité_d, sciences sociales interdisciplinaires_d, information_t, sciences de l'information_t, représentations_t, patrimoine_t;Datasets/all_labels_train_gensim_sparse_matrix.npz
archivalia.hypotheses.org/10994;histoire et archéologie_d, sciences sociales interdisciplinaires_d, histoire_t, approches de corpus_t, enquêtes_t, archives_t;Datasets/all_labels_train_gensim_sparse_matrix.npz
nordichistoryblog.hypotheses.org/2409;arts et humanités_d, histoire et archéologie_d, histoire_t, édition électronique_t, vie de la recherche_t, approches de corpus_t, enquêtes_t, archives_t, europe_t, pays baltes et scandinaves_t;Datasets/all_labels_train_gensim_sparse_matrix.npz
19jhdhip.hypotheses.org/2548;histoire_d, époque contemporaine_t, prospectives_t, france_t, monde germanique_t;Datasets/all_labels_train_gensim_sparse_matrix.npz
intersex.hypotheses.org/848;histoire_d, biomédecine_d, étude des genres_t, histoire des sciences_t, histoire_t, histoire du droit_t, moyen âge_t, xxie siècle_t;Datasets/all_labels_train_gensim_sparse_matrix.npz
irhis.hypotheses.org/4790;arts et humanités_d, histoire et archéologie_d, histoire économique_t, histoire sociale_t, études visuelles_t;Datasets/all_labels_train_gensim_sparse_matrix.npz
soziologieblog.hypotheses.org/3244;sciences sociales interdisciplinaires_d, sociologie et anthropologie_d, sociologie du travail_t, sociologie urbaine_t, sociologie de la culture_t, sociologie économique_t;Datasets/all_labels_train_gensim_sparse_matrix.npz
musicaroma.hypotheses.org/680;musique_d, histoire_d, histoire_t, histoire culturelle_t, monde germanique_t;Datasets/all_labels_train_gensim_sparse_matrix.npz
dhdhi.hypotheses.org/479;histoire et archéologie_d, histoire_t, épistémologie et méthodes_t, digital humanities_t;Datasets/all_labels_train_gensim_sparse_matrix.npz
dkblog.hypotheses.org/225;histoire_d, histoire_t, époque moderne_t, xviie siècle_t;Datasets/all_labels_train_gensim_sparse_matrix.npz
vwm.hypotheses.org/1;histoire et archéologie_d, histoire_d, études sur la famille_d, histoire_t, histoire sociale_t, époque moderne_t, xviie siècle_t, xviiie siècle_t;Datasets/all_labels_train_gensim_sparse_matrix.npz
speyermemo.hypotheses.org/2573;histoire_d, pluridisciplinarité_d, sciences sociales interdisciplinaires_d, sociologie de la culture_t, histoire_t, 1939-1945_t, europe_t;Datasets/all_labels_train_gensim_sparse_matrix.npz
grham.hypotheses.org/3015;arts_d, humanités pluridisciplinaires_d, histoire_d, histoire_t, histoire culturelle_t, histoire de l'art_t, xviie siècle_t, xviiie siècle_t;Datasets/all_labels_train_gensim_sparse_matrix.npz
texperimentales.hypotheses.org/530;linguistique appliquée_d, langue et linguistique_d, langage_t, linguistique_t, information_t, sciences de l'information_t, digital humanities_t;Datasets/all_labels_train_gensim_sparse_matrix.npz
archivalia.hypotheses.org/9486;histoire et archéologie_d, sciences sociales interdisciplinaires_d, histoire_t, approches de corpus_t, enquêtes_t, archives_t;Datasets/all_labels_train_gensim_sparse_matrix.npz
archivalia.hypotheses.org/2696;histoire et archéologie_d, sciences sociales interdisciplinaires_d, histoire_t, approches de corpus_t, enquêtes_t, archives_t;Datasets/all_labels_train_gensim_sparse_matrix.npz
archivalia.hypotheses.org/1372;histoire et archéologie_d, sciences sociales interdisciplinaires_d, histoire_t, approches de corpus_t, enquêtes_t, archives_t;Datasets/all_labels_train_gensim_sparse_matrix.npz
1914lvr.hypotheses.org/186;sciences politiques_d, histoire_t, époque contemporaine_t, 1914-1918_t;Datasets/all_labels_train_gensim_sparse_matrix.npz
dhdhi.hypotheses.org/726;histoire et archéologie_d, histoire_t, épistémologie et méthodes_t, digital humanities_t;Datasets/all_labels_train_gensim_sparse_matrix.npz
dhiha.hypotheses.org/1155;arts et humanités_d, humanités pluridisciplinaires_d, pluridisciplinarité_d, histoire_t, information_t, sciences de l'information_t, édition électronique_t, digital humanities_t;Datasets/all_labels_train_gensim_sparse_matrix.npz
ordensgeschichte.hypotheses.org/8422;arts et humanités_d, humanités pluridisciplinaires_d, histoire et archéologie_d, histoire et philosophie des sciences_d, histoire_t, haut moyen âge_t, bas moyen âge_t, xviie siècle_t, xviiie siècle_t;Datasets/all_labels_train_gensim_sparse_matrix.npz
archivalia.hypotheses.org/8423;histoire et archéologie_d, sciences sociales interdisciplinaires_d, histoire_t, approches de corpus_t, enquêtes_t, archives_t;Datasets/all_labels_train_gensim_sparse_matrix.npz
archivalia.hypotheses.org/8689;histoire et archéologie_d, sciences sociales interdisciplinaires_d, histoire_t, approches de corpus_t, enquêtes_t, archives_t;Datasets/all_labels_train_gensim_sparse_matrix.npz
medienbildung.hypotheses.org/5343;éducation_d, éducation spécialisée_d, travail social_d, sociologie_t, édition électronique_t, histoire et sociologie des médias_t, éducation_t;Datasets/all_labels_train_gensim_sparse_matrix.npz
greflinger.hypotheses.org/77;littérature_d, littératures_t, xviie siècle_t;Datasets/all_labels_train_gensim_sparse_matrix.npz
archivalia.hypotheses.org/11031;histoire et archéologie_d, sciences sociales interdisciplinaires_d, histoire_t, approches de corpus_t, enquêtes_t, archives_t;Datasets/all_labels_train_gensim_sparse_matrix.npz
unibloggt.hypotheses.org/558;histoire et archéologie_d, pluridisciplinarité_d, histoire_t, information_t;Datasets/all_labels_train_gensim_sparse_matrix.npz
mittelalter.hypotheses.org/8381;humanités pluridisciplinaires_d, religions_d, histoire_d, sociologie_d, histoire_t, histoire sociale_t, histoire intellectuelle_t, moyen âge_t, haut moyen âge_t, bas moyen âge_t;Datasets/all_labels_train_gensim_sparse_matrix.npz
heraldica.hypotheses.org/1093;histoire_d, histoire_t, historiographie_t, sciences auxiliaires de l'histoire_t, moyen âge_t, haut moyen âge_t;Datasets/all_labels_train_gensim_sparse_matrix.npz
archivewk1.hypotheses.org/8815;histoire_d, époque contemporaine_t, 1914-1918_t;Datasets/all_labels_train_gensim_sparse_matrix.npz
jeunegen.hypotheses.org/1014;histoire_d, pluridisciplinarité_d, histoire_t, vie de la recherche_t, moyen âge_t, haut moyen âge_t, bas moyen âge_t;Datasets/all_labels_train_gensim_sparse_matrix.npz
bioeg.hypotheses.org/1777;histoire et archéologie_d, histoire_d, histoire_t, sciences auxiliaires de l'histoire_t, europe centrale et orientale_t, monde germanique_t;Datasets/all_labels_train_gensim_sparse_matrix.npz
aes.hypotheses.org/198;histoire_t, religions_t;Datasets/all_labels_train_gensim_sparse_matrix.npz
histbav.hypotheses.org/3305;humanités pluridisciplinaires_d, histoire_d, pluridisciplinarité_d, histoire_t, monde germanique_t;Datasets/all_labels_train_gensim_sparse_matrix.npz
archivalia.hypotheses.org/14395;histoire et archéologie_d, sciences sociales interdisciplinaires_d, histoire_t, approches de corpus_t, enquêtes_t, archives_t;Datasets/all_labels_train_gensim_sparse_matrix.npz
archivalia.hypotheses.org/6597;histoire et archéologie_d, sciences sociales interdisciplinaires_d, histoire_t, approches de corpus_t, enquêtes_t, archives_t;Datasets/all_labels_train_gensim_sparse_matrix.npz
historischdenken.hypotheses.org/3712;histoire et archéologie_d, histoire_t;Datasets/all_labels_train_gensim_sparse_matrix.npz
dislab.hypotheses.org/1800;sciences sociales interdisciplinaires_d, langue et linguistique_d, sociologie des sciences_t, linguistique_t;Datasets/all_labels_train_gensim_sparse_matrix.npz
ordensgeschichte.hypotheses.org/8145;arts et humanités_d, humanités pluridisciplinaires_d, histoire et archéologie_d, histoire et philosophie des sciences_d, histoire_t, haut moyen âge_t, bas moyen âge_t, xviie siècle_t, xviiie siècle_t;Datasets/all_labels_train_gensim_sparse_matrix.npz
nachhaltig.hypotheses.org/88;pluridisciplinarité_d, philosophie_d, sciences sociales interdisciplinaires_d, france_t, monde germanique_t;Datasets/all_labels_train_gensim_sparse_matrix.npz
archivalia.hypotheses.org/1524;histoire et archéologie_d, sciences sociales interdisciplinaires_d, histoire_t, approches de corpus_t, enquêtes_t, archives_t;Datasets/all_labels_train_gensim_sparse_matrix.npz
archivalia.hypotheses.org/5468;histoire et archéologie_d, sciences sociales interdisciplinaires_d, histoire_t, approches de corpus_t, enquêtes_t, archives_t;Datasets/all_labels_train_gensim_sparse_matrix.npz
intersex.hypotheses.org/3971;histoire_d, biomédecine_d, étude des genres_t, histoire des sciences_t, histoire_t, histoire du droit_t, moyen âge_t, xxie siècle_t;Datasets/all_labels_train_gensim_sparse_matrix.npz
histbav.hypotheses.org/2759;humanités pluridisciplinaires_d, histoire_d, pluridisciplinarité_d, histoire_t, monde germanique_t;Datasets/all_labels_train_gensim_sparse_matrix.npz
mittelalter.hypotheses.org/2190;humanités pluridisciplinaires_d, religions_d, histoire_d, sociologie_d, histoire_t, histoire sociale_t, histoire intellectuelle_t, moyen âge_t, haut moyen âge_t, bas moyen âge_t;Datasets/all_labels_train_gensim_sparse_matrix.npz
archivalia.hypotheses.org/59060;histoire et archéologie_d, sciences sociales interdisciplinaires_d, histoire_t, approches de corpus_t, enquêtes_t, archives_t;Datasets/all_labels_train_gensim_sparse_matrix.npz
archivalia.hypotheses.org/554;histoire et archéologie_d, sciences sociales interdisciplinaires_d, histoire_t, approches de corpus_t, enquêtes_t, archives_t;Datasets/all_labels_train_gensim_sparse_matrix.npz
musicaroma.hypotheses.org/303;musique_d, histoire_d, histoire_t, histoire culturelle_t, monde germanique_t;Datasets/all_labels_train_gensim_sparse_matrix.npz
archivalia.hypotheses.org/10766;histoire et archéologie_d, sciences sociales interdisciplinaires_d, histoire_t, approches de corpus_t, enquêtes_t, archives_t;Datasets/all_labels_train_gensim_sparse_matrix.npz
filmeditio.hypotheses.org/80;arts_d, humanités pluridisciplinaires_d, édition électronique_t, histoire et sociologie des médias_t, patrimoine_t, études visuelles_t;Datasets/all_labels_train_gensim_sparse_matrix.npz
archivewk1.hypotheses.org/26449;histoire_d, époque contemporaine_t, 1914-1918_t;Datasets/all_labels_train_gensim_sparse_matrix.npz
histbav.hypotheses.org/5023;humanités pluridisciplinaires_d, histoire_d, pluridisciplinarité_d, histoire_t, monde germanique_t;Datasets/all_labels_train_gensim_sparse_matrix.npz
wilma.hypotheses.org/112;éducation_d, travail social et politique sociale_d, sciences de l'éducation_t;Datasets/all_labels_train_gensim_sparse_matrix.npz
ordensgeschichte.hypotheses.org/10803;arts et humanités_d, humanités pluridisciplinaires_d, histoire et archéologie_d, histoire et philosophie des sciences_d, histoire_t, haut moyen âge_t, bas moyen âge_t, xviie siècle_t, xviiie siècle_t;Datasets/all_labels_train_gensim_sparse_matrix.npz
babyvision.hypotheses.org/170;psychologie_d, études des sciences_t, psychisme_t;Datasets/all_labels_train_gensim_sparse_matrix.npz
archivalia.hypotheses.org/1331;histoire et archéologie_d, sciences sociales interdisciplinaires_d, histoire_t, approches de corpus_t, enquêtes_t, archives_t;Datasets/all_labels_train_gensim_sparse_matrix.npz
sammeln.hypotheses.org/567;sciences sociales interdisciplinaires_d, histoire des sciences_t, patrimoine_t, sciences auxiliaires de l'histoire_t, approches de corpus_t, enquêtes_t, archives_t;Datasets/all_labels_train_gensim_sparse_matrix.npz
archivalia.hypotheses.org/12157;histoire et archéologie_d, sciences sociales interdisciplinaires_d, histoire_t, approches de corpus_t, enquêtes_t, archives_t;Datasets/all_labels_train_gensim_sparse_matrix.npz
archivalia.hypotheses.org/8338;histoire et archéologie_d, sciences sociales interdisciplinaires_d, histoire_t, approches de corpus_t, enquêtes_t, archives_t;Datasets/all_labels_train_gensim_sparse_matrix.npz
dhc.hypotheses.org/138;sciences sociales interdisciplinaires_d, études des sciences_t, information_t, vie de la recherche_t;Datasets/all_labels_train_gensim_sparse_matrix.npz
ordensgeschichte.hypotheses.org/4196;arts et humanités_d, humanités pluridisciplinaires_d, histoire et archéologie_d, histoire et philosophie des sciences_d, histoire_t, haut moyen âge_t, bas moyen âge_t, xviie siècle_t, xviiie siècle_t;Datasets/all_labels_train_gensim_sparse_matrix.npz
fnzinfo.hypotheses.org/889;arts et humanités_d, musique_d, histoire et archéologie_d, histoire_t, xvie siècle_t, xviie siècle_t, xviiie siècle_t, révolution française_t;Datasets/all_labels_train_gensim_sparse_matrix.npz
archivalia.hypotheses.org/11373;histoire et archéologie_d, sciences sociales interdisciplinaires_d, histoire_t, approches de corpus_t, enquêtes_t, archives_t;Datasets/all_labels_train_gensim_sparse_matrix.npz
zakunibonn.hypotheses.org/1792;histoire_d, psychologie_d, histoire_t, psychisme_t, psychologie_t, méthodes de traitement et de représentation_t, monde germanique_t;Datasets/all_labels_train_gensim_sparse_matrix.npz
scriptorium.hypotheses.org/397;humanités pluridisciplinaires_d, pluridisciplinarité_d, digital humanities_t, moyen âge_t;Datasets/all_labels_train_gensim_sparse_matrix.npz
archivalia.hypotheses.org/6038;histoire et archéologie_d, sciences sociales interdisciplinaires_d, histoire_t, approches de corpus_t, enquêtes_t, archives_t;Datasets/all_labels_train_gensim_sparse_matrix.npz
trafo.hypotheses.org/1113;pluridisciplinarité_d, sciences sociales interdisciplinaires_d, études régionales_d, sociologie_t, sociologie des religions_t, information_t, histoire culturelle_t;Datasets/all_labels_train_gensim_sparse_matrix.npz
mittelalter.hypotheses.org/4551;humanités pluridisciplinaires_d, religions_d, histoire_d, sociologie_d, histoire_t, histoire sociale_t, histoire intellectuelle_t, moyen âge_t, haut moyen âge_t, bas moyen âge_t;Datasets/all_labels_train_gensim_sparse_matrix.npz
archivalia.hypotheses.org/5684;histoire et archéologie_d, sciences sociales interdisciplinaires_d, histoire_t, approches de corpus_t, enquêtes_t, archives_t;Datasets/all_labels_train_gensim_sparse_matrix.npz
archivalia.hypotheses.org/4050;histoire et archéologie_d, sciences sociales interdisciplinaires_d, histoire_t, approches de corpus_t, enquêtes_t, archives_t;Datasets/all_labels_train_gensim_sparse_matrix.npz
gid.hypotheses.org/275;pluridisciplinarité_d, sciences sociales interdisciplinaires_d, études des sciences_t, histoire des sciences_t, pensée_t, histoire intellectuelle_t, histoire culturelle_t, prospectives_t;Datasets/all_labels_train_gensim_sparse_matrix.npz
archivalia.hypotheses.org/54949;histoire et archéologie_d, sciences sociales interdisciplinaires_d, histoire_t, approches de corpus_t, enquêtes_t, archives_t;Datasets/all_labels_train_gensim_sparse_matrix.npz
bioeg.hypotheses.org/1435;histoire et archéologie_d, histoire_d, histoire_t, sciences auxiliaires de l'histoire_t, europe centrale et orientale_t, monde germanique_t;Datasets/all_labels_train_gensim_sparse_matrix.npz
ockenheim.hypotheses.org/146;histoire et archéologie_d, archéologie_d, histoire_t, histoire urbaine_t, édition électronique_t, monde germanique_t;Datasets/all_labels_train_gensim_sparse_matrix.npz
musicaroma.hypotheses.org/354;musique_d, histoire_d, histoire_t, histoire culturelle_t, monde germanique_t;Datasets/all_labels_train_gensim_sparse_matrix.npz
gab.hypotheses.org/1923;histoire et archéologie_d, pluridisciplinarité_d, sciences sociales interdisciplinaires_d, études des sciences_t, sociologie des sciences_t, histoire_t;Datasets/all_labels_train_gensim_sparse_matrix.npz
archivalia.hypotheses.org/62774;histoire et archéologie_d, sciences sociales interdisciplinaires_d, histoire_t, approches de corpus_t, enquêtes_t, archives_t;Datasets/all_labels_train_gensim_sparse_matrix.npz
speyermemo.hypotheses.org/2486;histoire_d, pluridisciplinarité_d, sciences sociales interdisciplinaires_d, sociologie de la culture_t, histoire_t, 1939-1945_t, europe_t;Datasets/all_labels_train_gensim_sparse_matrix.npz
winzen.hypotheses.org/54;histoire_d, histoire_t, études visuelles_t, 1918-1939_t, 1939-1945_t, monde germanique_t;Datasets/all_labels_train_gensim_sparse_matrix.npz
medienbildung.hypotheses.org/8410;éducation_d, éducation spécialisée_d, travail social_d, sociologie_t, édition électronique_t, histoire et sociologie des médias_t, éducation_t;Datasets/all_labels_train_gensim_sparse_matrix.npz
archivalia.hypotheses.org/11924;histoire et archéologie_d, sciences sociales interdisciplinaires_d, histoire_t, approches de corpus_t, enquêtes_t, archives_t;Datasets/all_labels_train_gensim_sparse_matrix.npz
quadrivium.hypotheses.org/162;pluridisciplinarité_d, histoire des sciences_t, histoire_t, histoire et sociologie des médias_t, historiographie_t, moyen âge_t, haut moyen âge_t;Datasets/all_labels_train_gensim_sparse_matrix.npz
archivalia.hypotheses.org/11564;histoire et archéologie_d, sciences sociales interdisciplinaires_d, histoire_t, approches de corpus_t, enquêtes_t, archives_t;Datasets/all_labels_train_gensim_sparse_matrix.npz
catholiccultures.hypotheses.org/2348;histoire et archéologie_d, histoire des sciences sociales_d, sciences sociales interdisciplinaires_d, sociologie et anthropologie_d, histoire_t, histoire sociale_t, histoire des religions_t, époque moderne_t;Datasets/all_labels_train_gensim_sparse_matrix.npz
amuc.hypotheses.org/534;humanités pluridisciplinaires_d, histoire_d, histoire_t, représentations_t, patrimoine_t;Datasets/all_labels_train_gensim_sparse_matrix.npz
dgl.hypotheses.org/639;éducation spécialisée_d, histoire_d, histoire_t, histoire et sociologie des médias_t, éducation_t;Datasets/all_labels_train_gensim_sparse_matrix.npz
rkb.hypotheses.org/697;arts et humanités_d, communication_d, sciences de l'information et bibliothéconomie_d, sociologie des sciences_t, édition électronique_t, histoire et sociologie des médias_t;Datasets/all_labels_train_gensim_sparse_matrix.npz
inklusion.hypotheses.org/552;éducation_d, travail social et politique sociale_d, sociologie du travail_t, âges de la vie_t, information_t, sciences de l'éducation_t;Datasets/all_labels_train_gensim_sparse_matrix.npz
histbav.hypotheses.org/2376;humanités pluridisciplinaires_d, histoire_d, pluridisciplinarité_d, histoire_t, monde germanique_t;Datasets/all_labels_train_gensim_sparse_matrix.npz
19jhdhip.hypotheses.org/2259;histoire_d, époque contemporaine_t, prospectives_t, france_t, monde germanique_t;Datasets/all_labels_train_gensim_sparse_matrix.npz
archivalia.hypotheses.org/10822;histoire et archéologie_d, sciences sociales interdisciplinaires_d, histoire_t, approches de corpus_t, enquêtes_t, archives_t;Datasets/all_labels_train_gensim_sparse_matrix.npz
archivalia.hypotheses.org/61850;histoire et archéologie_d, sciences sociales interdisciplinaires_d, histoire_t, approches de corpus_t, enquêtes_t, archives_t;Datasets/all_labels_train_gensim_sparse_matrix.npz
archivewk1.hypotheses.org/1289;histoire_d, époque contemporaine_t, 1914-1918_t;Datasets/all_labels_train_gensim_sparse_matrix.npz
archivewk1.hypotheses.org/22078;histoire_d, époque contemporaine_t, 1914-1918_t;Datasets/all_labels_train_gensim_sparse_matrix.npz
trivium.hypotheses.org/754;arts et humanités_d, humanités pluridisciplinaires_d, pluridisciplinarité_d, sciences sociales interdisciplinaires_d, représentations_t, histoire culturelle_t, épistémologie et méthodes_t, vie de la recherche_t;Datasets/all_labels_train_gensim_sparse_matrix.npz
archivewk1.hypotheses.org/32100;histoire_d, époque contemporaine_t, 1914-1918_t;Datasets/all_labels_train_gensim_sparse_matrix.npz
archivalia.hypotheses.org/55224;histoire et archéologie_d, sciences sociales interdisciplinaires_d, histoire_t, approches de corpus_t, enquêtes_t, archives_t;Datasets/all_labels_train_gensim_sparse_matrix.npz
gewalt.hypotheses.org/819;sciences politiques_d, sociologie_d, sociologie_t, sociologie urbaine_t, anthropologie politique_t, histoire urbaine_t, guerres_t, conflits_t, violence_t;Datasets/all_labels_train_gensim_sparse_matrix.npz
tagebuch.hypotheses.org/961;histoire et archéologie_d, histoire_d, histoire_t, époque contemporaine_t, 1914-1918_t;Datasets/all_labels_train_gensim_sparse_matrix.npz
archivalia.hypotheses.org/9145;histoire et archéologie_d, sciences sociales interdisciplinaires_d, histoire_t, approches de corpus_t, enquêtes_t, archives_t;Datasets/all_labels_train_gensim_sparse_matrix.npz
redaktionsblog.hypotheses.org/3182;arts et humanités_d, humanités pluridisciplinaires_d, épistémologie et méthodes_t, digital humanities_t;Datasets/all_labels_train_gensim_sparse_matrix.npz
archivalia.hypotheses.org/62291;histoire et archéologie_d, sciences sociales interdisciplinaires_d, histoire_t, approches de corpus_t, enquêtes_t, archives_t;Datasets/all_labels_train_gensim_sparse_matrix.npz
gewalt.hypotheses.org/768;sciences politiques_d, sociologie_d, sociologie_t, sociologie urbaine_t, anthropologie politique_t, histoire urbaine_t, guerres_t, conflits_t, violence_t;Datasets/all_labels_train_gensim_sparse_matrix.npz
bioeg.hypotheses.org/921;histoire et archéologie_d, histoire_d, histoire_t, sciences auxiliaires de l'histoire_t, europe centrale et orientale_t, monde germanique_t;Datasets/all_labels_train_gensim_sparse_matrix.npz
archivalia.hypotheses.org/13779;histoire et archéologie_d, sciences sociales interdisciplinaires_d, histoire_t, approches de corpus_t, enquêtes_t, archives_t;Datasets/all_labels_train_gensim_sparse_matrix.npz
archivalia.hypotheses.org/626;histoire et archéologie_d, sciences sociales interdisciplinaires_d, histoire_t, approches de corpus_t, enquêtes_t, archives_t;Datasets/all_labels_train_gensim_sparse_matrix.npz
archivalia.hypotheses.org/6919;histoire et archéologie_d, sciences sociales interdisciplinaires_d, histoire_t, approches de corpus_t, enquêtes_t, archives_t;Datasets/all_labels_train_gensim_sparse_matrix.npz
archivalia.hypotheses.org/3569;histoire et archéologie_d, sciences sociales interdisciplinaires_d, histoire_t, approches de corpus_t, enquêtes_t, archives_t;Datasets/all_labels_train_gensim_sparse_matrix.npz
neuburg.hypotheses.org/184;histoire_d, histoire urbaine_t, époque contemporaine_t;Datasets/all_labels_train_gensim_sparse_matrix.npz
metablock.hypotheses.org/1282;sciences sociales interdisciplinaires_d, linguistique appliquée_d, langue et linguistique_d, sociologie des sciences_t, langage_t, linguistique_t, édition électronique_t, histoire et sociologie des médias_t;Datasets/all_labels_train_gensim_sparse_matrix.npz
medienbildung.hypotheses.org/4707;éducation_d, éducation spécialisée_d, travail social_d, sociologie_t, édition électronique_t, histoire et sociologie des médias_t, éducation_t;Datasets/all_labels_train_gensim_sparse_matrix.npz
texperimentales.hypotheses.org/1701;linguistique appliquée_d, langue et linguistique_d, langage_t, linguistique_t, information_t, sciences de l'information_t, digital humanities_t;Datasets/all_labels_train_gensim_sparse_matrix.npz
soziologieblog.hypotheses.org/4557;sciences sociales interdisciplinaires_d, sociologie et anthropologie_d, sociologie du travail_t, sociologie urbaine_t, sociologie de la culture_t, sociologie économique_t;Datasets/all_labels_train_gensim_sparse_matrix.npz
archivewk1.hypotheses.org/12423;histoire_d, époque contemporaine_t, 1914-1918_t;Datasets/all_labels_train_gensim_sparse_matrix.npz
mittelalter.hypotheses.org/1298;humanités pluridisciplinaires_d, religions_d, histoire_d, sociologie_d, histoire_t, histoire sociale_t, histoire intellectuelle_t, moyen âge_t, haut moyen âge_t, bas moyen âge_t;Datasets/all_labels_train_gensim_sparse_matrix.npz
zeitraeume.hypotheses.org/134;histoire_d, histoire industrielle_t, histoire sociale_t, édition électronique_t, digital humanities_t, époque contemporaine_t;Datasets/all_labels_train_gensim_sparse_matrix.npz
archivalia.hypotheses.org/10287;histoire et archéologie_d, sciences sociales interdisciplinaires_d, histoire_t, approches de corpus_t, enquêtes_t, archives_t;Datasets/all_labels_train_gensim_sparse_matrix.npz
dkblog.hypotheses.org/928;histoire_d, histoire_t, époque moderne_t, xviie siècle_t;Datasets/all_labels_train_gensim_sparse_matrix.npz
edit.hypotheses.org/244;sciences de l'information et bibliothéconomie_d, édition électronique_t, vie de la recherche_t, méthodes de traitement et de représentation_t, digital humanities_t;Datasets/all_labels_train_gensim_sparse_matrix.npz
dokunstlmu.hypotheses.org/156;arts et humanités_d, histoire intellectuelle_t;Datasets/all_labels_train_gensim_sparse_matrix.npz
archivewk1.hypotheses.org/13559;histoire_d, époque contemporaine_t, 1914-1918_t;Datasets/all_labels_train_gensim_sparse_matrix.npz
archivalia.hypotheses.org/6458;histoire et archéologie_d, sciences sociales interdisciplinaires_d, histoire_t, approches de corpus_t, enquêtes_t, archives_t;Datasets/all_labels_train_gensim_sparse_matrix.npz
archivalia.hypotheses.org/12756;histoire et archéologie_d, sciences sociales interdisciplinaires_d, histoire_t, approches de corpus_t, enquêtes_t, archives_t;Datasets/all_labels_train_gensim_sparse_matrix.npz
archivewk1.hypotheses.org/14011;histoire_d, époque contemporaine_t, 1914-1918_t;Datasets/all_labels_train_gensim_sparse_matrix.npz
archivewk1.hypotheses.org/12956;histoire_d, époque contemporaine_t, 1914-1918_t;Datasets/all_labels_train_gensim_sparse_matrix.npz
dfmfa.hypotheses.org/1112;humanités pluridisciplinaires_d, sciences sociales interdisciplinaires_d, histoire_t, moyen âge_t, haut moyen âge_t, bas moyen âge_t;Datasets/all_labels_train_gensim_sparse_matrix.npz
1914lvr.hypotheses.org/1509;sciences politiques_d, histoire_t, époque contemporaine_t, 1914-1918_t;Datasets/all_labels_train_gensim_sparse_matrix.npz
archivalia.hypotheses.org/12011;histoire et archéologie_d, sciences sociales interdisciplinaires_d, histoire_t, approches de corpus_t, enquêtes_t, archives_t;Datasets/all_labels_train_gensim_sparse_matrix.npz
vivien.hypotheses.org/491;arts et humanités_d, représentations_t, histoire de l'art_t, xviiie siècle_t, france_t;Datasets/all_labels_train_gensim_sparse_matrix.npz
medienbildung.hypotheses.org/5219;éducation_d, éducation spécialisée_d, travail social_d, sociologie_t, édition électronique_t, histoire et sociologie des médias_t, éducation_t;Datasets/all_labels_train_gensim_sparse_matrix.npz
archivalia.hypotheses.org/54155;histoire et archéologie_d, sciences sociales interdisciplinaires_d, histoire_t, approches de corpus_t, enquêtes_t, archives_t;Datasets/all_labels_train_gensim_sparse_matrix.npz
19jhdhip.hypotheses.org/2023;histoire_d, époque contemporaine_t, prospectives_t, france_t, monde germanique_t;Datasets/all_labels_train_gensim_sparse_matrix.npz
catholiccultures.hypotheses.org/159;histoire et archéologie_d, histoire des sciences sociales_d, sciences sociales interdisciplinaires_d, sociologie et anthropologie_d, histoire_t, histoire sociale_t, histoire des religions_t, époque moderne_t;Datasets/all_labels_train_gensim_sparse_matrix.npz
ostbib.hypotheses.org/435;humanités pluridisciplinaires_d, histoire et archéologie_d, sciences de l'information et de la communication_d, bibliothéconomie_d, sciences sociales interdisciplinaires_d, sciences de l'information_t, édition électronique_t;Datasets/all_labels_train_gensim_sparse_matrix.npz
winzen.hypotheses.org/550;histoire_d, histoire_t, études visuelles_t, 1918-1939_t, 1939-1945_t, monde germanique_t;Datasets/all_labels_train_gensim_sparse_matrix.npz
archivalia.hypotheses.org/6974;histoire et archéologie_d, sciences sociales interdisciplinaires_d, histoire_t, approches de corpus_t, enquêtes_t, archives_t;Datasets/all_labels_train_gensim_sparse_matrix.npz
merzdadaco.hypotheses.org/547;humanités pluridisciplinaires_d, littérature_d, littératures_t, représentations_t, histoire culturelle_t, histoire de l'art_t;Datasets/all_labels_train_gensim_sparse_matrix.npz
maxweber.hypotheses.org/867;humanités pluridisciplinaires_d, histoire et archéologie_d, histoire et philosophie des sciences_d, sociologie et anthropologie_d, histoire sociale_t, histoire intellectuelle_t, sociologie des religions_t, vie de la recherche_t;Datasets/all_labels_train_gensim_sparse_matrix.npz
archivewk1.hypotheses.org/6002;histoire_d, époque contemporaine_t, 1914-1918_t;Datasets/all_labels_train_gensim_sparse_matrix.npz
dss.hypotheses.org/1549;arts et humanités_d, communication_d, sciences de l'information et bibliothéconomie_d, information_t, édition électronique_t, représentations_t, histoire de l'art_t, patrimoine_t, prospectives_t;Datasets/all_labels_train_gensim_sparse_matrix.npz
mittelalter.hypotheses.org/3652;humanités pluridisciplinaires_d, religions_d, histoire_d, sociologie_d, histoire_t, histoire sociale_t, histoire intellectuelle_t, moyen âge_t, haut moyen âge_t, bas moyen âge_t;Datasets/all_labels_train_gensim_sparse_matrix.npz
ordensgeschichte.hypotheses.org/4503;arts et humanités_d, humanités pluridisciplinaires_d, histoire et archéologie_d, histoire et philosophie des sciences_d, histoire_t, haut moyen âge_t, bas moyen âge_t, xviie siècle_t, xviiie siècle_t;Datasets/all_labels_train_gensim_sparse_matrix.npz
medienbildung.hypotheses.org/4246;éducation_d, éducation spécialisée_d, travail social_d, sociologie_t, édition électronique_t, histoire et sociologie des médias_t, éducation_t;Datasets/all_labels_train_gensim_sparse_matrix.npz
geschichtsadmin.hypotheses.org/318;éducation_d, histoire_d, sociologie du travail_t, histoire_t;Datasets/all_labels_train_gensim_sparse_matrix.npz
archivamt.hypotheses.org/2376;communication_d, pluridisciplinarité_d, sciences sociales interdisciplinaires_d, information_t, sciences de l'information_t, représentations_t, patrimoine_t;Datasets/all_labels_train_gensim_sparse_matrix.npz
ordensgeschichte.hypotheses.org/2095;arts et humanités_d, humanités pluridisciplinaires_d, histoire et archéologie_d, histoire et philosophie des sciences_d, histoire_t, haut moyen âge_t, bas moyen âge_t, xviie siècle_t, xviiie siècle_t;Datasets/all_labels_train_gensim_sparse_matrix.npz
archivewk1.hypotheses.org/2720;histoire_d, époque contemporaine_t, 1914-1918_t;Datasets/all_labels_train_gensim_sparse_matrix.npz
ockenheim.hypotheses.org/686;histoire et archéologie_d, archéologie_d, histoire_t, histoire urbaine_t, édition électronique_t, monde germanique_t;Datasets/all_labels_train_gensim_sparse_matrix.npz
archivalia.hypotheses.org/6033;histoire et archéologie_d, sciences sociales interdisciplinaires_d, histoire_t, approches de corpus_t, enquêtes_t, archives_t;Datasets/all_labels_train_gensim_sparse_matrix.npz
francofil.hypotheses.org/3145;pluridisciplinarité_d, sciences sociales interdisciplinaires_d, histoire_t, épistémologie et méthodes_t, approches de corpus_t, enquêtes_t, archives_t, france_t;Datasets/all_labels_train_gensim_sparse_matrix.npz
tagebuch.hypotheses.org/983;histoire et archéologie_d, histoire_d, histoire_t, époque contemporaine_t, 1914-1918_t;Datasets/all_labels_train_gensim_sparse_matrix.npz
archivalia.hypotheses.org/51980;histoire et archéologie_d, sciences sociales interdisciplinaires_d, histoire_t, approches de corpus_t, enquêtes_t, archives_t;Datasets/all_labels_train_gensim_sparse_matrix.npz
inklusion.hypotheses.org/1669;éducation_d, travail social et politique sociale_d, sociologie du travail_t, âges de la vie_t, information_t, sciences de l'éducation_t;Datasets/all_labels_train_gensim_sparse_matrix.npz
histbav.hypotheses.org/2810;humanités pluridisciplinaires_d, histoire_d, pluridisciplinarité_d, histoire_t, monde germanique_t;Datasets/all_labels_train_gensim_sparse_matrix.npz
histbav.hypotheses.org/715;humanités pluridisciplinaires_d, histoire_d, pluridisciplinarité_d, histoire_t, monde germanique_t;Datasets/all_labels_train_gensim_sparse_matrix.npz
kulturgut.hypotheses.org/81;humanités pluridisciplinaires_d, études des sciences_t, histoire_t, approches de corpus_t, enquêtes_t, archives_t;Datasets/all_labels_train_gensim_sparse_matrix.npz
archivalia.hypotheses.org/9269;histoire et archéologie_d, sciences sociales interdisciplinaires_d, histoire_t, approches de corpus_t, enquêtes_t, archives_t;Datasets/all_labels_train_gensim_sparse_matrix.npz
soziologieblog.hypotheses.org/8283;sciences sociales interdisciplinaires_d, sociologie et anthropologie_d, sociologie du travail_t, sociologie urbaine_t, sociologie de la culture_t, sociologie économique_t;Datasets/all_labels_train_gensim_sparse_matrix.npz
archivalia.hypotheses.org/2965;histoire et archéologie_d, sciences sociales interdisciplinaires_d, histoire_t, approches de corpus_t, enquêtes_t, archives_t;Datasets/all_labels_train_gensim_sparse_matrix.npz
archivalia.hypotheses.org/52231;histoire et archéologie_d, sciences sociales interdisciplinaires_d, histoire_t, approches de corpus_t, enquêtes_t, archives_t;Datasets/all_labels_train_gensim_sparse_matrix.npz
pophistory.hypotheses.org/1841;humanités pluridisciplinaires_d, histoire et archéologie_d, sociologie de la culture_t, histoire sociale_t, histoire culturelle_t, époque contemporaine_t;Datasets/all_labels_train_gensim_sparse_matrix.npz
19jhdhip.hypotheses.org/2770;histoire_d, époque contemporaine_t, prospectives_t, france_t, monde germanique_t;Datasets/all_labels_train_gensim_sparse_matrix.npz
archivalia.hypotheses.org/11280;histoire et archéologie_d, sciences sociales interdisciplinaires_d, histoire_t, approches de corpus_t, enquêtes_t, archives_t;Datasets/all_labels_train_gensim_sparse_matrix.npz
archivalia.hypotheses.org/9517;histoire et archéologie_d, sciences sociales interdisciplinaires_d, histoire_t, approches de corpus_t, enquêtes_t, archives_t;Datasets/all_labels_train_gensim_sparse_matrix.npz
tagebuch.hypotheses.org/924;histoire et archéologie_d, histoire_d, histoire_t, époque contemporaine_t, 1914-1918_t;Datasets/all_labels_train_gensim_sparse_matrix.npz
ordensgeschichte.hypotheses.org/4751;arts et humanités_d, humanités pluridisciplinaires_d, histoire et archéologie_d, histoire et philosophie des sciences_d, histoire_t, haut moyen âge_t, bas moyen âge_t, xviie siècle_t, xviiie siècle_t;Datasets/all_labels_train_gensim_sparse_matrix.npz
mittelalter.hypotheses.org/7621;humanités pluridisciplinaires_d, religions_d, histoire_d, sociologie_d, histoire_t, histoire sociale_t, histoire intellectuelle_t, moyen âge_t, haut moyen âge_t, bas moyen âge_t;Datasets/all_labels_train_gensim_sparse_matrix.npz
jeunegen.hypotheses.org/1763;histoire_d, pluridisciplinarité_d, histoire_t, vie de la recherche_t, moyen âge_t, haut moyen âge_t, bas moyen âge_t;Datasets/all_labels_train_gensim_sparse_matrix.npz
archivewk1.hypotheses.org/10200;histoire_d, époque contemporaine_t, 1914-1918_t;Datasets/all_labels_train_gensim_sparse_matrix.npz
archivalia.hypotheses.org/3485;histoire et archéologie_d, sciences sociales interdisciplinaires_d, histoire_t, approches de corpus_t, enquêtes_t, archives_t;Datasets/all_labels_train_gensim_sparse_matrix.npz
archivalia.hypotheses.org/9407;histoire et archéologie_d, sciences sociales interdisciplinaires_d, histoire_t, approches de corpus_t, enquêtes_t, archives_t;Datasets/all_labels_train_gensim_sparse_matrix.npz
archivalia.hypotheses.org/9134;histoire et archéologie_d, sciences sociales interdisciplinaires_d, histoire_t, approches de corpus_t, enquêtes_t, archives_t;Datasets/all_labels_train_gensim_sparse_matrix.npz
archivewk1.hypotheses.org/12966;histoire_d, époque contemporaine_t, 1914-1918_t;Datasets/all_labels_train_gensim_sparse_matrix.npz
musermeku.hypotheses.org/164;humanités pluridisciplinaires_d, pluridisciplinarité_d, sciences sociales interdisciplinaires_d, sociologie_t, sociologie de la culture_t, histoire_t, histoire politique_t;Datasets/all_labels_train_gensim_sparse_matrix.npz
histgymbib.hypotheses.org/1217;arts et humanités_d, humanités pluridisciplinaires_d, sciences de l'information et de la communication_d, bibliothéconomie_d, sciences sociales interdisciplinaires_d, éducation_t, xvie siècle_t, xviie siècle_t, xviiie siècle_t, prospectives_t;Datasets/all_labels_train_gensim_sparse_matrix.npz
vivien.hypotheses.org/388;arts et humanités_d, représentations_t, histoire de l'art_t, xviiie siècle_t, france_t;Datasets/all_labels_train_gensim_sparse_matrix.npz
mgtud.hypotheses.org/264;humanités pluridisciplinaires_d, éducation_d, histoire et archéologie_d, histoire_d, histoire_t, histoire urbaine_t, édition électronique_t;Datasets/all_labels_train_gensim_sparse_matrix.npz
archivalia.hypotheses.org/8421;histoire et archéologie_d, sciences sociales interdisciplinaires_d, histoire_t, approches de corpus_t, enquêtes_t, archives_t;Datasets/all_labels_train_gensim_sparse_matrix.npz
bereschitrabba.hypotheses.org/951;arts et humanités_d, religions_d, langue et linguistique_d, religions_t, histoire des religions_t;Datasets/all_labels_train_gensim_sparse_matrix.npz
futurecity.hypotheses.org/273;sciences politiques_d, administration publique et développement_d, sociologie urbaine_t;Datasets/all_labels_train_gensim_sparse_matrix.npz
archivalia.hypotheses.org/51966;histoire et archéologie_d, sciences sociales interdisciplinaires_d, histoire_t, approches de corpus_t, enquêtes_t, archives_t;Datasets/all_labels_train_gensim_sparse_matrix.npz
mindthegaps.hypotheses.org/448;études asiatiques_d, histoire_d, histoire_t, histoire culturelle_t, asie_t, chine_t;Datasets/all_labels_train_gensim_sparse_matrix.npz
ordensgeschichte.hypotheses.org/10214;arts et humanités_d, humanités pluridisciplinaires_d, histoire et archéologie_d, histoire et philosophie des sciences_d, histoire_t, haut moyen âge_t, bas moyen âge_t, xviie siècle_t, xviiie siècle_t;Datasets/all_labels_train_gensim_sparse_matrix.npz
ordensgeschichte.hypotheses.org/5147;arts et humanités_d, humanités pluridisciplinaires_d, histoire et archéologie_d, histoire et philosophie des sciences_d, histoire_t, haut moyen âge_t, bas moyen âge_t, xviie siècle_t, xviiie siècle_t;Datasets/all_labels_train_gensim_sparse_matrix.npz
archivalia.hypotheses.org/14456;histoire et archéologie_d, sciences sociales interdisciplinaires_d, histoire_t, approches de corpus_t, enquêtes_t, archives_t;Datasets/all_labels_train_gensim_sparse_matrix.npz
mittelalter.hypotheses.org/1794;humanités pluridisciplinaires_d, religions_d, histoire_d, sociologie_d, histoire_t, histoire sociale_t, histoire intellectuelle_t, moyen âge_t, haut moyen âge_t, bas moyen âge_t;Datasets/all_labels_train_gensim_sparse_matrix.npz
archivewk1.hypotheses.org/3589;histoire_d, époque contemporaine_t, 1914-1918_t;Datasets/all_labels_train_gensim_sparse_matrix.npz
schotten.hypotheses.org/1012;religions_d, histoire et archéologie_d, sciences de l'information et de la communication_d, bibliothéconomie_d, histoire_t, histoire des religions_t, approches de corpus_t, enquêtes_t, archives_t, monde germanique_t;Datasets/all_labels_train_gensim_sparse_matrix.npz
intersex.hypotheses.org/572;histoire_d, biomédecine_d, étude des genres_t, histoire des sciences_t, histoire_t, histoire du droit_t, moyen âge_t, xxie siècle_t;Datasets/all_labels_train_gensim_sparse_matrix.npz
mittelalter.hypotheses.org/1694;humanités pluridisciplinaires_d, religions_d, histoire_d, sociologie_d, histoire_t, histoire sociale_t, histoire intellectuelle_t, moyen âge_t, haut moyen âge_t, bas moyen âge_t;Datasets/all_labels_train_gensim_sparse_matrix.npz
archivalia.hypotheses.org/11272;histoire et archéologie_d, sciences sociales interdisciplinaires_d, histoire_t, approches de corpus_t, enquêtes_t, archives_t;Datasets/all_labels_train_gensim_sparse_matrix.npz
wenhua.hypotheses.org/654;études asiatiques_d, humanités pluridisciplinaires_d, histoire_d, histoire culturelle_t, asie_t;Datasets/all_labels_train_gensim_sparse_matrix.npz
archivewk1.hypotheses.org/14013;histoire_d, époque contemporaine_t, 1914-1918_t;Datasets/all_labels_train_gensim_sparse_matrix.npz
archivalia.hypotheses.org/2163;histoire et archéologie_d, sciences sociales interdisciplinaires_d, histoire_t, approches de corpus_t, enquêtes_t, archives_t;Datasets/all_labels_train_gensim_sparse_matrix.npz
soziologieblog.hypotheses.org/6914;sciences sociales interdisciplinaires_d, sociologie et anthropologie_d, sociologie du travail_t, sociologie urbaine_t, sociologie de la culture_t, sociologie économique_t;Datasets/all_labels_train_gensim_sparse_matrix.npz
archive20.hypotheses.org/1658;pluridisciplinarité_d, sciences sociales interdisciplinaires_d, histoire_t, information_t, patrimoine_t, monde germanique_t;Datasets/all_labels_train_gensim_sparse_matrix.npz
archivewk1.hypotheses.org/28086;histoire_d, époque contemporaine_t, 1914-1918_t;Datasets/all_labels_train_gensim_sparse_matrix.npz
archivalia.hypotheses.org/5598;histoire et archéologie_d, sciences sociales interdisciplinaires_d, histoire_t, approches de corpus_t, enquêtes_t, archives_t;Datasets/all_labels_train_gensim_sparse_matrix.npz
archivalia.hypotheses.org/10800;histoire et archéologie_d, sciences sociales interdisciplinaires_d, histoire_t, approches de corpus_t, enquêtes_t, archives_t;Datasets/all_labels_train_gensim_sparse_matrix.npz
ordensgeschichte.hypotheses.org/5366;arts et humanités_d, humanités pluridisciplinaires_d, histoire et archéologie_d, histoire et philosophie des sciences_d, histoire_t, haut moyen âge_t, bas moyen âge_t, xviie siècle_t, xviiie siècle_t;Datasets/all_labels_train_gensim_sparse_matrix.npz
archivalia.hypotheses.org/11377;histoire et archéologie_d, sciences sociales interdisciplinaires_d, histoire_t, approches de corpus_t, enquêtes_t, archives_t;Datasets/all_labels_train_gensim_sparse_matrix.npz
filmeditio.hypotheses.org/267;arts_d, humanités pluridisciplinaires_d, édition électronique_t, histoire et sociologie des médias_t, patrimoine_t, études visuelles_t;Datasets/all_labels_train_gensim_sparse_matrix.npz
edit.hypotheses.org/57;sciences de l'information et bibliothéconomie_d, édition électronique_t, vie de la recherche_t, méthodes de traitement et de représentation_t, digital humanities_t;Datasets/all_labels_train_gensim_sparse_matrix.npz
archivlinz.hypotheses.org/623;histoire et archéologie_d, histoire_d, histoire urbaine_t, 1914-1918_t, monde germanique_t;Datasets/all_labels_train_gensim_sparse_matrix.npz
archivalia.hypotheses.org/2188;histoire et archéologie_d, sciences sociales interdisciplinaires_d, histoire_t, approches de corpus_t, enquêtes_t, archives_t;Datasets/all_labels_train_gensim_sparse_matrix.npz
archivewk1.hypotheses.org/22897;histoire_d, époque contemporaine_t, 1914-1918_t;Datasets/all_labels_train_gensim_sparse_matrix.npz
games.hypotheses.org/973;arts et humanités_d, humanités pluridisciplinaires_d, psychologie expérimentale_d, sciences cognitives_t, psychisme_t, psychologie_t, représentations_t, histoire de l'art_t, études visuelles_t;Datasets/all_labels_train_gensim_sparse_matrix.npz
medienbildung.hypotheses.org/8084;éducation_d, éducation spécialisée_d, travail social_d, sociologie_t, édition électronique_t, histoire et sociologie des médias_t, éducation_t;Datasets/all_labels_train_gensim_sparse_matrix.npz
hofkultur.hypotheses.org/393;arts et humanités_d, histoire_d, histoire sociale_t, histoire culturelle_t, histoire de l'art_t;Datasets/all_labels_train_gensim_sparse_matrix.npz
dhiha.hypotheses.org/560;arts et humanités_d, humanités pluridisciplinaires_d, pluridisciplinarité_d, histoire_t, information_t, sciences de l'information_t, édition électronique_t, digital humanities_t;Datasets/all_labels_train_gensim_sparse_matrix.npz
dhtg.hypotheses.org/298;histoire et archéologie_d, sciences de l'information et de la communication_d, bibliothéconomie_d, histoire_t, sciences de l'information_t, 1939-1945_t, 1945-1989_t;Datasets/all_labels_train_gensim_sparse_matrix.npz
archivewk1.hypotheses.org/26251;histoire_d, époque contemporaine_t, 1914-1918_t;Datasets/all_labels_train_gensim_sparse_matrix.npz
frueheneuzeit.hypotheses.org/843;histoire et archéologie_d, histoire_t, époque moderne_t, xviie siècle_t, xviiie siècle_t, révolution française_t;Datasets/all_labels_train_gensim_sparse_matrix.npz
archivalia.hypotheses.org/59284;histoire et archéologie_d, sciences sociales interdisciplinaires_d, histoire_t, approches de corpus_t, enquêtes_t, archives_t;Datasets/all_labels_train_gensim_sparse_matrix.npz
archivalia.hypotheses.org/11468;histoire et archéologie_d, sciences sociales interdisciplinaires_d, histoire_t, approches de corpus_t, enquêtes_t, archives_t;Datasets/all_labels_train_gensim_sparse_matrix.npz
archivalia.hypotheses.org/2055;histoire et archéologie_d, sciences sociales interdisciplinaires_d, histoire_t, approches de corpus_t, enquêtes_t, archives_t;Datasets/all_labels_train_gensim_sparse_matrix.npz
archive20.hypotheses.org/1821;pluridisciplinarité_d, sciences sociales interdisciplinaires_d, histoire_t, information_t, patrimoine_t, monde germanique_t;Datasets/all_labels_train_gensim_sparse_matrix.npz
lvrafz.hypotheses.org/1809;pluridisciplinarité_d, information_t;Datasets/all_labels_train_gensim_sparse_matrix.npz
archivalia.hypotheses.org/9356;histoire et archéologie_d, sciences sociales interdisciplinaires_d, histoire_t, approches de corpus_t, enquêtes_t, archives_t;Datasets/all_labels_train_gensim_sparse_matrix.npz
wwc.hypotheses.org/1558;humanités pluridisciplinaires_d, pluridisciplinarité_d, études régionales_d, relations internationales_t, information_t, représentations_t;Datasets/all_labels_train_gensim_sparse_matrix.npz
archivalia.hypotheses.org/12926;histoire et archéologie_d, sciences sociales interdisciplinaires_d, histoire_t, approches de corpus_t, enquêtes_t, archives_t;Datasets/all_labels_train_gensim_sparse_matrix.npz
archivewk1.hypotheses.org/1129;histoire_d, époque contemporaine_t, 1914-1918_t;Datasets/all_labels_train_gensim_sparse_matrix.npz
geschichtsadmin.hypotheses.org/1;éducation_d, histoire_d, sociologie du travail_t, histoire_t;Datasets/all_labels_train_gensim_sparse_matrix.npz
archivewk1.hypotheses.org/17613;histoire_d, époque contemporaine_t, 1914-1918_t;Datasets/all_labels_train_gensim_sparse_matrix.npz
archivalia.hypotheses.org/8363;histoire et archéologie_d, sciences sociales interdisciplinaires_d, histoire_t, approches de corpus_t, enquêtes_t, archives_t;Datasets/all_labels_train_gensim_sparse_matrix.npz
scriptorium.hypotheses.org/320;humanités pluridisciplinaires_d, pluridisciplinarité_d, digital humanities_t, moyen âge_t;Datasets/all_labels_train_gensim_sparse_matrix.npz
wenhua.hypotheses.org/360;études asiatiques_d, humanités pluridisciplinaires_d, histoire_d, histoire culturelle_t, asie_t;Datasets/all_labels_train_gensim_sparse_matrix.npz
dhdhi.hypotheses.org/1788;histoire et archéologie_d, histoire_t, épistémologie et méthodes_t, digital humanities_t;Datasets/all_labels_train_gensim_sparse_matrix.npz
archivalia.hypotheses.org/6648;histoire et archéologie_d, sciences sociales interdisciplinaires_d, histoire_t, approches de corpus_t, enquêtes_t, archives_t;Datasets/all_labels_train_gensim_sparse_matrix.npz
archivalia.hypotheses.org/57877;histoire et archéologie_d, sciences sociales interdisciplinaires_d, histoire_t, approches de corpus_t, enquêtes_t, archives_t;Datasets/all_labels_train_gensim_sparse_matrix.npz
medienbildung.hypotheses.org/1493;éducation_d, éducation spécialisée_d, travail social_d, sociologie_t, édition électronique_t, histoire et sociologie des médias_t, éducation_t;Datasets/all_labels_train_gensim_sparse_matrix.npz
amuc.hypotheses.org/1430;humanités pluridisciplinaires_d, histoire_d, histoire_t, représentations_t, patrimoine_t;Datasets/all_labels_train_gensim_sparse_matrix.npz
archivewk1.hypotheses.org/10691;histoire_d, époque contemporaine_t, 1914-1918_t;Datasets/all_labels_train_gensim_sparse_matrix.npz
archivamt.hypotheses.org/2895;communication_d, pluridisciplinarité_d, sciences sociales interdisciplinaires_d, information_t, sciences de l'information_t, représentations_t, patrimoine_t;Datasets/all_labels_train_gensim_sparse_matrix.npz
archivalia.hypotheses.org/1779;histoire et archéologie_d, sciences sociales interdisciplinaires_d, histoire_t, approches de corpus_t, enquêtes_t, archives_t;Datasets/all_labels_train_gensim_sparse_matrix.npz
histbav.hypotheses.org/3891;humanités pluridisciplinaires_d, histoire_d, pluridisciplinarité_d, histoire_t, monde germanique_t;Datasets/all_labels_train_gensim_sparse_matrix.npz
medienbildung.hypotheses.org/7833;éducation_d, éducation spécialisée_d, travail social_d, sociologie_t, édition électronique_t, histoire et sociologie des médias_t, éducation_t;Datasets/all_labels_train_gensim_sparse_matrix.npz
archivewk1.hypotheses.org/26214;histoire_d, époque contemporaine_t, 1914-1918_t;Datasets/all_labels_train_gensim_sparse_matrix.npz
archivalia.hypotheses.org/9703;histoire et archéologie_d, sciences sociales interdisciplinaires_d, histoire_t, approches de corpus_t, enquêtes_t, archives_t;Datasets/all_labels_train_gensim_sparse_matrix.npz
erinnerung.hypotheses.org/553;histoire et archéologie_d, histoire_t, xxe siècle_t, prospectives_t, europe_t;Datasets/all_labels_train_gensim_sparse_matrix.npz
archivewk1.hypotheses.org/35103;histoire_d, époque contemporaine_t, 1914-1918_t;Datasets/all_labels_train_gensim_sparse_matrix.npz
archivalia.hypotheses.org/10413;histoire et archéologie_d, sciences sociales interdisciplinaires_d, histoire_t, approches de corpus_t, enquêtes_t, archives_t;Datasets/all_labels_train_gensim_sparse_matrix.npz
lvrafz.hypotheses.org/1910;pluridisciplinarité_d, information_t;Datasets/all_labels_train_gensim_sparse_matrix.npz
catholiccultures.hypotheses.org/107;histoire et archéologie_d, histoire des sciences sociales_d, sciences sociales interdisciplinaires_d, sociologie et anthropologie_d, histoire_t, histoire sociale_t, histoire des religions_t, époque moderne_t;Datasets/all_labels_train_gensim_sparse_matrix.npz
archivalia.hypotheses.org/11251;histoire et archéologie_d, sciences sociales interdisciplinaires_d, histoire_t, approches de corpus_t, enquêtes_t, archives_t;Datasets/all_labels_train_gensim_sparse_matrix.npz
mittelalter.hypotheses.org/9439;humanités pluridisciplinaires_d, religions_d, histoire_d, sociologie_d, histoire_t, histoire sociale_t, histoire intellectuelle_t, moyen âge_t, haut moyen âge_t, bas moyen âge_t;Datasets/all_labels_train_gensim_sparse_matrix.npz
archivalia.hypotheses.org/13966;histoire et archéologie_d, sciences sociales interdisciplinaires_d, histoire_t, approches de corpus_t, enquêtes_t, archives_t;Datasets/all_labels_train_gensim_sparse_matrix.npz
maxweber.hypotheses.org/875;humanités pluridisciplinaires_d, histoire et archéologie_d, histoire et philosophie des sciences_d, sociologie et anthropologie_d, histoire sociale_t, histoire intellectuelle_t, sociologie des religions_t, vie de la recherche_t;Datasets/all_labels_train_gensim_sparse_matrix.npz
gewalt.hypotheses.org/303;sciences politiques_d, sociologie_d, sociologie_t, sociologie urbaine_t, anthropologie politique_t, histoire urbaine_t, guerres_t, conflits_t, violence_t;Datasets/all_labels_train_gensim_sparse_matrix.npz
archivalia.hypotheses.org/5578;histoire et archéologie_d, sciences sociales interdisciplinaires_d, histoire_t, approches de corpus_t, enquêtes_t, archives_t;Datasets/all_labels_train_gensim_sparse_matrix.npz
histbav.hypotheses.org/2011;humanités pluridisciplinaires_d, histoire_d, pluridisciplinarité_d, histoire_t, monde germanique_t;Datasets/all_labels_train_gensim_sparse_matrix.npz
fortifica.hypotheses.org/1414;histoire et archéologie_d, histoire_d, histoire urbaine_t, xvie siècle_t, xviie siècle_t, xviiie siècle_t;Datasets/all_labels_train_gensim_sparse_matrix.npz
histbav.hypotheses.org/2300;humanités pluridisciplinaires_d, histoire_d, pluridisciplinarité_d, histoire_t, monde germanique_t;Datasets/all_labels_train_gensim_sparse_matrix.npz
dighist.hypotheses.org/51;histoire_d, sciences sociales interdisciplinaires_d, études sur la famille_d, sociologie_d, histoire urbaine_t, histoire sociale_t, europe centrale et orientale_t;Datasets/all_labels_train_gensim_sparse_matrix.npz
archivewk1.hypotheses.org/29504;histoire_d, époque contemporaine_t, 1914-1918_t;Datasets/all_labels_train_gensim_sparse_matrix.npz
archivalia.hypotheses.org/861;histoire et archéologie_d, sciences sociales interdisciplinaires_d, histoire_t, approches de corpus_t, enquêtes_t, archives_t;Datasets/all_labels_train_gensim_sparse_matrix.npz
gab.hypotheses.org/1216;histoire et archéologie_d, pluridisciplinarité_d, sciences sociales interdisciplinaires_d, études des sciences_t, sociologie des sciences_t, histoire_t;Datasets/all_labels_train_gensim_sparse_matrix.npz
archivalia.hypotheses.org/7177;histoire et archéologie_d, sciences sociales interdisciplinaires_d, histoire_t, approches de corpus_t, enquêtes_t, archives_t;Datasets/all_labels_train_gensim_sparse_matrix.npz
archivalia.hypotheses.org/3800;histoire et archéologie_d, sciences sociales interdisciplinaires_d, histoire_t, approches de corpus_t, enquêtes_t, archives_t;Datasets/all_labels_train_gensim_sparse_matrix.npz
archivalia.hypotheses.org/14672;histoire et archéologie_d, sciences sociales interdisciplinaires_d, histoire_t, approches de corpus_t, enquêtes_t, archives_t;Datasets/all_labels_train_gensim_sparse_matrix.npz
archivalia.hypotheses.org/8586;histoire et archéologie_d, sciences sociales interdisciplinaires_d, histoire_t, approches de corpus_t, enquêtes_t, archives_t;Datasets/all_labels_train_gensim_sparse_matrix.npz
archivalia.hypotheses.org/5547;histoire et archéologie_d, sciences sociales interdisciplinaires_d, histoire_t, approches de corpus_t, enquêtes_t, archives_t;Datasets/all_labels_train_gensim_sparse_matrix.npz
1914lvr.hypotheses.org/1225;sciences politiques_d, histoire_t, époque contemporaine_t, 1914-1918_t;Datasets/all_labels_train_gensim_sparse_matrix.npz
archivalia.hypotheses.org/58761;histoire et archéologie_d, sciences sociales interdisciplinaires_d, histoire_t, approches de corpus_t, enquêtes_t, archives_t;Datasets/all_labels_train_gensim_sparse_matrix.npz
archivalia.hypotheses.org/9051;histoire et archéologie_d, sciences sociales interdisciplinaires_d, histoire_t, approches de corpus_t, enquêtes_t, archives_t;Datasets/all_labels_train_gensim_sparse_matrix.npz
dkblog.hypotheses.org/1020;histoire_d, histoire_t, époque moderne_t, xviie siècle_t;Datasets/all_labels_train_gensim_sparse_matrix.npz
gid.hypotheses.org/1392;pluridisciplinarité_d, sciences sociales interdisciplinaires_d, études des sciences_t, histoire des sciences_t, pensée_t, histoire intellectuelle_t, histoire culturelle_t, prospectives_t;Datasets/all_labels_train_gensim_sparse_matrix.npz
trafo.hypotheses.org/3845;pluridisciplinarité_d, sciences sociales interdisciplinaires_d, études régionales_d, sociologie_t, sociologie des religions_t, information_t, histoire culturelle_t;Datasets/all_labels_train_gensim_sparse_matrix.npz
archivewk1.hypotheses.org/14320;histoire_d, époque contemporaine_t, 1914-1918_t;Datasets/all_labels_train_gensim_sparse_matrix.npz
archivalia.hypotheses.org/12428;histoire et archéologie_d, sciences sociales interdisciplinaires_d, histoire_t, approches de corpus_t, enquêtes_t, archives_t;Datasets/all_labels_train_gensim_sparse_matrix.npz
dkblog.hypotheses.org/151;histoire_d, histoire_t, époque moderne_t, xviie siècle_t;Datasets/all_labels_train_gensim_sparse_matrix.npz
archivamt.hypotheses.org/4659;communication_d, pluridisciplinarité_d, sciences sociales interdisciplinaires_d, information_t, sciences de l'information_t, représentations_t, patrimoine_t;Datasets/all_labels_train_gensim_sparse_matrix.npz
amuc.hypotheses.org/1890;humanités pluridisciplinaires_d, histoire_d, histoire_t, représentations_t, patrimoine_t;Datasets/all_labels_train_gensim_sparse_matrix.npz
histbav.hypotheses.org/1990;humanités pluridisciplinaires_d, histoire_d, pluridisciplinarité_d, histoire_t, monde germanique_t;Datasets/all_labels_train_gensim_sparse_matrix.npz
medienbildung.hypotheses.org/5937;éducation_d, éducation spécialisée_d, travail social_d, sociologie_t, édition électronique_t, histoire et sociologie des médias_t, éducation_t;Datasets/all_labels_train_gensim_sparse_matrix.npz
fnzinfo.hypotheses.org/734;arts et humanités_d, musique_d, histoire et archéologie_d, histoire_t, xvie siècle_t, xviie siècle_t, xviiie siècle_t, révolution française_t;Datasets/all_labels_train_gensim_sparse_matrix.npz
archivalia.hypotheses.org/13668;histoire et archéologie_d, sciences sociales interdisciplinaires_d, histoire_t, approches de corpus_t, enquêtes_t, archives_t;Datasets/all_labels_train_gensim_sparse_matrix.npz
archivewk1.hypotheses.org/2316;histoire_d, époque contemporaine_t, 1914-1918_t;Datasets/all_labels_train_gensim_sparse_matrix.npz
archivalia.hypotheses.org/4269;histoire et archéologie_d, sciences sociales interdisciplinaires_d, histoire_t, approches de corpus_t, enquêtes_t, archives_t;Datasets/all_labels_train_gensim_sparse_matrix.npz
fortifica.hypotheses.org/563;histoire et archéologie_d, histoire_d, histoire urbaine_t, xvie siècle_t, xviie siècle_t, xviiie siècle_t;Datasets/all_labels_train_gensim_sparse_matrix.npz
archivalia.hypotheses.org/1011;histoire et archéologie_d, sciences sociales interdisciplinaires_d, histoire_t, approches de corpus_t, enquêtes_t, archives_t;Datasets/all_labels_train_gensim_sparse_matrix.npz
lvrafz.hypotheses.org/245;pluridisciplinarité_d, information_t;Datasets/all_labels_train_gensim_sparse_matrix.npz
archivalia.hypotheses.org/405;histoire et archéologie_d, sciences sociales interdisciplinaires_d, histoire_t, approches de corpus_t, enquêtes_t, archives_t;Datasets/all_labels_train_gensim_sparse_matrix.npz
tagebuch.hypotheses.org/102;histoire et archéologie_d, histoire_d, histoire_t, époque contemporaine_t, 1914-1918_t;Datasets/all_labels_train_gensim_sparse_matrix.npz
archivewk1.hypotheses.org/6141;histoire_d, époque contemporaine_t, 1914-1918_t;Datasets/all_labels_train_gensim_sparse_matrix.npz
inklusion.hypotheses.org/262;éducation_d, travail social et politique sociale_d, sociologie du travail_t, âges de la vie_t, information_t, sciences de l'éducation_t;Datasets/all_labels_train_gensim_sparse_matrix.npz
archivalia.hypotheses.org/4699;histoire et archéologie_d, sciences sociales interdisciplinaires_d, histoire_t, approches de corpus_t, enquêtes_t, archives_t;Datasets/all_labels_train_gensim_sparse_matrix.npz
archivewk1.hypotheses.org/23309;histoire_d, époque contemporaine_t, 1914-1918_t;Datasets/all_labels_train_gensim_sparse_matrix.npz
archivalia.hypotheses.org/10607;histoire et archéologie_d, sciences sociales interdisciplinaires_d, histoire_t, approches de corpus_t, enquêtes_t, archives_t;Datasets/all_labels_train_gensim_sparse_matrix.npz
aktenkunde.hypotheses.org/188;histoire_d, histoire_t, sciences auxiliaires de l'histoire_t;Datasets/all_labels_train_gensim_sparse_matrix.npz
archdigi.hypotheses.org/154;archéologie_d, monde germanique_t;Datasets/all_labels_train_gensim_sparse_matrix.npz
speyermemo.hypotheses.org/1912;histoire_d, pluridisciplinarité_d, sciences sociales interdisciplinaires_d, sociologie de la culture_t, histoire_t, 1939-1945_t, europe_t;Datasets/all_labels_train_gensim_sparse_matrix.npz
dhmuc.hypotheses.org/193;humanités pluridisciplinaires_d, communication_d, pluridisciplinarité_d, sciences sociales interdisciplinaires_d, études des sciences_t, édition électronique_t, digital humanities_t;Datasets/all_labels_train_gensim_sparse_matrix.npz
tagebuch.hypotheses.org/1398;histoire et archéologie_d, histoire_d, histoire_t, époque contemporaine_t, 1914-1918_t;Datasets/all_labels_train_gensim_sparse_matrix.npz
europhilomem.hypotheses.org/1970;philosophie_d, philosophie_t, histoire intellectuelle_t, xxe siècle_t, prospectives_t;Datasets/all_labels_train_gensim_sparse_matrix.npz
archivalia.hypotheses.org/3998;histoire et archéologie_d, sciences sociales interdisciplinaires_d, histoire_t, approches de corpus_t, enquêtes_t, archives_t;Datasets/all_labels_train_gensim_sparse_matrix.npz
jeunegen.hypotheses.org/1292;histoire_d, pluridisciplinarité_d, histoire_t, vie de la recherche_t, moyen âge_t, haut moyen âge_t, bas moyen âge_t;Datasets/all_labels_train_gensim_sparse_matrix.npz
wenhua.hypotheses.org/184;études asiatiques_d, humanités pluridisciplinaires_d, histoire_d, histoire culturelle_t, asie_t;Datasets/all_labels_train_gensim_sparse_matrix.npz
archivalia.hypotheses.org/10023;histoire et archéologie_d, sciences sociales interdisciplinaires_d, histoire_t, approches de corpus_t, enquêtes_t, archives_t;Datasets/all_labels_train_gensim_sparse_matrix.npz
archivewk1.hypotheses.org/21232;histoire_d, époque contemporaine_t, 1914-1918_t;Datasets/all_labels_train_gensim_sparse_matrix.npz
fnzinfo.hypotheses.org/302;arts et humanités_d, musique_d, histoire et archéologie_d, histoire_t, xvie siècle_t, xviie siècle_t, xviiie siècle_t, révolution française_t;Datasets/all_labels_train_gensim_sparse_matrix.npz
games.hypotheses.org/1102;arts et humanités_d, humanités pluridisciplinaires_d, psychologie expérimentale_d, sciences cognitives_t, psychisme_t, psychologie_t, représentations_t, histoire de l'art_t, études visuelles_t;Datasets/all_labels_train_gensim_sparse_matrix.npz
texperimentales.hypotheses.org/1026;linguistique appliquée_d, langue et linguistique_d, langage_t, linguistique_t, information_t, sciences de l'information_t, digital humanities_t;Datasets/all_labels_train_gensim_sparse_matrix.npz
archivalia.hypotheses.org/62114;histoire et archéologie_d, sciences sociales interdisciplinaires_d, histoire_t, approches de corpus_t, enquêtes_t, archives_t;Datasets/all_labels_train_gensim_sparse_matrix.npz
archivewk1.hypotheses.org/6926;histoire_d, époque contemporaine_t, 1914-1918_t;Datasets/all_labels_train_gensim_sparse_matrix.npz
dkblog.hypotheses.org/922;histoire_d, histoire_t, époque moderne_t, xviie siècle_t;Datasets/all_labels_train_gensim_sparse_matrix.npz
hoyerswerda.hypotheses.org/94;arts et humanités_d, histoire_d, histoire urbaine_t, monde germanique_t;Datasets/all_labels_train_gensim_sparse_matrix.npz
barblog.hypotheses.org/1034;sciences sociales interdisciplinaires_d, sciences politiques_d, sociologie_d, anthropologie politique_t;Datasets/all_labels_train_gensim_sparse_matrix.npz
archivalia.hypotheses.org/5706;histoire et archéologie_d, sciences sociales interdisciplinaires_d, histoire_t, approches de corpus_t, enquêtes_t, archives_t;Datasets/all_labels_train_gensim_sparse_matrix.npz
zakunibonn.hypotheses.org/153;histoire_d, psychologie_d, histoire_t, psychisme_t, psychologie_t, méthodes de traitement et de représentation_t, monde germanique_t;Datasets/all_labels_train_gensim_sparse_matrix.npz
gewalt.hypotheses.org/557;sciences politiques_d, sociologie_d, sociologie_t, sociologie urbaine_t, anthropologie politique_t, histoire urbaine_t, guerres_t, conflits_t, violence_t;Datasets/all_labels_train_gensim_sparse_matrix.npz
wwc.hypotheses.org/187;humanités pluridisciplinaires_d, pluridisciplinarité_d, études régionales_d, relations internationales_t, information_t, représentations_t;Datasets/all_labels_train_gensim_sparse_matrix.npz
archivalia.hypotheses.org/7142;histoire et archéologie_d, sciences sociales interdisciplinaires_d, histoire_t, approches de corpus_t, enquêtes_t, archives_t;Datasets/all_labels_train_gensim_sparse_matrix.npz
wenhua.hypotheses.org/715;études asiatiques_d, humanités pluridisciplinaires_d, histoire_d, histoire culturelle_t, asie_t;Datasets/all_labels_train_gensim_sparse_matrix.npz
archivalia.hypotheses.org/6642;histoire et archéologie_d, sciences sociales interdisciplinaires_d, histoire_t, approches de corpus_t, enquêtes_t, archives_t;Datasets/all_labels_train_gensim_sparse_matrix.npz
mindthegaps.hypotheses.org/1933;études asiatiques_d, histoire_d, histoire_t, histoire culturelle_t, asie_t, chine_t;Datasets/all_labels_train_gensim_sparse_matrix.npz
lvrafz.hypotheses.org/2191;pluridisciplinarité_d, information_t;Datasets/all_labels_train_gensim_sparse_matrix.npz
archivalia.hypotheses.org/14630;histoire et archéologie_d, sciences sociales interdisciplinaires_d, histoire_t, approches de corpus_t, enquêtes_t, archives_t;Datasets/all_labels_train_gensim_sparse_matrix.npz
lvrafz.hypotheses.org/164;pluridisciplinarité_d, information_t;Datasets/all_labels_train_gensim_sparse_matrix.npz
histbav.hypotheses.org/1521;humanités pluridisciplinaires_d, histoire_d, pluridisciplinarité_d, histoire_t, monde germanique_t;Datasets/all_labels_train_gensim_sparse_matrix.npz
archivalia.hypotheses.org/61614;histoire et archéologie_d, sciences sociales interdisciplinaires_d, histoire_t, approches de corpus_t, enquêtes_t, archives_t;Datasets/all_labels_train_gensim_sparse_matrix.npz
pophistory.hypotheses.org/73;humanités pluridisciplinaires_d, histoire et archéologie_d, sociologie de la culture_t, histoire sociale_t, histoire culturelle_t, époque contemporaine_t;Datasets/all_labels_train_gensim_sparse_matrix.npz
ordensgeschichte.hypotheses.org/9475;arts et humanités_d, humanités pluridisciplinaires_d, histoire et archéologie_d, histoire et philosophie des sciences_d, histoire_t, haut moyen âge_t, bas moyen âge_t, xviie siècle_t, xviiie siècle_t;Datasets/all_labels_train_gensim_sparse_matrix.npz
archivewk1.hypotheses.org/1825;histoire_d, époque contemporaine_t, 1914-1918_t;Datasets/all_labels_train_gensim_sparse_matrix.npz
lvrafz.hypotheses.org/1035;pluridisciplinarité_d, information_t;Datasets/all_labels_train_gensim_sparse_matrix.npz
archivalia.hypotheses.org/9473;histoire et archéologie_d, sciences sociales interdisciplinaires_d, histoire_t, approches de corpus_t, enquêtes_t, archives_t;Datasets/all_labels_train_gensim_sparse_matrix.npz
tagebuch.hypotheses.org/684;histoire et archéologie_d, histoire_d, histoire_t, époque contemporaine_t, 1914-1918_t;Datasets/all_labels_train_gensim_sparse_matrix.npz
archivalia.hypotheses.org/57102;histoire et archéologie_d, sciences sociales interdisciplinaires_d, histoire_t, approches de corpus_t, enquêtes_t, archives_t;Datasets/all_labels_train_gensim_sparse_matrix.npz
hofkultur.hypotheses.org/123;arts et humanités_d, histoire_d, histoire sociale_t, histoire culturelle_t, histoire de l'art_t;Datasets/all_labels_train_gensim_sparse_matrix.npz
archives.hypotheses.org/638;histoire_d, communication_d, patrimoine_t, digital humanities_t, moyen âge_t, époque moderne_t, france_t, monde germanique_t;Datasets/all_labels_train_gensim_sparse_matrix.npz
histbav.hypotheses.org/3302;humanités pluridisciplinaires_d, histoire_d, pluridisciplinarité_d, histoire_t, monde germanique_t;Datasets/all_labels_train_gensim_sparse_matrix.npz
europhilomem.hypotheses.org/2378;philosophie_d, philosophie_t, histoire intellectuelle_t, xxe siècle_t, prospectives_t;Datasets/all_labels_train_gensim_sparse_matrix.npz
zakunibonn.hypotheses.org/997;histoire_d, psychologie_d, histoire_t, psychisme_t, psychologie_t, méthodes de traitement et de représentation_t, monde germanique_t;Datasets/all_labels_train_gensim_sparse_matrix.npz
archivalia.hypotheses.org/54698;histoire et archéologie_d, sciences sociales interdisciplinaires_d, histoire_t, approches de corpus_t, enquêtes_t, archives_t;Datasets/all_labels_train_gensim_sparse_matrix.npz
archivamt.hypotheses.org/81;communication_d, pluridisciplinarité_d, sciences sociales interdisciplinaires_d, information_t, sciences de l'information_t, représentations_t, patrimoine_t;Datasets/all_labels_train_gensim_sparse_matrix.npz
archivalia.hypotheses.org/8020;histoire et archéologie_d, sciences sociales interdisciplinaires_d, histoire_t, approches de corpus_t, enquêtes_t, archives_t;Datasets/all_labels_train_gensim_sparse_matrix.npz
redaktionsblog.hypotheses.org/1749;arts et humanités_d, humanités pluridisciplinaires_d, épistémologie et méthodes_t, digital humanities_t;Datasets/all_labels_train_gensim_sparse_matrix.npz
archivalia.hypotheses.org/12134;histoire et archéologie_d, sciences sociales interdisciplinaires_d, histoire_t, approches de corpus_t, enquêtes_t, archives_t;Datasets/all_labels_train_gensim_sparse_matrix.npz
mittelalter.hypotheses.org/8787;humanités pluridisciplinaires_d, religions_d, histoire_d, sociologie_d, histoire_t, histoire sociale_t, histoire intellectuelle_t, moyen âge_t, haut moyen âge_t, bas moyen âge_t;Datasets/all_labels_train_gensim_sparse_matrix.npz
tagebuch.hypotheses.org/901;histoire et archéologie_d, histoire_d, histoire_t, époque contemporaine_t, 1914-1918_t;Datasets/all_labels_train_gensim_sparse_matrix.npz
historischdenken.hypotheses.org/2874;histoire et archéologie_d, histoire_t;Datasets/all_labels_train_gensim_sparse_matrix.npz
ordensgeschichte.hypotheses.org/5018;arts et humanités_d, humanités pluridisciplinaires_d, histoire et archéologie_d, histoire et philosophie des sciences_d, histoire_t, haut moyen âge_t, bas moyen âge_t, xviie siècle_t, xviiie siècle_t;Datasets/all_labels_train_gensim_sparse_matrix.npz
bioeg.hypotheses.org/1114;histoire et archéologie_d, histoire_d, histoire_t, sciences auxiliaires de l'histoire_t, europe centrale et orientale_t, monde germanique_t;Datasets/all_labels_train_gensim_sparse_matrix.npz
archivalia.hypotheses.org/6959;histoire et archéologie_d, sciences sociales interdisciplinaires_d, histoire_t, approches de corpus_t, enquêtes_t, archives_t;Datasets/all_labels_train_gensim_sparse_matrix.npz
19jhdhip.hypotheses.org/1769;histoire_d, époque contemporaine_t, prospectives_t, france_t, monde germanique_t;Datasets/all_labels_train_gensim_sparse_matrix.npz
bereschitrabba.hypotheses.org/836;arts et humanités_d, religions_d, langue et linguistique_d, religions_t, histoire des religions_t;Datasets/all_labels_train_gensim_sparse_matrix.npz
archivalia.hypotheses.org/52705;histoire et archéologie_d, sciences sociales interdisciplinaires_d, histoire_t, approches de corpus_t, enquêtes_t, archives_t;Datasets/all_labels_train_gensim_sparse_matrix.npz
jeunegen.hypotheses.org/1794;histoire_d, pluridisciplinarité_d, histoire_t, vie de la recherche_t, moyen âge_t, haut moyen âge_t, bas moyen âge_t;Datasets/all_labels_train_gensim_sparse_matrix.npz
archivewk1.hypotheses.org/10645;histoire_d, époque contemporaine_t, 1914-1918_t;Datasets/all_labels_train_gensim_sparse_matrix.npz
heraldica.hypotheses.org/3146;histoire_d, histoire_t, historiographie_t, sciences auxiliaires de l'histoire_t, moyen âge_t, haut moyen âge_t;Datasets/all_labels_train_gensim_sparse_matrix.npz
studpro.hypotheses.org/450;histoire_d, histoire_t, époque moderne_t, xviie siècle_t, xviiie siècle_t;Datasets/all_labels_train_gensim_sparse_matrix.npz
lvrafz.hypotheses.org/367;pluridisciplinarité_d, information_t;Datasets/all_labels_train_gensim_sparse_matrix.npz
archivamt.hypotheses.org/662;communication_d, pluridisciplinarité_d, sciences sociales interdisciplinaires_d, information_t, sciences de l'information_t, représentations_t, patrimoine_t;Datasets/all_labels_train_gensim_sparse_matrix.npz
mgtud.hypotheses.org/57;humanités pluridisciplinaires_d, éducation_d, histoire et archéologie_d, histoire_d, histoire_t, histoire urbaine_t, édition électronique_t;Datasets/all_labels_train_gensim_sparse_matrix.npz
merzdadaco.hypotheses.org/279;humanités pluridisciplinaires_d, littérature_d, littératures_t, représentations_t, histoire culturelle_t, histoire de l'art_t;Datasets/all_labels_train_gensim_sparse_matrix.npz
schotten.hypotheses.org/257;religions_d, histoire et archéologie_d, sciences de l'information et de la communication_d, bibliothéconomie_d, histoire_t, histoire des religions_t, approches de corpus_t, enquêtes_t, archives_t, monde germanique_t;Datasets/all_labels_train_gensim_sparse_matrix.npz
dss.hypotheses.org/665;arts et humanités_d, communication_d, sciences de l'information et bibliothéconomie_d, information_t, édition électronique_t, représentations_t, histoire de l'art_t, patrimoine_t, prospectives_t;Datasets/all_labels_train_gensim_sparse_matrix.npz
archivalia.hypotheses.org/60323;histoire et archéologie_d, sciences sociales interdisciplinaires_d, histoire_t, approches de corpus_t, enquêtes_t, archives_t;Datasets/all_labels_train_gensim_sparse_matrix.npz
archive20.hypotheses.org/3660;pluridisciplinarité_d, sciences sociales interdisciplinaires_d, histoire_t, information_t, patrimoine_t, monde germanique_t;Datasets/all_labels_train_gensim_sparse_matrix.npz
archivalia.hypotheses.org/61840;histoire et archéologie_d, sciences sociales interdisciplinaires_d, histoire_t, approches de corpus_t, enquêtes_t, archives_t;Datasets/all_labels_train_gensim_sparse_matrix.npz
tagebuch.hypotheses.org/1241;histoire et archéologie_d, histoire_d, histoire_t, époque contemporaine_t, 1914-1918_t;Datasets/all_labels_train_gensim_sparse_matrix.npz
archivewk1.hypotheses.org/16278;histoire_d, époque contemporaine_t, 1914-1918_t;Datasets/all_labels_train_gensim_sparse_matrix.npz
archivalia.hypotheses.org/53861;histoire et archéologie_d, sciences sociales interdisciplinaires_d, histoire_t, approches de corpus_t, enquêtes_t, archives_t;Datasets/all_labels_train_gensim_sparse_matrix.npz
texperimentales.hypotheses.org/487;linguistique appliquée_d, langue et linguistique_d, langage_t, linguistique_t, information_t, sciences de l'information_t, digital humanities_t;Datasets/all_labels_train_gensim_sparse_matrix.npz
kinder.hypotheses.org/222;éducation et sciences de l'éducation_d, études sur la famille_d, âges de la vie_t, sciences de l'éducation_t;Datasets/all_labels_train_gensim_sparse_matrix.npz
archivewk1.hypotheses.org/29315;histoire_d, époque contemporaine_t, 1914-1918_t;Datasets/all_labels_train_gensim_sparse_matrix.npz
ordensgeschichte.hypotheses.org/4621;arts et humanités_d, humanités pluridisciplinaires_d, histoire et archéologie_d, histoire et philosophie des sciences_d, histoire_t, haut moyen âge_t, bas moyen âge_t, xviie siècle_t, xviiie siècle_t;Datasets/all_labels_train_gensim_sparse_matrix.npz
tagebuch.hypotheses.org/787;histoire et archéologie_d, histoire_d, histoire_t, époque contemporaine_t, 1914-1918_t;Datasets/all_labels_train_gensim_sparse_matrix.npz
1914lvr.hypotheses.org/1344;sciences politiques_d, histoire_t, époque contemporaine_t, 1914-1918_t;Datasets/all_labels_train_gensim_sparse_matrix.npz
amuc.hypotheses.org/304;humanités pluridisciplinaires_d, histoire_d, histoire_t, représentations_t, patrimoine_t;Datasets/all_labels_train_gensim_sparse_matrix.npz
archivewk1.hypotheses.org/27902;histoire_d, époque contemporaine_t, 1914-1918_t;Datasets/all_labels_train_gensim_sparse_matrix.npz
historischdenken.hypotheses.org/2968;histoire et archéologie_d, histoire_t;Datasets/all_labels_train_gensim_sparse_matrix.npz
histbav.hypotheses.org/4519;humanités pluridisciplinaires_d, histoire_d, pluridisciplinarité_d, histoire_t, monde germanique_t;Datasets/all_labels_train_gensim_sparse_matrix.npz
wwc.hypotheses.org/390;humanités pluridisciplinaires_d, pluridisciplinarité_d, études régionales_d, relations internationales_t, information_t, représentations_t;Datasets/all_labels_train_gensim_sparse_matrix.npz
soziologieblog.hypotheses.org/8034;sciences sociales interdisciplinaires_d, sociologie et anthropologie_d, sociologie du travail_t, sociologie urbaine_t, sociologie de la culture_t, sociologie économique_t;Datasets/all_labels_train_gensim_sparse_matrix.npz
gra.hypotheses.org/2143;arts et humanités_d, communication_d, sciences de l'information et bibliothéconomie_d, représentations_t, histoire culturelle_t, histoire de l'art_t, études visuelles_t;Datasets/all_labels_train_gensim_sparse_matrix.npz
archivalia.hypotheses.org/2944;histoire et archéologie_d, sciences sociales interdisciplinaires_d, histoire_t, approches de corpus_t, enquêtes_t, archives_t;Datasets/all_labels_train_gensim_sparse_matrix.npz
naps.hypotheses.org/807;histoire_d, histoire_t, épistémologie et méthodes_t, approches de corpus_t, enquêtes_t, archives_t, prospectives_t, france_t, monde germanique_t;Datasets/all_labels_train_gensim_sparse_matrix.npz
archivalia.hypotheses.org/9930;histoire et archéologie_d, sciences sociales interdisciplinaires_d, histoire_t, approches de corpus_t, enquêtes_t, archives_t;Datasets/all_labels_train_gensim_sparse_matrix.npz
archivalia.hypotheses.org/14300;histoire et archéologie_d, sciences sociales interdisciplinaires_d, histoire_t, approches de corpus_t, enquêtes_t, archives_t;Datasets/all_labels_train_gensim_sparse_matrix.npz
texperimentales.hypotheses.org/75;linguistique appliquée_d, langue et linguistique_d, langage_t, linguistique_t, information_t, sciences de l'information_t, digital humanities_t;Datasets/all_labels_train_gensim_sparse_matrix.npz
hoyerswerda.hypotheses.org/135;arts et humanités_d, histoire_d, histoire urbaine_t, monde germanique_t;Datasets/all_labels_train_gensim_sparse_matrix.npz
archivewk1.hypotheses.org/15127;histoire_d, époque contemporaine_t, 1914-1918_t;Datasets/all_labels_train_gensim_sparse_matrix.npz
archivewk1.hypotheses.org/17858;histoire_d, époque contemporaine_t, 1914-1918_t;Datasets/all_labels_train_gensim_sparse_matrix.npz
archivewk1.hypotheses.org/26263;histoire_d, époque contemporaine_t, 1914-1918_t;Datasets/all_labels_train_gensim_sparse_matrix.npz
dgl.hypotheses.org/824;éducation spécialisée_d, histoire_d, histoire_t, histoire et sociologie des médias_t, éducation_t;Datasets/all_labels_train_gensim_sparse_matrix.npz
soziologieblog.hypotheses.org/6722;sciences sociales interdisciplinaires_d, sociologie et anthropologie_d, sociologie du travail_t, sociologie urbaine_t, sociologie de la culture_t, sociologie économique_t;Datasets/all_labels_train_gensim_sparse_matrix.npz
ordensgeschichte.hypotheses.org/10763;arts et humanités_d, humanités pluridisciplinaires_d, histoire et archéologie_d, histoire et philosophie des sciences_d, histoire_t, haut moyen âge_t, bas moyen âge_t, xviie siècle_t, xviiie siècle_t;Datasets/all_labels_train_gensim_sparse_matrix.npz
archivalia.hypotheses.org/14544;histoire et archéologie_d, sciences sociales interdisciplinaires_d, histoire_t, approches de corpus_t, enquêtes_t, archives_t;Datasets/all_labels_train_gensim_sparse_matrix.npz
archivalia.hypotheses.org/4471;histoire et archéologie_d, sciences sociales interdisciplinaires_d, histoire_t, approches de corpus_t, enquêtes_t, archives_t;Datasets/all_labels_train_gensim_sparse_matrix.npz
mittelalter.hypotheses.org/9375;humanités pluridisciplinaires_d, religions_d, histoire_d, sociologie_d, histoire_t, histoire sociale_t, histoire intellectuelle_t, moyen âge_t, haut moyen âge_t, bas moyen âge_t;Datasets/all_labels_train_gensim_sparse_matrix.npz
archivalia.hypotheses.org/7575;histoire et archéologie_d, sciences sociales interdisciplinaires_d, histoire_t, approches de corpus_t, enquêtes_t, archives_t;Datasets/all_labels_train_gensim_sparse_matrix.npz
archives.hypotheses.org/844;histoire_d, communication_d, patrimoine_t, digital humanities_t, moyen âge_t, époque moderne_t, france_t, monde germanique_t;Datasets/all_labels_train_gensim_sparse_matrix.npz
histbav.hypotheses.org/705;humanités pluridisciplinaires_d, histoire_d, pluridisciplinarité_d, histoire_t, monde germanique_t;Datasets/all_labels_train_gensim_sparse_matrix.npz
archivewk1.hypotheses.org/20141;histoire_d, époque contemporaine_t, 1914-1918_t;Datasets/all_labels_train_gensim_sparse_matrix.npz
archivalia.hypotheses.org/13737;histoire et archéologie_d, sciences sociales interdisciplinaires_d, histoire_t, approches de corpus_t, enquêtes_t, archives_t;Datasets/all_labels_train_gensim_sparse_matrix.npz
archivalia.hypotheses.org/10289;histoire et archéologie_d, sciences sociales interdisciplinaires_d, histoire_t, approches de corpus_t, enquêtes_t, archives_t;Datasets/all_labels_train_gensim_sparse_matrix.npz
archivalia.hypotheses.org/9521;histoire et archéologie_d, sciences sociales interdisciplinaires_d, histoire_t, approches de corpus_t, enquêtes_t, archives_t;Datasets/all_labels_train_gensim_sparse_matrix.npz
archivalia.hypotheses.org/7331;histoire et archéologie_d, sciences sociales interdisciplinaires_d, histoire_t, approches de corpus_t, enquêtes_t, archives_t;Datasets/all_labels_train_gensim_sparse_matrix.npz
soziologieblog.hypotheses.org/9460;sciences sociales interdisciplinaires_d, sociologie et anthropologie_d, sociologie du travail_t, sociologie urbaine_t, sociologie de la culture_t, sociologie économique_t;Datasets/all_labels_train_gensim_sparse_matrix.npz
nordichistoryblog.hypotheses.org/639;arts et humanités_d, histoire et archéologie_d, histoire_t, édition électronique_t, vie de la recherche_t, approches de corpus_t, enquêtes_t, archives_t, europe_t, pays baltes et scandinaves_t;Datasets/all_labels_train_gensim_sparse_matrix.npz
archivalia.hypotheses.org/8861;histoire et archéologie_d, sciences sociales interdisciplinaires_d, histoire_t, approches de corpus_t, enquêtes_t, archives_t;Datasets/all_labels_train_gensim_sparse_matrix.npz
histbav.hypotheses.org/4490;humanités pluridisciplinaires_d, histoire_d, pluridisciplinarité_d, histoire_t, monde germanique_t;Datasets/all_labels_train_gensim_sparse_matrix.npz
gab.hypotheses.org/1033;histoire et archéologie_d, pluridisciplinarité_d, sciences sociales interdisciplinaires_d, études des sciences_t, sociologie des sciences_t, histoire_t;Datasets/all_labels_train_gensim_sparse_matrix.npz
archivalia.hypotheses.org/2356;histoire et archéologie_d, sciences sociales interdisciplinaires_d, histoire_t, approches de corpus_t, enquêtes_t, archives_t;Datasets/all_labels_train_gensim_sparse_matrix.npz
ordensgeschichte.hypotheses.org/7072;arts et humanités_d, humanités pluridisciplinaires_d, histoire et archéologie_d, histoire et philosophie des sciences_d, histoire_t, haut moyen âge_t, bas moyen âge_t, xviie siècle_t, xviiie siècle_t;Datasets/all_labels_train_gensim_sparse_matrix.npz
archivalia.hypotheses.org/11844;histoire et archéologie_d, sciences sociales interdisciplinaires_d, histoire_t, approches de corpus_t, enquêtes_t, archives_t;Datasets/all_labels_train_gensim_sparse_matrix.npz
archivalia.hypotheses.org/10195;histoire et archéologie_d, sciences sociales interdisciplinaires_d, histoire_t, approches de corpus_t, enquêtes_t, archives_t;Datasets/all_labels_train_gensim_sparse_matrix.npz
archivalia.hypotheses.org/9292;histoire et archéologie_d, sciences sociales interdisciplinaires_d, histoire_t, approches de corpus_t, enquêtes_t, archives_t;Datasets/all_labels_train_gensim_sparse_matrix.npz
archivewk1.hypotheses.org/10769;histoire_d, époque contemporaine_t, 1914-1918_t;Datasets/all_labels_train_gensim_sparse_matrix.npz
schotten.hypotheses.org/718;religions_d, histoire et archéologie_d, sciences de l'information et de la communication_d, bibliothéconomie_d, histoire_t, histoire des religions_t, approches de corpus_t, enquêtes_t, archives_t, monde germanique_t;Datasets/all_labels_train_gensim_sparse_matrix.npz
jeunegen.hypotheses.org/1463;histoire_d, pluridisciplinarité_d, histoire_t, vie de la recherche_t, moyen âge_t, haut moyen âge_t, bas moyen âge_t;Datasets/all_labels_train_gensim_sparse_matrix.npz
anthropologicalmaterialism.hypotheses.org/2026;sociologie_t, philosophie_t;Datasets/all_labels_train_gensim_sparse_matrix.npz
fortifica.hypotheses.org/298;histoire et archéologie_d, histoire_d, histoire urbaine_t, xvie siècle_t, xviie siècle_t, xviiie siècle_t;Datasets/all_labels_train_gensim_sparse_matrix.npz
archivalia.hypotheses.org/10367;histoire et archéologie_d, sciences sociales interdisciplinaires_d, histoire_t, approches de corpus_t, enquêtes_t, archives_t;Datasets/all_labels_train_gensim_sparse_matrix.npz
reichwein.hypotheses.org/689;histoire et archéologie_d, histoire des sciences_t, 1945-1989_t;Datasets/all_labels_train_gensim_sparse_matrix.npz
archivalia.hypotheses.org/11145;histoire et archéologie_d, sciences sociales interdisciplinaires_d, histoire_t, approches de corpus_t, enquêtes_t, archives_t;Datasets/all_labels_train_gensim_sparse_matrix.npz
archivalia.hypotheses.org/8901;histoire et archéologie_d, sciences sociales interdisciplinaires_d, histoire_t, approches de corpus_t, enquêtes_t, archives_t;Datasets/all_labels_train_gensim_sparse_matrix.npz
medienbildung.hypotheses.org/1192;éducation_d, éducation spécialisée_d, travail social_d, sociologie_t, édition électronique_t, histoire et sociologie des médias_t, éducation_t;Datasets/all_labels_train_gensim_sparse_matrix.npz
histbav.hypotheses.org/1410;humanités pluridisciplinaires_d, histoire_d, pluridisciplinarité_d, histoire_t, monde germanique_t;Datasets/all_labels_train_gensim_sparse_matrix.npz
archivamt.hypotheses.org/3823;communication_d, pluridisciplinarité_d, sciences sociales interdisciplinaires_d, information_t, sciences de l'information_t, représentations_t, patrimoine_t;Datasets/all_labels_train_gensim_sparse_matrix.npz
mittelalter.hypotheses.org/4195;humanités pluridisciplinaires_d, religions_d, histoire_d, sociologie_d, histoire_t, histoire sociale_t, histoire intellectuelle_t, moyen âge_t, haut moyen âge_t, bas moyen âge_t;Datasets/all_labels_train_gensim_sparse_matrix.npz
archivewk1.hypotheses.org/5372;histoire_d, époque contemporaine_t, 1914-1918_t;Datasets/all_labels_train_gensim_sparse_matrix.npz
archivalia.hypotheses.org/11544;histoire et archéologie_d, sciences sociales interdisciplinaires_d, histoire_t, approches de corpus_t, enquêtes_t, archives_t;Datasets/all_labels_train_gensim_sparse_matrix.npz
archivtag.hypotheses.org/145;pluridisciplinarité_d, sciences sociales interdisciplinaires_d, histoire_t, information_t, monde germanique_t;Datasets/all_labels_train_gensim_sparse_matrix.npz
jameel.hypotheses.org/574;pluridisciplinarité_d, études régionales_d, archéologie_d, arts_d, humanités pluridisciplinaires_d, représentations_t, asie_t, digital humanities_t, histoire de l'art_t;Datasets/all_labels_train_gensim_sparse_matrix.npz
archivalia.hypotheses.org/14276;histoire et archéologie_d, sciences sociales interdisciplinaires_d, histoire_t, approches de corpus_t, enquêtes_t, archives_t;Datasets/all_labels_train_gensim_sparse_matrix.npz
gab.hypotheses.org/163;histoire et archéologie_d, pluridisciplinarité_d, sciences sociales interdisciplinaires_d, études des sciences_t, sociologie des sciences_t, histoire_t;Datasets/all_labels_train_gensim_sparse_matrix.npz
adngwdng.hypotheses.org/20;histoire_d, histoire politique_t, historiographie_t, xxe siècle_t, monde germanique_t;Datasets/all_labels_train_gensim_sparse_matrix.npz
fnzinfo.hypotheses.org/120;arts et humanités_d, musique_d, histoire et archéologie_d, histoire_t, xvie siècle_t, xviie siècle_t, xviiie siècle_t, révolution française_t;Datasets/all_labels_train_gensim_sparse_matrix.npz
dighist.hypotheses.org/984;histoire_d, sciences sociales interdisciplinaires_d, études sur la famille_d, sociologie_d, histoire urbaine_t, histoire sociale_t, europe centrale et orientale_t;Datasets/all_labels_train_gensim_sparse_matrix.npz
archivalia.hypotheses.org/12780;histoire et archéologie_d, sciences sociales interdisciplinaires_d, histoire_t, approches de corpus_t, enquêtes_t, archives_t;Datasets/all_labels_train_gensim_sparse_matrix.npz
archivalia.hypotheses.org/10612;histoire et archéologie_d, sciences sociales interdisciplinaires_d, histoire_t, approches de corpus_t, enquêtes_t, archives_t;Datasets/all_labels_train_gensim_sparse_matrix.npz
archivewk1.hypotheses.org/23323;histoire_d, époque contemporaine_t, 1914-1918_t;Datasets/all_labels_train_gensim_sparse_matrix.npz
archivalia.hypotheses.org/7976;histoire et archéologie_d, sciences sociales interdisciplinaires_d, histoire_t, approches de corpus_t, enquêtes_t, archives_t;Datasets/all_labels_train_gensim_sparse_matrix.npz
wenhua.hypotheses.org/448;études asiatiques_d, humanités pluridisciplinaires_d, histoire_d, histoire culturelle_t, asie_t;Datasets/all_labels_train_gensim_sparse_matrix.npz
archivalia.hypotheses.org/9471;histoire et archéologie_d, sciences sociales interdisciplinaires_d, histoire_t, approches de corpus_t, enquêtes_t, archives_t;Datasets/all_labels_train_gensim_sparse_matrix.npz
archivewk1.hypotheses.org/5559;histoire_d, époque contemporaine_t, 1914-1918_t;Datasets/all_labels_train_gensim_sparse_matrix.npz
archivalia.hypotheses.org/2660;histoire et archéologie_d, sciences sociales interdisciplinaires_d, histoire_t, approches de corpus_t, enquêtes_t, archives_t;Datasets/all_labels_train_gensim_sparse_matrix.npz
archivalia.hypotheses.org/3178;histoire et archéologie_d, sciences sociales interdisciplinaires_d, histoire_t, approches de corpus_t, enquêtes_t, archives_t;Datasets/all_labels_train_gensim_sparse_matrix.npz
archivewk1.hypotheses.org/22134;histoire_d, époque contemporaine_t, 1914-1918_t;Datasets/all_labels_train_gensim_sparse_matrix.npz
archivewk1.hypotheses.org/8729;histoire_d, époque contemporaine_t, 1914-1918_t;Datasets/all_labels_train_gensim_sparse_matrix.npz
soziologieblog.hypotheses.org/9927;sciences sociales interdisciplinaires_d, sociologie et anthropologie_d, sociologie du travail_t, sociologie urbaine_t, sociologie de la culture_t, sociologie économique_t;Datasets/all_labels_train_gensim_sparse_matrix.npz
archivalia.hypotheses.org/56888;histoire et archéologie_d, sciences sociales interdisciplinaires_d, histoire_t, approches de corpus_t, enquêtes_t, archives_t;Datasets/all_labels_train_gensim_sparse_matrix.npz
archivalia.hypotheses.org/3671;histoire et archéologie_d, sciences sociales interdisciplinaires_d, histoire_t, approches de corpus_t, enquêtes_t, archives_t;Datasets/all_labels_train_gensim_sparse_matrix.npz
histbav.hypotheses.org/4571;humanités pluridisciplinaires_d, histoire_d, pluridisciplinarité_d, histoire_t, monde germanique_t;Datasets/all_labels_train_gensim_sparse_matrix.npz
archivalia.hypotheses.org/13635;histoire et archéologie_d, sciences sociales interdisciplinaires_d, histoire_t, approches de corpus_t, enquêtes_t, archives_t;Datasets/all_labels_train_gensim_sparse_matrix.npz
mindthegaps.hypotheses.org/54;études asiatiques_d, histoire_d, histoire_t, histoire culturelle_t, asie_t, chine_t;Datasets/all_labels_train_gensim_sparse_matrix.npz
archivalia.hypotheses.org/8883;histoire et archéologie_d, sciences sociales interdisciplinaires_d, histoire_t, approches de corpus_t, enquêtes_t, archives_t;Datasets/all_labels_train_gensim_sparse_matrix.npz
musermeku.hypotheses.org/3203;humanités pluridisciplinaires_d, pluridisciplinarité_d, sciences sociales interdisciplinaires_d, sociologie_t, sociologie de la culture_t, histoire_t, histoire politique_t;Datasets/all_labels_train_gensim_sparse_matrix.npz
archivewk1.hypotheses.org/29682;histoire_d, époque contemporaine_t, 1914-1918_t;Datasets/all_labels_train_gensim_sparse_matrix.npz
minuseinsebene.hypotheses.org/630;archéologie_d, histoire urbaine_t, histoire des religions_t, moyen âge_t, haut moyen âge_t, monde germanique_t;Datasets/all_labels_train_gensim_sparse_matrix.npz
bioeg.hypotheses.org/1948;histoire et archéologie_d, histoire_d, histoire_t, sciences auxiliaires de l'histoire_t, europe centrale et orientale_t, monde germanique_t;Datasets/all_labels_train_gensim_sparse_matrix.npz
amuc.hypotheses.org/2134;humanités pluridisciplinaires_d, histoire_d, histoire_t, représentations_t, patrimoine_t;Datasets/all_labels_train_gensim_sparse_matrix.npz
inklusion.hypotheses.org/705;éducation_d, travail social et politique sociale_d, sociologie du travail_t, âges de la vie_t, information_t, sciences de l'éducation_t;Datasets/all_labels_train_gensim_sparse_matrix.npz
bioeg.hypotheses.org/1796;histoire et archéologie_d, histoire_d, histoire_t, sciences auxiliaires de l'histoire_t, europe centrale et orientale_t, monde germanique_t;Datasets/all_labels_train_gensim_sparse_matrix.npz
archivewk1.hypotheses.org/14967;histoire_d, époque contemporaine_t, 1914-1918_t;Datasets/all_labels_train_gensim_sparse_matrix.npz
archivalia.hypotheses.org/11826;histoire et archéologie_d, sciences sociales interdisciplinaires_d, histoire_t, approches de corpus_t, enquêtes_t, archives_t;Datasets/all_labels_train_gensim_sparse_matrix.npz
archivalia.hypotheses.org/11678;histoire et archéologie_d, sciences sociales interdisciplinaires_d, histoire_t, approches de corpus_t, enquêtes_t, archives_t;Datasets/all_labels_train_gensim_sparse_matrix.npz
trivium.hypotheses.org/384;arts et humanités_d, humanités pluridisciplinaires_d, pluridisciplinarité_d, sciences sociales interdisciplinaires_d, représentations_t, histoire culturelle_t, épistémologie et méthodes_t, vie de la recherche_t;Datasets/all_labels_train_gensim_sparse_matrix.npz
kinder.hypotheses.org/1072;éducation et sciences de l'éducation_d, études sur la famille_d, âges de la vie_t, sciences de l'éducation_t;Datasets/all_labels_train_gensim_sparse_matrix.npz
sdvigpress.hypotheses.org/482;langue et linguistique_d, philosophie_d, humanités pluridisciplinaires_d, épistémologie et méthodes_t, digital humanities_t, europe centrale et orientale_t, édition électronique_t, linguistique_t;Datasets/all_labels_train_gensim_sparse_matrix.npz
archivalia.hypotheses.org/2512;histoire et archéologie_d, sciences sociales interdisciplinaires_d, histoire_t, approches de corpus_t, enquêtes_t, archives_t;Datasets/all_labels_train_gensim_sparse_matrix.npz
tagebuch.hypotheses.org/271;histoire et archéologie_d, histoire_d, histoire_t, époque contemporaine_t, 1914-1918_t;Datasets/all_labels_train_gensim_sparse_matrix.npz
medialogic.hypotheses.org/109;arts et humanités_d, sciences de l'information et de la communication_d, bibliothéconomie_d, sociologie_t;Datasets/all_labels_train_gensim_sparse_matrix.npz
histbav.hypotheses.org/3854;humanités pluridisciplinaires_d, histoire_d, pluridisciplinarité_d, histoire_t, monde germanique_t;Datasets/all_labels_train_gensim_sparse_matrix.npz
gab.hypotheses.org/983;histoire et archéologie_d, pluridisciplinarité_d, sciences sociales interdisciplinaires_d, études des sciences_t, sociologie des sciences_t, histoire_t;Datasets/all_labels_train_gensim_sparse_matrix.npz
inklusion.hypotheses.org/967;éducation_d, travail social et politique sociale_d, sociologie du travail_t, âges de la vie_t, information_t, sciences de l'éducation_t;Datasets/all_labels_train_gensim_sparse_matrix.npz
archivalia.hypotheses.org/52704;histoire et archéologie_d, sciences sociales interdisciplinaires_d, histoire_t, approches de corpus_t, enquêtes_t, archives_t;Datasets/all_labels_train_gensim_sparse_matrix.npz
soziologieblog.hypotheses.org/2553;sciences sociales interdisciplinaires_d, sociologie et anthropologie_d, sociologie du travail_t, sociologie urbaine_t, sociologie de la culture_t, sociologie économique_t;Datasets/all_labels_train_gensim_sparse_matrix.npz
archivalia.hypotheses.org/1557;histoire et archéologie_d, sciences sociales interdisciplinaires_d, histoire_t, approches de corpus_t, enquêtes_t, archives_t;Datasets/all_labels_train_gensim_sparse_matrix.npz
francofil.hypotheses.org/360;pluridisciplinarité_d, sciences sociales interdisciplinaires_d, histoire_t, épistémologie et méthodes_t, approches de corpus_t, enquêtes_t, archives_t, france_t;Datasets/all_labels_train_gensim_sparse_matrix.npz
rkb.hypotheses.org/349;arts et humanités_d, communication_d, sciences de l'information et bibliothéconomie_d, sociologie des sciences_t, édition électronique_t, histoire et sociologie des médias_t;Datasets/all_labels_train_gensim_sparse_matrix.npz
archivalia.hypotheses.org/11557;histoire et archéologie_d, sciences sociales interdisciplinaires_d, histoire_t, approches de corpus_t, enquêtes_t, archives_t;Datasets/all_labels_train_gensim_sparse_matrix.npz
babyvision.hypotheses.org/98;psychologie_d, études des sciences_t, psychisme_t;Datasets/all_labels_train_gensim_sparse_matrix.npz
redaktionsblog.hypotheses.org/40;arts et humanités_d, humanités pluridisciplinaires_d, épistémologie et méthodes_t, digital humanities_t;Datasets/all_labels_train_gensim_sparse_matrix.npz
archivalia.hypotheses.org/12689;histoire et archéologie_d, sciences sociales interdisciplinaires_d, histoire_t, approches de corpus_t, enquêtes_t, archives_t;Datasets/all_labels_train_gensim_sparse_matrix.npz
archivalia.hypotheses.org/11275;histoire et archéologie_d, sciences sociales interdisciplinaires_d, histoire_t, approches de corpus_t, enquêtes_t, archives_t;Datasets/all_labels_train_gensim_sparse_matrix.npz
tagebuch.hypotheses.org/666;histoire et archéologie_d, histoire_d, histoire_t, époque contemporaine_t, 1914-1918_t;Datasets/all_labels_train_gensim_sparse_matrix.npz
nordichistoryblog.hypotheses.org/2441;arts et humanités_d, histoire et archéologie_d, histoire_t, édition électronique_t, vie de la recherche_t, approches de corpus_t, enquêtes_t, archives_t, europe_t, pays baltes et scandinaves_t;Datasets/all_labels_train_gensim_sparse_matrix.npz
gid.hypotheses.org/1185;pluridisciplinarité_d, sciences sociales interdisciplinaires_d, études des sciences_t, histoire des sciences_t, pensée_t, histoire intellectuelle_t, histoire culturelle_t, prospectives_t;Datasets/all_labels_train_gensim_sparse_matrix.npz
archivalia.hypotheses.org/8897;histoire et archéologie_d, sciences sociales interdisciplinaires_d, histoire_t, approches de corpus_t, enquêtes_t, archives_t;Datasets/all_labels_train_gensim_sparse_matrix.npz
histbav.hypotheses.org/675;humanités pluridisciplinaires_d, histoire_d, pluridisciplinarité_d, histoire_t, monde germanique_t;Datasets/all_labels_train_gensim_sparse_matrix.npz
archivalia.hypotheses.org/11393;histoire et archéologie_d, sciences sociales interdisciplinaires_d, histoire_t, approches de corpus_t, enquêtes_t, archives_t;Datasets/all_labels_train_gensim_sparse_matrix.npz
digigw.hypotheses.org/739;humanités pluridisciplinaires_d, histoire_t, édition électronique_t, sciences auxiliaires de l'histoire_t, digital humanities_t;Datasets/all_labels_train_gensim_sparse_matrix.npz
archivalia.hypotheses.org/9719;histoire et archéologie_d, sciences sociales interdisciplinaires_d, histoire_t, approches de corpus_t, enquêtes_t, archives_t;Datasets/all_labels_train_gensim_sparse_matrix.npz
archivalia.hypotheses.org/14279;histoire et archéologie_d, sciences sociales interdisciplinaires_d, histoire_t, approches de corpus_t, enquêtes_t, archives_t;Datasets/all_labels_train_gensim_sparse_matrix.npz
archivalia.hypotheses.org/11761;histoire et archéologie_d, sciences sociales interdisciplinaires_d, histoire_t, approches de corpus_t, enquêtes_t, archives_t;Datasets/all_labels_train_gensim_sparse_matrix.npz
archivalia.hypotheses.org/3532;histoire et archéologie_d, sciences sociales interdisciplinaires_d, histoire_t, approches de corpus_t, enquêtes_t, archives_t;Datasets/all_labels_train_gensim_sparse_matrix.npz
archivalia.hypotheses.org/10850;histoire et archéologie_d, sciences sociales interdisciplinaires_d, histoire_t, approches de corpus_t, enquêtes_t, archives_t;Datasets/all_labels_train_gensim_sparse_matrix.npz
archivalia.hypotheses.org/14374;histoire et archéologie_d, sciences sociales interdisciplinaires_d, histoire_t, approches de corpus_t, enquêtes_t, archives_t;Datasets/all_labels_train_gensim_sparse_matrix.npz
ordensgeschichte.hypotheses.org/4442;arts et humanités_d, humanités pluridisciplinaires_d, histoire et archéologie_d, histoire et philosophie des sciences_d, histoire_t, haut moyen âge_t, bas moyen âge_t, xviie siècle_t, xviiie siècle_t;Datasets/all_labels_train_gensim_sparse_matrix.npz
fnzinfo.hypotheses.org/320;arts et humanités_d, musique_d, histoire et archéologie_d, histoire_t, xvie siècle_t, xviie siècle_t, xviiie siècle_t, révolution française_t;Datasets/all_labels_train_gensim_sparse_matrix.npz
archivalia.hypotheses.org/57195;histoire et archéologie_d, sciences sociales interdisciplinaires_d, histoire_t, approches de corpus_t, enquêtes_t, archives_t;Datasets/all_labels_train_gensim_sparse_matrix.npz
archivewk1.hypotheses.org/22264;histoire_d, époque contemporaine_t, 1914-1918_t;Datasets/all_labels_train_gensim_sparse_matrix.npz
archivalia.hypotheses.org/8558;histoire et archéologie_d, sciences sociales interdisciplinaires_d, histoire_t, approches de corpus_t, enquêtes_t, archives_t;Datasets/all_labels_train_gensim_sparse_matrix.npz
archivalia.hypotheses.org/754;histoire et archéologie_d, sciences sociales interdisciplinaires_d, histoire_t, approches de corpus_t, enquêtes_t, archives_t;Datasets/all_labels_train_gensim_sparse_matrix.npz
archivalia.hypotheses.org/6587;histoire et archéologie_d, sciences sociales interdisciplinaires_d, histoire_t, approches de corpus_t, enquêtes_t, archives_t;Datasets/all_labels_train_gensim_sparse_matrix.npz
redaktionsblog.hypotheses.org/3005;arts et humanités_d, humanités pluridisciplinaires_d, épistémologie et méthodes_t, digital humanities_t;Datasets/all_labels_train_gensim_sparse_matrix.npz
archivalia.hypotheses.org/5392;histoire et archéologie_d, sciences sociales interdisciplinaires_d, histoire_t, approches de corpus_t, enquêtes_t, archives_t;Datasets/all_labels_train_gensim_sparse_matrix.npz
soziologieblog.hypotheses.org/3243;sciences sociales interdisciplinaires_d, sociologie et anthropologie_d, sociologie du travail_t, sociologie urbaine_t, sociologie de la culture_t, sociologie économique_t;Datasets/all_labels_train_gensim_sparse_matrix.npz
dighist.hypotheses.org/276;histoire_d, sciences sociales interdisciplinaires_d, études sur la famille_d, sociologie_d, histoire urbaine_t, histoire sociale_t, europe centrale et orientale_t;Datasets/all_labels_train_gensim_sparse_matrix.npz
barblog.hypotheses.org/825;sciences sociales interdisciplinaires_d, sciences politiques_d, sociologie_d, anthropologie politique_t;Datasets/all_labels_train_gensim_sparse_matrix.npz
19jhdhip.hypotheses.org/2620;histoire_d, époque contemporaine_t, prospectives_t, france_t, monde germanique_t;Datasets/all_labels_train_gensim_sparse_matrix.npz
archivewk1.hypotheses.org/7173;histoire_d, époque contemporaine_t, 1914-1918_t;Datasets/all_labels_train_gensim_sparse_matrix.npz
soziologieblog.hypotheses.org/1390;sciences sociales interdisciplinaires_d, sociologie et anthropologie_d, sociologie du travail_t, sociologie urbaine_t, sociologie de la culture_t, sociologie économique_t;Datasets/all_labels_train_gensim_sparse_matrix.npz
lvrafz.hypotheses.org/1385;pluridisciplinarité_d, information_t;Datasets/all_labels_train_gensim_sparse_matrix.npz
achtundvierzig.hypotheses.org/352;sciences politiques_d, histoire_d, époque contemporaine_t, prospectives_t, histoire politique_t, monde germanique_t;Datasets/all_labels_train_gensim_sparse_matrix.npz
kriegsfoto.hypotheses.org/898;arts_d, histoire_d, communication_d, guerres_t, conflits_t, violence_t, études visuelles_t, époque contemporaine_t, europe centrale et orientale_t;Datasets/all_labels_train_gensim_sparse_matrix.npz
archivalia.hypotheses.org/11610;histoire et archéologie_d, sciences sociales interdisciplinaires_d, histoire_t, approches de corpus_t, enquêtes_t, archives_t;Datasets/all_labels_train_gensim_sparse_matrix.npz
mindthegaps.hypotheses.org/254;études asiatiques_d, histoire_d, histoire_t, histoire culturelle_t, asie_t, chine_t;Datasets/all_labels_train_gensim_sparse_matrix.npz
redaktionsblog.hypotheses.org/1356;arts et humanités_d, humanités pluridisciplinaires_d, épistémologie et méthodes_t, digital humanities_t;Datasets/all_labels_train_gensim_sparse_matrix.npz
archivalia.hypotheses.org/7857;histoire et archéologie_d, sciences sociales interdisciplinaires_d, histoire_t, approches de corpus_t, enquêtes_t, archives_t;Datasets/all_labels_train_gensim_sparse_matrix.npz
archivalia.hypotheses.org/10721;histoire et archéologie_d, sciences sociales interdisciplinaires_d, histoire_t, approches de corpus_t, enquêtes_t, archives_t;Datasets/all_labels_train_gensim_sparse_matrix.npz
archivalia.hypotheses.org/5532;histoire et archéologie_d, sciences sociales interdisciplinaires_d, histoire_t, approches de corpus_t, enquêtes_t, archives_t;Datasets/all_labels_train_gensim_sparse_matrix.npz
archivalia.hypotheses.org/10420;histoire et archéologie_d, sciences sociales interdisciplinaires_d, histoire_t, approches de corpus_t, enquêtes_t, archives_t;Datasets/all_labels_train_gensim_sparse_matrix.npz
archivewk1.hypotheses.org/10095;histoire_d, époque contemporaine_t, 1914-1918_t;Datasets/all_labels_train_gensim_sparse_matrix.npz
archivalia.hypotheses.org/55443;histoire et archéologie_d, sciences sociales interdisciplinaires_d, histoire_t, approches de corpus_t, enquêtes_t, archives_t;Datasets/all_labels_train_gensim_sparse_matrix.npz
archivalia.hypotheses.org/7705;histoire et archéologie_d, sciences sociales interdisciplinaires_d, histoire_t, approches de corpus_t, enquêtes_t, archives_t;Datasets/all_labels_train_gensim_sparse_matrix.npz
archivalia.hypotheses.org/3089;histoire et archéologie_d, sciences sociales interdisciplinaires_d, histoire_t, approches de corpus_t, enquêtes_t, archives_t;Datasets/all_labels_train_gensim_sparse_matrix.npz
dkblog.hypotheses.org/1043;histoire_d, histoire_t, époque moderne_t, xviie siècle_t;Datasets/all_labels_train_gensim_sparse_matrix.npz
archivalia.hypotheses.org/4664;histoire et archéologie_d, sciences sociales interdisciplinaires_d, histoire_t, approches de corpus_t, enquêtes_t, archives_t;Datasets/all_labels_train_gensim_sparse_matrix.npz
archivalia.hypotheses.org/588;histoire et archéologie_d, sciences sociales interdisciplinaires_d, histoire_t, approches de corpus_t, enquêtes_t, archives_t;Datasets/all_labels_train_gensim_sparse_matrix.npz
speyermemo.hypotheses.org/2676;histoire_d, pluridisciplinarité_d, sciences sociales interdisciplinaires_d, sociologie de la culture_t, histoire_t, 1939-1945_t, europe_t;Datasets/all_labels_train_gensim_sparse_matrix.npz
bioeg.hypotheses.org/1639;histoire et archéologie_d, histoire_d, histoire_t, sciences auxiliaires de l'histoire_t, europe centrale et orientale_t, monde germanique_t;Datasets/all_labels_train_gensim_sparse_matrix.npz
ordensgeschichte.hypotheses.org/3534;arts et humanités_d, humanités pluridisciplinaires_d, histoire et archéologie_d, histoire et philosophie des sciences_d, histoire_t, haut moyen âge_t, bas moyen âge_t, xviie siècle_t, xviiie siècle_t;Datasets/all_labels_train_gensim_sparse_matrix.npz
tagebuch.hypotheses.org/971;histoire et archéologie_d, histoire_d, histoire_t, époque contemporaine_t, 1914-1918_t;Datasets/all_labels_train_gensim_sparse_matrix.npz
histbav.hypotheses.org/1936;humanités pluridisciplinaires_d, histoire_d, pluridisciplinarité_d, histoire_t, monde germanique_t;Datasets/all_labels_train_gensim_sparse_matrix.npz
archivalia.hypotheses.org/9144;histoire et archéologie_d, sciences sociales interdisciplinaires_d, histoire_t, approches de corpus_t, enquêtes_t, archives_t;Datasets/all_labels_train_gensim_sparse_matrix.npz
archivalia.hypotheses.org/1957;histoire et archéologie_d, sciences sociales interdisciplinaires_d, histoire_t, approches de corpus_t, enquêtes_t, archives_t;Datasets/all_labels_train_gensim_sparse_matrix.npz
archivewk1.hypotheses.org/30103;histoire_d, époque contemporaine_t, 1914-1918_t;Datasets/all_labels_train_gensim_sparse_matrix.npz
archivalia.hypotheses.org/8945;histoire et archéologie_d, sciences sociales interdisciplinaires_d, histoire_t, approches de corpus_t, enquêtes_t, archives_t;Datasets/all_labels_train_gensim_sparse_matrix.npz
mittelalter.hypotheses.org/2446;humanités pluridisciplinaires_d, religions_d, histoire_d, sociologie_d, histoire_t, histoire sociale_t, histoire intellectuelle_t, moyen âge_t, haut moyen âge_t, bas moyen âge_t;Datasets/all_labels_train_gensim_sparse_matrix.npz
archivalia.hypotheses.org/60773;histoire et archéologie_d, sciences sociales interdisciplinaires_d, histoire_t, approches de corpus_t, enquêtes_t, archives_t;Datasets/all_labels_train_gensim_sparse_matrix.npz
archivlinz.hypotheses.org/498;histoire et archéologie_d, histoire_d, histoire urbaine_t, 1914-1918_t, monde germanique_t;Datasets/all_labels_train_gensim_sparse_matrix.npz
archivalia.hypotheses.org/13628;histoire et archéologie_d, sciences sociales interdisciplinaires_d, histoire_t, approches de corpus_t, enquêtes_t, archives_t;Datasets/all_labels_train_gensim_sparse_matrix.npz
etatsocial.hypotheses.org/63;histoire_d, histoire des sciences sociales_d, sociologie_d, économie_d, sociologie du travail_t, âges de la vie_t, xxe siècle_t;Datasets/all_labels_train_gensim_sparse_matrix.npz
soziologieblog.hypotheses.org/1427;sciences sociales interdisciplinaires_d, sociologie et anthropologie_d, sociologie du travail_t, sociologie urbaine_t, sociologie de la culture_t, sociologie économique_t;Datasets/all_labels_train_gensim_sparse_matrix.npz
archivewk1.hypotheses.org/1175;histoire_d, époque contemporaine_t, 1914-1918_t;Datasets/all_labels_train_gensim_sparse_matrix.npz
archivalia.hypotheses.org/12149;histoire et archéologie_d, sciences sociales interdisciplinaires_d, histoire_t, approches de corpus_t, enquêtes_t, archives_t;Datasets/all_labels_train_gensim_sparse_matrix.npz
dislab.hypotheses.org/2485;sciences sociales interdisciplinaires_d, langue et linguistique_d, sociologie des sciences_t, linguistique_t;Datasets/all_labels_train_gensim_sparse_matrix.npz
archivewk1.hypotheses.org/1845;histoire_d, époque contemporaine_t, 1914-1918_t;Datasets/all_labels_train_gensim_sparse_matrix.npz
schotten.hypotheses.org/339;religions_d, histoire et archéologie_d, sciences de l'information et de la communication_d, bibliothéconomie_d, histoire_t, histoire des religions_t, approches de corpus_t, enquêtes_t, archives_t, monde germanique_t;Datasets/all_labels_train_gensim_sparse_matrix.npz
archivalia.hypotheses.org/8313;histoire et archéologie_d, sciences sociales interdisciplinaires_d, histoire_t, approches de corpus_t, enquêtes_t, archives_t;Datasets/all_labels_train_gensim_sparse_matrix.npz
musicaroma.hypotheses.org/459;musique_d, histoire_d, histoire_t, histoire culturelle_t, monde germanique_t;Datasets/all_labels_train_gensim_sparse_matrix.npz
archivalia.hypotheses.org/11029;histoire et archéologie_d, sciences sociales interdisciplinaires_d, histoire_t, approches de corpus_t, enquêtes_t, archives_t;Datasets/all_labels_train_gensim_sparse_matrix.npz
archivalia.hypotheses.org/3470;histoire et archéologie_d, sciences sociales interdisciplinaires_d, histoire_t, approches de corpus_t, enquêtes_t, archives_t;Datasets/all_labels_train_gensim_sparse_matrix.npz
archivewk1.hypotheses.org/2047;histoire_d, époque contemporaine_t, 1914-1918_t;Datasets/all_labels_train_gensim_sparse_matrix.npz
archivalia.hypotheses.org/3925;histoire et archéologie_d, sciences sociales interdisciplinaires_d, histoire_t, approches de corpus_t, enquêtes_t, archives_t;Datasets/all_labels_train_gensim_sparse_matrix.npz
1914lvr.hypotheses.org/86;sciences politiques_d, histoire_t, époque contemporaine_t, 1914-1918_t;Datasets/all_labels_train_gensim_sparse_matrix.npz
archivewk1.hypotheses.org/21683;histoire_d, époque contemporaine_t, 1914-1918_t;Datasets/all_labels_train_gensim_sparse_matrix.npz
soziologieblog.hypotheses.org/2464;sciences sociales interdisciplinaires_d, sociologie et anthropologie_d, sociologie du travail_t, sociologie urbaine_t, sociologie de la culture_t, sociologie économique_t;Datasets/all_labels_train_gensim_sparse_matrix.npz
dkblog.hypotheses.org/77;histoire_d, histoire_t, époque moderne_t, xviie siècle_t;Datasets/all_labels_train_gensim_sparse_matrix.npz
gab.hypotheses.org/290;histoire et archéologie_d, pluridisciplinarité_d, sciences sociales interdisciplinaires_d, études des sciences_t, sociologie des sciences_t, histoire_t;Datasets/all_labels_train_gensim_sparse_matrix.npz
medienbildung.hypotheses.org/1578;éducation_d, éducation spécialisée_d, travail social_d, sociologie_t, édition électronique_t, histoire et sociologie des médias_t, éducation_t;Datasets/all_labels_train_gensim_sparse_matrix.npz
archivalia.hypotheses.org/13728;histoire et archéologie_d, sciences sociales interdisciplinaires_d, histoire_t, approches de corpus_t, enquêtes_t, archives_t;Datasets/all_labels_train_gensim_sparse_matrix.npz
rhad.hypotheses.org/20;histoire_d, histoire des sciences sociales_d, histoire_t, époque moderne_t, révolution française_t, xviie siècle_t, xviiie siècle_t, prospectives_t;Datasets/all_labels_train_gensim_sparse_matrix.npz
archivalia.hypotheses.org/10967;histoire et archéologie_d, sciences sociales interdisciplinaires_d, histoire_t, approches de corpus_t, enquêtes_t, archives_t;Datasets/all_labels_train_gensim_sparse_matrix.npz
archivewk1.hypotheses.org/5985;histoire_d, époque contemporaine_t, 1914-1918_t;Datasets/all_labels_train_gensim_sparse_matrix.npz
redaktionsblog.hypotheses.org/2693;arts et humanités_d, humanités pluridisciplinaires_d, épistémologie et méthodes_t, digital humanities_t;Datasets/all_labels_train_gensim_sparse_matrix.npz
ordensgeschichte.hypotheses.org/10369;arts et humanités_d, humanités pluridisciplinaires_d, histoire et archéologie_d, histoire et philosophie des sciences_d, histoire_t, haut moyen âge_t, bas moyen âge_t, xviie siècle_t, xviiie siècle_t;Datasets/all_labels_train_gensim_sparse_matrix.npz
avantmusic.hypotheses.org/222;musique_d, europe_t, monde germanique_t, histoire culturelle_t, histoire de l'art_t;Datasets/all_labels_train_gensim_sparse_matrix.npz
intersex.hypotheses.org/3647;histoire_d, biomédecine_d, étude des genres_t, histoire des sciences_t, histoire_t, histoire du droit_t, moyen âge_t, xxie siècle_t;Datasets/all_labels_train_gensim_sparse_matrix.npz
kulturgut.hypotheses.org/426;humanités pluridisciplinaires_d, études des sciences_t, histoire_t, approches de corpus_t, enquêtes_t, archives_t;Datasets/all_labels_train_gensim_sparse_matrix.npz
1914lvr.hypotheses.org/78;sciences politiques_d, histoire_t, époque contemporaine_t, 1914-1918_t;Datasets/all_labels_train_gensim_sparse_matrix.npz
ordensgeschichte.hypotheses.org/10184;arts et humanités_d, humanités pluridisciplinaires_d, histoire et archéologie_d, histoire et philosophie des sciences_d, histoire_t, haut moyen âge_t, bas moyen âge_t, xviie siècle_t, xviiie siècle_t;Datasets/all_labels_train_gensim_sparse_matrix.npz
archivalia.hypotheses.org/3679;histoire et archéologie_d, sciences sociales interdisciplinaires_d, histoire_t, approches de corpus_t, enquêtes_t, archives_t;Datasets/all_labels_train_gensim_sparse_matrix.npz
archivewk1.hypotheses.org/2484;histoire_d, époque contemporaine_t, 1914-1918_t;Datasets/all_labels_train_gensim_sparse_matrix.npz
zakunibonn.hypotheses.org/1058;histoire_d, psychologie_d, histoire_t, psychisme_t, psychologie_t, méthodes de traitement et de représentation_t, monde germanique_t;Datasets/all_labels_train_gensim_sparse_matrix.npz
rhad.hypotheses.org/406;histoire_d, histoire des sciences sociales_d, histoire_t, époque moderne_t, révolution française_t, xviie siècle_t, xviiie siècle_t, prospectives_t;Datasets/all_labels_train_gensim_sparse_matrix.npz
archivalia.hypotheses.org/9664;histoire et archéologie_d, sciences sociales interdisciplinaires_d, histoire_t, approches de corpus_t, enquêtes_t, archives_t;Datasets/all_labels_train_gensim_sparse_matrix.npz
ordensgeschichte.hypotheses.org/62;arts et humanités_d, humanités pluridisciplinaires_d, histoire et archéologie_d, histoire et philosophie des sciences_d, histoire_t, haut moyen âge_t, bas moyen âge_t, xviie siècle_t, xviiie siècle_t;Datasets/all_labels_train_gensim_sparse_matrix.npz
archivalia.hypotheses.org/3483;histoire et archéologie_d, sciences sociales interdisciplinaires_d, histoire_t, approches de corpus_t, enquêtes_t, archives_t;Datasets/all_labels_train_gensim_sparse_matrix.npz
archivalia.hypotheses.org/11917;histoire et archéologie_d, sciences sociales interdisciplinaires_d, histoire_t, approches de corpus_t, enquêtes_t, archives_t;Datasets/all_labels_train_gensim_sparse_matrix.npz
soziologieblog.hypotheses.org/4205;sciences sociales interdisciplinaires_d, sociologie et anthropologie_d, sociologie du travail_t, sociologie urbaine_t, sociologie de la culture_t, sociologie économique_t;Datasets/all_labels_train_gensim_sparse_matrix.npz
bereschitrabba.hypotheses.org/296;arts et humanités_d, religions_d, langue et linguistique_d, religions_t, histoire des religions_t;Datasets/all_labels_train_gensim_sparse_matrix.npz
archivalia.hypotheses.org/3232;histoire et archéologie_d, sciences sociales interdisciplinaires_d, histoire_t, approches de corpus_t, enquêtes_t, archives_t;Datasets/all_labels_train_gensim_sparse_matrix.npz
archivewk1.hypotheses.org/9246;histoire_d, époque contemporaine_t, 1914-1918_t;Datasets/all_labels_train_gensim_sparse_matrix.npz
wenhua.hypotheses.org/1293;études asiatiques_d, humanités pluridisciplinaires_d, histoire_d, histoire culturelle_t, asie_t;Datasets/all_labels_train_gensim_sparse_matrix.npz
soziologieblog.hypotheses.org/9315;sciences sociales interdisciplinaires_d, sociologie et anthropologie_d, sociologie du travail_t, sociologie urbaine_t, sociologie de la culture_t, sociologie économique_t;Datasets/all_labels_train_gensim_sparse_matrix.npz
gid.hypotheses.org/1179;pluridisciplinarité_d, sciences sociales interdisciplinaires_d, études des sciences_t, histoire des sciences_t, pensée_t, histoire intellectuelle_t, histoire culturelle_t, prospectives_t;Datasets/all_labels_train_gensim_sparse_matrix.npz
reichwein.hypotheses.org/1583;histoire et archéologie_d, histoire des sciences_t, 1945-1989_t;Datasets/all_labels_train_gensim_sparse_matrix.npz
redaktionsblog.hypotheses.org/1706;arts et humanités_d, humanités pluridisciplinaires_d, épistémologie et méthodes_t, digital humanities_t;Datasets/all_labels_train_gensim_sparse_matrix.npz
archivewk1.hypotheses.org/28039;histoire_d, époque contemporaine_t, 1914-1918_t;Datasets/all_labels_train_gensim_sparse_matrix.npz
archivewk1.hypotheses.org/1697;histoire_d, époque contemporaine_t, 1914-1918_t;Datasets/all_labels_train_gensim_sparse_matrix.npz
dkblog.hypotheses.org/290;histoire_d, histoire_t, époque moderne_t, xviie siècle_t;Datasets/all_labels_train_gensim_sparse_matrix.npz
dss.hypotheses.org/299;arts et humanités_d, communication_d, sciences de l'information et bibliothéconomie_d, information_t, édition électronique_t, représentations_t, histoire de l'art_t, patrimoine_t, prospectives_t;Datasets/all_labels_train_gensim_sparse_matrix.npz
archivalia.hypotheses.org/6315;histoire et archéologie_d, sciences sociales interdisciplinaires_d, histoire_t, approches de corpus_t, enquêtes_t, archives_t;Datasets/all_labels_train_gensim_sparse_matrix.npz
tagebuch.hypotheses.org/897;histoire et archéologie_d, histoire_d, histoire_t, époque contemporaine_t, 1914-1918_t;Datasets/all_labels_train_gensim_sparse_matrix.npz
archivewk1.hypotheses.org/5499;histoire_d, époque contemporaine_t, 1914-1918_t;Datasets/all_labels_train_gensim_sparse_matrix.npz
archivewk1.hypotheses.org/9977;histoire_d, époque contemporaine_t, 1914-1918_t;Datasets/all_labels_train_gensim_sparse_matrix.npz
dkblog.hypotheses.org/994;histoire_d, histoire_t, époque moderne_t, xviie siècle_t;Datasets/all_labels_train_gensim_sparse_matrix.npz
archivalia.hypotheses.org/5739;histoire et archéologie_d, sciences sociales interdisciplinaires_d, histoire_t, approches de corpus_t, enquêtes_t, archives_t;Datasets/all_labels_train_gensim_sparse_matrix.npz
mindthegaps.hypotheses.org/1383;études asiatiques_d, histoire_d, histoire_t, histoire culturelle_t, asie_t, chine_t;Datasets/all_labels_train_gensim_sparse_matrix.npz
unibloggt.hypotheses.org/270;histoire et archéologie_d, pluridisciplinarité_d, histoire_t, information_t;Datasets/all_labels_train_gensim_sparse_matrix.npz
frobeniusforster.hypotheses.org/156;histoire et archéologie_d, histoire_t, époque moderne_t, xviiie siècle_t;Datasets/all_labels_train_gensim_sparse_matrix.npz
archivewk1.hypotheses.org/10717;histoire_d, époque contemporaine_t, 1914-1918_t;Datasets/all_labels_train_gensim_sparse_matrix.npz
archivalia.hypotheses.org/5809;histoire et archéologie_d, sciences sociales interdisciplinaires_d, histoire_t, approches de corpus_t, enquêtes_t, archives_t;Datasets/all_labels_train_gensim_sparse_matrix.npz
archivalia.hypotheses.org/10794;histoire et archéologie_d, sciences sociales interdisciplinaires_d, histoire_t, approches de corpus_t, enquêtes_t, archives_t;Datasets/all_labels_train_gensim_sparse_matrix.npz
archivalia.hypotheses.org/2972;histoire et archéologie_d, sciences sociales interdisciplinaires_d, histoire_t, approches de corpus_t, enquêtes_t, archives_t;Datasets/all_labels_train_gensim_sparse_matrix.npz
gab.hypotheses.org/1038;histoire et archéologie_d, pluridisciplinarité_d, sciences sociales interdisciplinaires_d, études des sciences_t, sociologie des sciences_t, histoire_t;Datasets/all_labels_train_gensim_sparse_matrix.npz
archivewk1.hypotheses.org/3377;histoire_d, époque contemporaine_t, 1914-1918_t;Datasets/all_labels_train_gensim_sparse_matrix.npz
archivalia.hypotheses.org/1532;histoire et archéologie_d, sciences sociales interdisciplinaires_d, histoire_t, approches de corpus_t, enquêtes_t, archives_t;Datasets/all_labels_train_gensim_sparse_matrix.npz
archivalia.hypotheses.org/13346;histoire et archéologie_d, sciences sociales interdisciplinaires_d, histoire_t, approches de corpus_t, enquêtes_t, archives_t;Datasets/all_labels_train_gensim_sparse_matrix.npz
schotten.hypotheses.org/733;religions_d, histoire et archéologie_d, sciences de l'information et de la communication_d, bibliothéconomie_d, histoire_t, histoire des religions_t, approches de corpus_t, enquêtes_t, archives_t, monde germanique_t;Datasets/all_labels_train_gensim_sparse_matrix.npz
dfmfa.hypotheses.org/197;humanités pluridisciplinaires_d, sciences sociales interdisciplinaires_d, histoire_t, moyen âge_t, haut moyen âge_t, bas moyen âge_t;Datasets/all_labels_train_gensim_sparse_matrix.npz
gab.hypotheses.org/2621;histoire et archéologie_d, pluridisciplinarité_d, sciences sociales interdisciplinaires_d, études des sciences_t, sociologie des sciences_t, histoire_t;Datasets/all_labels_train_gensim_sparse_matrix.npz
tagebuch.hypotheses.org/41;histoire et archéologie_d, histoire_d, histoire_t, époque contemporaine_t, 1914-1918_t;Datasets/all_labels_train_gensim_sparse_matrix.npz
archivalia.hypotheses.org/5956;histoire et archéologie_d, sciences sociales interdisciplinaires_d, histoire_t, approches de corpus_t, enquêtes_t, archives_t;Datasets/all_labels_train_gensim_sparse_matrix.npz
mindthegaps.hypotheses.org/1440;études asiatiques_d, histoire_d, histoire_t, histoire culturelle_t, asie_t, chine_t;Datasets/all_labels_train_gensim_sparse_matrix.npz
wwc.hypotheses.org/1492;humanités pluridisciplinaires_d, pluridisciplinarité_d, études régionales_d, relations internationales_t, information_t, représentations_t;Datasets/all_labels_train_gensim_sparse_matrix.npz
liparchiv.hypotheses.org/940;histoire et archéologie_d, sciences politiques_d, administration publique et développement_d, histoire urbaine_t, patrimoine_t, sciences auxiliaires de l'histoire_t, approches de corpus_t, enquêtes_t, archives_t, europe_t;Datasets/all_labels_train_gensim_sparse_matrix.npz
archivalia.hypotheses.org/13422;histoire et archéologie_d, sciences sociales interdisciplinaires_d, histoire_t, approches de corpus_t, enquêtes_t, archives_t;Datasets/all_labels_train_gensim_sparse_matrix.npz
archivewk1.hypotheses.org/6905;histoire_d, époque contemporaine_t, 1914-1918_t;Datasets/all_labels_train_gensim_sparse_matrix.npz
archivalia.hypotheses.org/8838;histoire et archéologie_d, sciences sociales interdisciplinaires_d, histoire_t, approches de corpus_t, enquêtes_t, archives_t;Datasets/all_labels_train_gensim_sparse_matrix.npz
archivalia.hypotheses.org/2699;histoire et archéologie_d, sciences sociales interdisciplinaires_d, histoire_t, approches de corpus_t, enquêtes_t, archives_t;Datasets/all_labels_train_gensim_sparse_matrix.npz
kinder.hypotheses.org/444;éducation et sciences de l'éducation_d, études sur la famille_d, âges de la vie_t, sciences de l'éducation_t;Datasets/all_labels_train_gensim_sparse_matrix.npz
archivalia.hypotheses.org/7178;histoire et archéologie_d, sciences sociales interdisciplinaires_d, histoire_t, approches de corpus_t, enquêtes_t, archives_t;Datasets/all_labels_train_gensim_sparse_matrix.npz
archivalia.hypotheses.org/2552;histoire et archéologie_d, sciences sociales interdisciplinaires_d, histoire_t, approches de corpus_t, enquêtes_t, archives_t;Datasets/all_labels_train_gensim_sparse_matrix.npz
bereschitrabba.hypotheses.org/754;arts et humanités_d, religions_d, langue et linguistique_d, religions_t, histoire des religions_t;Datasets/all_labels_train_gensim_sparse_matrix.npz
archivalia.hypotheses.org/8830;histoire et archéologie_d, sciences sociales interdisciplinaires_d, histoire_t, approches de corpus_t, enquêtes_t, archives_t;Datasets/all_labels_train_gensim_sparse_matrix.npz
archivewk1.hypotheses.org/9618;histoire_d, époque contemporaine_t, 1914-1918_t;Datasets/all_labels_train_gensim_sparse_matrix.npz
fnzinfo.hypotheses.org/234;arts et humanités_d, musique_d, histoire et archéologie_d, histoire_t, xvie siècle_t, xviie siècle_t, xviiie siècle_t, révolution française_t;Datasets/all_labels_train_gensim_sparse_matrix.npz
archivewk1.hypotheses.org/8407;histoire_d, époque contemporaine_t, 1914-1918_t;Datasets/all_labels_train_gensim_sparse_matrix.npz
archivewk1.hypotheses.org/14865;histoire_d, époque contemporaine_t, 1914-1918_t;Datasets/all_labels_train_gensim_sparse_matrix.npz
amuc.hypotheses.org/165;humanités pluridisciplinaires_d, histoire_d, histoire_t, représentations_t, patrimoine_t;Datasets/all_labels_train_gensim_sparse_matrix.npz
archivewk1.hypotheses.org/6620;histoire_d, époque contemporaine_t, 1914-1918_t;Datasets/all_labels_train_gensim_sparse_matrix.npz
archivalia.hypotheses.org/56347;histoire et archéologie_d, sciences sociales interdisciplinaires_d, histoire_t, approches de corpus_t, enquêtes_t, archives_t;Datasets/all_labels_train_gensim_sparse_matrix.npz
archivewk1.hypotheses.org/22999;histoire_d, époque contemporaine_t, 1914-1918_t;Datasets/all_labels_train_gensim_sparse_matrix.npz
archivalia.hypotheses.org/2812;histoire et archéologie_d, sciences sociales interdisciplinaires_d, histoire_t, approches de corpus_t, enquêtes_t, archives_t;Datasets/all_labels_train_gensim_sparse_matrix.npz
archivewk1.hypotheses.org/29162;histoire_d, époque contemporaine_t, 1914-1918_t;Datasets/all_labels_train_gensim_sparse_matrix.npz
vgdrp.hypotheses.org/304;éducation_d, histoire des sciences sociales_d, histoire_t, histoire économique_t, histoire industrielle_t, histoire urbaine_t, histoire sociale_t;Datasets/all_labels_train_gensim_sparse_matrix.npz
archivalia.hypotheses.org/2883;histoire et archéologie_d, sciences sociales interdisciplinaires_d, histoire_t, approches de corpus_t, enquêtes_t, archives_t;Datasets/all_labels_train_gensim_sparse_matrix.npz
erinnerung.hypotheses.org/1073;histoire et archéologie_d, histoire_t, xxe siècle_t, prospectives_t, europe_t;Datasets/all_labels_train_gensim_sparse_matrix.npz
archivalia.hypotheses.org/10371;histoire et archéologie_d, sciences sociales interdisciplinaires_d, histoire_t, approches de corpus_t, enquêtes_t, archives_t;Datasets/all_labels_train_gensim_sparse_matrix.npz
archivalia.hypotheses.org/12039;histoire et archéologie_d, sciences sociales interdisciplinaires_d, histoire_t, approches de corpus_t, enquêtes_t, archives_t;Datasets/all_labels_train_gensim_sparse_matrix.npz
ordensgeschichte.hypotheses.org/5038;arts et humanités_d, humanités pluridisciplinaires_d, histoire et archéologie_d, histoire et philosophie des sciences_d, histoire_t, haut moyen âge_t, bas moyen âge_t, xviie siècle_t, xviiie siècle_t;Datasets/all_labels_train_gensim_sparse_matrix.npz
ostblog.hypotheses.org/503;histoire_d, économie_d, histoire_t;Datasets/all_labels_train_gensim_sparse_matrix.npz
archivalia.hypotheses.org/691;histoire et archéologie_d, sciences sociales interdisciplinaires_d, histoire_t, approches de corpus_t, enquêtes_t, archives_t;Datasets/all_labels_train_gensim_sparse_matrix.npz
archivalia.hypotheses.org/12768;histoire et archéologie_d, sciences sociales interdisciplinaires_d, histoire_t, approches de corpus_t, enquêtes_t, archives_t;Datasets/all_labels_train_gensim_sparse_matrix.npz
histbav.hypotheses.org/743;humanités pluridisciplinaires_d, histoire_d, pluridisciplinarité_d, histoire_t, monde germanique_t;Datasets/all_labels_train_gensim_sparse_matrix.npz
archivalia.hypotheses.org/14478;histoire et archéologie_d, sciences sociales interdisciplinaires_d, histoire_t, approches de corpus_t, enquêtes_t, archives_t;Datasets/all_labels_train_gensim_sparse_matrix.npz
resilienz.hypotheses.org/1085;pluridisciplinarité_d, sciences sociales interdisciplinaires_d, études des sciences_t, épistémologie et méthodes_t, vie de la recherche_t, prospectives_t;Datasets/all_labels_train_gensim_sparse_matrix.npz
beruf.hypotheses.org/371;histoire et archéologie_d, histoire_d, histoire_t;Datasets/all_labels_train_gensim_sparse_matrix.npz
histbav.hypotheses.org/2788;humanités pluridisciplinaires_d, histoire_d, pluridisciplinarité_d, histoire_t, monde germanique_t;Datasets/all_labels_train_gensim_sparse_matrix.npz
archivalia.hypotheses.org/52402;histoire et archéologie_d, sciences sociales interdisciplinaires_d, histoire_t, approches de corpus_t, enquêtes_t, archives_t;Datasets/all_labels_train_gensim_sparse_matrix.npz
feldpost.hypotheses.org/385;histoire_d, histoire_t, guerres_t, conflits_t, violence_t, histoire culturelle_t, 1914-1918_t, monde germanique_t;Datasets/all_labels_train_gensim_sparse_matrix.npz
archivalia.hypotheses.org/5803;histoire et archéologie_d, sciences sociales interdisciplinaires_d, histoire_t, approches de corpus_t, enquêtes_t, archives_t;Datasets/all_labels_train_gensim_sparse_matrix.npz
archivalia.hypotheses.org/11869;histoire et archéologie_d, sciences sociales interdisciplinaires_d, histoire_t, approches de corpus_t, enquêtes_t, archives_t;Datasets/all_labels_train_gensim_sparse_matrix.npz
grammata.hypotheses.org/1839;études anciennes_d, religions_d, littérature_d, religions_t, littératures_t;Datasets/all_labels_train_gensim_sparse_matrix.npz
resilienz.hypotheses.org/305;pluridisciplinarité_d, sciences sociales interdisciplinaires_d, études des sciences_t, épistémologie et méthodes_t, vie de la recherche_t, prospectives_t;Datasets/all_labels_train_gensim_sparse_matrix.npz
futurecity.hypotheses.org/180;sciences politiques_d, administration publique et développement_d, sociologie urbaine_t;Datasets/all_labels_train_gensim_sparse_matrix.npz
bereschitrabba.hypotheses.org/178;arts et humanités_d, religions_d, langue et linguistique_d, religions_t, histoire des religions_t;Datasets/all_labels_train_gensim_sparse_matrix.npz
archive20.hypotheses.org/2096;pluridisciplinarité_d, sciences sociales interdisciplinaires_d, histoire_t, information_t, patrimoine_t, monde germanique_t;Datasets/all_labels_train_gensim_sparse_matrix.npz
resilienz.hypotheses.org/950;pluridisciplinarité_d, sciences sociales interdisciplinaires_d, études des sciences_t, épistémologie et méthodes_t, vie de la recherche_t, prospectives_t;Datasets/all_labels_train_gensim_sparse_matrix.npz
archivalia.hypotheses.org/1302;histoire et archéologie_d, sciences sociales interdisciplinaires_d, histoire_t, approches de corpus_t, enquêtes_t, archives_t;Datasets/all_labels_train_gensim_sparse_matrix.npz
archivalia.hypotheses.org/8837;histoire et archéologie_d, sciences sociales interdisciplinaires_d, histoire_t, approches de corpus_t, enquêtes_t, archives_t;Datasets/all_labels_train_gensim_sparse_matrix.npz
winzen.hypotheses.org/250;histoire_d, histoire_t, études visuelles_t, 1918-1939_t, 1939-1945_t, monde germanique_t;Datasets/all_labels_train_gensim_sparse_matrix.npz
histbav.hypotheses.org/2261;humanités pluridisciplinaires_d, histoire_d, pluridisciplinarité_d, histoire_t, monde germanique_t;Datasets/all_labels_train_gensim_sparse_matrix.npz
archivewk1.hypotheses.org/19876;histoire_d, époque contemporaine_t, 1914-1918_t;Datasets/all_labels_train_gensim_sparse_matrix.npz
archivalia.hypotheses.org/4744;histoire et archéologie_d, sciences sociales interdisciplinaires_d, histoire_t, approches de corpus_t, enquêtes_t, archives_t;Datasets/all_labels_train_gensim_sparse_matrix.npz
archivalia.hypotheses.org/62582;histoire et archéologie_d, sciences sociales interdisciplinaires_d, histoire_t, approches de corpus_t, enquêtes_t, archives_t;Datasets/all_labels_train_gensim_sparse_matrix.npz
ordensgeschichte.hypotheses.org/8755;arts et humanités_d, humanités pluridisciplinaires_d, histoire et archéologie_d, histoire et philosophie des sciences_d, histoire_t, haut moyen âge_t, bas moyen âge_t, xviie siècle_t, xviiie siècle_t;Datasets/all_labels_train_gensim_sparse_matrix.npz
soziologieblog.hypotheses.org/5923;sciences sociales interdisciplinaires_d, sociologie et anthropologie_d, sociologie du travail_t, sociologie urbaine_t, sociologie de la culture_t, sociologie économique_t;Datasets/all_labels_train_gensim_sparse_matrix.npz
historischdenken.hypotheses.org/3004;histoire et archéologie_d, histoire_t;Datasets/all_labels_train_gensim_sparse_matrix.npz
archivewk1.hypotheses.org/30097;histoire_d, époque contemporaine_t, 1914-1918_t;Datasets/all_labels_train_gensim_sparse_matrix.npz
fnzinfo.hypotheses.org/797;arts et humanités_d, musique_d, histoire et archéologie_d, histoire_t, xvie siècle_t, xviie siècle_t, xviiie siècle_t, révolution française_t;Datasets/all_labels_train_gensim_sparse_matrix.npz
musicaroma.hypotheses.org/407;musique_d, histoire_d, histoire_t, histoire culturelle_t, monde germanique_t;Datasets/all_labels_train_gensim_sparse_matrix.npz
barblog.hypotheses.org/993;sciences sociales interdisciplinaires_d, sciences politiques_d, sociologie_d, anthropologie politique_t;Datasets/all_labels_train_gensim_sparse_matrix.npz
barblog.hypotheses.org/888;sciences sociales interdisciplinaires_d, sciences politiques_d, sociologie_d, anthropologie politique_t;Datasets/all_labels_train_gensim_sparse_matrix.npz
dgl.hypotheses.org/554;éducation spécialisée_d, histoire_d, histoire_t, histoire et sociologie des médias_t, éducation_t;Datasets/all_labels_train_gensim_sparse_matrix.npz
1914lvr.hypotheses.org/763;sciences politiques_d, histoire_t, époque contemporaine_t, 1914-1918_t;Datasets/all_labels_train_gensim_sparse_matrix.npz
archivewk1.hypotheses.org/26265;histoire_d, époque contemporaine_t, 1914-1918_t;Datasets/all_labels_train_gensim_sparse_matrix.npz
archivalia.hypotheses.org/52667;histoire et archéologie_d, sciences sociales interdisciplinaires_d, histoire_t, approches de corpus_t, enquêtes_t, archives_t;Datasets/all_labels_train_gensim_sparse_matrix.npz
archivalia.hypotheses.org/1128;histoire et archéologie_d, sciences sociales interdisciplinaires_d, histoire_t, approches de corpus_t, enquêtes_t, archives_t;Datasets/all_labels_train_gensim_sparse_matrix.npz
archivalia.hypotheses.org/4988;histoire et archéologie_d, sciences sociales interdisciplinaires_d, histoire_t, approches de corpus_t, enquêtes_t, archives_t;Datasets/all_labels_train_gensim_sparse_matrix.npz
schlehen.hypotheses.org/958;éducation_d, langage_t, éducation_t, sciences de l'éducation_t, linguistique_t;Datasets/all_labels_train_gensim_sparse_matrix.npz
histbav.hypotheses.org/2455;humanités pluridisciplinaires_d, histoire_d, pluridisciplinarité_d, histoire_t, monde germanique_t;Datasets/all_labels_train_gensim_sparse_matrix.npz
unibloggt.hypotheses.org/776;histoire et archéologie_d, pluridisciplinarité_d, histoire_t, information_t;Datasets/all_labels_train_gensim_sparse_matrix.npz
archivalia.hypotheses.org/62234;histoire et archéologie_d, sciences sociales interdisciplinaires_d, histoire_t, approches de corpus_t, enquêtes_t, archives_t;Datasets/all_labels_train_gensim_sparse_matrix.npz
lvrafz.hypotheses.org/1043;pluridisciplinarité_d, information_t;Datasets/all_labels_train_gensim_sparse_matrix.npz
archivewk1.hypotheses.org/13039;histoire_d, époque contemporaine_t, 1914-1918_t;Datasets/all_labels_train_gensim_sparse_matrix.npz
soziologieblog.hypotheses.org/4780;sciences sociales interdisciplinaires_d, sociologie et anthropologie_d, sociologie du travail_t, sociologie urbaine_t, sociologie de la culture_t, sociologie économique_t;Datasets/all_labels_train_gensim_sparse_matrix.npz
archivewk1.hypotheses.org/4952;histoire_d, époque contemporaine_t, 1914-1918_t;Datasets/all_labels_train_gensim_sparse_matrix.npz
soziologieblog.hypotheses.org/5789;sciences sociales interdisciplinaires_d, sociologie et anthropologie_d, sociologie du travail_t, sociologie urbaine_t, sociologie de la culture_t, sociologie économique_t;Datasets/all_labels_train_gensim_sparse_matrix.npz
rhad.hypotheses.org/465;histoire_d, histoire des sciences sociales_d, histoire_t, époque moderne_t, révolution française_t, xviie siècle_t, xviiie siècle_t, prospectives_t;Datasets/all_labels_train_gensim_sparse_matrix.npz
archivalia.hypotheses.org/12281;histoire et archéologie_d, sciences sociales interdisciplinaires_d, histoire_t, approches de corpus_t, enquêtes_t, archives_t;Datasets/all_labels_train_gensim_sparse_matrix.npz
archivamt.hypotheses.org/3345;communication_d, pluridisciplinarité_d, sciences sociales interdisciplinaires_d, information_t, sciences de l'information_t, représentations_t, patrimoine_t;Datasets/all_labels_train_gensim_sparse_matrix.npz
archivewk1.hypotheses.org/506;histoire_d, époque contemporaine_t, 1914-1918_t;Datasets/all_labels_train_gensim_sparse_matrix.npz
rkb.hypotheses.org/554;arts et humanités_d, communication_d, sciences de l'information et bibliothéconomie_d, sociologie des sciences_t, édition électronique_t, histoire et sociologie des médias_t;Datasets/all_labels_train_gensim_sparse_matrix.npz
catholiccultures.hypotheses.org/1531;histoire et archéologie_d, histoire des sciences sociales_d, sciences sociales interdisciplinaires_d, sociologie et anthropologie_d, histoire_t, histoire sociale_t, histoire des religions_t, époque moderne_t;Datasets/all_labels_train_gensim_sparse_matrix.npz
intersex.hypotheses.org/896;histoire_d, biomédecine_d, étude des genres_t, histoire des sciences_t, histoire_t, histoire du droit_t, moyen âge_t, xxie siècle_t;Datasets/all_labels_train_gensim_sparse_matrix.npz
archivalia.hypotheses.org/62833;histoire et archéologie_d, sciences sociales interdisciplinaires_d, histoire_t, approches de corpus_t, enquêtes_t, archives_t;Datasets/all_labels_train_gensim_sparse_matrix.npz
archivewk1.hypotheses.org/26177;histoire_d, époque contemporaine_t, 1914-1918_t;Datasets/all_labels_train_gensim_sparse_matrix.npz
archivalia.hypotheses.org/9541;histoire et archéologie_d, sciences sociales interdisciplinaires_d, histoire_t, approches de corpus_t, enquêtes_t, archives_t;Datasets/all_labels_train_gensim_sparse_matrix.npz
archivalia.hypotheses.org/8280;histoire et archéologie_d, sciences sociales interdisciplinaires_d, histoire_t, approches de corpus_t, enquêtes_t, archives_t;Datasets/all_labels_train_gensim_sparse_matrix.npz
archive20.hypotheses.org/321;pluridisciplinarité_d, sciences sociales interdisciplinaires_d, histoire_t, information_t, patrimoine_t, monde germanique_t;Datasets/all_labels_train_gensim_sparse_matrix.npz
inklusion.hypotheses.org/2728;éducation_d, travail social et politique sociale_d, sociologie du travail_t, âges de la vie_t, information_t, sciences de l'éducation_t;Datasets/all_labels_train_gensim_sparse_matrix.npz
barblog.hypotheses.org/967;sciences sociales interdisciplinaires_d, sciences politiques_d, sociologie_d, anthropologie politique_t;Datasets/all_labels_train_gensim_sparse_matrix.npz
nordichistoryblog.hypotheses.org/2944;arts et humanités_d, histoire et archéologie_d, histoire_t, édition électronique_t, vie de la recherche_t, approches de corpus_t, enquêtes_t, archives_t, europe_t, pays baltes et scandinaves_t;Datasets/all_labels_train_gensim_sparse_matrix.npz
trafo.hypotheses.org/3110;pluridisciplinarité_d, sciences sociales interdisciplinaires_d, études régionales_d, sociologie_t, sociologie des religions_t, information_t, histoire culturelle_t;Datasets/all_labels_train_gensim_sparse_matrix.npz
intersex.hypotheses.org/638;histoire_d, biomédecine_d, étude des genres_t, histoire des sciences_t, histoire_t, histoire du droit_t, moyen âge_t, xxie siècle_t;Datasets/all_labels_train_gensim_sparse_matrix.npz
archives.hypotheses.org/861;histoire_d, communication_d, patrimoine_t, digital humanities_t, moyen âge_t, époque moderne_t, france_t, monde germanique_t;Datasets/all_labels_train_gensim_sparse_matrix.npz
archivalia.hypotheses.org/10954;histoire et archéologie_d, sciences sociales interdisciplinaires_d, histoire_t, approches de corpus_t, enquêtes_t, archives_t;Datasets/all_labels_train_gensim_sparse_matrix.npz
aktenkunde.hypotheses.org/97;histoire_d, histoire_t, sciences auxiliaires de l'histoire_t;Datasets/all_labels_train_gensim_sparse_matrix.npz
gid.hypotheses.org/561;pluridisciplinarité_d, sciences sociales interdisciplinaires_d, études des sciences_t, histoire des sciences_t, pensée_t, histoire intellectuelle_t, histoire culturelle_t, prospectives_t;Datasets/all_labels_train_gensim_sparse_matrix.npz
lvrafz.hypotheses.org/1075;pluridisciplinarité_d, information_t;Datasets/all_labels_train_gensim_sparse_matrix.npz
soziologieblog.hypotheses.org/6317;sciences sociales interdisciplinaires_d, sociologie et anthropologie_d, sociologie du travail_t, sociologie urbaine_t, sociologie de la culture_t, sociologie économique_t;Datasets/all_labels_train_gensim_sparse_matrix.npz
kinder.hypotheses.org/153;éducation et sciences de l'éducation_d, études sur la famille_d, âges de la vie_t, sciences de l'éducation_t;Datasets/all_labels_train_gensim_sparse_matrix.npz
archivalia.hypotheses.org/13856;histoire et archéologie_d, sciences sociales interdisciplinaires_d, histoire_t, approches de corpus_t, enquêtes_t, archives_t;Datasets/all_labels_train_gensim_sparse_matrix.npz
archive20.hypotheses.org/2469;pluridisciplinarité_d, sciences sociales interdisciplinaires_d, histoire_t, information_t, patrimoine_t, monde germanique_t;Datasets/all_labels_train_gensim_sparse_matrix.npz
archivalia.hypotheses.org/60106;histoire et archéologie_d, sciences sociales interdisciplinaires_d, histoire_t, approches de corpus_t, enquêtes_t, archives_t;Datasets/all_labels_train_gensim_sparse_matrix.npz
texperimentales.hypotheses.org/1741;linguistique appliquée_d, langue et linguistique_d, langage_t, linguistique_t, information_t, sciences de l'information_t, digital humanities_t;Datasets/all_labels_train_gensim_sparse_matrix.npz
mgtud.hypotheses.org/192;humanités pluridisciplinaires_d, éducation_d, histoire et archéologie_d, histoire_d, histoire_t, histoire urbaine_t, édition électronique_t;Datasets/all_labels_train_gensim_sparse_matrix.npz
mittelalter.hypotheses.org/715;humanités pluridisciplinaires_d, religions_d, histoire_d, sociologie_d, histoire_t, histoire sociale_t, histoire intellectuelle_t, moyen âge_t, haut moyen âge_t, bas moyen âge_t;Datasets/all_labels_train_gensim_sparse_matrix.npz
archive20.hypotheses.org/2016;pluridisciplinarité_d, sciences sociales interdisciplinaires_d, histoire_t, information_t, patrimoine_t, monde germanique_t;Datasets/all_labels_train_gensim_sparse_matrix.npz
archivalia.hypotheses.org/12150;histoire et archéologie_d, sciences sociales interdisciplinaires_d, histoire_t, approches de corpus_t, enquêtes_t, archives_t;Datasets/all_labels_train_gensim_sparse_matrix.npz
grandeguerre.hypotheses.org/1581;histoire et archéologie_d, histoire_t, 1914-1918_t, prospectives_t, france_t, monde germanique_t;Datasets/all_labels_train_gensim_sparse_matrix.npz
ordensgeschichte.hypotheses.org/4775;arts et humanités_d, humanités pluridisciplinaires_d, histoire et archéologie_d, histoire et philosophie des sciences_d, histoire_t, haut moyen âge_t, bas moyen âge_t, xviie siècle_t, xviiie siècle_t;Datasets/all_labels_train_gensim_sparse_matrix.npz
grk1678.hypotheses.org/729;arts et humanités_d, humanités pluridisciplinaires_d, histoire et philosophie des sciences_d, pluridisciplinarité_d, philosophie_t, littératures_t, histoire culturelle_t, histoire de l'art_t;Datasets/all_labels_train_gensim_sparse_matrix.npz
schotten.hypotheses.org/1160;religions_d, histoire et archéologie_d, sciences de l'information et de la communication_d, bibliothéconomie_d, histoire_t, histoire des religions_t, approches de corpus_t, enquêtes_t, archives_t, monde germanique_t;Datasets/all_labels_train_gensim_sparse_matrix.npz
dokunstlmu.hypotheses.org/1;arts et humanités_d, histoire intellectuelle_t;Datasets/all_labels_train_gensim_sparse_matrix.npz
texperimentales.hypotheses.org/692;linguistique appliquée_d, langue et linguistique_d, langage_t, linguistique_t, information_t, sciences de l'information_t, digital humanities_t;Datasets/all_labels_train_gensim_sparse_matrix.npz
archivalia.hypotheses.org/12181;histoire et archéologie_d, sciences sociales interdisciplinaires_d, histoire_t, approches de corpus_t, enquêtes_t, archives_t;Datasets/all_labels_train_gensim_sparse_matrix.npz
archivewk1.hypotheses.org/14641;histoire_d, époque contemporaine_t, 1914-1918_t;Datasets/all_labels_train_gensim_sparse_matrix.npz
archivekod.hypotheses.org/276;religions_d, histoire et archéologie_d, sciences de l'information et de la communication_d, bibliothéconomie_d, communication_d, histoire_t, histoire des religions_t, patrimoine_t;Datasets/all_labels_train_gensim_sparse_matrix.npz
dkblog.hypotheses.org/66;histoire_d, histoire_t, époque moderne_t, xviie siècle_t;Datasets/all_labels_train_gensim_sparse_matrix.npz
soziologieblog.hypotheses.org/5400;sciences sociales interdisciplinaires_d, sociologie et anthropologie_d, sociologie du travail_t, sociologie urbaine_t, sociologie de la culture_t, sociologie économique_t;Datasets/all_labels_train_gensim_sparse_matrix.npz
beruf.hypotheses.org/351;histoire et archéologie_d, histoire_d, histoire_t;Datasets/all_labels_train_gensim_sparse_matrix.npz
wenhua.hypotheses.org/1512;études asiatiques_d, humanités pluridisciplinaires_d, histoire_d, histoire culturelle_t, asie_t;Datasets/all_labels_train_gensim_sparse_matrix.npz
inklusion.hypotheses.org/498;éducation_d, travail social et politique sociale_d, sociologie du travail_t, âges de la vie_t, information_t, sciences de l'éducation_t;Datasets/all_labels_train_gensim_sparse_matrix.npz
digigw.hypotheses.org/1425;humanités pluridisciplinaires_d, histoire_t, édition électronique_t, sciences auxiliaires de l'histoire_t, digital humanities_t;Datasets/all_labels_train_gensim_sparse_matrix.npz
archivalia.hypotheses.org/9050;histoire et archéologie_d, sciences sociales interdisciplinaires_d, histoire_t, approches de corpus_t, enquêtes_t, archives_t;Datasets/all_labels_train_gensim_sparse_matrix.npz
archivalia.hypotheses.org/11916;histoire et archéologie_d, sciences sociales interdisciplinaires_d, histoire_t, approches de corpus_t, enquêtes_t, archives_t;Datasets/all_labels_train_gensim_sparse_matrix.npz
gra.hypotheses.org/313;arts et humanités_d, communication_d, sciences de l'information et bibliothéconomie_d, représentations_t, histoire culturelle_t, histoire de l'art_t, études visuelles_t;Datasets/all_labels_train_gensim_sparse_matrix.npz
reichwein.hypotheses.org/1244;histoire et archéologie_d, histoire des sciences_t, 1945-1989_t;Datasets/all_labels_train_gensim_sparse_matrix.npz
1914lvr.hypotheses.org/1334;sciences politiques_d, histoire_t, époque contemporaine_t, 1914-1918_t;Datasets/all_labels_train_gensim_sparse_matrix.npz
mindthegaps.hypotheses.org/1485;études asiatiques_d, histoire_d, histoire_t, histoire culturelle_t, asie_t, chine_t;Datasets/all_labels_train_gensim_sparse_matrix.npz
nordichistoryblog.hypotheses.org/1432;arts et humanités_d, histoire et archéologie_d, histoire_t, édition électronique_t, vie de la recherche_t, approches de corpus_t, enquêtes_t, archives_t, europe_t, pays baltes et scandinaves_t;Datasets/all_labels_train_gensim_sparse_matrix.npz
archivalia.hypotheses.org/11450;histoire et archéologie_d, sciences sociales interdisciplinaires_d, histoire_t, approches de corpus_t, enquêtes_t, archives_t;Datasets/all_labels_train_gensim_sparse_matrix.npz
intersex.hypotheses.org/2171;histoire_d, biomédecine_d, étude des genres_t, histoire des sciences_t, histoire_t, histoire du droit_t, moyen âge_t, xxie siècle_t;Datasets/all_labels_train_gensim_sparse_matrix.npz
studpro.hypotheses.org/438;histoire_d, histoire_t, époque moderne_t, xviie siècle_t, xviiie siècle_t;Datasets/all_labels_train_gensim_sparse_matrix.npz
soziologieblog.hypotheses.org/3380;sciences sociales interdisciplinaires_d, sociologie et anthropologie_d, sociologie du travail_t, sociologie urbaine_t, sociologie de la culture_t, sociologie économique_t;Datasets/all_labels_train_gensim_sparse_matrix.npz
trafo.hypotheses.org/1711;pluridisciplinarité_d, sciences sociales interdisciplinaires_d, études régionales_d, sociologie_t, sociologie des religions_t, information_t, histoire culturelle_t;Datasets/all_labels_train_gensim_sparse_matrix.npz
archivalia.hypotheses.org/52737;histoire et archéologie_d, sciences sociales interdisciplinaires_d, histoire_t, approches de corpus_t, enquêtes_t, archives_t;Datasets/all_labels_train_gensim_sparse_matrix.npz
jeunegen.hypotheses.org/1474;histoire_d, pluridisciplinarité_d, histoire_t, vie de la recherche_t, moyen âge_t, haut moyen âge_t, bas moyen âge_t;Datasets/all_labels_train_gensim_sparse_matrix.npz
archivalia.hypotheses.org/5172;histoire et archéologie_d, sciences sociales interdisciplinaires_d, histoire_t, approches de corpus_t, enquêtes_t, archives_t;Datasets/all_labels_train_gensim_sparse_matrix.npz
archivewk1.hypotheses.org/16180;histoire_d, époque contemporaine_t, 1914-1918_t;Datasets/all_labels_train_gensim_sparse_matrix.npz
1914lvr.hypotheses.org/1038;sciences politiques_d, histoire_t, époque contemporaine_t, 1914-1918_t;Datasets/all_labels_train_gensim_sparse_matrix.npz
archive20.hypotheses.org/3449;pluridisciplinarité_d, sciences sociales interdisciplinaires_d, histoire_t, information_t, patrimoine_t, monde germanique_t;Datasets/all_labels_train_gensim_sparse_matrix.npz
histgymbib.hypotheses.org/542;arts et humanités_d, humanités pluridisciplinaires_d, sciences de l'information et de la communication_d, bibliothéconomie_d, sciences sociales interdisciplinaires_d, éducation_t, xvie siècle_t, xviie siècle_t, xviiie siècle_t, prospectives_t;Datasets/all_labels_train_gensim_sparse_matrix.npz
archivalia.hypotheses.org/423;histoire et archéologie_d, sciences sociales interdisciplinaires_d, histoire_t, approches de corpus_t, enquêtes_t, archives_t;Datasets/all_labels_train_gensim_sparse_matrix.npz
archivalia.hypotheses.org/9067;histoire et archéologie_d, sciences sociales interdisciplinaires_d, histoire_t, approches de corpus_t, enquêtes_t, archives_t;Datasets/all_labels_train_gensim_sparse_matrix.npz
ordensgeschichte.hypotheses.org/6995;arts et humanités_d, humanités pluridisciplinaires_d, histoire et archéologie_d, histoire et philosophie des sciences_d, histoire_t, haut moyen âge_t, bas moyen âge_t, xviie siècle_t, xviiie siècle_t;Datasets/all_labels_train_gensim_sparse_matrix.npz
barblog.hypotheses.org/937;sciences sociales interdisciplinaires_d, sciences politiques_d, sociologie_d, anthropologie politique_t;Datasets/all_labels_train_gensim_sparse_matrix.npz
histbav.hypotheses.org/1307;humanités pluridisciplinaires_d, histoire_d, pluridisciplinarité_d, histoire_t, monde germanique_t;Datasets/all_labels_train_gensim_sparse_matrix.npz
archivewk1.hypotheses.org/13467;histoire_d, époque contemporaine_t, 1914-1918_t;Datasets/all_labels_train_gensim_sparse_matrix.npz
archivalia.hypotheses.org/55874;histoire et archéologie_d, sciences sociales interdisciplinaires_d, histoire_t, approches de corpus_t, enquêtes_t, archives_t;Datasets/all_labels_train_gensim_sparse_matrix.npz
histbav.hypotheses.org/4743;humanités pluridisciplinaires_d, histoire_d, pluridisciplinarité_d, histoire_t, monde germanique_t;Datasets/all_labels_train_gensim_sparse_matrix.npz
archivalia.hypotheses.org/425;histoire et archéologie_d, sciences sociales interdisciplinaires_d, histoire_t, approches de corpus_t, enquêtes_t, archives_t;Datasets/all_labels_train_gensim_sparse_matrix.npz
archivalia.hypotheses.org/53756;histoire et archéologie_d, sciences sociales interdisciplinaires_d, histoire_t, approches de corpus_t, enquêtes_t, archives_t;Datasets/all_labels_train_gensim_sparse_matrix.npz
nordichistoryblog.hypotheses.org/2275;arts et humanités_d, histoire et archéologie_d, histoire_t, édition électronique_t, vie de la recherche_t, approches de corpus_t, enquêtes_t, archives_t, europe_t, pays baltes et scandinaves_t;Datasets/all_labels_train_gensim_sparse_matrix.npz
archivalia.hypotheses.org/8271;histoire et archéologie_d, sciences sociales interdisciplinaires_d, histoire_t, approches de corpus_t, enquêtes_t, archives_t;Datasets/all_labels_train_gensim_sparse_matrix.npz
archivalia.hypotheses.org/53694;histoire et archéologie_d, sciences sociales interdisciplinaires_d, histoire_t, approches de corpus_t, enquêtes_t, archives_t;Datasets/all_labels_train_gensim_sparse_matrix.npz
reichwein.hypotheses.org/1018;histoire et archéologie_d, histoire des sciences_t, 1945-1989_t;Datasets/all_labels_train_gensim_sparse_matrix.npz
gab.hypotheses.org/851;histoire et archéologie_d, pluridisciplinarité_d, sciences sociales interdisciplinaires_d, études des sciences_t, sociologie des sciences_t, histoire_t;Datasets/all_labels_train_gensim_sparse_matrix.npz
histbav.hypotheses.org/2239;humanités pluridisciplinaires_d, histoire_d, pluridisciplinarité_d, histoire_t, monde germanique_t;Datasets/all_labels_train_gensim_sparse_matrix.npz
archivalia.hypotheses.org/3038;histoire et archéologie_d, sciences sociales interdisciplinaires_d, histoire_t, approches de corpus_t, enquêtes_t, archives_t;Datasets/all_labels_train_gensim_sparse_matrix.npz
archivewk1.hypotheses.org/28770;histoire_d, époque contemporaine_t, 1914-1918_t;Datasets/all_labels_train_gensim_sparse_matrix.npz
wppluslw.hypotheses.org/522;littérature_d, littératures_t, édition électronique_t, épistémologie et méthodes_t, approches de corpus_t, enquêtes_t, archives_t, monde germanique_t;Datasets/all_labels_train_gensim_sparse_matrix.npz
histbav.hypotheses.org/3835;humanités pluridisciplinaires_d, histoire_d, pluridisciplinarité_d, histoire_t, monde germanique_t;Datasets/all_labels_train_gensim_sparse_matrix.npz
kristinoswald.hypotheses.org/1985;études anciennes_d, études des sciences_t, histoire_t, histoire et sociologie des médias_t, histoire culturelle_t, digital humanities_t;Datasets/all_labels_train_gensim_sparse_matrix.npz
archivalia.hypotheses.org/61422;histoire et archéologie_d, sciences sociales interdisciplinaires_d, histoire_t, approches de corpus_t, enquêtes_t, archives_t;Datasets/all_labels_train_gensim_sparse_matrix.npz
archivalia.hypotheses.org/12406;histoire et archéologie_d, sciences sociales interdisciplinaires_d, histoire_t, approches de corpus_t, enquêtes_t, archives_t;Datasets/all_labels_train_gensim_sparse_matrix.npz
bioeg.hypotheses.org/1766;histoire et archéologie_d, histoire_d, histoire_t, sciences auxiliaires de l'histoire_t, europe centrale et orientale_t, monde germanique_t;Datasets/all_labels_train_gensim_sparse_matrix.npz
archivewk1.hypotheses.org/15146;histoire_d, époque contemporaine_t, 1914-1918_t;Datasets/all_labels_train_gensim_sparse_matrix.npz
fortifica.hypotheses.org/237;histoire et archéologie_d, histoire_d, histoire urbaine_t, xvie siècle_t, xviie siècle_t, xviiie siècle_t;Datasets/all_labels_train_gensim_sparse_matrix.npz
archivewk1.hypotheses.org/14708;histoire_d, époque contemporaine_t, 1914-1918_t;Datasets/all_labels_train_gensim_sparse_matrix.npz
kristinoswald.hypotheses.org/828;études anciennes_d, études des sciences_t, histoire_t, histoire et sociologie des médias_t, histoire culturelle_t, digital humanities_t;Datasets/all_labels_train_gensim_sparse_matrix.npz
histbav.hypotheses.org/3217;humanités pluridisciplinaires_d, histoire_d, pluridisciplinarité_d, histoire_t, monde germanique_t;Datasets/all_labels_train_gensim_sparse_matrix.npz
musicaroma.hypotheses.org/619;musique_d, histoire_d, histoire_t, histoire culturelle_t, monde germanique_t;Datasets/all_labels_train_gensim_sparse_matrix.npz
archives.hypotheses.org/692;histoire_d, communication_d, patrimoine_t, digital humanities_t, moyen âge_t, époque moderne_t, france_t, monde germanique_t;Datasets/all_labels_train_gensim_sparse_matrix.npz
texperimentales.hypotheses.org/229;linguistique appliquée_d, langue et linguistique_d, langage_t, linguistique_t, information_t, sciences de l'information_t, digital humanities_t;Datasets/all_labels_train_gensim_sparse_matrix.npz
kriegsfoto.hypotheses.org/749;arts_d, histoire_d, communication_d, guerres_t, conflits_t, violence_t, études visuelles_t, époque contemporaine_t, europe centrale et orientale_t;Datasets/all_labels_train_gensim_sparse_matrix.npz
archivewk1.hypotheses.org/4405;histoire_d, époque contemporaine_t, 1914-1918_t;Datasets/all_labels_train_gensim_sparse_matrix.npz
dighist.hypotheses.org/243;histoire_d, sciences sociales interdisciplinaires_d, études sur la famille_d, sociologie_d, histoire urbaine_t, histoire sociale_t, europe centrale et orientale_t;Datasets/all_labels_train_gensim_sparse_matrix.npz
medienbildung.hypotheses.org/8167;éducation_d, éducation spécialisée_d, travail social_d, sociologie_t, édition électronique_t, histoire et sociologie des médias_t, éducation_t;Datasets/all_labels_train_gensim_sparse_matrix.npz
mindthegaps.hypotheses.org/2252;études asiatiques_d, histoire_d, histoire_t, histoire culturelle_t, asie_t, chine_t;Datasets/all_labels_train_gensim_sparse_matrix.npz
archivewk1.hypotheses.org/20562;histoire_d, époque contemporaine_t, 1914-1918_t;Datasets/all_labels_train_gensim_sparse_matrix.npz
digigw.hypotheses.org/779;humanités pluridisciplinaires_d, histoire_t, édition électronique_t, sciences auxiliaires de l'histoire_t, digital humanities_t;Datasets/all_labels_train_gensim_sparse_matrix.npz
lvrafz.hypotheses.org/1004;pluridisciplinarité_d, information_t;Datasets/all_labels_train_gensim_sparse_matrix.npz
archivewk1.hypotheses.org/26233;histoire_d, époque contemporaine_t, 1914-1918_t;Datasets/all_labels_train_gensim_sparse_matrix.npz
histbav.hypotheses.org/2984;humanités pluridisciplinaires_d, histoire_d, pluridisciplinarité_d, histoire_t, monde germanique_t;Datasets/all_labels_train_gensim_sparse_matrix.npz
archivalia.hypotheses.org/1167;histoire et archéologie_d, sciences sociales interdisciplinaires_d, histoire_t, approches de corpus_t, enquêtes_t, archives_t;Datasets/all_labels_train_gensim_sparse_matrix.npz
archivalia.hypotheses.org/2354;histoire et archéologie_d, sciences sociales interdisciplinaires_d, histoire_t, approches de corpus_t, enquêtes_t, archives_t;Datasets/all_labels_train_gensim_sparse_matrix.npz
intersex.hypotheses.org/2384;histoire_d, biomédecine_d, étude des genres_t, histoire des sciences_t, histoire_t, histoire du droit_t, moyen âge_t, xxie siècle_t;Datasets/all_labels_train_gensim_sparse_matrix.npz
philophiso.hypotheses.org/276;philosophie_d, éducation_d, éducation spécialisée_d, pensée_t, philosophie_t, représentations_t, patrimoine_t;Datasets/all_labels_train_gensim_sparse_matrix.npz
soziologieblog.hypotheses.org/7982;sciences sociales interdisciplinaires_d, sociologie et anthropologie_d, sociologie du travail_t, sociologie urbaine_t, sociologie de la culture_t, sociologie économique_t;Datasets/all_labels_train_gensim_sparse_matrix.npz
bioeg.hypotheses.org/2006;histoire et archéologie_d, histoire_d, histoire_t, sciences auxiliaires de l'histoire_t, europe centrale et orientale_t, monde germanique_t;Datasets/all_labels_train_gensim_sparse_matrix.npz
ordensgeschichte.hypotheses.org/2322;arts et humanités_d, humanités pluridisciplinaires_d, histoire et archéologie_d, histoire et philosophie des sciences_d, histoire_t, haut moyen âge_t, bas moyen âge_t, xviie siècle_t, xviiie siècle_t;Datasets/all_labels_train_gensim_sparse_matrix.npz
archivalia.hypotheses.org/6249;histoire et archéologie_d, sciences sociales interdisciplinaires_d, histoire_t, approches de corpus_t, enquêtes_t, archives_t;Datasets/all_labels_train_gensim_sparse_matrix.npz
mittelalter.hypotheses.org/1193;humanités pluridisciplinaires_d, religions_d, histoire_d, sociologie_d, histoire_t, histoire sociale_t, histoire intellectuelle_t, moyen âge_t, haut moyen âge_t, bas moyen âge_t;Datasets/all_labels_train_gensim_sparse_matrix.npz
archivalia.hypotheses.org/12542;histoire et archéologie_d, sciences sociales interdisciplinaires_d, histoire_t, approches de corpus_t, enquêtes_t, archives_t;Datasets/all_labels_train_gensim_sparse_matrix.npz
intersex.hypotheses.org/1735;histoire_d, biomédecine_d, étude des genres_t, histoire des sciences_t, histoire_t, histoire du droit_t, moyen âge_t, xxie siècle_t;Datasets/all_labels_train_gensim_sparse_matrix.npz
archivalia.hypotheses.org/4927;histoire et archéologie_d, sciences sociales interdisciplinaires_d, histoire_t, approches de corpus_t, enquêtes_t, archives_t;Datasets/all_labels_train_gensim_sparse_matrix.npz
archivalia.hypotheses.org/14365;histoire et archéologie_d, sciences sociales interdisciplinaires_d, histoire_t, approches de corpus_t, enquêtes_t, archives_t;Datasets/all_labels_train_gensim_sparse_matrix.npz
archivalia.hypotheses.org/13131;histoire et archéologie_d, sciences sociales interdisciplinaires_d, histoire_t, approches de corpus_t, enquêtes_t, archives_t;Datasets/all_labels_train_gensim_sparse_matrix.npz
bereschitrabba.hypotheses.org/100;arts et humanités_d, religions_d, langue et linguistique_d, religions_t, histoire des religions_t;Datasets/all_labels_train_gensim_sparse_matrix.npz
archivewk1.hypotheses.org/16814;histoire_d, époque contemporaine_t, 1914-1918_t;Datasets/all_labels_train_gensim_sparse_matrix.npz
dokunstlmu.hypotheses.org/997;arts et humanités_d, histoire intellectuelle_t;Datasets/all_labels_train_gensim_sparse_matrix.npz
archivewk1.hypotheses.org/6970;histoire_d, époque contemporaine_t, 1914-1918_t;Datasets/all_labels_train_gensim_sparse_matrix.npz
archivekod.hypotheses.org/179;religions_d, histoire et archéologie_d, sciences de l'information et de la communication_d, bibliothéconomie_d, communication_d, histoire_t, histoire des religions_t, patrimoine_t;Datasets/all_labels_train_gensim_sparse_matrix.npz
wenhua.hypotheses.org/1161;études asiatiques_d, humanités pluridisciplinaires_d, histoire_d, histoire culturelle_t, asie_t;Datasets/all_labels_train_gensim_sparse_matrix.npz
speyermemo.hypotheses.org/2625;histoire_d, pluridisciplinarité_d, sciences sociales interdisciplinaires_d, sociologie de la culture_t, histoire_t, 1939-1945_t, europe_t;Datasets/all_labels_train_gensim_sparse_matrix.npz
archivewk1.hypotheses.org/1307;histoire_d, époque contemporaine_t, 1914-1918_t;Datasets/all_labels_train_gensim_sparse_matrix.npz
intersex.hypotheses.org/2151;histoire_d, biomédecine_d, étude des genres_t, histoire des sciences_t, histoire_t, histoire du droit_t, moyen âge_t, xxie siècle_t;Datasets/all_labels_train_gensim_sparse_matrix.npz
dkblog.hypotheses.org/385;histoire_d, histoire_t, époque moderne_t, xviie siècle_t;Datasets/all_labels_train_gensim_sparse_matrix.npz
vgdrp.hypotheses.org/110;éducation_d, histoire des sciences sociales_d, histoire_t, histoire économique_t, histoire industrielle_t, histoire urbaine_t, histoire sociale_t;Datasets/all_labels_train_gensim_sparse_matrix.npz
archivalia.hypotheses.org/12193;histoire et archéologie_d, sciences sociales interdisciplinaires_d, histoire_t, approches de corpus_t, enquêtes_t, archives_t;Datasets/all_labels_train_gensim_sparse_matrix.npz
archivalia.hypotheses.org/5232;histoire et archéologie_d, sciences sociales interdisciplinaires_d, histoire_t, approches de corpus_t, enquêtes_t, archives_t;Datasets/all_labels_train_gensim_sparse_matrix.npz
studpro.hypotheses.org/399;histoire_d, histoire_t, époque moderne_t, xviie siècle_t, xviiie siècle_t;Datasets/all_labels_train_gensim_sparse_matrix.npz
kristinoswald.hypotheses.org/1802;études anciennes_d, études des sciences_t, histoire_t, histoire et sociologie des médias_t, histoire culturelle_t, digital humanities_t;Datasets/all_labels_train_gensim_sparse_matrix.npz
schotten.hypotheses.org/519;religions_d, histoire et archéologie_d, sciences de l'information et de la communication_d, bibliothéconomie_d, histoire_t, histoire des religions_t, approches de corpus_t, enquêtes_t, archives_t, monde germanique_t;Datasets/all_labels_train_gensim_sparse_matrix.npz
unibloggt.hypotheses.org/566;histoire et archéologie_d, pluridisciplinarité_d, histoire_t, information_t;Datasets/all_labels_train_gensim_sparse_matrix.npz
gra.hypotheses.org/903;arts et humanités_d, communication_d, sciences de l'information et bibliothéconomie_d, représentations_t, histoire culturelle_t, histoire de l'art_t, études visuelles_t;Datasets/all_labels_train_gensim_sparse_matrix.npz
mittelalter.hypotheses.org/5625;humanités pluridisciplinaires_d, religions_d, histoire_d, sociologie_d, histoire_t, histoire sociale_t, histoire intellectuelle_t, moyen âge_t, haut moyen âge_t, bas moyen âge_t;Datasets/all_labels_train_gensim_sparse_matrix.npz
archivewk1.hypotheses.org/944;histoire_d, époque contemporaine_t, 1914-1918_t;Datasets/all_labels_train_gensim_sparse_matrix.npz
liparchiv.hypotheses.org/110;histoire et archéologie_d, sciences politiques_d, administration publique et développement_d, histoire urbaine_t, patrimoine_t, sciences auxiliaires de l'histoire_t, approches de corpus_t, enquêtes_t, archives_t, europe_t;Datasets/all_labels_train_gensim_sparse_matrix.npz
ordensgeschichte.hypotheses.org/6678;arts et humanités_d, humanités pluridisciplinaires_d, histoire et archéologie_d, histoire et philosophie des sciences_d, histoire_t, haut moyen âge_t, bas moyen âge_t, xviie siècle_t, xviiie siècle_t;Datasets/all_labels_train_gensim_sparse_matrix.npz
gewalt.hypotheses.org/758;sciences politiques_d, sociologie_d, sociologie_t, sociologie urbaine_t, anthropologie politique_t, histoire urbaine_t, guerres_t, conflits_t, violence_t;Datasets/all_labels_train_gensim_sparse_matrix.npz
archive20.hypotheses.org/1265;pluridisciplinarité_d, sciences sociales interdisciplinaires_d, histoire_t, information_t, patrimoine_t, monde germanique_t;Datasets/all_labels_train_gensim_sparse_matrix.npz
soziologieblog.hypotheses.org/9499;sciences sociales interdisciplinaires_d, sociologie et anthropologie_d, sociologie du travail_t, sociologie urbaine_t, sociologie de la culture_t, sociologie économique_t;Datasets/all_labels_train_gensim_sparse_matrix.npz
archivalia.hypotheses.org/8401;histoire et archéologie_d, sciences sociales interdisciplinaires_d, histoire_t, approches de corpus_t, enquêtes_t, archives_t;Datasets/all_labels_train_gensim_sparse_matrix.npz
archivalia.hypotheses.org/10320;histoire et archéologie_d, sciences sociales interdisciplinaires_d, histoire_t, approches de corpus_t, enquêtes_t, archives_t;Datasets/all_labels_train_gensim_sparse_matrix.npz
tagebuch.hypotheses.org/773;histoire et archéologie_d, histoire_d, histoire_t, époque contemporaine_t, 1914-1918_t;Datasets/all_labels_train_gensim_sparse_matrix.npz
archivewk1.hypotheses.org/20808;histoire_d, époque contemporaine_t, 1914-1918_t;Datasets/all_labels_train_gensim_sparse_matrix.npz
bioeg.hypotheses.org/131;histoire et archéologie_d, histoire_d, histoire_t, sciences auxiliaires de l'histoire_t, europe centrale et orientale_t, monde germanique_t;Datasets/all_labels_train_gensim_sparse_matrix.npz
archivalia.hypotheses.org/699;histoire et archéologie_d, sciences sociales interdisciplinaires_d, histoire_t, approches de corpus_t, enquêtes_t, archives_t;Datasets/all_labels_train_gensim_sparse_matrix.npz
archivalia.hypotheses.org/13309;histoire et archéologie_d, sciences sociales interdisciplinaires_d, histoire_t, approches de corpus_t, enquêtes_t, archives_t;Datasets/all_labels_train_gensim_sparse_matrix.npz
archivamt.hypotheses.org/1028;communication_d, pluridisciplinarité_d, sciences sociales interdisciplinaires_d, information_t, sciences de l'information_t, représentations_t, patrimoine_t;Datasets/all_labels_train_gensim_sparse_matrix.npz
grk1678.hypotheses.org/613;arts et humanités_d, humanités pluridisciplinaires_d, histoire et philosophie des sciences_d, pluridisciplinarité_d, philosophie_t, littératures_t, histoire culturelle_t, histoire de l'art_t;Datasets/all_labels_train_gensim_sparse_matrix.npz
wenhua.hypotheses.org/82;études asiatiques_d, humanités pluridisciplinaires_d, histoire_d, histoire culturelle_t, asie_t;Datasets/all_labels_train_gensim_sparse_matrix.npz
archivewk1.hypotheses.org/8051;histoire_d, époque contemporaine_t, 1914-1918_t;Datasets/all_labels_train_gensim_sparse_matrix.npz
archivalia.hypotheses.org/2326;histoire et archéologie_d, sciences sociales interdisciplinaires_d, histoire_t, approches de corpus_t, enquêtes_t, archives_t;Datasets/all_labels_train_gensim_sparse_matrix.npz
gewalt.hypotheses.org/24;sciences politiques_d, sociologie_d, sociologie_t, sociologie urbaine_t, anthropologie politique_t, histoire urbaine_t, guerres_t, conflits_t, violence_t;Datasets/all_labels_train_gensim_sparse_matrix.npz
soziologieblog.hypotheses.org/7159;sciences sociales interdisciplinaires_d, sociologie et anthropologie_d, sociologie du travail_t, sociologie urbaine_t, sociologie de la culture_t, sociologie économique_t;Datasets/all_labels_train_gensim_sparse_matrix.npz
artincrisis.hypotheses.org/396;arts et humanités_d, représentations_t, histoire de l'art_t, époque contemporaine_t, 1939-1945_t, monde germanique_t;Datasets/all_labels_train_gensim_sparse_matrix.npz
archivekod.hypotheses.org/203;religions_d, histoire et archéologie_d, sciences de l'information et de la communication_d, bibliothéconomie_d, communication_d, histoire_t, histoire des religions_t, patrimoine_t;Datasets/all_labels_train_gensim_sparse_matrix.npz
dkblog.hypotheses.org/32;histoire_d, histoire_t, époque moderne_t, xviie siècle_t;Datasets/all_labels_train_gensim_sparse_matrix.npz
ordensgeschichte.hypotheses.org/10912;arts et humanités_d, humanités pluridisciplinaires_d, histoire et archéologie_d, histoire et philosophie des sciences_d, histoire_t, haut moyen âge_t, bas moyen âge_t, xviie siècle_t, xviiie siècle_t;Datasets/all_labels_train_gensim_sparse_matrix.npz
unibloggt.hypotheses.org/623;histoire et archéologie_d, pluridisciplinarité_d, histoire_t, information_t;Datasets/all_labels_train_gensim_sparse_matrix.npz
archivalia.hypotheses.org/9496;histoire et archéologie_d, sciences sociales interdisciplinaires_d, histoire_t, approches de corpus_t, enquêtes_t, archives_t;Datasets/all_labels_train_gensim_sparse_matrix.npz
archivalia.hypotheses.org/1776;histoire et archéologie_d, sciences sociales interdisciplinaires_d, histoire_t, approches de corpus_t, enquêtes_t, archives_t;Datasets/all_labels_train_gensim_sparse_matrix.npz
archivalia.hypotheses.org/3735;histoire et archéologie_d, sciences sociales interdisciplinaires_d, histoire_t, approches de corpus_t, enquêtes_t, archives_t;Datasets/all_labels_train_gensim_sparse_matrix.npz
dislab.hypotheses.org/1387;sciences sociales interdisciplinaires_d, langue et linguistique_d, sociologie des sciences_t, linguistique_t;Datasets/all_labels_train_gensim_sparse_matrix.npz
archivamt.hypotheses.org/2305;communication_d, pluridisciplinarité_d, sciences sociales interdisciplinaires_d, information_t, sciences de l'information_t, représentations_t, patrimoine_t;Datasets/all_labels_train_gensim_sparse_matrix.npz
intersex.hypotheses.org/1753;histoire_d, biomédecine_d, étude des genres_t, histoire des sciences_t, histoire_t, histoire du droit_t, moyen âge_t, xxie siècle_t;Datasets/all_labels_train_gensim_sparse_matrix.npz
archivalia.hypotheses.org/7144;histoire et archéologie_d, sciences sociales interdisciplinaires_d, histoire_t, approches de corpus_t, enquêtes_t, archives_t;Datasets/all_labels_train_gensim_sparse_matrix.npz
archivewk1.hypotheses.org/21200;histoire_d, époque contemporaine_t, 1914-1918_t;Datasets/all_labels_train_gensim_sparse_matrix.npz
archivalia.hypotheses.org/4649;histoire et archéologie_d, sciences sociales interdisciplinaires_d, histoire_t, approches de corpus_t, enquêtes_t, archives_t;Datasets/all_labels_train_gensim_sparse_matrix.npz
mgtud.hypotheses.org/311;humanités pluridisciplinaires_d, éducation_d, histoire et archéologie_d, histoire_d, histoire_t, histoire urbaine_t, édition électronique_t;Datasets/all_labels_train_gensim_sparse_matrix.npz
archivalia.hypotheses.org/3434;histoire et archéologie_d, sciences sociales interdisciplinaires_d, histoire_t, approches de corpus_t, enquêtes_t, archives_t;Datasets/all_labels_train_gensim_sparse_matrix.npz
archivewk1.hypotheses.org/12214;histoire_d, époque contemporaine_t, 1914-1918_t;Datasets/all_labels_train_gensim_sparse_matrix.npz
archivamt.hypotheses.org/2441;communication_d, pluridisciplinarité_d, sciences sociales interdisciplinaires_d, information_t, sciences de l'information_t, représentations_t, patrimoine_t;Datasets/all_labels_train_gensim_sparse_matrix.npz
amuc.hypotheses.org/1564;humanités pluridisciplinaires_d, histoire_d, histoire_t, représentations_t, patrimoine_t;Datasets/all_labels_train_gensim_sparse_matrix.npz
archivalia.hypotheses.org/10048;histoire et archéologie_d, sciences sociales interdisciplinaires_d, histoire_t, approches de corpus_t, enquêtes_t, archives_t;Datasets/all_labels_train_gensim_sparse_matrix.npz
histbav.hypotheses.org/3743;humanités pluridisciplinaires_d, histoire_d, pluridisciplinarité_d, histoire_t, monde germanique_t;Datasets/all_labels_train_gensim_sparse_matrix.npz
medialogic.hypotheses.org/782;arts et humanités_d, sciences de l'information et de la communication_d, bibliothéconomie_d, sociologie_t;Datasets/all_labels_train_gensim_sparse_matrix.npz
archivalia.hypotheses.org/53773;histoire et archéologie_d, sciences sociales interdisciplinaires_d, histoire_t, approches de corpus_t, enquêtes_t, archives_t;Datasets/all_labels_train_gensim_sparse_matrix.npz
soziologieblog.hypotheses.org/10069;sciences sociales interdisciplinaires_d, sociologie et anthropologie_d, sociologie du travail_t, sociologie urbaine_t, sociologie de la culture_t, sociologie économique_t;Datasets/all_labels_train_gensim_sparse_matrix.npz
medialogic.hypotheses.org/807;arts et humanités_d, sciences de l'information et de la communication_d, bibliothéconomie_d, sociologie_t;Datasets/all_labels_train_gensim_sparse_matrix.npz
merzdadaco.hypotheses.org/414;humanités pluridisciplinaires_d, littérature_d, littératures_t, représentations_t, histoire culturelle_t, histoire de l'art_t;Datasets/all_labels_train_gensim_sparse_matrix.npz
unibloggt.hypotheses.org/910;histoire et archéologie_d, pluridisciplinarité_d, histoire_t, information_t;Datasets/all_labels_train_gensim_sparse_matrix.npz
wenhua.hypotheses.org/1228;études asiatiques_d, humanités pluridisciplinaires_d, histoire_d, histoire culturelle_t, asie_t;Datasets/all_labels_train_gensim_sparse_matrix.npz
vivien.hypotheses.org/243;arts et humanités_d, représentations_t, histoire de l'art_t, xviiie siècle_t, france_t;Datasets/all_labels_train_gensim_sparse_matrix.npz
archivalia.hypotheses.org/6401;histoire et archéologie_d, sciences sociales interdisciplinaires_d, histoire_t, approches de corpus_t, enquêtes_t, archives_t;Datasets/all_labels_train_gensim_sparse_matrix.npz
archivalia.hypotheses.org/4771;histoire et archéologie_d, sciences sociales interdisciplinaires_d, histoire_t, approches de corpus_t, enquêtes_t, archives_t;Datasets/all_labels_train_gensim_sparse_matrix.npz
ordensgeschichte.hypotheses.org/6953;arts et humanités_d, humanités pluridisciplinaires_d, histoire et archéologie_d, histoire et philosophie des sciences_d, histoire_t, haut moyen âge_t, bas moyen âge_t, xviie siècle_t, xviiie siècle_t;Datasets/all_labels_train_gensim_sparse_matrix.npz
archivewk1.hypotheses.org/30248;histoire_d, époque contemporaine_t, 1914-1918_t;Datasets/all_labels_train_gensim_sparse_matrix.npz
wenhua.hypotheses.org/1519;études asiatiques_d, humanités pluridisciplinaires_d, histoire_d, histoire culturelle_t, asie_t;Datasets/all_labels_train_gensim_sparse_matrix.npz
nummer.hypotheses.org/255;histoire_d, sciences de l'information et de la communication_d, bibliothéconomie_d, histoire_t, histoire intellectuelle_t, histoire et sociologie des médias_t, histoire culturelle_t;Datasets/all_labels_train_gensim_sparse_matrix.npz
inklusion.hypotheses.org/2603;éducation_d, travail social et politique sociale_d, sociologie du travail_t, âges de la vie_t, information_t, sciences de l'éducation_t;Datasets/all_labels_train_gensim_sparse_matrix.npz
lvrafz.hypotheses.org/1504;pluridisciplinarité_d, information_t;Datasets/all_labels_train_gensim_sparse_matrix.npz
redaktionsblog.hypotheses.org/3089;arts et humanités_d, humanités pluridisciplinaires_d, épistémologie et méthodes_t, digital humanities_t;Datasets/all_labels_train_gensim_sparse_matrix.npz
erinnerung.hypotheses.org/422;histoire et archéologie_d, histoire_t, xxe siècle_t, prospectives_t, europe_t;Datasets/all_labels_train_gensim_sparse_matrix.npz
archivalia.hypotheses.org/9315;histoire et archéologie_d, sciences sociales interdisciplinaires_d, histoire_t, approches de corpus_t, enquêtes_t, archives_t;Datasets/all_labels_train_gensim_sparse_matrix.npz
francofil.hypotheses.org/826;pluridisciplinarité_d, sciences sociales interdisciplinaires_d, histoire_t, épistémologie et méthodes_t, approches de corpus_t, enquêtes_t, archives_t, france_t;Datasets/all_labels_train_gensim_sparse_matrix.npz
mindthegaps.hypotheses.org/796;études asiatiques_d, histoire_d, histoire_t, histoire culturelle_t, asie_t, chine_t;Datasets/all_labels_train_gensim_sparse_matrix.npz
histgymbib.hypotheses.org/1947;arts et humanités_d, humanités pluridisciplinaires_d, sciences de l'information et de la communication_d, bibliothéconomie_d, sciences sociales interdisciplinaires_d, éducation_t, xvie siècle_t, xviie siècle_t, xviiie siècle_t, prospectives_t;Datasets/all_labels_train_gensim_sparse_matrix.npz
archivewk1.hypotheses.org/9797;histoire_d, époque contemporaine_t, 1914-1918_t;Datasets/all_labels_train_gensim_sparse_matrix.npz
1914lvr.hypotheses.org/1547;sciences politiques_d, histoire_t, époque contemporaine_t, 1914-1918_t;Datasets/all_labels_train_gensim_sparse_matrix.npz
soziologieblog.hypotheses.org/1835;sciences sociales interdisciplinaires_d, sociologie et anthropologie_d, sociologie du travail_t, sociologie urbaine_t, sociologie de la culture_t, sociologie économique_t;Datasets/all_labels_train_gensim_sparse_matrix.npz
ockenheim.hypotheses.org/553;histoire et archéologie_d, archéologie_d, histoire_t, histoire urbaine_t, édition électronique_t, monde germanique_t;Datasets/all_labels_train_gensim_sparse_matrix.npz
umstrittenesgedaechtnis.hypotheses.org/77;arts et humanités_d, histoire et archéologie_d, représentations_t, époque contemporaine_t;Datasets/all_labels_train_gensim_sparse_matrix.npz
digigw.hypotheses.org/463;humanités pluridisciplinaires_d, histoire_t, édition électronique_t, sciences auxiliaires de l'histoire_t, digital humanities_t;Datasets/all_labels_train_gensim_sparse_matrix.npz
histbav.hypotheses.org/1941;humanités pluridisciplinaires_d, histoire_d, pluridisciplinarité_d, histoire_t, monde germanique_t;Datasets/all_labels_train_gensim_sparse_matrix.npz
archivalia.hypotheses.org/4640;histoire et archéologie_d, sciences sociales interdisciplinaires_d, histoire_t, approches de corpus_t, enquêtes_t, archives_t;Datasets/all_labels_train_gensim_sparse_matrix.npz
ordensgeschichte.hypotheses.org/10232;arts et humanités_d, humanités pluridisciplinaires_d, histoire et archéologie_d, histoire et philosophie des sciences_d, histoire_t, haut moyen âge_t, bas moyen âge_t, xviie siècle_t, xviiie siècle_t;Datasets/all_labels_train_gensim_sparse_matrix.npz
archivalia.hypotheses.org/60093;histoire et archéologie_d, sciences sociales interdisciplinaires_d, histoire_t, approches de corpus_t, enquêtes_t, archives_t;Datasets/all_labels_train_gensim_sparse_matrix.npz
schotten.hypotheses.org/1235;religions_d, histoire et archéologie_d, sciences de l'information et de la communication_d, bibliothéconomie_d, histoire_t, histoire des religions_t, approches de corpus_t, enquêtes_t, archives_t, monde germanique_t;Datasets/all_labels_train_gensim_sparse_matrix.npz
archivalia.hypotheses.org/10027;histoire et archéologie_d, sciences sociales interdisciplinaires_d, histoire_t, approches de corpus_t, enquêtes_t, archives_t;Datasets/all_labels_train_gensim_sparse_matrix.npz
archivewk1.hypotheses.org/17893;histoire_d, époque contemporaine_t, 1914-1918_t;Datasets/all_labels_train_gensim_sparse_matrix.npz
minuseinsebene.hypotheses.org/250;archéologie_d, histoire urbaine_t, histoire des religions_t, moyen âge_t, haut moyen âge_t, monde germanique_t;Datasets/all_labels_train_gensim_sparse_matrix.npz
archivewk1.hypotheses.org/10414;histoire_d, époque contemporaine_t, 1914-1918_t;Datasets/all_labels_train_gensim_sparse_matrix.npz
histgymbib.hypotheses.org/1444;arts et humanités_d, humanités pluridisciplinaires_d, sciences de l'information et de la communication_d, bibliothéconomie_d, sciences sociales interdisciplinaires_d, éducation_t, xvie siècle_t, xviie siècle_t, xviiie siècle_t, prospectives_t;Datasets/all_labels_train_gensim_sparse_matrix.npz
archivewk1.hypotheses.org/23725;histoire_d, époque contemporaine_t, 1914-1918_t;Datasets/all_labels_train_gensim_sparse_matrix.npz
histbav.hypotheses.org/3956;humanités pluridisciplinaires_d, histoire_d, pluridisciplinarité_d, histoire_t, monde germanique_t;Datasets/all_labels_train_gensim_sparse_matrix.npz
frueheneuzeit.hypotheses.org/2021;histoire et archéologie_d, histoire_t, époque moderne_t, xviie siècle_t, xviiie siècle_t, révolution française_t;Datasets/all_labels_train_gensim_sparse_matrix.npz
soziologieblog.hypotheses.org/9078;sciences sociales interdisciplinaires_d, sociologie et anthropologie_d, sociologie du travail_t, sociologie urbaine_t, sociologie de la culture_t, sociologie économique_t;Datasets/all_labels_train_gensim_sparse_matrix.npz
archivewk1.hypotheses.org/16204;histoire_d, époque contemporaine_t, 1914-1918_t;Datasets/all_labels_train_gensim_sparse_matrix.npz
archivewk1.hypotheses.org/9086;histoire_d, époque contemporaine_t, 1914-1918_t;Datasets/all_labels_train_gensim_sparse_matrix.npz
dss.hypotheses.org/896;arts et humanités_d, communication_d, sciences de l'information et bibliothéconomie_d, information_t, édition électronique_t, représentations_t, histoire de l'art_t, patrimoine_t, prospectives_t;Datasets/all_labels_train_gensim_sparse_matrix.npz
archivtag.hypotheses.org/124;pluridisciplinarité_d, sciences sociales interdisciplinaires_d, histoire_t, information_t, monde germanique_t;Datasets/all_labels_train_gensim_sparse_matrix.npz
archive20.hypotheses.org/3857;pluridisciplinarité_d, sciences sociales interdisciplinaires_d, histoire_t, information_t, patrimoine_t, monde germanique_t;Datasets/all_labels_train_gensim_sparse_matrix.npz
archivamt.hypotheses.org/2341;communication_d, pluridisciplinarité_d, sciences sociales interdisciplinaires_d, information_t, sciences de l'information_t, représentations_t, patrimoine_t;Datasets/all_labels_train_gensim_sparse_matrix.npz
archivalia.hypotheses.org/60627;histoire et archéologie_d, sciences sociales interdisciplinaires_d, histoire_t, approches de corpus_t, enquêtes_t, archives_t;Datasets/all_labels_train_gensim_sparse_matrix.npz
archive20.hypotheses.org/270;pluridisciplinarité_d, sciences sociales interdisciplinaires_d, histoire_t, information_t, patrimoine_t, monde germanique_t;Datasets/all_labels_train_gensim_sparse_matrix.npz
medienbildung.hypotheses.org/8339;éducation_d, éducation spécialisée_d, travail social_d, sociologie_t, édition électronique_t, histoire et sociologie des médias_t, éducation_t;Datasets/all_labels_train_gensim_sparse_matrix.npz
archivalia.hypotheses.org/3031;histoire et archéologie_d, sciences sociales interdisciplinaires_d, histoire_t, approches de corpus_t, enquêtes_t, archives_t;Datasets/all_labels_train_gensim_sparse_matrix.npz
archivewk1.hypotheses.org/7857;histoire_d, époque contemporaine_t, 1914-1918_t;Datasets/all_labels_train_gensim_sparse_matrix.npz
archivewk1.hypotheses.org/19133;histoire_d, époque contemporaine_t, 1914-1918_t;Datasets/all_labels_train_gensim_sparse_matrix.npz
archivalia.hypotheses.org/10360;histoire et archéologie_d, sciences sociales interdisciplinaires_d, histoire_t, approches de corpus_t, enquêtes_t, archives_t;Datasets/all_labels_train_gensim_sparse_matrix.npz
netzwerk.hypotheses.org/1775;histoire et archéologie_d, histoire urbaine_t, histoire sociale_t, histoire intellectuelle_t, époque contemporaine_t;Datasets/all_labels_train_gensim_sparse_matrix.npz
archivewk1.hypotheses.org/4025;histoire_d, époque contemporaine_t, 1914-1918_t;Datasets/all_labels_train_gensim_sparse_matrix.npz
archivewk1.hypotheses.org/14521;histoire_d, époque contemporaine_t, 1914-1918_t;Datasets/all_labels_train_gensim_sparse_matrix.npz
archivewk1.hypotheses.org/5509;histoire_d, époque contemporaine_t, 1914-1918_t;Datasets/all_labels_train_gensim_sparse_matrix.npz
grammata.hypotheses.org/1312;études anciennes_d, religions_d, littérature_d, religions_t, littératures_t;Datasets/all_labels_train_gensim_sparse_matrix.npz
leibnizarc.hypotheses.org/357;éducation_d, histoire et archéologie_d, sciences de l'information et bibliothéconomie_d, études des sciences_t, histoire industrielle_t, histoire de l'art_t;Datasets/all_labels_train_gensim_sparse_matrix.npz
archivalia.hypotheses.org/13266;histoire et archéologie_d, sciences sociales interdisciplinaires_d, histoire_t, approches de corpus_t, enquêtes_t, archives_t;Datasets/all_labels_train_gensim_sparse_matrix.npz
archivalia.hypotheses.org/62063;histoire et archéologie_d, sciences sociales interdisciplinaires_d, histoire_t, approches de corpus_t, enquêtes_t, archives_t;Datasets/all_labels_train_gensim_sparse_matrix.npz
archivamt.hypotheses.org/3883;communication_d, pluridisciplinarité_d, sciences sociales interdisciplinaires_d, information_t, sciences de l'information_t, représentations_t, patrimoine_t;Datasets/all_labels_train_gensim_sparse_matrix.npz
ordensgeschichte.hypotheses.org/9717;arts et humanités_d, humanités pluridisciplinaires_d, histoire et archéologie_d, histoire et philosophie des sciences_d, histoire_t, haut moyen âge_t, bas moyen âge_t, xviie siècle_t, xviiie siècle_t;Datasets/all_labels_train_gensim_sparse_matrix.npz
barblog.hypotheses.org/837;sciences sociales interdisciplinaires_d, sciences politiques_d, sociologie_d, anthropologie politique_t;Datasets/all_labels_train_gensim_sparse_matrix.npz
archivalia.hypotheses.org/56666;histoire et archéologie_d, sciences sociales interdisciplinaires_d, histoire_t, approches de corpus_t, enquêtes_t, archives_t;Datasets/all_labels_train_gensim_sparse_matrix.npz
antisem19c.hypotheses.org/798;histoire et archéologie_d, histoire sociale_t, prospectives_t;Datasets/all_labels_train_gensim_sparse_matrix.npz
archivalia.hypotheses.org/695;histoire et archéologie_d, sciences sociales interdisciplinaires_d, histoire_t, approches de corpus_t, enquêtes_t, archives_t;Datasets/all_labels_train_gensim_sparse_matrix.npz
tagebuch.hypotheses.org/1402;histoire et archéologie_d, histoire_d, histoire_t, époque contemporaine_t, 1914-1918_t;Datasets/all_labels_train_gensim_sparse_matrix.npz
dkblog.hypotheses.org/1049;histoire_d, histoire_t, époque moderne_t, xviie siècle_t;Datasets/all_labels_train_gensim_sparse_matrix.npz
archivalia.hypotheses.org/55540;histoire et archéologie_d, sciences sociales interdisciplinaires_d, histoire_t, approches de corpus_t, enquêtes_t, archives_t;Datasets/all_labels_train_gensim_sparse_matrix.npz
tagebuch.hypotheses.org/1058;histoire et archéologie_d, histoire_d, histoire_t, époque contemporaine_t, 1914-1918_t;Datasets/all_labels_train_gensim_sparse_matrix.npz
dgl.hypotheses.org/693;éducation spécialisée_d, histoire_d, histoire_t, histoire et sociologie des médias_t, éducation_t;Datasets/all_labels_train_gensim_sparse_matrix.npz
wenhua.hypotheses.org/12;études asiatiques_d, humanités pluridisciplinaires_d, histoire_d, histoire culturelle_t, asie_t;Datasets/all_labels_train_gensim_sparse_matrix.npz
dkblog.hypotheses.org/693;histoire_d, histoire_t, époque moderne_t, xviie siècle_t;Datasets/all_labels_train_gensim_sparse_matrix.npz
dokunstlmu.hypotheses.org/669;arts et humanités_d, histoire intellectuelle_t;Datasets/all_labels_train_gensim_sparse_matrix.npz
unibloggt.hypotheses.org/105;histoire et archéologie_d, pluridisciplinarité_d, histoire_t, information_t;Datasets/all_labels_train_gensim_sparse_matrix.npz
archivalia.hypotheses.org/13531;histoire et archéologie_d, sciences sociales interdisciplinaires_d, histoire_t, approches de corpus_t, enquêtes_t, archives_t;Datasets/all_labels_train_gensim_sparse_matrix.npz
ordensgeschichte.hypotheses.org/6538;arts et humanités_d, humanités pluridisciplinaires_d, histoire et archéologie_d, histoire et philosophie des sciences_d, histoire_t, haut moyen âge_t, bas moyen âge_t, xviie siècle_t, xviiie siècle_t;Datasets/all_labels_train_gensim_sparse_matrix.npz
ordensgeschichte.hypotheses.org/8071;arts et humanités_d, humanités pluridisciplinaires_d, histoire et archéologie_d, histoire et philosophie des sciences_d, histoire_t, haut moyen âge_t, bas moyen âge_t, xviie siècle_t, xviiie siècle_t;Datasets/all_labels_train_gensim_sparse_matrix.npz
zakunibonn.hypotheses.org/312;histoire_d, psychologie_d, histoire_t, psychisme_t, psychologie_t, méthodes de traitement et de représentation_t, monde germanique_t;Datasets/all_labels_train_gensim_sparse_matrix.npz
pophistory.hypotheses.org/2006;humanités pluridisciplinaires_d, histoire et archéologie_d, sociologie de la culture_t, histoire sociale_t, histoire culturelle_t, époque contemporaine_t;Datasets/all_labels_train_gensim_sparse_matrix.npz
archivewk1.hypotheses.org/23315;histoire_d, époque contemporaine_t, 1914-1918_t;Datasets/all_labels_train_gensim_sparse_matrix.npz
histbav.hypotheses.org/2567;humanités pluridisciplinaires_d, histoire_d, pluridisciplinarité_d, histoire_t, monde germanique_t;Datasets/all_labels_train_gensim_sparse_matrix.npz
bioeg.hypotheses.org/1560;histoire et archéologie_d, histoire_d, histoire_t, sciences auxiliaires de l'histoire_t, europe centrale et orientale_t, monde germanique_t;Datasets/all_labels_train_gensim_sparse_matrix.npz
zakunibonn.hypotheses.org/319;histoire_d, psychologie_d, histoire_t, psychisme_t, psychologie_t, méthodes de traitement et de représentation_t, monde germanique_t;Datasets/all_labels_train_gensim_sparse_matrix.npz
winzen.hypotheses.org/589;histoire_d, histoire_t, études visuelles_t, 1918-1939_t, 1939-1945_t, monde germanique_t;Datasets/all_labels_train_gensim_sparse_matrix.npz
schotten.hypotheses.org/406;religions_d, histoire et archéologie_d, sciences de l'information et de la communication_d, bibliothéconomie_d, histoire_t, histoire des religions_t, approches de corpus_t, enquêtes_t, archives_t, monde germanique_t;Datasets/all_labels_train_gensim_sparse_matrix.npz
archivewk1.hypotheses.org/26212;histoire_d, époque contemporaine_t, 1914-1918_t;Datasets/all_labels_train_gensim_sparse_matrix.npz
archivalia.hypotheses.org/8647;histoire et archéologie_d, sciences sociales interdisciplinaires_d, histoire_t, approches de corpus_t, enquêtes_t, archives_t;Datasets/all_labels_train_gensim_sparse_matrix.npz
archivalia.hypotheses.org/8537;histoire et archéologie_d, sciences sociales interdisciplinaires_d, histoire_t, approches de corpus_t, enquêtes_t, archives_t;Datasets/all_labels_train_gensim_sparse_matrix.npz
archivalia.hypotheses.org/10916;histoire et archéologie_d, sciences sociales interdisciplinaires_d, histoire_t, approches de corpus_t, enquêtes_t, archives_t;Datasets/all_labels_train_gensim_sparse_matrix.npz
archivalia.hypotheses.org/4484;histoire et archéologie_d, sciences sociales interdisciplinaires_d, histoire_t, approches de corpus_t, enquêtes_t, archives_t;Datasets/all_labels_train_gensim_sparse_matrix.npz
archivamt.hypotheses.org/463;communication_d, pluridisciplinarité_d, sciences sociales interdisciplinaires_d, information_t, sciences de l'information_t, représentations_t, patrimoine_t;Datasets/all_labels_train_gensim_sparse_matrix.npz
archivalia.hypotheses.org/56476;histoire et archéologie_d, sciences sociales interdisciplinaires_d, histoire_t, approches de corpus_t, enquêtes_t, archives_t;Datasets/all_labels_train_gensim_sparse_matrix.npz
archivewk1.hypotheses.org/3297;histoire_d, époque contemporaine_t, 1914-1918_t;Datasets/all_labels_train_gensim_sparse_matrix.npz
dfmfa.hypotheses.org/894;humanités pluridisciplinaires_d, sciences sociales interdisciplinaires_d, histoire_t, moyen âge_t, haut moyen âge_t, bas moyen âge_t;Datasets/all_labels_train_gensim_sparse_matrix.npz
mindthegaps.hypotheses.org/1704;études asiatiques_d, histoire_d, histoire_t, histoire culturelle_t, asie_t, chine_t;Datasets/all_labels_train_gensim_sparse_matrix.npz
archivalia.hypotheses.org/10918;histoire et archéologie_d, sciences sociales interdisciplinaires_d, histoire_t, approches de corpus_t, enquêtes_t, archives_t;Datasets/all_labels_train_gensim_sparse_matrix.npz
bloghaus.hypotheses.org/1184;pluridisciplinarité_d, sciences sociales interdisciplinaires_d, information_t, digital humanities_t;Datasets/all_labels_train_gensim_sparse_matrix.npz
bereschitrabba.hypotheses.org/370;arts et humanités_d, religions_d, langue et linguistique_d, religions_t, histoire des religions_t;Datasets/all_labels_train_gensim_sparse_matrix.npz
histbav.hypotheses.org/477;humanités pluridisciplinaires_d, histoire_d, pluridisciplinarité_d, histoire_t, monde germanique_t;Datasets/all_labels_train_gensim_sparse_matrix.npz
1914lvr.hypotheses.org/1643;sciences politiques_d, histoire_t, époque contemporaine_t, 1914-1918_t;Datasets/all_labels_train_gensim_sparse_matrix.npz
archivewk1.hypotheses.org/20597;histoire_d, époque contemporaine_t, 1914-1918_t;Datasets/all_labels_train_gensim_sparse_matrix.npz
uegg.hypotheses.org/33;histoire_d, histoire_t, histoire politique_t, époque contemporaine_t, xxe siècle_t, prospectives_t;Datasets/all_labels_train_gensim_sparse_matrix.npz
archivalia.hypotheses.org/1743;histoire et archéologie_d, sciences sociales interdisciplinaires_d, histoire_t, approches de corpus_t, enquêtes_t, archives_t;Datasets/all_labels_train_gensim_sparse_matrix.npz
inklusion.hypotheses.org/1340;éducation_d, travail social et politique sociale_d, sociologie du travail_t, âges de la vie_t, information_t, sciences de l'éducation_t;Datasets/all_labels_train_gensim_sparse_matrix.npz
archivewk1.hypotheses.org/6922;histoire_d, époque contemporaine_t, 1914-1918_t;Datasets/all_labels_train_gensim_sparse_matrix.npz
archivalia.hypotheses.org/52826;histoire et archéologie_d, sciences sociales interdisciplinaires_d, histoire_t, approches de corpus_t, enquêtes_t, archives_t;Datasets/all_labels_train_gensim_sparse_matrix.npz
archivalia.hypotheses.org/13869;histoire et archéologie_d, sciences sociales interdisciplinaires_d, histoire_t, approches de corpus_t, enquêtes_t, archives_t;Datasets/all_labels_train_gensim_sparse_matrix.npz
archivalia.hypotheses.org/13716;histoire et archéologie_d, sciences sociales interdisciplinaires_d, histoire_t, approches de corpus_t, enquêtes_t, archives_t;Datasets/all_labels_train_gensim_sparse_matrix.npz
archivewk1.hypotheses.org/21842;histoire_d, époque contemporaine_t, 1914-1918_t;Datasets/all_labels_train_gensim_sparse_matrix.npz
archivalia.hypotheses.org/7843;histoire et archéologie_d, sciences sociales interdisciplinaires_d, histoire_t, approches de corpus_t, enquêtes_t, archives_t;Datasets/all_labels_train_gensim_sparse_matrix.npz
archivewk1.hypotheses.org/22905;histoire_d, époque contemporaine_t, 1914-1918_t;Datasets/all_labels_train_gensim_sparse_matrix.npz
histbav.hypotheses.org/1137;humanités pluridisciplinaires_d, histoire_d, pluridisciplinarité_d, histoire_t, monde germanique_t;Datasets/all_labels_train_gensim_sparse_matrix.npz
archivalia.hypotheses.org/2735;histoire et archéologie_d, sciences sociales interdisciplinaires_d, histoire_t, approches de corpus_t, enquêtes_t, archives_t;Datasets/all_labels_train_gensim_sparse_matrix.npz
histbav.hypotheses.org/4608;humanités pluridisciplinaires_d, histoire_d, pluridisciplinarité_d, histoire_t, monde germanique_t;Datasets/all_labels_train_gensim_sparse_matrix.npz
archivalia.hypotheses.org/10255;histoire et archéologie_d, sciences sociales interdisciplinaires_d, histoire_t, approches de corpus_t, enquêtes_t, archives_t;Datasets/all_labels_train_gensim_sparse_matrix.npz
archivalia.hypotheses.org/4409;histoire et archéologie_d, sciences sociales interdisciplinaires_d, histoire_t, approches de corpus_t, enquêtes_t, archives_t;Datasets/all_labels_train_gensim_sparse_matrix.npz
digigw.hypotheses.org/1153;humanités pluridisciplinaires_d, histoire_t, édition électronique_t, sciences auxiliaires de l'histoire_t, digital humanities_t;Datasets/all_labels_train_gensim_sparse_matrix.npz
dhmuc.hypotheses.org/179;humanités pluridisciplinaires_d, communication_d, pluridisciplinarité_d, sciences sociales interdisciplinaires_d, études des sciences_t, édition électronique_t, digital humanities_t;Datasets/all_labels_train_gensim_sparse_matrix.npz
archivewk1.hypotheses.org/33838;histoire_d, époque contemporaine_t, 1914-1918_t;Datasets/all_labels_train_gensim_sparse_matrix.npz
archivalia.hypotheses.org/11328;histoire et archéologie_d, sciences sociales interdisciplinaires_d, histoire_t, approches de corpus_t, enquêtes_t, archives_t;Datasets/all_labels_train_gensim_sparse_matrix.npz
archivalia.hypotheses.org/59749;histoire et archéologie_d, sciences sociales interdisciplinaires_d, histoire_t, approches de corpus_t, enquêtes_t, archives_t;Datasets/all_labels_train_gensim_sparse_matrix.npz
vgdrp.hypotheses.org/286;éducation_d, histoire des sciences sociales_d, histoire_t, histoire économique_t, histoire industrielle_t, histoire urbaine_t, histoire sociale_t;Datasets/all_labels_train_gensim_sparse_matrix.npz
neuburg.hypotheses.org/159;histoire_d, histoire urbaine_t, époque contemporaine_t;Datasets/all_labels_train_gensim_sparse_matrix.npz
bereschitrabba.hypotheses.org/1341;arts et humanités_d, religions_d, langue et linguistique_d, religions_t, histoire des religions_t;Datasets/all_labels_train_gensim_sparse_matrix.npz
mgtud.hypotheses.org/165;humanités pluridisciplinaires_d, éducation_d, histoire et archéologie_d, histoire_d, histoire_t, histoire urbaine_t, édition électronique_t;Datasets/all_labels_train_gensim_sparse_matrix.npz
jeunegen.hypotheses.org/165;histoire_d, pluridisciplinarité_d, histoire_t, vie de la recherche_t, moyen âge_t, haut moyen âge_t, bas moyen âge_t;Datasets/all_labels_train_gensim_sparse_matrix.npz
histgymbib.hypotheses.org/608;arts et humanités_d, humanités pluridisciplinaires_d, sciences de l'information et de la communication_d, bibliothéconomie_d, sciences sociales interdisciplinaires_d, éducation_t, xvie siècle_t, xviie siècle_t, xviiie siècle_t, prospectives_t;Datasets/all_labels_train_gensim_sparse_matrix.npz
pophistory.hypotheses.org/1649;humanités pluridisciplinaires_d, histoire et archéologie_d, sociologie de la culture_t, histoire sociale_t, histoire culturelle_t, époque contemporaine_t;Datasets/all_labels_train_gensim_sparse_matrix.npz
erinnern.hypotheses.org/136;éducation et sciences de l'éducation_d, histoire_d, histoire_t, éducation_t, 1918-1939_t, 1939-1945_t, 1945-1989_t;Datasets/all_labels_train_gensim_sparse_matrix.npz
archivewk1.hypotheses.org/10687;histoire_d, époque contemporaine_t, 1914-1918_t;Datasets/all_labels_train_gensim_sparse_matrix.npz
medienbildung.hypotheses.org/3086;éducation_d, éducation spécialisée_d, travail social_d, sociologie_t, édition électronique_t, histoire et sociologie des médias_t, éducation_t;Datasets/all_labels_train_gensim_sparse_matrix.npz
archivewk1.hypotheses.org/3133;histoire_d, époque contemporaine_t, 1914-1918_t;Datasets/all_labels_train_gensim_sparse_matrix.npz
studpro.hypotheses.org/1241;histoire_d, histoire_t, époque moderne_t, xviie siècle_t, xviiie siècle_t;Datasets/all_labels_train_gensim_sparse_matrix.npz
histbav.hypotheses.org/1018;humanités pluridisciplinaires_d, histoire_d, pluridisciplinarité_d, histoire_t, monde germanique_t;Datasets/all_labels_train_gensim_sparse_matrix.npz
dhmuc.hypotheses.org/317;humanités pluridisciplinaires_d, communication_d, pluridisciplinarité_d, sciences sociales interdisciplinaires_d, études des sciences_t, édition électronique_t, digital humanities_t;Datasets/all_labels_train_gensim_sparse_matrix.npz
soziologieblog.hypotheses.org/5074;sciences sociales interdisciplinaires_d, sociologie et anthropologie_d, sociologie du travail_t, sociologie urbaine_t, sociologie de la culture_t, sociologie économique_t;Datasets/all_labels_train_gensim_sparse_matrix.npz
mittelalter.hypotheses.org/8758;humanités pluridisciplinaires_d, religions_d, histoire_d, sociologie_d, histoire_t, histoire sociale_t, histoire intellectuelle_t, moyen âge_t, haut moyen âge_t, bas moyen âge_t;Datasets/all_labels_train_gensim_sparse_matrix.npz
heraldica.hypotheses.org/2808;histoire_d, histoire_t, historiographie_t, sciences auxiliaires de l'histoire_t, moyen âge_t, haut moyen âge_t;Datasets/all_labels_train_gensim_sparse_matrix.npz
resilienz.hypotheses.org/334;pluridisciplinarité_d, sciences sociales interdisciplinaires_d, études des sciences_t, épistémologie et méthodes_t, vie de la recherche_t, prospectives_t;Datasets/all_labels_train_gensim_sparse_matrix.npz
19jhdhip.hypotheses.org/2700;histoire_d, époque contemporaine_t, prospectives_t, france_t, monde germanique_t;Datasets/all_labels_train_gensim_sparse_matrix.npz
archivewk1.hypotheses.org/26293;histoire_d, époque contemporaine_t, 1914-1918_t;Datasets/all_labels_train_gensim_sparse_matrix.npz
soziologieblog.hypotheses.org/3251;sciences sociales interdisciplinaires_d, sociologie et anthropologie_d, sociologie du travail_t, sociologie urbaine_t, sociologie de la culture_t, sociologie économique_t;Datasets/all_labels_train_gensim_sparse_matrix.npz
soziologieblog.hypotheses.org/2117;sciences sociales interdisciplinaires_d, sociologie et anthropologie_d, sociologie du travail_t, sociologie urbaine_t, sociologie de la culture_t, sociologie économique_t;Datasets/all_labels_train_gensim_sparse_matrix.npz
archivalia.hypotheses.org/53635;histoire et archéologie_d, sciences sociales interdisciplinaires_d, histoire_t, approches de corpus_t, enquêtes_t, archives_t;Datasets/all_labels_train_gensim_sparse_matrix.npz
lvrafz.hypotheses.org/1994;pluridisciplinarité_d, information_t;Datasets/all_labels_train_gensim_sparse_matrix.npz
anthropologicalmaterialism.hypotheses.org/1902;sociologie_t, philosophie_t;Datasets/all_labels_train_gensim_sparse_matrix.npz
archivalia.hypotheses.org/8867;histoire et archéologie_d, sciences sociales interdisciplinaires_d, histoire_t, approches de corpus_t, enquêtes_t, archives_t;Datasets/all_labels_train_gensim_sparse_matrix.npz
archivalia.hypotheses.org/4883;histoire et archéologie_d, sciences sociales interdisciplinaires_d, histoire_t, approches de corpus_t, enquêtes_t, archives_t;Datasets/all_labels_train_gensim_sparse_matrix.npz
inklusion.hypotheses.org/1425;éducation_d, travail social et politique sociale_d, sociologie du travail_t, âges de la vie_t, information_t, sciences de l'éducation_t;Datasets/all_labels_train_gensim_sparse_matrix.npz
ostbib.hypotheses.org/1308;humanités pluridisciplinaires_d, histoire et archéologie_d, sciences de l'information et de la communication_d, bibliothéconomie_d, sciences sociales interdisciplinaires_d, sciences de l'information_t, édition électronique_t;Datasets/all_labels_train_gensim_sparse_matrix.npz
gab.hypotheses.org/2658;histoire et archéologie_d, pluridisciplinarité_d, sciences sociales interdisciplinaires_d, études des sciences_t, sociologie des sciences_t, histoire_t;Datasets/all_labels_train_gensim_sparse_matrix.npz
bioeg.hypotheses.org/1525;histoire et archéologie_d, histoire_d, histoire_t, sciences auxiliaires de l'histoire_t, europe centrale et orientale_t, monde germanique_t;Datasets/all_labels_train_gensim_sparse_matrix.npz
oberrhein.hypotheses.org/1101;religions_d, archéologie_d, histoire_d, histoire_t, moyen âge_t, france_t, monde germanique_t;Datasets/all_labels_train_gensim_sparse_matrix.npz
archivalia.hypotheses.org/2872;histoire et archéologie_d, sciences sociales interdisciplinaires_d, histoire_t, approches de corpus_t, enquêtes_t, archives_t;Datasets/all_labels_train_gensim_sparse_matrix.npz
archivalia.hypotheses.org/1386;histoire et archéologie_d, sciences sociales interdisciplinaires_d, histoire_t, approches de corpus_t, enquêtes_t, archives_t;Datasets/all_labels_train_gensim_sparse_matrix.npz
achtundvierzig.hypotheses.org/794;sciences politiques_d, histoire_d, époque contemporaine_t, prospectives_t, histoire politique_t, monde germanique_t;Datasets/all_labels_train_gensim_sparse_matrix.npz
archivalia.hypotheses.org/6178;histoire et archéologie_d, sciences sociales interdisciplinaires_d, histoire_t, approches de corpus_t, enquêtes_t, archives_t;Datasets/all_labels_train_gensim_sparse_matrix.npz
kulturgut.hypotheses.org/89;humanités pluridisciplinaires_d, études des sciences_t, histoire_t, approches de corpus_t, enquêtes_t, archives_t;Datasets/all_labels_train_gensim_sparse_matrix.npz
intersex.hypotheses.org/3378;histoire_d, biomédecine_d, étude des genres_t, histoire des sciences_t, histoire_t, histoire du droit_t, moyen âge_t, xxie siècle_t;Datasets/all_labels_train_gensim_sparse_matrix.npz
redaktionsblog.hypotheses.org/1410;arts et humanités_d, humanités pluridisciplinaires_d, épistémologie et méthodes_t, digital humanities_t;Datasets/all_labels_train_gensim_sparse_matrix.npz
histbav.hypotheses.org/1676;humanités pluridisciplinaires_d, histoire_d, pluridisciplinarité_d, histoire_t, monde germanique_t;Datasets/all_labels_train_gensim_sparse_matrix.npz
uegg.hypotheses.org/233;histoire_d, histoire_t, histoire politique_t, époque contemporaine_t, xxe siècle_t, prospectives_t;Datasets/all_labels_train_gensim_sparse_matrix.npz
archivekod.hypotheses.org/449;religions_d, histoire et archéologie_d, sciences de l'information et de la communication_d, bibliothéconomie_d, communication_d, histoire_t, histoire des religions_t, patrimoine_t;Datasets/all_labels_train_gensim_sparse_matrix.npz
archivewk1.hypotheses.org/27719;histoire_d, époque contemporaine_t, 1914-1918_t;Datasets/all_labels_train_gensim_sparse_matrix.npz
archivalia.hypotheses.org/59966;histoire et archéologie_d, sciences sociales interdisciplinaires_d, histoire_t, approches de corpus_t, enquêtes_t, archives_t;Datasets/all_labels_train_gensim_sparse_matrix.npz
archivalia.hypotheses.org/12412;histoire et archéologie_d, sciences sociales interdisciplinaires_d, histoire_t, approches de corpus_t, enquêtes_t, archives_t;Datasets/all_labels_train_gensim_sparse_matrix.npz
soziologieblog.hypotheses.org/9032;sciences sociales interdisciplinaires_d, sociologie et anthropologie_d, sociologie du travail_t, sociologie urbaine_t, sociologie de la culture_t, sociologie économique_t;Datasets/all_labels_train_gensim_sparse_matrix.npz
barblog.hypotheses.org/1359;sciences sociales interdisciplinaires_d, sciences politiques_d, sociologie_d, anthropologie politique_t;Datasets/all_labels_train_gensim_sparse_matrix.npz
soziologieblog.hypotheses.org/7678;sciences sociales interdisciplinaires_d, sociologie et anthropologie_d, sociologie du travail_t, sociologie urbaine_t, sociologie de la culture_t, sociologie économique_t;Datasets/all_labels_train_gensim_sparse_matrix.npz
archivalia.hypotheses.org/4705;histoire et archéologie_d, sciences sociales interdisciplinaires_d, histoire_t, approches de corpus_t, enquêtes_t, archives_t;Datasets/all_labels_train_gensim_sparse_matrix.npz
mittelalter.hypotheses.org/3016;humanités pluridisciplinaires_d, religions_d, histoire_d, sociologie_d, histoire_t, histoire sociale_t, histoire intellectuelle_t, moyen âge_t, haut moyen âge_t, bas moyen âge_t;Datasets/all_labels_train_gensim_sparse_matrix.npz
oberrhein.hypotheses.org/1354;religions_d, archéologie_d, histoire_d, histoire_t, moyen âge_t, france_t, monde germanique_t;Datasets/all_labels_train_gensim_sparse_matrix.npz
grk1678.hypotheses.org/890;arts et humanités_d, humanités pluridisciplinaires_d, histoire et philosophie des sciences_d, pluridisciplinarité_d, philosophie_t, littératures_t, histoire culturelle_t, histoire de l'art_t;Datasets/all_labels_train_gensim_sparse_matrix.npz
soziologieblog.hypotheses.org/1515;sciences sociales interdisciplinaires_d, sociologie et anthropologie_d, sociologie du travail_t, sociologie urbaine_t, sociologie de la culture_t, sociologie économique_t;Datasets/all_labels_train_gensim_sparse_matrix.npz
bioeg.hypotheses.org/1486;histoire et archéologie_d, histoire_d, histoire_t, sciences auxiliaires de l'histoire_t, europe centrale et orientale_t, monde germanique_t;Datasets/all_labels_train_gensim_sparse_matrix.npz
oberrhein.hypotheses.org/350;religions_d, archéologie_d, histoire_d, histoire_t, moyen âge_t, france_t, monde germanique_t;Datasets/all_labels_train_gensim_sparse_matrix.npz
archivalia.hypotheses.org/8895;histoire et archéologie_d, sciences sociales interdisciplinaires_d, histoire_t, approches de corpus_t, enquêtes_t, archives_t;Datasets/all_labels_train_gensim_sparse_matrix.npz
frueheneuzeit.hypotheses.org/1328;histoire et archéologie_d, histoire_t, époque moderne_t, xviie siècle_t, xviiie siècle_t, révolution française_t;Datasets/all_labels_train_gensim_sparse_matrix.npz
soziologieblog.hypotheses.org/5929;sciences sociales interdisciplinaires_d, sociologie et anthropologie_d, sociologie du travail_t, sociologie urbaine_t, sociologie de la culture_t, sociologie économique_t;Datasets/all_labels_train_gensim_sparse_matrix.npz
archivalia.hypotheses.org/9592;histoire et archéologie_d, sciences sociales interdisciplinaires_d, histoire_t, approches de corpus_t, enquêtes_t, archives_t;Datasets/all_labels_train_gensim_sparse_matrix.npz
archivamt.hypotheses.org/2646;communication_d, pluridisciplinarité_d, sciences sociales interdisciplinaires_d, information_t, sciences de l'information_t, représentations_t, patrimoine_t;Datasets/all_labels_train_gensim_sparse_matrix.npz
mindthegaps.hypotheses.org/780;études asiatiques_d, histoire_d, histoire_t, histoire culturelle_t, asie_t, chine_t;Datasets/all_labels_train_gensim_sparse_matrix.npz
bloghaus.hypotheses.org/1380;pluridisciplinarité_d, sciences sociales interdisciplinaires_d, information_t, digital humanities_t;Datasets/all_labels_train_gensim_sparse_matrix.npz
redaktionsblog.hypotheses.org/1628;arts et humanités_d, humanités pluridisciplinaires_d, épistémologie et méthodes_t, digital humanities_t;Datasets/all_labels_train_gensim_sparse_matrix.npz
archivalia.hypotheses.org/13322;histoire et archéologie_d, sciences sociales interdisciplinaires_d, histoire_t, approches de corpus_t, enquêtes_t, archives_t;Datasets/all_labels_train_gensim_sparse_matrix.npz
wenhua.hypotheses.org/1440;études asiatiques_d, humanités pluridisciplinaires_d, histoire_d, histoire culturelle_t, asie_t;Datasets/all_labels_train_gensim_sparse_matrix.npz
tagebuch.hypotheses.org/95;histoire et archéologie_d, histoire_d, histoire_t, époque contemporaine_t, 1914-1918_t;Datasets/all_labels_train_gensim_sparse_matrix.npz
musermeku.hypotheses.org/926;humanités pluridisciplinaires_d, pluridisciplinarité_d, sciences sociales interdisciplinaires_d, sociologie_t, sociologie de la culture_t, histoire_t, histoire politique_t;Datasets/all_labels_train_gensim_sparse_matrix.npz
trafo.hypotheses.org/2976;pluridisciplinarité_d, sciences sociales interdisciplinaires_d, études régionales_d, sociologie_t, sociologie des religions_t, information_t, histoire culturelle_t;Datasets/all_labels_train_gensim_sparse_matrix.npz
etatsocial.hypotheses.org/325;histoire_d, histoire des sciences sociales_d, sociologie_d, économie_d, sociologie du travail_t, âges de la vie_t, xxe siècle_t;Datasets/all_labels_train_gensim_sparse_matrix.npz
inklusion.hypotheses.org/2565;éducation_d, travail social et politique sociale_d, sociologie du travail_t, âges de la vie_t, information_t, sciences de l'éducation_t;Datasets/all_labels_train_gensim_sparse_matrix.npz
archivewk1.hypotheses.org/36933;histoire_d, époque contemporaine_t, 1914-1918_t;Datasets/all_labels_train_gensim_sparse_matrix.npz
archivalia.hypotheses.org/5873;histoire et archéologie_d, sciences sociales interdisciplinaires_d, histoire_t, approches de corpus_t, enquêtes_t, archives_t;Datasets/all_labels_train_gensim_sparse_matrix.npz
histbav.hypotheses.org/1817;humanités pluridisciplinaires_d, histoire_d, pluridisciplinarité_d, histoire_t, monde germanique_t;Datasets/all_labels_train_gensim_sparse_matrix.npz
archivlinz.hypotheses.org/1101;histoire et archéologie_d, histoire_d, histoire urbaine_t, 1914-1918_t, monde germanique_t;Datasets/all_labels_train_gensim_sparse_matrix.npz
maxweber.hypotheses.org/305;humanités pluridisciplinaires_d, histoire et archéologie_d, histoire et philosophie des sciences_d, sociologie et anthropologie_d, histoire sociale_t, histoire intellectuelle_t, sociologie des religions_t, vie de la recherche_t;Datasets/all_labels_train_gensim_sparse_matrix.npz
archivewk1.hypotheses.org/4092;histoire_d, époque contemporaine_t, 1914-1918_t;Datasets/all_labels_train_gensim_sparse_matrix.npz
histgymbib.hypotheses.org/687;arts et humanités_d, humanités pluridisciplinaires_d, sciences de l'information et de la communication_d, bibliothéconomie_d, sciences sociales interdisciplinaires_d, éducation_t, xvie siècle_t, xviie siècle_t, xviiie siècle_t, prospectives_t;Datasets/all_labels_train_gensim_sparse_matrix.npz
archivalia.hypotheses.org/5674;histoire et archéologie_d, sciences sociales interdisciplinaires_d, histoire_t, approches de corpus_t, enquêtes_t, archives_t;Datasets/all_labels_train_gensim_sparse_matrix.npz
kinder.hypotheses.org/900;éducation et sciences de l'éducation_d, études sur la famille_d, âges de la vie_t, sciences de l'éducation_t;Datasets/all_labels_train_gensim_sparse_matrix.npz
archivalia.hypotheses.org/54368;histoire et archéologie_d, sciences sociales interdisciplinaires_d, histoire_t, approches de corpus_t, enquêtes_t, archives_t;Datasets/all_labels_train_gensim_sparse_matrix.npz
hoyerswerda.hypotheses.org/1;arts et humanités_d, histoire_d, histoire urbaine_t, monde germanique_t;Datasets/all_labels_train_gensim_sparse_matrix.npz
dokunstlmu.hypotheses.org/583;arts et humanités_d, histoire intellectuelle_t;Datasets/all_labels_train_gensim_sparse_matrix.npz
bioeg.hypotheses.org/1785;histoire et archéologie_d, histoire_d, histoire_t, sciences auxiliaires de l'histoire_t, europe centrale et orientale_t, monde germanique_t;Datasets/all_labels_train_gensim_sparse_matrix.npz
djgd.hypotheses.org/915;histoire_d, histoire_t, digital humanities_t, xxe siècle_t, prospectives_t;Datasets/all_labels_train_gensim_sparse_matrix.npz
digitalintellectuals.hypotheses.org/2338;études anciennes_d, histoire et philosophie des sciences_d, pluridisciplinarité_d, littérature_d, histoire intellectuelle_t, approches de corpus_t, enquêtes_t, archives_t, époque moderne_t, prospectives_t, monde germanique_t;Datasets/all_labels_train_gensim_sparse_matrix.npz
mindthegaps.hypotheses.org/1968;études asiatiques_d, histoire_d, histoire_t, histoire culturelle_t, asie_t, chine_t;Datasets/all_labels_train_gensim_sparse_matrix.npz
soziologieblog.hypotheses.org/4201;sciences sociales interdisciplinaires_d, sociologie et anthropologie_d, sociologie du travail_t, sociologie urbaine_t, sociologie de la culture_t, sociologie économique_t;Datasets/all_labels_train_gensim_sparse_matrix.npz
dkblog.hypotheses.org/749;histoire_d, histoire_t, époque moderne_t, xviie siècle_t;Datasets/all_labels_train_gensim_sparse_matrix.npz
archivalia.hypotheses.org/8518;histoire et archéologie_d, sciences sociales interdisciplinaires_d, histoire_t, approches de corpus_t, enquêtes_t, archives_t;Datasets/all_labels_train_gensim_sparse_matrix.npz
histbav.hypotheses.org/4997;humanités pluridisciplinaires_d, histoire_d, pluridisciplinarité_d, histoire_t, monde germanique_t;Datasets/all_labels_train_gensim_sparse_matrix.npz
guerre-froide.hypotheses.org/1444;histoire_d, relations internationales_t, histoire culturelle_t, 1945-1989_t;Datasets/all_labels_train_gensim_sparse_matrix.npz
trafo.hypotheses.org/2105;pluridisciplinarité_d, sciences sociales interdisciplinaires_d, études régionales_d, sociologie_t, sociologie des religions_t, information_t, histoire culturelle_t;Datasets/all_labels_train_gensim_sparse_matrix.npz
archivalia.hypotheses.org/2367;histoire et archéologie_d, sciences sociales interdisciplinaires_d, histoire_t, approches de corpus_t, enquêtes_t, archives_t;Datasets/all_labels_train_gensim_sparse_matrix.npz
archivalia.hypotheses.org/53473;histoire et archéologie_d, sciences sociales interdisciplinaires_d, histoire_t, approches de corpus_t, enquêtes_t, archives_t;Datasets/all_labels_train_gensim_sparse_matrix.npz
tagebuch.hypotheses.org/990;histoire et archéologie_d, histoire_d, histoire_t, époque contemporaine_t, 1914-1918_t;Datasets/all_labels_train_gensim_sparse_matrix.npz
jeunegen.hypotheses.org/1456;histoire_d, pluridisciplinarité_d, histoire_t, vie de la recherche_t, moyen âge_t, haut moyen âge_t, bas moyen âge_t;Datasets/all_labels_train_gensim_sparse_matrix.npz
ordensgeschichte.hypotheses.org/10826;arts et humanités_d, humanités pluridisciplinaires_d, histoire et archéologie_d, histoire et philosophie des sciences_d, histoire_t, haut moyen âge_t, bas moyen âge_t, xviie siècle_t, xviiie siècle_t;Datasets/all_labels_train_gensim_sparse_matrix.npz
neuburg.hypotheses.org/105;histoire_d, histoire urbaine_t, époque contemporaine_t;Datasets/all_labels_train_gensim_sparse_matrix.npz
archivalia.hypotheses.org/59945;histoire et archéologie_d, sciences sociales interdisciplinaires_d, histoire_t, approches de corpus_t, enquêtes_t, archives_t;Datasets/all_labels_train_gensim_sparse_matrix.npz
francofil.hypotheses.org/1378;pluridisciplinarité_d, sciences sociales interdisciplinaires_d, histoire_t, épistémologie et méthodes_t, approches de corpus_t, enquêtes_t, archives_t, france_t;Datasets/all_labels_train_gensim_sparse_matrix.npz
intersex.hypotheses.org/348;histoire_d, biomédecine_d, étude des genres_t, histoire des sciences_t, histoire_t, histoire du droit_t, moyen âge_t, xxie siècle_t;Datasets/all_labels_train_gensim_sparse_matrix.npz
1914lvr.hypotheses.org/1215;sciences politiques_d, histoire_t, époque contemporaine_t, 1914-1918_t;Datasets/all_labels_train_gensim_sparse_matrix.npz
guerre-froide.hypotheses.org/853;histoire_d, relations internationales_t, histoire culturelle_t, 1945-1989_t;Datasets/all_labels_train_gensim_sparse_matrix.npz
archivalia.hypotheses.org/4111;histoire et archéologie_d, sciences sociales interdisciplinaires_d, histoire_t, approches de corpus_t, enquêtes_t, archives_t;Datasets/all_labels_train_gensim_sparse_matrix.npz
schotten.hypotheses.org/317;religions_d, histoire et archéologie_d, sciences de l'information et de la communication_d, bibliothéconomie_d, histoire_t, histoire des religions_t, approches de corpus_t, enquêtes_t, archives_t, monde germanique_t;Datasets/all_labels_train_gensim_sparse_matrix.npz
archivalia.hypotheses.org/60803;histoire et archéologie_d, sciences sociales interdisciplinaires_d, histoire_t, approches de corpus_t, enquêtes_t, archives_t;Datasets/all_labels_train_gensim_sparse_matrix.npz
kinder.hypotheses.org/1339;éducation et sciences de l'éducation_d, études sur la famille_d, âges de la vie_t, sciences de l'éducation_t;Datasets/all_labels_train_gensim_sparse_matrix.npz
archives.hypotheses.org/94;histoire_d, communication_d, patrimoine_t, digital humanities_t, moyen âge_t, époque moderne_t, france_t, monde germanique_t;Datasets/all_labels_train_gensim_sparse_matrix.npz
dhdhi.hypotheses.org/2679;histoire et archéologie_d, histoire_t, épistémologie et méthodes_t, digital humanities_t;Datasets/all_labels_train_gensim_sparse_matrix.npz
archivewk1.hypotheses.org/481;histoire_d, époque contemporaine_t, 1914-1918_t;Datasets/all_labels_train_gensim_sparse_matrix.npz
archivalia.hypotheses.org/2322;histoire et archéologie_d, sciences sociales interdisciplinaires_d, histoire_t, approches de corpus_t, enquêtes_t, archives_t;Datasets/all_labels_train_gensim_sparse_matrix.npz
ordensgeschichte.hypotheses.org/10460;arts et humanités_d, humanités pluridisciplinaires_d, histoire et archéologie_d, histoire et philosophie des sciences_d, histoire_t, haut moyen âge_t, bas moyen âge_t, xviie siècle_t, xviiie siècle_t;Datasets/all_labels_train_gensim_sparse_matrix.npz
ordensgeschichte.hypotheses.org/8808;arts et humanités_d, humanités pluridisciplinaires_d, histoire et archéologie_d, histoire et philosophie des sciences_d, histoire_t, haut moyen âge_t, bas moyen âge_t, xviie siècle_t, xviiie siècle_t;Datasets/all_labels_train_gensim_sparse_matrix.npz
archivalia.hypotheses.org/12950;histoire et archéologie_d, sciences sociales interdisciplinaires_d, histoire_t, approches de corpus_t, enquêtes_t, archives_t;Datasets/all_labels_train_gensim_sparse_matrix.npz
archivalia.hypotheses.org/10321;histoire et archéologie_d, sciences sociales interdisciplinaires_d, histoire_t, approches de corpus_t, enquêtes_t, archives_t;Datasets/all_labels_train_gensim_sparse_matrix.npz
europhilomem.hypotheses.org/2033;philosophie_d, philosophie_t, histoire intellectuelle_t, xxe siècle_t, prospectives_t;Datasets/all_labels_train_gensim_sparse_matrix.npz
archivalia.hypotheses.org/53884;histoire et archéologie_d, sciences sociales interdisciplinaires_d, histoire_t, approches de corpus_t, enquêtes_t, archives_t;Datasets/all_labels_train_gensim_sparse_matrix.npz
francofil.hypotheses.org/4364;pluridisciplinarité_d, sciences sociales interdisciplinaires_d, histoire_t, épistémologie et méthodes_t, approches de corpus_t, enquêtes_t, archives_t, france_t;Datasets/all_labels_train_gensim_sparse_matrix.npz
wwc.hypotheses.org/1400;humanités pluridisciplinaires_d, pluridisciplinarité_d, études régionales_d, relations internationales_t, information_t, représentations_t;Datasets/all_labels_train_gensim_sparse_matrix.npz
archivalia.hypotheses.org/7793;histoire et archéologie_d, sciences sociales interdisciplinaires_d, histoire_t, approches de corpus_t, enquêtes_t, archives_t;Datasets/all_labels_train_gensim_sparse_matrix.npz
archivewk1.hypotheses.org/6895;histoire_d, époque contemporaine_t, 1914-1918_t;Datasets/all_labels_train_gensim_sparse_matrix.npz
archivalia.hypotheses.org/61693;histoire et archéologie_d, sciences sociales interdisciplinaires_d, histoire_t, approches de corpus_t, enquêtes_t, archives_t;Datasets/all_labels_train_gensim_sparse_matrix.npz
histbav.hypotheses.org/3500;humanités pluridisciplinaires_d, histoire_d, pluridisciplinarité_d, histoire_t, monde germanique_t;Datasets/all_labels_train_gensim_sparse_matrix.npz
histbav.hypotheses.org/3178;humanités pluridisciplinaires_d, histoire_d, pluridisciplinarité_d, histoire_t, monde germanique_t;Datasets/all_labels_train_gensim_sparse_matrix.npz
ordensgeschichte.hypotheses.org/8733;arts et humanités_d, humanités pluridisciplinaires_d, histoire et archéologie_d, histoire et philosophie des sciences_d, histoire_t, haut moyen âge_t, bas moyen âge_t, xviie siècle_t, xviiie siècle_t;Datasets/all_labels_train_gensim_sparse_matrix.npz
beruf.hypotheses.org/206;histoire et archéologie_d, histoire_d, histoire_t;Datasets/all_labels_train_gensim_sparse_matrix.npz
gab.hypotheses.org/548;histoire et archéologie_d, pluridisciplinarité_d, sciences sociales interdisciplinaires_d, études des sciences_t, sociologie des sciences_t, histoire_t;Datasets/all_labels_train_gensim_sparse_matrix.npz
dhmuc.hypotheses.org/121;humanités pluridisciplinaires_d, communication_d, pluridisciplinarité_d, sciences sociales interdisciplinaires_d, études des sciences_t, édition électronique_t, digital humanities_t;Datasets/all_labels_train_gensim_sparse_matrix.npz
ordensgeschichte.hypotheses.org/3593;arts et humanités_d, humanités pluridisciplinaires_d, histoire et archéologie_d, histoire et philosophie des sciences_d, histoire_t, haut moyen âge_t, bas moyen âge_t, xviie siècle_t, xviiie siècle_t;Datasets/all_labels_train_gensim_sparse_matrix.npz
archivewk1.hypotheses.org/8821;histoire_d, époque contemporaine_t, 1914-1918_t;Datasets/all_labels_train_gensim_sparse_matrix.npz
intersex.hypotheses.org/392;histoire_d, biomédecine_d, étude des genres_t, histoire des sciences_t, histoire_t, histoire du droit_t, moyen âge_t, xxie siècle_t;Datasets/all_labels_train_gensim_sparse_matrix.npz
archivalia.hypotheses.org/9637;histoire et archéologie_d, sciences sociales interdisciplinaires_d, histoire_t, approches de corpus_t, enquêtes_t, archives_t;Datasets/all_labels_train_gensim_sparse_matrix.npz
histbav.hypotheses.org/3263;humanités pluridisciplinaires_d, histoire_d, pluridisciplinarité_d, histoire_t, monde germanique_t;Datasets/all_labels_train_gensim_sparse_matrix.npz
amuc.hypotheses.org/492;humanités pluridisciplinaires_d, histoire_d, histoire_t, représentations_t, patrimoine_t;Datasets/all_labels_train_gensim_sparse_matrix.npz
archivalia.hypotheses.org/8107;histoire et archéologie_d, sciences sociales interdisciplinaires_d, histoire_t, approches de corpus_t, enquêtes_t, archives_t;Datasets/all_labels_train_gensim_sparse_matrix.npz
mittelalter.hypotheses.org/7871;humanités pluridisciplinaires_d, religions_d, histoire_d, sociologie_d, histoire_t, histoire sociale_t, histoire intellectuelle_t, moyen âge_t, haut moyen âge_t, bas moyen âge_t;Datasets/all_labels_train_gensim_sparse_matrix.npz
archivalia.hypotheses.org/9629;histoire et archéologie_d, sciences sociales interdisciplinaires_d, histoire_t, approches de corpus_t, enquêtes_t, archives_t;Datasets/all_labels_train_gensim_sparse_matrix.npz
aktenkunde.hypotheses.org/528;histoire_d, histoire_t, sciences auxiliaires de l'histoire_t;Datasets/all_labels_train_gensim_sparse_matrix.npz
archivalia.hypotheses.org/5982;histoire et archéologie_d, sciences sociales interdisciplinaires_d, histoire_t, approches de corpus_t, enquêtes_t, archives_t;Datasets/all_labels_train_gensim_sparse_matrix.npz
archivewk1.hypotheses.org/21580;histoire_d, époque contemporaine_t, 1914-1918_t;Datasets/all_labels_train_gensim_sparse_matrix.npz
archivalia.hypotheses.org/53824;histoire et archéologie_d, sciences sociales interdisciplinaires_d, histoire_t, approches de corpus_t, enquêtes_t, archives_t;Datasets/all_labels_train_gensim_sparse_matrix.npz
archivalia.hypotheses.org/14421;histoire et archéologie_d, sciences sociales interdisciplinaires_d, histoire_t, approches de corpus_t, enquêtes_t, archives_t;Datasets/all_labels_train_gensim_sparse_matrix.npz
archivalia.hypotheses.org/3922;histoire et archéologie_d, sciences sociales interdisciplinaires_d, histoire_t, approches de corpus_t, enquêtes_t, archives_t;Datasets/all_labels_train_gensim_sparse_matrix.npz
redaktionsblog.hypotheses.org/1971;arts et humanités_d, humanités pluridisciplinaires_d, épistémologie et méthodes_t, digital humanities_t;Datasets/all_labels_train_gensim_sparse_matrix.npz
philophiso.hypotheses.org/1185;philosophie_d, éducation_d, éducation spécialisée_d, pensée_t, philosophie_t, représentations_t, patrimoine_t;Datasets/all_labels_train_gensim_sparse_matrix.npz
archivalia.hypotheses.org/62818;histoire et archéologie_d, sciences sociales interdisciplinaires_d, histoire_t, approches de corpus_t, enquêtes_t, archives_t;Datasets/all_labels_train_gensim_sparse_matrix.npz
archivalia.hypotheses.org/13772;histoire et archéologie_d, sciences sociales interdisciplinaires_d, histoire_t, approches de corpus_t, enquêtes_t, archives_t;Datasets/all_labels_train_gensim_sparse_matrix.npz
artincrisis.hypotheses.org/1132;arts et humanités_d, représentations_t, histoire de l'art_t, époque contemporaine_t, 1939-1945_t, monde germanique_t;Datasets/all_labels_train_gensim_sparse_matrix.npz
etatsocial.hypotheses.org/272;histoire_d, histoire des sciences sociales_d, sociologie_d, économie_d, sociologie du travail_t, âges de la vie_t, xxe siècle_t;Datasets/all_labels_train_gensim_sparse_matrix.npz
reichwein.hypotheses.org/1558;histoire et archéologie_d, histoire des sciences_t, 1945-1989_t;Datasets/all_labels_train_gensim_sparse_matrix.npz
soziologieblog.hypotheses.org/2780;sciences sociales interdisciplinaires_d, sociologie et anthropologie_d, sociologie du travail_t, sociologie urbaine_t, sociologie de la culture_t, sociologie économique_t;Datasets/all_labels_train_gensim_sparse_matrix.npz
archivalia.hypotheses.org/10724;histoire et archéologie_d, sciences sociales interdisciplinaires_d, histoire_t, approches de corpus_t, enquêtes_t, archives_t;Datasets/all_labels_train_gensim_sparse_matrix.npz
archivewk1.hypotheses.org/12086;histoire_d, époque contemporaine_t, 1914-1918_t;Datasets/all_labels_train_gensim_sparse_matrix.npz
grammata.hypotheses.org/477;études anciennes_d, religions_d, littérature_d, religions_t, littératures_t;Datasets/all_labels_train_gensim_sparse_matrix.npz
soziologieblog.hypotheses.org/8973;sciences sociales interdisciplinaires_d, sociologie et anthropologie_d, sociologie du travail_t, sociologie urbaine_t, sociologie de la culture_t, sociologie économique_t;Datasets/all_labels_train_gensim_sparse_matrix.npz
archivewk1.hypotheses.org/29081;histoire_d, époque contemporaine_t, 1914-1918_t;Datasets/all_labels_train_gensim_sparse_matrix.npz
archivalia.hypotheses.org/9535;histoire et archéologie_d, sciences sociales interdisciplinaires_d, histoire_t, approches de corpus_t, enquêtes_t, archives_t;Datasets/all_labels_train_gensim_sparse_matrix.npz
mindthegaps.hypotheses.org/1581;études asiatiques_d, histoire_d, histoire_t, histoire culturelle_t, asie_t, chine_t;Datasets/all_labels_train_gensim_sparse_matrix.npz
archivalia.hypotheses.org/10639;histoire et archéologie_d, sciences sociales interdisciplinaires_d, histoire_t, approches de corpus_t, enquêtes_t, archives_t;Datasets/all_labels_train_gensim_sparse_matrix.npz
wenhua.hypotheses.org/426;études asiatiques_d, humanités pluridisciplinaires_d, histoire_d, histoire culturelle_t, asie_t;Datasets/all_labels_train_gensim_sparse_matrix.npz
archivalia.hypotheses.org/3497;histoire et archéologie_d, sciences sociales interdisciplinaires_d, histoire_t, approches de corpus_t, enquêtes_t, archives_t;Datasets/all_labels_train_gensim_sparse_matrix.npz
archivalia.hypotheses.org/59093;histoire et archéologie_d, sciences sociales interdisciplinaires_d, histoire_t, approches de corpus_t, enquêtes_t, archives_t;Datasets/all_labels_train_gensim_sparse_matrix.npz
archivewk1.hypotheses.org/26198;histoire_d, époque contemporaine_t, 1914-1918_t;Datasets/all_labels_train_gensim_sparse_matrix.npz
archivalia.hypotheses.org/1417;histoire et archéologie_d, sciences sociales interdisciplinaires_d, histoire_t, approches de corpus_t, enquêtes_t, archives_t;Datasets/all_labels_train_gensim_sparse_matrix.npz
gid.hypotheses.org/937;pluridisciplinarité_d, sciences sociales interdisciplinaires_d, études des sciences_t, histoire des sciences_t, pensée_t, histoire intellectuelle_t, histoire culturelle_t, prospectives_t;Datasets/all_labels_train_gensim_sparse_matrix.npz
dislab.hypotheses.org/2169;sciences sociales interdisciplinaires_d, langue et linguistique_d, sociologie des sciences_t, linguistique_t;Datasets/all_labels_train_gensim_sparse_matrix.npz
netzwerk.hypotheses.org/1397;histoire et archéologie_d, histoire urbaine_t, histoire sociale_t, histoire intellectuelle_t, époque contemporaine_t;Datasets/all_labels_train_gensim_sparse_matrix.npz
gab.hypotheses.org/2042;histoire et archéologie_d, pluridisciplinarité_d, sciences sociales interdisciplinaires_d, études des sciences_t, sociologie des sciences_t, histoire_t;Datasets/all_labels_train_gensim_sparse_matrix.npz
pophistory.hypotheses.org/1231;humanités pluridisciplinaires_d, histoire et archéologie_d, sociologie de la culture_t, histoire sociale_t, histoire culturelle_t, époque contemporaine_t;Datasets/all_labels_train_gensim_sparse_matrix.npz
archivalia.hypotheses.org/12110;histoire et archéologie_d, sciences sociales interdisciplinaires_d, histoire_t, approches de corpus_t, enquêtes_t, archives_t;Datasets/all_labels_train_gensim_sparse_matrix.npz
soziologieblog.hypotheses.org/8372;sciences sociales interdisciplinaires_d, sociologie et anthropologie_d, sociologie du travail_t, sociologie urbaine_t, sociologie de la culture_t, sociologie économique_t;Datasets/all_labels_train_gensim_sparse_matrix.npz
archivewk1.hypotheses.org/957;histoire_d, époque contemporaine_t, 1914-1918_t;Datasets/all_labels_train_gensim_sparse_matrix.npz
rkb.hypotheses.org/1095;arts et humanités_d, communication_d, sciences de l'information et bibliothéconomie_d, sociologie des sciences_t, édition électronique_t, histoire et sociologie des médias_t;Datasets/all_labels_train_gensim_sparse_matrix.npz
ordensgeschichte.hypotheses.org/602;arts et humanités_d, humanités pluridisciplinaires_d, histoire et archéologie_d, histoire et philosophie des sciences_d, histoire_t, haut moyen âge_t, bas moyen âge_t, xviie siècle_t, xviiie siècle_t;Datasets/all_labels_train_gensim_sparse_matrix.npz
kulturgut.hypotheses.org/491;humanités pluridisciplinaires_d, études des sciences_t, histoire_t, approches de corpus_t, enquêtes_t, archives_t;Datasets/all_labels_train_gensim_sparse_matrix.npz
reichwein.hypotheses.org/1899;histoire et archéologie_d, histoire des sciences_t, 1945-1989_t;Datasets/all_labels_train_gensim_sparse_matrix.npz
fnzinfo.hypotheses.org/617;arts et humanités_d, musique_d, histoire et archéologie_d, histoire_t, xvie siècle_t, xviie siècle_t, xviiie siècle_t, révolution française_t;Datasets/all_labels_train_gensim_sparse_matrix.npz
archivlinz.hypotheses.org/203;histoire et archéologie_d, histoire_d, histoire urbaine_t, 1914-1918_t, monde germanique_t;Datasets/all_labels_train_gensim_sparse_matrix.npz
archivalia.hypotheses.org/57928;histoire et archéologie_d, sciences sociales interdisciplinaires_d, histoire_t, approches de corpus_t, enquêtes_t, archives_t;Datasets/all_labels_train_gensim_sparse_matrix.npz
archivalia.hypotheses.org/58017;histoire et archéologie_d, sciences sociales interdisciplinaires_d, histoire_t, approches de corpus_t, enquêtes_t, archives_t;Datasets/all_labels_train_gensim_sparse_matrix.npz
archivewk1.hypotheses.org/30347;histoire_d, époque contemporaine_t, 1914-1918_t;Datasets/all_labels_train_gensim_sparse_matrix.npz
archivewk1.hypotheses.org/14009;histoire_d, époque contemporaine_t, 1914-1918_t;Datasets/all_labels_train_gensim_sparse_matrix.npz
lvrafz.hypotheses.org/1817;pluridisciplinarité_d, information_t;Datasets/all_labels_train_gensim_sparse_matrix.npz
histbav.hypotheses.org/3121;humanités pluridisciplinaires_d, histoire_d, pluridisciplinarité_d, histoire_t, monde germanique_t;Datasets/all_labels_train_gensim_sparse_matrix.npz
archivewk1.hypotheses.org/14015;histoire_d, époque contemporaine_t, 1914-1918_t;Datasets/all_labels_train_gensim_sparse_matrix.npz
mindthegaps.hypotheses.org/867;études asiatiques_d, histoire_d, histoire_t, histoire culturelle_t, asie_t, chine_t;Datasets/all_labels_train_gensim_sparse_matrix.npz
archivewk1.hypotheses.org/29426;histoire_d, époque contemporaine_t, 1914-1918_t;Datasets/all_labels_train_gensim_sparse_matrix.npz
1914lvr.hypotheses.org/492;sciences politiques_d, histoire_t, époque contemporaine_t, 1914-1918_t;Datasets/all_labels_train_gensim_sparse_matrix.npz
archivewk1.hypotheses.org/30428;histoire_d, époque contemporaine_t, 1914-1918_t;Datasets/all_labels_train_gensim_sparse_matrix.npz
texperimentales.hypotheses.org/57;linguistique appliquée_d, langue et linguistique_d, langage_t, linguistique_t, information_t, sciences de l'information_t, digital humanities_t;Datasets/all_labels_train_gensim_sparse_matrix.npz
archivalia.hypotheses.org/6702;histoire et archéologie_d, sciences sociales interdisciplinaires_d, histoire_t, approches de corpus_t, enquêtes_t, archives_t;Datasets/all_labels_train_gensim_sparse_matrix.npz
speyermemo.hypotheses.org/2442;histoire_d, pluridisciplinarité_d, sciences sociales interdisciplinaires_d, sociologie de la culture_t, histoire_t, 1939-1945_t, europe_t;Datasets/all_labels_train_gensim_sparse_matrix.npz
archivalia.hypotheses.org/5519;histoire et archéologie_d, sciences sociales interdisciplinaires_d, histoire_t, approches de corpus_t, enquêtes_t, archives_t;Datasets/all_labels_train_gensim_sparse_matrix.npz
archivewk1.hypotheses.org/27826;histoire_d, époque contemporaine_t, 1914-1918_t;Datasets/all_labels_train_gensim_sparse_matrix.npz
bioeg.hypotheses.org/1387;histoire et archéologie_d, histoire_d, histoire_t, sciences auxiliaires de l'histoire_t, europe centrale et orientale_t, monde germanique_t;Datasets/all_labels_train_gensim_sparse_matrix.npz
bereschitrabba.hypotheses.org/828;arts et humanités_d, religions_d, langue et linguistique_d, religions_t, histoire des religions_t;Datasets/all_labels_train_gensim_sparse_matrix.npz
archivalia.hypotheses.org/12486;histoire et archéologie_d, sciences sociales interdisciplinaires_d, histoire_t, approches de corpus_t, enquêtes_t, archives_t;Datasets/all_labels_train_gensim_sparse_matrix.npz
archivalia.hypotheses.org/9937;histoire et archéologie_d, sciences sociales interdisciplinaires_d, histoire_t, approches de corpus_t, enquêtes_t, archives_t;Datasets/all_labels_train_gensim_sparse_matrix.npz
archivalia.hypotheses.org/5281;histoire et archéologie_d, sciences sociales interdisciplinaires_d, histoire_t, approches de corpus_t, enquêtes_t, archives_t;Datasets/all_labels_train_gensim_sparse_matrix.npz
archivewk1.hypotheses.org/29910;histoire_d, époque contemporaine_t, 1914-1918_t;Datasets/all_labels_train_gensim_sparse_matrix.npz
kulturgut.hypotheses.org/197;humanités pluridisciplinaires_d, études des sciences_t, histoire_t, approches de corpus_t, enquêtes_t, archives_t;Datasets/all_labels_train_gensim_sparse_matrix.npz
archivewk1.hypotheses.org/26289;histoire_d, époque contemporaine_t, 1914-1918_t;Datasets/all_labels_train_gensim_sparse_matrix.npz
archive20.hypotheses.org/1936;pluridisciplinarité_d, sciences sociales interdisciplinaires_d, histoire_t, information_t, patrimoine_t, monde germanique_t;Datasets/all_labels_train_gensim_sparse_matrix.npz
archivewk1.hypotheses.org/26253;histoire_d, époque contemporaine_t, 1914-1918_t;Datasets/all_labels_train_gensim_sparse_matrix.npz
archivalia.hypotheses.org/9522;histoire et archéologie_d, sciences sociales interdisciplinaires_d, histoire_t, approches de corpus_t, enquêtes_t, archives_t;Datasets/all_labels_train_gensim_sparse_matrix.npz
archivewk1.hypotheses.org/28554;histoire_d, époque contemporaine_t, 1914-1918_t;Datasets/all_labels_train_gensim_sparse_matrix.npz
liparchiv.hypotheses.org/319;histoire et archéologie_d, sciences politiques_d, administration publique et développement_d, histoire urbaine_t, patrimoine_t, sciences auxiliaires de l'histoire_t, approches de corpus_t, enquêtes_t, archives_t, europe_t;Datasets/all_labels_train_gensim_sparse_matrix.npz
mgtud.hypotheses.org/419;humanités pluridisciplinaires_d, éducation_d, histoire et archéologie_d, histoire_d, histoire_t, histoire urbaine_t, édition électronique_t;Datasets/all_labels_train_gensim_sparse_matrix.npz
ordensgeschichte.hypotheses.org/1266;arts et humanités_d, humanités pluridisciplinaires_d, histoire et archéologie_d, histoire et philosophie des sciences_d, histoire_t, haut moyen âge_t, bas moyen âge_t, xviie siècle_t, xviiie siècle_t;Datasets/all_labels_train_gensim_sparse_matrix.npz
nummer.hypotheses.org/164;histoire_d, sciences de l'information et de la communication_d, bibliothéconomie_d, histoire_t, histoire intellectuelle_t, histoire et sociologie des médias_t, histoire culturelle_t;Datasets/all_labels_train_gensim_sparse_matrix.npz
nachhaltig.hypotheses.org/482;pluridisciplinarité_d, philosophie_d, sciences sociales interdisciplinaires_d, france_t, monde germanique_t;Datasets/all_labels_train_gensim_sparse_matrix.npz
barblog.hypotheses.org/1124;sciences sociales interdisciplinaires_d, sciences politiques_d, sociologie_d, anthropologie politique_t;Datasets/all_labels_train_gensim_sparse_matrix.npz
1914lvr.hypotheses.org/1104;sciences politiques_d, histoire_t, époque contemporaine_t, 1914-1918_t;Datasets/all_labels_train_gensim_sparse_matrix.npz
archivalia.hypotheses.org/8425;histoire et archéologie_d, sciences sociales interdisciplinaires_d, histoire_t, approches de corpus_t, enquêtes_t, archives_t;Datasets/all_labels_train_gensim_sparse_matrix.npz
archivalia.hypotheses.org/2241;histoire et archéologie_d, sciences sociales interdisciplinaires_d, histoire_t, approches de corpus_t, enquêtes_t, archives_t;Datasets/all_labels_train_gensim_sparse_matrix.npz
archivewk1.hypotheses.org/13588;histoire_d, époque contemporaine_t, 1914-1918_t;Datasets/all_labels_train_gensim_sparse_matrix.npz
inklusion.hypotheses.org/247;éducation_d, travail social et politique sociale_d, sociologie du travail_t, âges de la vie_t, information_t, sciences de l'éducation_t;Datasets/all_labels_train_gensim_sparse_matrix.npz
games.hypotheses.org/39;arts et humanités_d, humanités pluridisciplinaires_d, psychologie expérimentale_d, sciences cognitives_t, psychisme_t, psychologie_t, représentations_t, histoire de l'art_t, études visuelles_t;Datasets/all_labels_train_gensim_sparse_matrix.npz
nordichistoryblog.hypotheses.org/870;arts et humanités_d, histoire et archéologie_d, histoire_t, édition électronique_t, vie de la recherche_t, approches de corpus_t, enquêtes_t, archives_t, europe_t, pays baltes et scandinaves_t;Datasets/all_labels_train_gensim_sparse_matrix.npz
gid.hypotheses.org/990;pluridisciplinarité_d, sciences sociales interdisciplinaires_d, études des sciences_t, histoire des sciences_t, pensée_t, histoire intellectuelle_t, histoire culturelle_t, prospectives_t;Datasets/all_labels_train_gensim_sparse_matrix.npz
archivalia.hypotheses.org/6026;histoire et archéologie_d, sciences sociales interdisciplinaires_d, histoire_t, approches de corpus_t, enquêtes_t, archives_t;Datasets/all_labels_train_gensim_sparse_matrix.npz
archivalia.hypotheses.org/56286;histoire et archéologie_d, sciences sociales interdisciplinaires_d, histoire_t, approches de corpus_t, enquêtes_t, archives_t;Datasets/all_labels_train_gensim_sparse_matrix.npz
speyermemo.hypotheses.org/1904;histoire_d, pluridisciplinarité_d, sciences sociales interdisciplinaires_d, sociologie de la culture_t, histoire_t, 1939-1945_t, europe_t;Datasets/all_labels_train_gensim_sparse_matrix.npz
archivewk1.hypotheses.org/4983;histoire_d, époque contemporaine_t, 1914-1918_t;Datasets/all_labels_train_gensim_sparse_matrix.npz
archivewk1.hypotheses.org/29784;histoire_d, époque contemporaine_t, 1914-1918_t;Datasets/all_labels_train_gensim_sparse_matrix.npz
minuseinsebene.hypotheses.org/754;archéologie_d, histoire urbaine_t, histoire des religions_t, moyen âge_t, haut moyen âge_t, monde germanique_t;Datasets/all_labels_train_gensim_sparse_matrix.npz
archivalia.hypotheses.org/14434;histoire et archéologie_d, sciences sociales interdisciplinaires_d, histoire_t, approches de corpus_t, enquêtes_t, archives_t;Datasets/all_labels_train_gensim_sparse_matrix.npz
archivewk1.hypotheses.org/6810;histoire_d, époque contemporaine_t, 1914-1918_t;Datasets/all_labels_train_gensim_sparse_matrix.npz
archivamt.hypotheses.org/3975;communication_d, pluridisciplinarité_d, sciences sociales interdisciplinaires_d, information_t, sciences de l'information_t, représentations_t, patrimoine_t;Datasets/all_labels_train_gensim_sparse_matrix.npz
archivalia.hypotheses.org/59675;histoire et archéologie_d, sciences sociales interdisciplinaires_d, histoire_t, approches de corpus_t, enquêtes_t, archives_t;Datasets/all_labels_train_gensim_sparse_matrix.npz
archivalia.hypotheses.org/8163;histoire et archéologie_d, sciences sociales interdisciplinaires_d, histoire_t, approches de corpus_t, enquêtes_t, archives_t;Datasets/all_labels_train_gensim_sparse_matrix.npz
archivalia.hypotheses.org/13062;histoire et archéologie_d, sciences sociales interdisciplinaires_d, histoire_t, approches de corpus_t, enquêtes_t, archives_t;Datasets/all_labels_train_gensim_sparse_matrix.npz
archivalia.hypotheses.org/11410;histoire et archéologie_d, sciences sociales interdisciplinaires_d, histoire_t, approches de corpus_t, enquêtes_t, archives_t;Datasets/all_labels_train_gensim_sparse_matrix.npz
archivalia.hypotheses.org/4132;histoire et archéologie_d, sciences sociales interdisciplinaires_d, histoire_t, approches de corpus_t, enquêtes_t, archives_t;Datasets/all_labels_train_gensim_sparse_matrix.npz
archivewk1.hypotheses.org/24386;histoire_d, époque contemporaine_t, 1914-1918_t;Datasets/all_labels_train_gensim_sparse_matrix.npz
gra.hypotheses.org/2074;arts et humanités_d, communication_d, sciences de l'information et bibliothéconomie_d, représentations_t, histoire culturelle_t, histoire de l'art_t, études visuelles_t;Datasets/all_labels_train_gensim_sparse_matrix.npz
soziologieblog.hypotheses.org/9166;sciences sociales interdisciplinaires_d, sociologie et anthropologie_d, sociologie du travail_t, sociologie urbaine_t, sociologie de la culture_t, sociologie économique_t;Datasets/all_labels_train_gensim_sparse_matrix.npz
jeunegen.hypotheses.org/1370;histoire_d, pluridisciplinarité_d, histoire_t, vie de la recherche_t, moyen âge_t, haut moyen âge_t, bas moyen âge_t;Datasets/all_labels_train_gensim_sparse_matrix.npz
archivewk1.hypotheses.org/35;histoire_d, époque contemporaine_t, 1914-1918_t;Datasets/all_labels_train_gensim_sparse_matrix.npz
archive20.hypotheses.org/3437;pluridisciplinarité_d, sciences sociales interdisciplinaires_d, histoire_t, information_t, patrimoine_t, monde germanique_t;Datasets/all_labels_train_gensim_sparse_matrix.npz
inklusion.hypotheses.org/2142;éducation_d, travail social et politique sociale_d, sociologie du travail_t, âges de la vie_t, information_t, sciences de l'éducation_t;Datasets/all_labels_train_gensim_sparse_matrix.npz
archivalia.hypotheses.org/3940;histoire et archéologie_d, sciences sociales interdisciplinaires_d, histoire_t, approches de corpus_t, enquêtes_t, archives_t;Datasets/all_labels_train_gensim_sparse_matrix.npz
archivewk1.hypotheses.org/21526;histoire_d, époque contemporaine_t, 1914-1918_t;Datasets/all_labels_train_gensim_sparse_matrix.npz
archivalia.hypotheses.org/13155;histoire et archéologie_d, sciences sociales interdisciplinaires_d, histoire_t, approches de corpus_t, enquêtes_t, archives_t;Datasets/all_labels_train_gensim_sparse_matrix.npz
archivamt.hypotheses.org/2867;communication_d, pluridisciplinarité_d, sciences sociales interdisciplinaires_d, information_t, sciences de l'information_t, représentations_t, patrimoine_t;Datasets/all_labels_train_gensim_sparse_matrix.npz
archivalia.hypotheses.org/10345;histoire et archéologie_d, sciences sociales interdisciplinaires_d, histoire_t, approches de corpus_t, enquêtes_t, archives_t;Datasets/all_labels_train_gensim_sparse_matrix.npz
nummer.hypotheses.org/121;histoire_d, sciences de l'information et de la communication_d, bibliothéconomie_d, histoire_t, histoire intellectuelle_t, histoire et sociologie des médias_t, histoire culturelle_t;Datasets/all_labels_train_gensim_sparse_matrix.npz
avantmusic.hypotheses.org/151;musique_d, europe_t, monde germanique_t, histoire culturelle_t, histoire de l'art_t;Datasets/all_labels_train_gensim_sparse_matrix.npz
archive20.hypotheses.org/2287;pluridisciplinarité_d, sciences sociales interdisciplinaires_d, histoire_t, information_t, patrimoine_t, monde germanique_t;Datasets/all_labels_train_gensim_sparse_matrix.npz
archivewk1.hypotheses.org/19186;histoire_d, époque contemporaine_t, 1914-1918_t;Datasets/all_labels_train_gensim_sparse_matrix.npz
archivewk1.hypotheses.org/22835;histoire_d, époque contemporaine_t, 1914-1918_t;Datasets/all_labels_train_gensim_sparse_matrix.npz
archivewk1.hypotheses.org/26207;histoire_d, époque contemporaine_t, 1914-1918_t;Datasets/all_labels_train_gensim_sparse_matrix.npz
tagebuch.hypotheses.org/49;histoire et archéologie_d, histoire_d, histoire_t, époque contemporaine_t, 1914-1918_t;Datasets/all_labels_train_gensim_sparse_matrix.npz
archivewk1.hypotheses.org/4924;histoire_d, époque contemporaine_t, 1914-1918_t;Datasets/all_labels_train_gensim_sparse_matrix.npz
archivalia.hypotheses.org/2353;histoire et archéologie_d, sciences sociales interdisciplinaires_d, histoire_t, approches de corpus_t, enquêtes_t, archives_t;Datasets/all_labels_train_gensim_sparse_matrix.npz
histbav.hypotheses.org/3582;humanités pluridisciplinaires_d, histoire_d, pluridisciplinarité_d, histoire_t, monde germanique_t;Datasets/all_labels_train_gensim_sparse_matrix.npz
archivewk1.hypotheses.org/29597;histoire_d, époque contemporaine_t, 1914-1918_t;Datasets/all_labels_train_gensim_sparse_matrix.npz
digigw.hypotheses.org/1117;humanités pluridisciplinaires_d, histoire_t, édition électronique_t, sciences auxiliaires de l'histoire_t, digital humanities_t;Datasets/all_labels_train_gensim_sparse_matrix.npz
kinder.hypotheses.org/755;éducation et sciences de l'éducation_d, études sur la famille_d, âges de la vie_t, sciences de l'éducation_t;Datasets/all_labels_train_gensim_sparse_matrix.npz
fotoarchiv.hypotheses.org/82;sciences sociales interdisciplinaires_d, histoire_t, information_t;Datasets/all_labels_train_gensim_sparse_matrix.npz
gab.hypotheses.org/2051;histoire et archéologie_d, pluridisciplinarité_d, sciences sociales interdisciplinaires_d, études des sciences_t, sociologie des sciences_t, histoire_t;Datasets/all_labels_train_gensim_sparse_matrix.npz
gab.hypotheses.org/3003;histoire et archéologie_d, pluridisciplinarité_d, sciences sociales interdisciplinaires_d, études des sciences_t, sociologie des sciences_t, histoire_t;Datasets/all_labels_train_gensim_sparse_matrix.npz
archivalia.hypotheses.org/8633;histoire et archéologie_d, sciences sociales interdisciplinaires_d, histoire_t, approches de corpus_t, enquêtes_t, archives_t;Datasets/all_labels_train_gensim_sparse_matrix.npz
erinnern.hypotheses.org/212;éducation et sciences de l'éducation_d, histoire_d, histoire_t, éducation_t, 1918-1939_t, 1939-1945_t, 1945-1989_t;Datasets/all_labels_train_gensim_sparse_matrix.npz
archivewk1.hypotheses.org/31885;histoire_d, époque contemporaine_t, 1914-1918_t;Datasets/all_labels_train_gensim_sparse_matrix.npz
digigw.hypotheses.org/41;humanités pluridisciplinaires_d, histoire_t, édition électronique_t, sciences auxiliaires de l'histoire_t, digital humanities_t;Datasets/all_labels_train_gensim_sparse_matrix.npz
archivalia.hypotheses.org/55245;histoire et archéologie_d, sciences sociales interdisciplinaires_d, histoire_t, approches de corpus_t, enquêtes_t, archives_t;Datasets/all_labels_train_gensim_sparse_matrix.npz
soziologieblog.hypotheses.org/9860;sciences sociales interdisciplinaires_d, sociologie et anthropologie_d, sociologie du travail_t, sociologie urbaine_t, sociologie de la culture_t, sociologie économique_t;Datasets/all_labels_train_gensim_sparse_matrix.npz
archivewk1.hypotheses.org/12978;histoire_d, époque contemporaine_t, 1914-1918_t;Datasets/all_labels_train_gensim_sparse_matrix.npz
archivalia.hypotheses.org/7484;histoire et archéologie_d, sciences sociales interdisciplinaires_d, histoire_t, approches de corpus_t, enquêtes_t, archives_t;Datasets/all_labels_train_gensim_sparse_matrix.npz
amuc.hypotheses.org/1134;humanités pluridisciplinaires_d, histoire_d, histoire_t, représentations_t, patrimoine_t;Datasets/all_labels_train_gensim_sparse_matrix.npz
archive20.hypotheses.org/2817;pluridisciplinarité_d, sciences sociales interdisciplinaires_d, histoire_t, information_t, patrimoine_t, monde germanique_t;Datasets/all_labels_train_gensim_sparse_matrix.npz
filmeditio.hypotheses.org/301;arts_d, humanités pluridisciplinaires_d, édition électronique_t, histoire et sociologie des médias_t, patrimoine_t, études visuelles_t;Datasets/all_labels_train_gensim_sparse_matrix.npz
jeunegen.hypotheses.org/1486;histoire_d, pluridisciplinarité_d, histoire_t, vie de la recherche_t, moyen âge_t, haut moyen âge_t, bas moyen âge_t;Datasets/all_labels_train_gensim_sparse_matrix.npz
archivalia.hypotheses.org/60007;histoire et archéologie_d, sciences sociales interdisciplinaires_d, histoire_t, approches de corpus_t, enquêtes_t, archives_t;Datasets/all_labels_train_gensim_sparse_matrix.npz
archivalia.hypotheses.org/3277;histoire et archéologie_d, sciences sociales interdisciplinaires_d, histoire_t, approches de corpus_t, enquêtes_t, archives_t;Datasets/all_labels_train_gensim_sparse_matrix.npz
historischdenken.hypotheses.org/3610;histoire et archéologie_d, histoire_t;Datasets/all_labels_train_gensim_sparse_matrix.npz
kinder.hypotheses.org/1113;éducation et sciences de l'éducation_d, études sur la famille_d, âges de la vie_t, sciences de l'éducation_t;Datasets/all_labels_train_gensim_sparse_matrix.npz
histbav.hypotheses.org/1699;humanités pluridisciplinaires_d, histoire_d, pluridisciplinarité_d, histoire_t, monde germanique_t;Datasets/all_labels_train_gensim_sparse_matrix.npz
archivalia.hypotheses.org/13238;histoire et archéologie_d, sciences sociales interdisciplinaires_d, histoire_t, approches de corpus_t, enquêtes_t, archives_t;Datasets/all_labels_train_gensim_sparse_matrix.npz
histgymbib.hypotheses.org/106;arts et humanités_d, humanités pluridisciplinaires_d, sciences de l'information et de la communication_d, bibliothéconomie_d, sciences sociales interdisciplinaires_d, éducation_t, xvie siècle_t, xviie siècle_t, xviiie siècle_t, prospectives_t;Datasets/all_labels_train_gensim_sparse_matrix.npz
digigw.hypotheses.org/687;humanités pluridisciplinaires_d, histoire_t, édition électronique_t, sciences auxiliaires de l'histoire_t, digital humanities_t;Datasets/all_labels_train_gensim_sparse_matrix.npz
texperimentales.hypotheses.org/430;linguistique appliquée_d, langue et linguistique_d, langage_t, linguistique_t, information_t, sciences de l'information_t, digital humanities_t;Datasets/all_labels_train_gensim_sparse_matrix.npz
histbav.hypotheses.org/4554;humanités pluridisciplinaires_d, histoire_d, pluridisciplinarité_d, histoire_t, monde germanique_t;Datasets/all_labels_train_gensim_sparse_matrix.npz
archivewk1.hypotheses.org/18705;histoire_d, époque contemporaine_t, 1914-1918_t;Datasets/all_labels_train_gensim_sparse_matrix.npz
archivewk1.hypotheses.org/1724;histoire_d, époque contemporaine_t, 1914-1918_t;Datasets/all_labels_train_gensim_sparse_matrix.npz
archivewk1.hypotheses.org/12507;histoire_d, époque contemporaine_t, 1914-1918_t;Datasets/all_labels_train_gensim_sparse_matrix.npz
mittelalter.hypotheses.org/4901;humanités pluridisciplinaires_d, religions_d, histoire_d, sociologie_d, histoire_t, histoire sociale_t, histoire intellectuelle_t, moyen âge_t, haut moyen âge_t, bas moyen âge_t;Datasets/all_labels_train_gensim_sparse_matrix.npz
ordensgeschichte.hypotheses.org/7987;arts et humanités_d, humanités pluridisciplinaires_d, histoire et archéologie_d, histoire et philosophie des sciences_d, histoire_t, haut moyen âge_t, bas moyen âge_t, xviie siècle_t, xviiie siècle_t;Datasets/all_labels_train_gensim_sparse_matrix.npz
archivalia.hypotheses.org/11211;histoire et archéologie_d, sciences sociales interdisciplinaires_d, histoire_t, approches de corpus_t, enquêtes_t, archives_t;Datasets/all_labels_train_gensim_sparse_matrix.npz
gra.hypotheses.org/731;arts et humanités_d, communication_d, sciences de l'information et bibliothéconomie_d, représentations_t, histoire culturelle_t, histoire de l'art_t, études visuelles_t;Datasets/all_labels_train_gensim_sparse_matrix.npz
archivalia.hypotheses.org/4308;histoire et archéologie_d, sciences sociales interdisciplinaires_d, histoire_t, approches de corpus_t, enquêtes_t, archives_t;Datasets/all_labels_train_gensim_sparse_matrix.npz
archivalia.hypotheses.org/6704;histoire et archéologie_d, sciences sociales interdisciplinaires_d, histoire_t, approches de corpus_t, enquêtes_t, archives_t;Datasets/all_labels_train_gensim_sparse_matrix.npz
heraldica.hypotheses.org/3165;histoire_d, histoire_t, historiographie_t, sciences auxiliaires de l'histoire_t, moyen âge_t, haut moyen âge_t;Datasets/all_labels_train_gensim_sparse_matrix.npz
francofil.hypotheses.org/1349;pluridisciplinarité_d, sciences sociales interdisciplinaires_d, histoire_t, épistémologie et méthodes_t, approches de corpus_t, enquêtes_t, archives_t, france_t;Datasets/all_labels_train_gensim_sparse_matrix.npz
francofil.hypotheses.org/4617;pluridisciplinarité_d, sciences sociales interdisciplinaires_d, histoire_t, épistémologie et méthodes_t, approches de corpus_t, enquêtes_t, archives_t, france_t;Datasets/all_labels_train_gensim_sparse_matrix.npz
ordensgeschichte.hypotheses.org/8157;arts et humanités_d, humanités pluridisciplinaires_d, histoire et archéologie_d, histoire et philosophie des sciences_d, histoire_t, haut moyen âge_t, bas moyen âge_t, xviie siècle_t, xviiie siècle_t;Datasets/all_labels_train_gensim_sparse_matrix.npz
archivalia.hypotheses.org/2166;histoire et archéologie_d, sciences sociales interdisciplinaires_d, histoire_t, approches de corpus_t, enquêtes_t, archives_t;Datasets/all_labels_train_gensim_sparse_matrix.npz
archivalia.hypotheses.org/9835;histoire et archéologie_d, sciences sociales interdisciplinaires_d, histoire_t, approches de corpus_t, enquêtes_t, archives_t;Datasets/all_labels_train_gensim_sparse_matrix.npz
archivewk1.hypotheses.org/21658;histoire_d, époque contemporaine_t, 1914-1918_t;Datasets/all_labels_train_gensim_sparse_matrix.npz
histbav.hypotheses.org/3907;humanités pluridisciplinaires_d, histoire_d, pluridisciplinarité_d, histoire_t, monde germanique_t;Datasets/all_labels_train_gensim_sparse_matrix.npz
archivewk1.hypotheses.org/22814;histoire_d, époque contemporaine_t, 1914-1918_t;Datasets/all_labels_train_gensim_sparse_matrix.npz
archivewk1.hypotheses.org/26273;histoire_d, époque contemporaine_t, 1914-1918_t;Datasets/all_labels_train_gensim_sparse_matrix.npz
archivewk1.hypotheses.org/28058;histoire_d, époque contemporaine_t, 1914-1918_t;Datasets/all_labels_train_gensim_sparse_matrix.npz
nordichistoryblog.hypotheses.org/2933;arts et humanités_d, histoire et archéologie_d, histoire_t, édition électronique_t, vie de la recherche_t, approches de corpus_t, enquêtes_t, archives_t, europe_t, pays baltes et scandinaves_t;Datasets/all_labels_train_gensim_sparse_matrix.npz
intersex.hypotheses.org/3978;histoire_d, biomédecine_d, étude des genres_t, histoire des sciences_t, histoire_t, histoire du droit_t, moyen âge_t, xxie siècle_t;Datasets/all_labels_train_gensim_sparse_matrix.npz
archive20.hypotheses.org/134;pluridisciplinarité_d, sciences sociales interdisciplinaires_d, histoire_t, information_t, patrimoine_t, monde germanique_t;Datasets/all_labels_train_gensim_sparse_matrix.npz
archivewk1.hypotheses.org/10408;histoire_d, époque contemporaine_t, 1914-1918_t;Datasets/all_labels_train_gensim_sparse_matrix.npz
archive20.hypotheses.org/1383;pluridisciplinarité_d, sciences sociales interdisciplinaires_d, histoire_t, information_t, patrimoine_t, monde germanique_t;Datasets/all_labels_train_gensim_sparse_matrix.npz
ordensgeschichte.hypotheses.org/2663;arts et humanités_d, humanités pluridisciplinaires_d, histoire et archéologie_d, histoire et philosophie des sciences_d, histoire_t, haut moyen âge_t, bas moyen âge_t, xviie siècle_t, xviiie siècle_t;Datasets/all_labels_train_gensim_sparse_matrix.npz
archivewk1.hypotheses.org/13834;histoire_d, époque contemporaine_t, 1914-1918_t;Datasets/all_labels_train_gensim_sparse_matrix.npz
dokunstlmu.hypotheses.org/1752;arts et humanités_d, histoire intellectuelle_t;Datasets/all_labels_train_gensim_sparse_matrix.npz
soziologieblog.hypotheses.org/1417;sciences sociales interdisciplinaires_d, sociologie et anthropologie_d, sociologie du travail_t, sociologie urbaine_t, sociologie de la culture_t, sociologie économique_t;Datasets/all_labels_train_gensim_sparse_matrix.npz
medienbildung.hypotheses.org/53;éducation_d, éducation spécialisée_d, travail social_d, sociologie_t, édition électronique_t, histoire et sociologie des médias_t, éducation_t;Datasets/all_labels_train_gensim_sparse_matrix.npz
gid.hypotheses.org/1058;pluridisciplinarité_d, sciences sociales interdisciplinaires_d, études des sciences_t, histoire des sciences_t, pensée_t, histoire intellectuelle_t, histoire culturelle_t, prospectives_t;Datasets/all_labels_train_gensim_sparse_matrix.npz
archivalia.hypotheses.org/54116;histoire et archéologie_d, sciences sociales interdisciplinaires_d, histoire_t, approches de corpus_t, enquêtes_t, archives_t;Datasets/all_labels_train_gensim_sparse_matrix.npz
archivewk1.hypotheses.org/4950;histoire_d, époque contemporaine_t, 1914-1918_t;Datasets/all_labels_train_gensim_sparse_matrix.npz
ordensgeschichte.hypotheses.org/4715;arts et humanités_d, humanités pluridisciplinaires_d, histoire et archéologie_d, histoire et philosophie des sciences_d, histoire_t, haut moyen âge_t, bas moyen âge_t, xviie siècle_t, xviiie siècle_t;Datasets/all_labels_train_gensim_sparse_matrix.npz
quadrivium.hypotheses.org/27;pluridisciplinarité_d, histoire des sciences_t, histoire_t, histoire et sociologie des médias_t, historiographie_t, moyen âge_t, haut moyen âge_t;Datasets/all_labels_train_gensim_sparse_matrix.npz
mindthegaps.hypotheses.org/1115;études asiatiques_d, histoire_d, histoire_t, histoire culturelle_t, asie_t, chine_t;Datasets/all_labels_train_gensim_sparse_matrix.npz
tagebuch.hypotheses.org/1346;histoire et archéologie_d, histoire_d, histoire_t, époque contemporaine_t, 1914-1918_t;Datasets/all_labels_train_gensim_sparse_matrix.npz
soziologieblog.hypotheses.org/4807;sciences sociales interdisciplinaires_d, sociologie et anthropologie_d, sociologie du travail_t, sociologie urbaine_t, sociologie de la culture_t, sociologie économique_t;Datasets/all_labels_train_gensim_sparse_matrix.npz
archivalia.hypotheses.org/6700;histoire et archéologie_d, sciences sociales interdisciplinaires_d, histoire_t, approches de corpus_t, enquêtes_t, archives_t;Datasets/all_labels_train_gensim_sparse_matrix.npz
medienbildung.hypotheses.org/8662;éducation_d, éducation spécialisée_d, travail social_d, sociologie_t, édition électronique_t, histoire et sociologie des médias_t, éducation_t;Datasets/all_labels_train_gensim_sparse_matrix.npz
archive20.hypotheses.org/2134;pluridisciplinarité_d, sciences sociales interdisciplinaires_d, histoire_t, information_t, patrimoine_t, monde germanique_t;Datasets/all_labels_train_gensim_sparse_matrix.npz
jeunegen.hypotheses.org/1251;histoire_d, pluridisciplinarité_d, histoire_t, vie de la recherche_t, moyen âge_t, haut moyen âge_t, bas moyen âge_t;Datasets/all_labels_train_gensim_sparse_matrix.npz
liparchiv.hypotheses.org/917;histoire et archéologie_d, sciences politiques_d, administration publique et développement_d, histoire urbaine_t, patrimoine_t, sciences auxiliaires de l'histoire_t, approches de corpus_t, enquêtes_t, archives_t, europe_t;Datasets/all_labels_train_gensim_sparse_matrix.npz
archivalia.hypotheses.org/57831;histoire et archéologie_d, sciences sociales interdisciplinaires_d, histoire_t, approches de corpus_t, enquêtes_t, archives_t;Datasets/all_labels_train_gensim_sparse_matrix.npz
zakunibonn.hypotheses.org/317;histoire_d, psychologie_d, histoire_t, psychisme_t, psychologie_t, méthodes de traitement et de représentation_t, monde germanique_t;Datasets/all_labels_train_gensim_sparse_matrix.npz
archivalia.hypotheses.org/2190;histoire et archéologie_d, sciences sociales interdisciplinaires_d, histoire_t, approches de corpus_t, enquêtes_t, archives_t;Datasets/all_labels_train_gensim_sparse_matrix.npz
intersex.hypotheses.org/1498;histoire_d, biomédecine_d, étude des genres_t, histoire des sciences_t, histoire_t, histoire du droit_t, moyen âge_t, xxie siècle_t;Datasets/all_labels_train_gensim_sparse_matrix.npz
archive20.hypotheses.org/1290;pluridisciplinarité_d, sciences sociales interdisciplinaires_d, histoire_t, information_t, patrimoine_t, monde germanique_t;Datasets/all_labels_train_gensim_sparse_matrix.npz
archivalia.hypotheses.org/3278;histoire et archéologie_d, sciences sociales interdisciplinaires_d, histoire_t, approches de corpus_t, enquêtes_t, archives_t;Datasets/all_labels_train_gensim_sparse_matrix.npz
archivalia.hypotheses.org/6187;histoire et archéologie_d, sciences sociales interdisciplinaires_d, histoire_t, approches de corpus_t, enquêtes_t, archives_t;Datasets/all_labels_train_gensim_sparse_matrix.npz
archivalia.hypotheses.org/52595;histoire et archéologie_d, sciences sociales interdisciplinaires_d, histoire_t, approches de corpus_t, enquêtes_t, archives_t;Datasets/all_labels_train_gensim_sparse_matrix.npz
gewalt.hypotheses.org/116;sciences politiques_d, sociologie_d, sociologie_t, sociologie urbaine_t, anthropologie politique_t, histoire urbaine_t, guerres_t, conflits_t, violence_t;Datasets/all_labels_train_gensim_sparse_matrix.npz
archivalia.hypotheses.org/3500;histoire et archéologie_d, sciences sociales interdisciplinaires_d, histoire_t, approches de corpus_t, enquêtes_t, archives_t;Datasets/all_labels_train_gensim_sparse_matrix.npz
archivewk1.hypotheses.org/328;histoire_d, époque contemporaine_t, 1914-1918_t;Datasets/all_labels_train_gensim_sparse_matrix.npz
archivewk1.hypotheses.org/21482;histoire_d, époque contemporaine_t, 1914-1918_t;Datasets/all_labels_train_gensim_sparse_matrix.npz
archivalia.hypotheses.org/58706;histoire et archéologie_d, sciences sociales interdisciplinaires_d, histoire_t, approches de corpus_t, enquêtes_t, archives_t;Datasets/all_labels_train_gensim_sparse_matrix.npz
hofkultur.hypotheses.org/327;arts et humanités_d, histoire_d, histoire sociale_t, histoire culturelle_t, histoire de l'art_t;Datasets/all_labels_train_gensim_sparse_matrix.npz
archivamt.hypotheses.org/1842;communication_d, pluridisciplinarité_d, sciences sociales interdisciplinaires_d, information_t, sciences de l'information_t, représentations_t, patrimoine_t;Datasets/all_labels_train_gensim_sparse_matrix.npz
archivalia.hypotheses.org/13160;histoire et archéologie_d, sciences sociales interdisciplinaires_d, histoire_t, approches de corpus_t, enquêtes_t, archives_t;Datasets/all_labels_train_gensim_sparse_matrix.npz
fnzinfo.hypotheses.org/1004;arts et humanités_d, musique_d, histoire et archéologie_d, histoire_t, xvie siècle_t, xviie siècle_t, xviiie siècle_t, révolution française_t;Datasets/all_labels_train_gensim_sparse_matrix.npz
archivalia.hypotheses.org/14315;histoire et archéologie_d, sciences sociales interdisciplinaires_d, histoire_t, approches de corpus_t, enquêtes_t, archives_t;Datasets/all_labels_train_gensim_sparse_matrix.npz
pophistory.hypotheses.org/1827;humanités pluridisciplinaires_d, histoire et archéologie_d, sociologie de la culture_t, histoire sociale_t, histoire culturelle_t, époque contemporaine_t;Datasets/all_labels_train_gensim_sparse_matrix.npz
archivewk1.hypotheses.org/8482;histoire_d, époque contemporaine_t, 1914-1918_t;Datasets/all_labels_train_gensim_sparse_matrix.npz
wwc.hypotheses.org/860;humanités pluridisciplinaires_d, pluridisciplinarité_d, études régionales_d, relations internationales_t, information_t, représentations_t;Datasets/all_labels_train_gensim_sparse_matrix.npz
archivalia.hypotheses.org/10285;histoire et archéologie_d, sciences sociales interdisciplinaires_d, histoire_t, approches de corpus_t, enquêtes_t, archives_t;Datasets/all_labels_train_gensim_sparse_matrix.npz
histbav.hypotheses.org/620;humanités pluridisciplinaires_d, histoire_d, pluridisciplinarité_d, histoire_t, monde germanique_t;Datasets/all_labels_train_gensim_sparse_matrix.npz
schotten.hypotheses.org/958;religions_d, histoire et archéologie_d, sciences de l'information et de la communication_d, bibliothéconomie_d, histoire_t, histoire des religions_t, approches de corpus_t, enquêtes_t, archives_t, monde germanique_t;Datasets/all_labels_train_gensim_sparse_matrix.npz
archivewk1.hypotheses.org/30527;histoire_d, époque contemporaine_t, 1914-1918_t;Datasets/all_labels_train_gensim_sparse_matrix.npz
archivalia.hypotheses.org/7708;histoire et archéologie_d, sciences sociales interdisciplinaires_d, histoire_t, approches de corpus_t, enquêtes_t, archives_t;Datasets/all_labels_train_gensim_sparse_matrix.npz
moraleconomy.hypotheses.org/269;histoire et archéologie_d, histoire_d, histoire économique_t, histoire sociale_t, prospectives_t, france_t;Datasets/all_labels_train_gensim_sparse_matrix.npz
archivalia.hypotheses.org/59180;histoire et archéologie_d, sciences sociales interdisciplinaires_d, histoire_t, approches de corpus_t, enquêtes_t, archives_t;Datasets/all_labels_train_gensim_sparse_matrix.npz
vgdrp.hypotheses.org/279;éducation_d, histoire des sciences sociales_d, histoire_t, histoire économique_t, histoire industrielle_t, histoire urbaine_t, histoire sociale_t;Datasets/all_labels_train_gensim_sparse_matrix.npz
ordensgeschichte.hypotheses.org/3265;arts et humanités_d, humanités pluridisciplinaires_d, histoire et archéologie_d, histoire et philosophie des sciences_d, histoire_t, haut moyen âge_t, bas moyen âge_t, xviie siècle_t, xviiie siècle_t;Datasets/all_labels_train_gensim_sparse_matrix.npz
babyvision.hypotheses.org/186;psychologie_d, études des sciences_t, psychisme_t;Datasets/all_labels_train_gensim_sparse_matrix.npz
histbav.hypotheses.org/2485;humanités pluridisciplinaires_d, histoire_d, pluridisciplinarité_d, histoire_t, monde germanique_t;Datasets/all_labels_train_gensim_sparse_matrix.npz
archivalia.hypotheses.org/8330;histoire et archéologie_d, sciences sociales interdisciplinaires_d, histoire_t, approches de corpus_t, enquêtes_t, archives_t;Datasets/all_labels_train_gensim_sparse_matrix.npz
archivalia.hypotheses.org/1825;histoire et archéologie_d, sciences sociales interdisciplinaires_d, histoire_t, approches de corpus_t, enquêtes_t, archives_t;Datasets/all_labels_train_gensim_sparse_matrix.npz
archivewk1.hypotheses.org/7555;histoire_d, époque contemporaine_t, 1914-1918_t;Datasets/all_labels_train_gensim_sparse_matrix.npz
metablock.hypotheses.org/921;sciences sociales interdisciplinaires_d, linguistique appliquée_d, langue et linguistique_d, sociologie des sciences_t, langage_t, linguistique_t, édition électronique_t, histoire et sociologie des médias_t;Datasets/all_labels_train_gensim_sparse_matrix.npz
1914lvr.hypotheses.org/793;sciences politiques_d, histoire_t, époque contemporaine_t, 1914-1918_t;Datasets/all_labels_train_gensim_sparse_matrix.npz
archivalia.hypotheses.org/5246;histoire et archéologie_d, sciences sociales interdisciplinaires_d, histoire_t, approches de corpus_t, enquêtes_t, archives_t;Datasets/all_labels_train_gensim_sparse_matrix.npz
frobeniusforster.hypotheses.org/84;histoire et archéologie_d, histoire_t, époque moderne_t, xviiie siècle_t;Datasets/all_labels_train_gensim_sparse_matrix.npz
tagebuch.hypotheses.org/140;histoire et archéologie_d, histoire_d, histoire_t, époque contemporaine_t, 1914-1918_t;Datasets/all_labels_train_gensim_sparse_matrix.npz
nordichistoryblog.hypotheses.org/2102;arts et humanités_d, histoire et archéologie_d, histoire_t, édition électronique_t, vie de la recherche_t, approches de corpus_t, enquêtes_t, archives_t, europe_t, pays baltes et scandinaves_t;Datasets/all_labels_train_gensim_sparse_matrix.npz
ordensgeschichte.hypotheses.org/8147;arts et humanités_d, humanités pluridisciplinaires_d, histoire et archéologie_d, histoire et philosophie des sciences_d, histoire_t, haut moyen âge_t, bas moyen âge_t, xviie siècle_t, xviiie siècle_t;Datasets/all_labels_train_gensim_sparse_matrix.npz
1914lvr.hypotheses.org/1486;sciences politiques_d, histoire_t, époque contemporaine_t, 1914-1918_t;Datasets/all_labels_train_gensim_sparse_matrix.npz
archivalia.hypotheses.org/57819;histoire et archéologie_d, sciences sociales interdisciplinaires_d, histoire_t, approches de corpus_t, enquêtes_t, archives_t;Datasets/all_labels_train_gensim_sparse_matrix.npz
soziologieblog.hypotheses.org/5989;sciences sociales interdisciplinaires_d, sociologie et anthropologie_d, sociologie du travail_t, sociologie urbaine_t, sociologie de la culture_t, sociologie économique_t;Datasets/all_labels_train_gensim_sparse_matrix.npz
schotten.hypotheses.org/1203;religions_d, histoire et archéologie_d, sciences de l'information et de la communication_d, bibliothéconomie_d, histoire_t, histoire des religions_t, approches de corpus_t, enquêtes_t, archives_t, monde germanique_t;Datasets/all_labels_train_gensim_sparse_matrix.npz
archivewk1.hypotheses.org/10744;histoire_d, époque contemporaine_t, 1914-1918_t;Datasets/all_labels_train_gensim_sparse_matrix.npz
archivalia.hypotheses.org/8906;histoire et archéologie_d, sciences sociales interdisciplinaires_d, histoire_t, approches de corpus_t, enquêtes_t, archives_t;Datasets/all_labels_train_gensim_sparse_matrix.npz
archivewk1.hypotheses.org/26239;histoire_d, époque contemporaine_t, 1914-1918_t;Datasets/all_labels_train_gensim_sparse_matrix.npz
archivalia.hypotheses.org/11429;histoire et archéologie_d, sciences sociales interdisciplinaires_d, histoire_t, approches de corpus_t, enquêtes_t, archives_t;Datasets/all_labels_train_gensim_sparse_matrix.npz
smdr.hypotheses.org/201;histoire_d, histoire_t, xviie siècle_t, xviiie siècle_t, monde germanique_t, pays baltes et scandinaves_t;Datasets/all_labels_train_gensim_sparse_matrix.npz
archivalia.hypotheses.org/7825;histoire et archéologie_d, sciences sociales interdisciplinaires_d, histoire_t, approches de corpus_t, enquêtes_t, archives_t;Datasets/all_labels_train_gensim_sparse_matrix.npz
archivalia.hypotheses.org/55278;histoire et archéologie_d, sciences sociales interdisciplinaires_d, histoire_t, approches de corpus_t, enquêtes_t, archives_t;Datasets/all_labels_train_gensim_sparse_matrix.npz
archivalia.hypotheses.org/3960;histoire et archéologie_d, sciences sociales interdisciplinaires_d, histoire_t, approches de corpus_t, enquêtes_t, archives_t;Datasets/all_labels_train_gensim_sparse_matrix.npz
soziologieblog.hypotheses.org/964;sciences sociales interdisciplinaires_d, sociologie et anthropologie_d, sociologie du travail_t, sociologie urbaine_t, sociologie de la culture_t, sociologie économique_t;Datasets/all_labels_train_gensim_sparse_matrix.npz
dss.hypotheses.org/860;arts et humanités_d, communication_d, sciences de l'information et bibliothéconomie_d, information_t, édition électronique_t, représentations_t, histoire de l'art_t, patrimoine_t, prospectives_t;Datasets/all_labels_train_gensim_sparse_matrix.npz
digitalintellectuals.hypotheses.org/966;études anciennes_d, histoire et philosophie des sciences_d, pluridisciplinarité_d, littérature_d, histoire intellectuelle_t, approches de corpus_t, enquêtes_t, archives_t, époque moderne_t, prospectives_t, monde germanique_t;Datasets/all_labels_train_gensim_sparse_matrix.npz
archivalia.hypotheses.org/1292;histoire et archéologie_d, sciences sociales interdisciplinaires_d, histoire_t, approches de corpus_t, enquêtes_t, archives_t;Datasets/all_labels_train_gensim_sparse_matrix.npz
games.hypotheses.org/1718;arts et humanités_d, humanités pluridisciplinaires_d, psychologie expérimentale_d, sciences cognitives_t, psychisme_t, psychologie_t, représentations_t, histoire de l'art_t, études visuelles_t;Datasets/all_labels_train_gensim_sparse_matrix.npz
archive20.hypotheses.org/2206;pluridisciplinarité_d, sciences sociales interdisciplinaires_d, histoire_t, information_t, patrimoine_t, monde germanique_t;Datasets/all_labels_train_gensim_sparse_matrix.npz
archivewk1.hypotheses.org/17017;histoire_d, époque contemporaine_t, 1914-1918_t;Datasets/all_labels_train_gensim_sparse_matrix.npz
archivewk1.hypotheses.org/4722;histoire_d, époque contemporaine_t, 1914-1918_t;Datasets/all_labels_train_gensim_sparse_matrix.npz
archivalia.hypotheses.org/11726;histoire et archéologie_d, sciences sociales interdisciplinaires_d, histoire_t, approches de corpus_t, enquêtes_t, archives_t;Datasets/all_labels_train_gensim_sparse_matrix.npz
archivalia.hypotheses.org/7674;histoire et archéologie_d, sciences sociales interdisciplinaires_d, histoire_t, approches de corpus_t, enquêtes_t, archives_t;Datasets/all_labels_train_gensim_sparse_matrix.npz
archivamt.hypotheses.org/948;communication_d, pluridisciplinarité_d, sciences sociales interdisciplinaires_d, information_t, sciences de l'information_t, représentations_t, patrimoine_t;Datasets/all_labels_train_gensim_sparse_matrix.npz
archivewk1.hypotheses.org/23329;histoire_d, époque contemporaine_t, 1914-1918_t;Datasets/all_labels_train_gensim_sparse_matrix.npz
speyermemo.hypotheses.org/2724;histoire_d, pluridisciplinarité_d, sciences sociales interdisciplinaires_d, sociologie de la culture_t, histoire_t, 1939-1945_t, europe_t;Datasets/all_labels_train_gensim_sparse_matrix.npz
dkblog.hypotheses.org/388;histoire_d, histoire_t, époque moderne_t, xviie siècle_t;Datasets/all_labels_train_gensim_sparse_matrix.npz
bereschitrabba.hypotheses.org/871;arts et humanités_d, religions_d, langue et linguistique_d, religions_t, histoire des religions_t;Datasets/all_labels_train_gensim_sparse_matrix.npz
archivalia.hypotheses.org/60400;histoire et archéologie_d, sciences sociales interdisciplinaires_d, histoire_t, approches de corpus_t, enquêtes_t, archives_t;Datasets/all_labels_train_gensim_sparse_matrix.npz
frueheneuzeit.hypotheses.org/1795;histoire et archéologie_d, histoire_t, époque moderne_t, xviie siècle_t, xviiie siècle_t, révolution française_t;Datasets/all_labels_train_gensim_sparse_matrix.npz
zakunibonn.hypotheses.org/323;histoire_d, psychologie_d, histoire_t, psychisme_t, psychologie_t, méthodes de traitement et de représentation_t, monde germanique_t;Datasets/all_labels_train_gensim_sparse_matrix.npz
archivalia.hypotheses.org/2491;histoire et archéologie_d, sciences sociales interdisciplinaires_d, histoire_t, approches de corpus_t, enquêtes_t, archives_t;Datasets/all_labels_train_gensim_sparse_matrix.npz
etatsocial.hypotheses.org/1039;histoire_d, histoire des sciences sociales_d, sociologie_d, économie_d, sociologie du travail_t, âges de la vie_t, xxe siècle_t;Datasets/all_labels_train_gensim_sparse_matrix.npz
histbav.hypotheses.org/1781;humanités pluridisciplinaires_d, histoire_d, pluridisciplinarité_d, histoire_t, monde germanique_t;Datasets/all_labels_train_gensim_sparse_matrix.npz
archivewk1.hypotheses.org/24637;histoire_d, époque contemporaine_t, 1914-1918_t;Datasets/all_labels_train_gensim_sparse_matrix.npz
tagebuch.hypotheses.org/172;histoire et archéologie_d, histoire_d, histoire_t, époque contemporaine_t, 1914-1918_t;Datasets/all_labels_train_gensim_sparse_matrix.npz
tagebuch.hypotheses.org/1323;histoire et archéologie_d, histoire_d, histoire_t, époque contemporaine_t, 1914-1918_t;Datasets/all_labels_train_gensim_sparse_matrix.npz
histbav.hypotheses.org/1188;humanités pluridisciplinaires_d, histoire_d, pluridisciplinarité_d, histoire_t, monde germanique_t;Datasets/all_labels_train_gensim_sparse_matrix.npz
gab.hypotheses.org/2017;histoire et archéologie_d, pluridisciplinarité_d, sciences sociales interdisciplinaires_d, études des sciences_t, sociologie des sciences_t, histoire_t;Datasets/all_labels_train_gensim_sparse_matrix.npz
mindthegaps.hypotheses.org/1900;études asiatiques_d, histoire_d, histoire_t, histoire culturelle_t, asie_t, chine_t;Datasets/all_labels_train_gensim_sparse_matrix.npz
histbav.hypotheses.org/2244;humanités pluridisciplinaires_d, histoire_d, pluridisciplinarité_d, histoire_t, monde germanique_t;Datasets/all_labels_train_gensim_sparse_matrix.npz
archivewk1.hypotheses.org/16142;histoire_d, époque contemporaine_t, 1914-1918_t;Datasets/all_labels_train_gensim_sparse_matrix.npz
archivalia.hypotheses.org/13754;histoire et archéologie_d, sciences sociales interdisciplinaires_d, histoire_t, approches de corpus_t, enquêtes_t, archives_t;Datasets/all_labels_train_gensim_sparse_matrix.npz
archivalia.hypotheses.org/6933;histoire et archéologie_d, sciences sociales interdisciplinaires_d, histoire_t, approches de corpus_t, enquêtes_t, archives_t;Datasets/all_labels_train_gensim_sparse_matrix.npz
lvrafz.hypotheses.org/317;pluridisciplinarité_d, information_t;Datasets/all_labels_train_gensim_sparse_matrix.npz
archivalia.hypotheses.org/55384;histoire et archéologie_d, sciences sociales interdisciplinaires_d, histoire_t, approches de corpus_t, enquêtes_t, archives_t;Datasets/all_labels_train_gensim_sparse_matrix.npz
heraldica.hypotheses.org/5280;histoire_d, histoire_t, historiographie_t, sciences auxiliaires de l'histoire_t, moyen âge_t, haut moyen âge_t;Datasets/all_labels_train_gensim_sparse_matrix.npz
soziologieblog.hypotheses.org/9225;sciences sociales interdisciplinaires_d, sociologie et anthropologie_d, sociologie du travail_t, sociologie urbaine_t, sociologie de la culture_t, sociologie économique_t;Datasets/all_labels_train_gensim_sparse_matrix.npz
dss.hypotheses.org/573;arts et humanités_d, communication_d, sciences de l'information et bibliothéconomie_d, information_t, édition électronique_t, représentations_t, histoire de l'art_t, patrimoine_t, prospectives_t;Datasets/all_labels_train_gensim_sparse_matrix.npz
archivalia.hypotheses.org/10026;histoire et archéologie_d, sciences sociales interdisciplinaires_d, histoire_t, approches de corpus_t, enquêtes_t, archives_t;Datasets/all_labels_train_gensim_sparse_matrix.npz
histbav.hypotheses.org/1526;humanités pluridisciplinaires_d, histoire_d, pluridisciplinarité_d, histoire_t, monde germanique_t;Datasets/all_labels_train_gensim_sparse_matrix.npz
archivewk1.hypotheses.org/26285;histoire_d, époque contemporaine_t, 1914-1918_t;Datasets/all_labels_train_gensim_sparse_matrix.npz
archivalia.hypotheses.org/7251;histoire et archéologie_d, sciences sociales interdisciplinaires_d, histoire_t, approches de corpus_t, enquêtes_t, archives_t;Datasets/all_labels_train_gensim_sparse_matrix.npz
grandeguerre.hypotheses.org/745;histoire et archéologie_d, histoire_t, 1914-1918_t, prospectives_t, france_t, monde germanique_t;Datasets/all_labels_train_gensim_sparse_matrix.npz
kristinoswald.hypotheses.org/1786;études anciennes_d, études des sciences_t, histoire_t, histoire et sociologie des médias_t, histoire culturelle_t, digital humanities_t;Datasets/all_labels_train_gensim_sparse_matrix.npz
archivalia.hypotheses.org/366;histoire et archéologie_d, sciences sociales interdisciplinaires_d, histoire_t, approches de corpus_t, enquêtes_t, archives_t;Datasets/all_labels_train_gensim_sparse_matrix.npz
archives.hypotheses.org/554;histoire_d, communication_d, patrimoine_t, digital humanities_t, moyen âge_t, époque moderne_t, france_t, monde germanique_t;Datasets/all_labels_train_gensim_sparse_matrix.npz
archivewk1.hypotheses.org/28090;histoire_d, époque contemporaine_t, 1914-1918_t;Datasets/all_labels_train_gensim_sparse_matrix.npz
soziologieblog.hypotheses.org/3762;sciences sociales interdisciplinaires_d, sociologie et anthropologie_d, sociologie du travail_t, sociologie urbaine_t, sociologie de la culture_t, sociologie économique_t;Datasets/all_labels_train_gensim_sparse_matrix.npz
kindzeit.hypotheses.org/122;éducation_d, histoire_d, histoire_t, sciences de l'éducation_t, xxie siècle_t;Datasets/all_labels_train_gensim_sparse_matrix.npz
dkblog.hypotheses.org/345;histoire_d, histoire_t, époque moderne_t, xviie siècle_t;Datasets/all_labels_train_gensim_sparse_matrix.npz
pophistory.hypotheses.org/428;humanités pluridisciplinaires_d, histoire et archéologie_d, sociologie de la culture_t, histoire sociale_t, histoire culturelle_t, époque contemporaine_t;Datasets/all_labels_train_gensim_sparse_matrix.npz
unibloggt.hypotheses.org/322;histoire et archéologie_d, pluridisciplinarité_d, histoire_t, information_t;Datasets/all_labels_train_gensim_sparse_matrix.npz
unibloggt.hypotheses.org/606;histoire et archéologie_d, pluridisciplinarité_d, histoire_t, information_t;Datasets/all_labels_train_gensim_sparse_matrix.npz
mgtud.hypotheses.org/202;humanités pluridisciplinaires_d, éducation_d, histoire et archéologie_d, histoire_d, histoire_t, histoire urbaine_t, édition électronique_t;Datasets/all_labels_train_gensim_sparse_matrix.npz
francofil.hypotheses.org/3184;pluridisciplinarité_d, sciences sociales interdisciplinaires_d, histoire_t, épistémologie et méthodes_t, approches de corpus_t, enquêtes_t, archives_t, france_t;Datasets/all_labels_train_gensim_sparse_matrix.npz
medienbildung.hypotheses.org/3585;éducation_d, éducation spécialisée_d, travail social_d, sociologie_t, édition électronique_t, histoire et sociologie des médias_t, éducation_t;Datasets/all_labels_train_gensim_sparse_matrix.npz
unibloggt.hypotheses.org/1203;histoire et archéologie_d, pluridisciplinarité_d, histoire_t, information_t;Datasets/all_labels_train_gensim_sparse_matrix.npz
schotten.hypotheses.org/1197;religions_d, histoire et archéologie_d, sciences de l'information et de la communication_d, bibliothéconomie_d, histoire_t, histoire des religions_t, approches de corpus_t, enquêtes_t, archives_t, monde germanique_t;Datasets/all_labels_train_gensim_sparse_matrix.npz
archive20.hypotheses.org/2732;pluridisciplinarité_d, sciences sociales interdisciplinaires_d, histoire_t, information_t, patrimoine_t, monde germanique_t;Datasets/all_labels_train_gensim_sparse_matrix.npz
archivewk1.hypotheses.org/2288;histoire_d, époque contemporaine_t, 1914-1918_t;Datasets/all_labels_train_gensim_sparse_matrix.npz
archivalia.hypotheses.org/1781;histoire et archéologie_d, sciences sociales interdisciplinaires_d, histoire_t, approches de corpus_t, enquêtes_t, archives_t;Datasets/all_labels_train_gensim_sparse_matrix.npz
archivewk1.hypotheses.org/22872;histoire_d, époque contemporaine_t, 1914-1918_t;Datasets/all_labels_train_gensim_sparse_matrix.npz
archivalia.hypotheses.org/2768;histoire et archéologie_d, sciences sociales interdisciplinaires_d, histoire_t, approches de corpus_t, enquêtes_t, archives_t;Datasets/all_labels_train_gensim_sparse_matrix.npz
histbav.hypotheses.org/4140;humanités pluridisciplinaires_d, histoire_d, pluridisciplinarité_d, histoire_t, monde germanique_t;Datasets/all_labels_train_gensim_sparse_matrix.npz
archivalia.hypotheses.org/5723;histoire et archéologie_d, sciences sociales interdisciplinaires_d, histoire_t, approches de corpus_t, enquêtes_t, archives_t;Datasets/all_labels_train_gensim_sparse_matrix.npz
archivewk1.hypotheses.org/21711;histoire_d, époque contemporaine_t, 1914-1918_t;Datasets/all_labels_train_gensim_sparse_matrix.npz
archivewk1.hypotheses.org/11559;histoire_d, époque contemporaine_t, 1914-1918_t;Datasets/all_labels_train_gensim_sparse_matrix.npz
archivalia.hypotheses.org/11514;histoire et archéologie_d, sciences sociales interdisciplinaires_d, histoire_t, approches de corpus_t, enquêtes_t, archives_t;Datasets/all_labels_train_gensim_sparse_matrix.npz
archivewk1.hypotheses.org/18972;histoire_d, époque contemporaine_t, 1914-1918_t;Datasets/all_labels_train_gensim_sparse_matrix.npz
archivalia.hypotheses.org/11321;histoire et archéologie_d, sciences sociales interdisciplinaires_d, histoire_t, approches de corpus_t, enquêtes_t, archives_t;Datasets/all_labels_train_gensim_sparse_matrix.npz
bereschitrabba.hypotheses.org/1224;arts et humanités_d, religions_d, langue et linguistique_d, religions_t, histoire des religions_t;Datasets/all_labels_train_gensim_sparse_matrix.npz
archivewk1.hypotheses.org/23754;histoire_d, époque contemporaine_t, 1914-1918_t;Datasets/all_labels_train_gensim_sparse_matrix.npz
archivewk1.hypotheses.org/7567;histoire_d, époque contemporaine_t, 1914-1918_t;Datasets/all_labels_train_gensim_sparse_matrix.npz
francofil.hypotheses.org/2899;pluridisciplinarité_d, sciences sociales interdisciplinaires_d, histoire_t, épistémologie et méthodes_t, approches de corpus_t, enquêtes_t, archives_t, france_t;Datasets/all_labels_train_gensim_sparse_matrix.npz
archivalia.hypotheses.org/4940;histoire et archéologie_d, sciences sociales interdisciplinaires_d, histoire_t, approches de corpus_t, enquêtes_t, archives_t;Datasets/all_labels_train_gensim_sparse_matrix.npz
bioeg.hypotheses.org/997;histoire et archéologie_d, histoire_d, histoire_t, sciences auxiliaires de l'histoire_t, europe centrale et orientale_t, monde germanique_t;Datasets/all_labels_train_gensim_sparse_matrix.npz
histgymbib.hypotheses.org/1193;arts et humanités_d, humanités pluridisciplinaires_d, sciences de l'information et de la communication_d, bibliothéconomie_d, sciences sociales interdisciplinaires_d, éducation_t, xvie siècle_t, xviie siècle_t, xviiie siècle_t, prospectives_t;Datasets/all_labels_train_gensim_sparse_matrix.npz
